0 16 100 0.08799098460475852 [0 0 0 1 0 0 1 1 1 0 0 0 1 0 1 1 1 0 0 0 1 1 1 1 1 1 0 1 0 0 1]
1 16 82 0.08799098460475852 [0 0 0 1 0 0 1 1 1 0 0 0 1 0 1 1 1 0 0 0 1 1 1 1 1 1 0 1 0 0 1]
2 16 62 0.08799098460475852 [0 0 0 1 0 0 1 1 1 0 0 0 1 0 1 1 1 0 0 0 1 1 1 1 1 1 0 1 0 0 1]
3 16 52 0.08799098460475852 [0 0 0 1 0 0 1 1 1 0 0 0 1 0 1 1 1 0 0 0 1 1 1 1 1 1 0 1 0 0 1]
4 16 53 0.08799098460475852 [0 0 0 1 0 0 1 1 1 0 0 0 1 0 1 1 1 0 0 0 1 1 1 1 1 1 0 1 0 0 1]
5 15 52 0.08353066647385254 [0 1 0 0 0 1 0 0 1 0 0 1 0 1 1 1 0 0 1 0 1 0 1 1 1 1 0 1 0 0 1]
6 15 52 0.08353066647385254 [0 1 0 0 0 1 0 0 1 0 0 1 0 1 1 1 0 0 1 0 1 0 1 1 1 1 0 1 0 0 1]
7 15 53 0.08353066647385254 [0 1 0 0 0 1 0 0 1 0 0 1 0 1 1 1 0 0 1 0 1 0 1 1 1 1 0 1 0 0 1]
8 15 50 0.08353066647385254 [0 1 0 0 0 1 0 0 1 0 0 1 0 1 1 1 0 0 1 0 1 0 1 1 1 1 0 1 0 0 1]
9 18 52 0.08316191595650901 [0 0 0 1 0 1 0 0 1 1 0 1 1 1 1 1 0 0 0 0 1 1 1 1 1 1 0 0 1 1 1]
10 18 55 0.08316191595650901 [0 0 0 1 0 1 0 0 1 1 0 1 1 1 1 1 0 0 0 0 1 1 1 1 1 1 0 0 1 1 1]
11 18 50 0.08316191595650901 [0 0 0 1 0 1 0 0 1 1 0 1 1 1 1 1 0 0 0 0 1 1 1 1 1 1 0 0 1 1 1]
12 18 53 0.08316191595650901 [0 0 0 1 0 1 0 0 1 1 0 1 1 1 1 1 0 0 0 0 1 1 1 1 1 1 0 0 1 1 1]
13 15 56 0.08260594560404799 [0 0 0 1 0 1 0 0 1 1 0 1 0 1 1 0 0 0 0 0 1 1 1 1 1 1 0 0 0 1 1]
14 15 55 0.08260594560404799 [0 0 0 1 0 1 0 0 1 1 0 1 0 1 1 0 0 0 0 0 1 1 1 1 1 1 0 0 0 1 1]
15 15 56 0.08260594560404799 [0 0 0 1 0 1 0 0 1 1 0 1 0 1 1 0 0 0 0 0 1 1 1 1 1 1 0 0 0 1 1]
16 15 51 0.08260594560404799 [0 0 0 1 0 1 0 0 1 1 0 1 0 1 1 0 0 0 0 0 1 1 1 1 1 1 0 0 0 1 1]
17 15 55 0.08260594560404799 [0 0 0 1 0 1 0 0 1 1 0 1 0 1 1 0 0 0 0 0 1 1 1 1 1 1 0 0 0 1 1]
18 15 52 0.08260594560404799 [0 0 0 1 0 1 0 0 1 1 0 1 0 1 1 0 0 0 0 0 1 1 1 1 1 1 0 0 0 1 1]
19 15 52 0.08260594560404799 [0 0 0 1 0 1 0 0 1 1 0 1 0 1 1 0 0 0 0 0 1 1 1 1 1 1 0 0 0 1 1]
20 15 59 0.08260594560404799 [0 0 0 1 0 1 0 0 1 1 0 1 0 1 1 0 0 0 0 0 1 1 1 1 1 1 0 0 0 1 1]
21 15 58 0.08260594560404799 [0 0 0 1 0 1 0 0 1 1 0 1 0 1 1 0 0 0 0 0 1 1 1 1 1 1 0 0 0 1 1]
22 15 53 0.08260594560404799 [0 0 0 1 0 1 0 0 1 1 0 1 0 1 1 0 0 0 0 0 1 1 1 1 1 1 0 0 0 1 1]
23 15 55 0.08260594560404799 [0 0 0 1 0 1 0 0 1 1 0 1 0 1 1 0 0 0 0 0 1 1 1 1 1 1 0 0 0 1 1]
24 15 53 0.08260594560404799 [0 0 0 1 0 1 0 0 1 1 0 1 0 1 1 0 0 0 0 0 1 1 1 1 1 1 0 0 0 1 1]
25 15 52 0.08260594560404799 [0 0 0 1 0 1 0 0 1 1 0 1 0 1 1 0 0 0 0 0 1 1 1 1 1 1 0 0 0 1 1]
26 15 56 0.08260594560404799 [0 0 0 1 0 1 0 0 1 1 0 1 0 1 1 0 0 0 0 0 1 1 1 1 1 1 0 0 0 1 1]
27 15 52 0.08260594560404799 [0 0 0 1 0 1 0 0 1 1 0 1 0 1 1 0 0 0 0 0 1 1 1 1 1 1 0 0 0 1 1]
28 15 53 0.08260594560404799 [0 0 0 1 0 1 0 0 1 1 0 1 0 1 1 0 0 0 0 0 1 1 1 1 1 1 0 0 0 1 1]
29 15 54 0.08260594560404799 [0 0 0 1 0 1 0 0 1 1 0 1 0 1 1 0 0 0 0 0 1 1 1 1 1 1 0 0 0 1 1]
30 15 54 0.08260594560404799 [0 0 0 1 0 1 0 0 1 1 0 1 0 1 1 0 0 0 0 0 1 1 1 1 1 1 0 0 0 1 1]
31 15 52 0.08260594560404799 [0 0 0 1 0 1 0 0 1 1 0 1 0 1 1 0 0 0 0 0 1 1 1 1 1 1 0 0 0 1 1]
32 15 55 0.08260594560404799 [0 0 0 1 0 1 0 0 1 1 0 1 0 1 1 0 0 0 0 0 1 1 1 1 1 1 0 0 0 1 1]
33 15 55 0.08260594560404799 [0 0 0 1 0 1 0 0 1 1 0 1 0 1 1 0 0 0 0 0 1 1 1 1 1 1 0 0 0 1 1]
34 13 55 0.08118738638772738 [0 0 0 1 0 0 0 0 1 1 0 1 0 1 1 0 0 0 0 0 1 1 1 1 1 0 0 0 0 1 1]
35 13 53 0.08118738638772738 [0 0 0 1 0 0 0 0 1 1 0 1 0 1 1 0 0 0 0 0 1 1 1 1 1 0 0 0 0 1 1]
36 13 54 0.08118738638772738 [0 0 0 1 0 0 0 0 1 1 0 1 0 1 1 0 0 0 0 0 1 1 1 1 1 0 0 0 0 1 1]
37 16 51 0.07982640952226605 [0 0 0 0 1 1 1 0 1 1 0 1 0 1 1 1 0 0 0 0 0 1 1 1 1 1 0 1 0 0 1]
38 16 51 0.07982640952226605 [0 0 0 0 1 1 1 0 1 1 0 1 0 1 1 1 0 0 0 0 0 1 1 1 1 1 0 1 0 0 1]
39 16 54 0.07982640952226605 [0 0 0 0 1 1 1 0 1 1 0 1 0 1 1 1 0 0 0 0 0 1 1 1 1 1 0 1 0 0 1]
40 16 54 0.07982640952226605 [0 0 0 0 1 1 1 0 1 1 0 1 0 1 1 1 0 0 0 0 0 1 1 1 1 1 0 1 0 0 1]
41 16 52 0.07982640952226605 [0 0 0 0 1 1 1 0 1 1 0 1 0 1 1 1 0 0 0 0 0 1 1 1 1 1 0 1 0 0 1]
42 16 55 0.07982640952226605 [0 0 0 0 1 1 1 0 1 1 0 1 0 1 1 1 0 0 0 0 0 1 1 1 1 1 0 1 0 0 1]
43 16 52 0.07982640952226605 [0 0 0 0 1 1 1 0 1 1 0 1 0 1 1 1 0 0 0 0 0 1 1 1 1 1 0 1 0 0 1]
44 16 54 0.07982640952226605 [0 0 0 0 1 1 1 0 1 1 0 1 0 1 1 1 0 0 0 0 0 1 1 1 1 1 0 1 0 0 1]
45 16 52 0.07982640952226605 [0 0 0 0 1 1 1 0 1 1 0 1 0 1 1 1 0 0 0 0 0 1 1 1 1 1 0 1 0 0 1]
46 16 51 0.07982640952226605 [0 0 0 0 1 1 1 0 1 1 0 1 0 1 1 1 0 0 0 0 0 1 1 1 1 1 0 1 0 0 1]
47 16 50 0.07982640952226605 [0 0 0 0 1 1 1 0 1 1 0 1 0 1 1 1 0 0 0 0 0 1 1 1 1 1 0 1 0 0 1]
48 16 51 0.07982640952226605 [0 0 0 0 1 1 1 0 1 1 0 1 0 1 1 1 0 0 0 0 0 1 1 1 1 1 0 1 0 0 1]
49 16 52 0.07982640952226605 [0 0 0 0 1 1 1 0 1 1 0 1 0 1 1 1 0 0 0 0 0 1 1 1 1 1 0 1 0 0 1]
50 16 50 0.07982640952226605 [0 0 0 0 1 1 1 0 1 1 0 1 0 1 1 1 0 0 0 0 0 1 1 1 1 1 0 1 0 0 1]
51 18 54 0.07849936806501967 [0 0 1 0 1 1 1 0 0 1 0 1 0 1 1 1 0 0 0 0 1 1 1 1 1 0 0 1 1 1 1]
52 18 52 0.07849936806501967 [0 0 1 0 1 1 1 0 0 1 0 1 0 1 1 1 0 0 0 0 1 1 1 1 1 0 0 1 1 1 1]
53 18 53 0.07849936806501967 [0 0 1 0 1 1 1 0 0 1 0 1 0 1 1 1 0 0 0 0 1 1 1 1 1 0 0 1 1 1 1]
54 18 52 0.07849936806501967 [0 0 1 0 1 1 1 0 0 1 0 1 0 1 1 1 0 0 0 0 1 1 1 1 1 0 0 1 1 1 1]
55 18 55 0.07849936806501967 [0 0 1 0 1 1 1 0 0 1 0 1 0 1 1 1 0 0 0 0 1 1 1 1 1 0 0 1 1 1 1]
56 18 51 0.07849936806501967 [0 0 1 0 1 1 1 0 0 1 0 1 0 1 1 1 0 0 0 0 1 1 1 1 1 0 0 1 1 1 1]
57 18 54 0.07849936806501967 [0 0 1 0 1 1 1 0 0 1 0 1 0 1 1 1 0 0 0 0 1 1 1 1 1 0 0 1 1 1 1]
58 18 55 0.07849936806501967 [0 0 1 0 1 1 1 0 0 1 0 1 0 1 1 1 0 0 0 0 1 1 1 1 1 0 0 1 1 1 1]
59 19 54 0.07528886578161831 [0 0 1 0 1 1 1 0 1 1 0 1 0 1 1 1 0 0 0 0 1 1 1 1 1 1 0 1 0 1 1]
60 19 56 0.07528886578161831 [0 0 1 0 1 1 1 0 1 1 0 1 0 1 1 1 0 0 0 0 1 1 1 1 1 1 0 1 0 1 1]
61 19 50 0.07528886578161831 [0 0 1 0 1 1 1 0 1 1 0 1 0 1 1 1 0 0 0 0 1 1 1 1 1 1 0 1 0 1 1]
62 19 56 0.07528886578161831 [0 0 1 0 1 1 1 0 1 1 0 1 0 1 1 1 0 0 0 0 1 1 1 1 1 1 0 1 0 1 1]
63 19 53 0.07528886578161831 [0 0 1 0 1 1 1 0 1 1 0 1 0 1 1 1 0 0 0 0 1 1 1 1 1 1 0 1 0 1 1]
64 19 54 0.07528886578161831 [0 0 1 0 1 1 1 0 1 1 0 1 0 1 1 1 0 0 0 0 1 1 1 1 1 1 0 1 0 1 1]
65 19 53 0.07528886578161831 [0 0 1 0 1 1 1 0 1 1 0 1 0 1 1 1 0 0 0 0 1 1 1 1 1 1 0 1 0 1 1]
66 19 54 0.07528886578161831 [0 0 1 0 1 1 1 0 1 1 0 1 0 1 1 1 0 0 0 0 1 1 1 1 1 1 0 1 0 1 1]
67 19 51 0.07528886578161831 [0 0 1 0 1 1 1 0 1 1 0 1 0 1 1 1 0 0 0 0 1 1 1 1 1 1 0 1 0 1 1]
68 19 52 0.07528886578161831 [0 0 1 0 1 1 1 0 1 1 0 1 0 1 1 1 0 0 0 0 1 1 1 1 1 1 0 1 0 1 1]
69 19 51 0.07528886578161831 [0 0 1 0 1 1 1 0 1 1 0 1 0 1 1 1 0 0 0 0 1 1 1 1 1 1 0 1 0 1 1]
70 19 53 0.07528886578161831 [0 0 1 0 1 1 1 0 1 1 0 1 0 1 1 1 0 0 0 0 1 1 1 1 1 1 0 1 0 1 1]
71 19 52 0.07528886578161831 [0 0 1 0 1 1 1 0 1 1 0 1 0 1 1 1 0 0 0 0 1 1 1 1 1 1 0 1 0 1 1]
72 19 51 0.07528886578161831 [0 0 1 0 1 1 1 0 1 1 0 1 0 1 1 1 0 0 0 0 1 1 1 1 1 1 0 1 0 1 1]
73 19 51 0.07528886578161831 [0 0 1 0 1 1 1 0 1 1 0 1 0 1 1 1 0 0 0 0 1 1 1 1 1 1 0 1 0 1 1]
74 17 56 0.06939353585919106 [0 0 1 0 1 1 0 0 1 1 0 1 0 1 1 0 0 0 0 0 1 1 1 1 1 1 0 1 0 1 1]
75 17 51 0.06939353585919106 [0 0 1 0 1 1 0 0 1 1 0 1 0 1 1 0 0 0 0 0 1 1 1 1 1 1 0 1 0 1 1]
76 17 54 0.06939353585919106 [0 0 1 0 1 1 0 0 1 1 0 1 0 1 1 0 0 0 0 0 1 1 1 1 1 1 0 1 0 1 1]
77 17 51 0.06939353585919106 [0 0 1 0 1 1 0 0 1 1 0 1 0 1 1 0 0 0 0 0 1 1 1 1 1 1 0 1 0 1 1]
78 17 54 0.06939353585919106 [0 0 1 0 1 1 0 0 1 1 0 1 0 1 1 0 0 0 0 0 1 1 1 1 1 1 0 1 0 1 1]
79 17 51 0.06939353585919106 [0 0 1 0 1 1 0 0 1 1 0 1 0 1 1 0 0 0 0 0 1 1 1 1 1 1 0 1 0 1 1]
80 17 53 0.06939353585919106 [0 0 1 0 1 1 0 0 1 1 0 1 0 1 1 0 0 0 0 0 1 1 1 1 1 1 0 1 0 1 1]
81 17 52 0.06939353585919106 [0 0 1 0 1 1 0 0 1 1 0 1 0 1 1 0 0 0 0 0 1 1 1 1 1 1 0 1 0 1 1]
82 17 55 0.06939353585919106 [0 0 1 0 1 1 0 0 1 1 0 1 0 1 1 0 0 0 0 0 1 1 1 1 1 1 0 1 0 1 1]
83 17 54 0.06939353585919106 [0 0 1 0 1 1 0 0 1 1 0 1 0 1 1 0 0 0 0 0 1 1 1 1 1 1 0 1 0 1 1]
84 17 53 0.06939353585919106 [0 0 1 0 1 1 0 0 1 1 0 1 0 1 1 0 0 0 0 0 1 1 1 1 1 1 0 1 0 1 1]
85 17 53 0.06939353585919106 [0 0 1 0 1 1 0 0 1 1 0 1 0 1 1 0 0 0 0 0 1 1 1 1 1 1 0 1 0 1 1]
86 17 50 0.06939353585919106 [0 0 1 0 1 1 0 0 1 1 0 1 0 1 1 0 0 0 0 0 1 1 1 1 1 1 0 1 0 1 1]
87 17 53 0.06939353585919106 [0 0 1 0 1 1 0 0 1 1 0 1 0 1 1 0 0 0 0 0 1 1 1 1 1 1 0 1 0 1 1]
88 17 52 0.06939353585919106 [0 0 1 0 1 1 0 0 1 1 0 1 0 1 1 0 0 0 0 0 1 1 1 1 1 1 0 1 0 1 1]
89 17 55 0.06939353585919106 [0 0 1 0 1 1 0 0 1 1 0 1 0 1 1 0 0 0 0 0 1 1 1 1 1 1 0 1 0 1 1]
90 17 56 0.06939353585919106 [0 0 1 0 1 1 0 0 1 1 0 1 0 1 1 0 0 0 0 0 1 1 1 1 1 1 0 1 0 1 1]
91 17 53 0.06939353585919106 [0 0 1 0 1 1 0 0 1 1 0 1 0 1 1 0 0 0 0 0 1 1 1 1 1 1 0 1 0 1 1]
92 17 54 0.06939353585919106 [0 0 1 0 1 1 0 0 1 1 0 1 0 1 1 0 0 0 0 0 1 1 1 1 1 1 0 1 0 1 1]
93 17 54 0.06939353585919106 [0 0 1 0 1 1 0 0 1 1 0 1 0 1 1 0 0 0 0 0 1 1 1 1 1 1 0 1 0 1 1]
94 17 51 0.06939353585919106 [0 0 1 0 1 1 0 0 1 1 0 1 0 1 1 0 0 0 0 0 1 1 1 1 1 1 0 1 0 1 1]
95 17 53 0.06939353585919106 [0 0 1 0 1 1 0 0 1 1 0 1 0 1 1 0 0 0 0 0 1 1 1 1 1 1 0 1 0 1 1]
96 17 51 0.06939353585919106 [0 0 1 0 1 1 0 0 1 1 0 1 0 1 1 0 0 0 0 0 1 1 1 1 1 1 0 1 0 1 1]
97 17 51 0.06939353585919106 [0 0 1 0 1 1 0 0 1 1 0 1 0 1 1 0 0 0 0 0 1 1 1 1 1 1 0 1 0 1 1]
98 17 52 0.06939353585919106 [0 0 1 0 1 1 0 0 1 1 0 1 0 1 1 0 0 0 0 0 1 1 1 1 1 1 0 1 0 1 1]
99 17 56 0.06939353585919106 [0 0 1 0 1 1 0 0 1 1 0 1 0 1 1 0 0 0 0 0 1 1 1 1 1 1 0 1 0 1 1]
100 17 52 0.06939353585919106 [0 0 1 0 1 1 0 0 1 1 0 1 0 1 1 0 0 0 0 0 1 1 1 1 1 1 0 1 0 1 1]
101 17 54 0.06939353585919106 [0 0 1 0 1 1 0 0 1 1 0 1 0 1 1 0 0 0 0 0 1 1 1 1 1 1 0 1 0 1 1]
102 17 52 0.06939353585919106 [0 0 1 0 1 1 0 0 1 1 0 1 0 1 1 0 0 0 0 0 1 1 1 1 1 1 0 1 0 1 1]
103 17 55 0.06939353585919106 [0 0 1 0 1 1 0 0 1 1 0 1 0 1 1 0 0 0 0 0 1 1 1 1 1 1 0 1 0 1 1]
104 17 53 0.06939353585919106 [0 0 1 0 1 1 0 0 1 1 0 1 0 1 1 0 0 0 0 0 1 1 1 1 1 1 0 1 0 1 1]
105 17 54 0.06939353585919106 [0 0 1 0 1 1 0 0 1 1 0 1 0 1 1 0 0 0 0 0 1 1 1 1 1 1 0 1 0 1 1]
106 17 53 0.06939353585919106 [0 0 1 0 1 1 0 0 1 1 0 1 0 1 1 0 0 0 0 0 1 1 1 1 1 1 0 1 0 1 1]
107 17 54 0.06939353585919106 [0 0 1 0 1 1 0 0 1 1 0 1 0 1 1 0 0 0 0 0 1 1 1 1 1 1 0 1 0 1 1]
108 17 53 0.06939353585919106 [0 0 1 0 1 1 0 0 1 1 0 1 0 1 1 0 0 0 0 0 1 1 1 1 1 1 0 1 0 1 1]
109 17 53 0.06939353585919106 [0 0 1 0 1 1 0 0 1 1 0 1 0 1 1 0 0 0 0 0 1 1 1 1 1 1 0 1 0 1 1]
110 17 51 0.06939353585919106 [0 0 1 0 1 1 0 0 1 1 0 1 0 1 1 0 0 0 0 0 1 1 1 1 1 1 0 1 0 1 1]
111 17 53 0.06939353585919106 [0 0 1 0 1 1 0 0 1 1 0 1 0 1 1 0 0 0 0 0 1 1 1 1 1 1 0 1 0 1 1]
112 17 48 0.06939353585919106 [0 0 1 0 1 1 0 0 1 1 0 1 0 1 1 0 0 0 0 0 1 1 1 1 1 1 0 1 0 1 1]
113 17 54 0.06939353585919106 [0 0 1 0 1 1 0 0 1 1 0 1 0 1 1 0 0 0 0 0 1 1 1 1 1 1 0 1 0 1 1]
114 17 54 0.06939353585919106 [0 0 1 0 1 1 0 0 1 1 0 1 0 1 1 0 0 0 0 0 1 1 1 1 1 1 0 1 0 1 1]
115 17 51 0.06939353585919106 [0 0 1 0 1 1 0 0 1 1 0 1 0 1 1 0 0 0 0 0 1 1 1 1 1 1 0 1 0 1 1]
116 17 55 0.06939353585919106 [0 0 1 0 1 1 0 0 1 1 0 1 0 1 1 0 0 0 0 0 1 1 1 1 1 1 0 1 0 1 1]
117 17 52 0.06939353585919106 [0 0 1 0 1 1 0 0 1 1 0 1 0 1 1 0 0 0 0 0 1 1 1 1 1 1 0 1 0 1 1]
118 17 52 0.06939353585919106 [0 0 1 0 1 1 0 0 1 1 0 1 0 1 1 0 0 0 0 0 1 1 1 1 1 1 0 1 0 1 1]
119 17 53 0.06939353585919106 [0 0 1 0 1 1 0 0 1 1 0 1 0 1 1 0 0 0 0 0 1 1 1 1 1 1 0 1 0 1 1]
120 17 53 0.06939353585919106 [0 0 1 0 1 1 0 0 1 1 0 1 0 1 1 0 0 0 0 0 1 1 1 1 1 1 0 1 0 1 1]
121 17 52 0.06939353585919106 [0 0 1 0 1 1 0 0 1 1 0 1 0 1 1 0 0 0 0 0 1 1 1 1 1 1 0 1 0 1 1]
122 17 53 0.06939353585919106 [0 0 1 0 1 1 0 0 1 1 0 1 0 1 1 0 0 0 0 0 1 1 1 1 1 1 0 1 0 1 1]
123 17 54 0.06939353585919106 [0 0 1 0 1 1 0 0 1 1 0 1 0 1 1 0 0 0 0 0 1 1 1 1 1 1 0 1 0 1 1]
124 17 53 0.06939353585919106 [0 0 1 0 1 1 0 0 1 1 0 1 0 1 1 0 0 0 0 0 1 1 1 1 1 1 0 1 0 1 1]
125 17 48 0.06939353585919106 [0 0 1 0 1 1 0 0 1 1 0 1 0 1 1 0 0 0 0 0 1 1 1 1 1 1 0 1 0 1 1]
126 17 53 0.06939353585919106 [0 0 1 0 1 1 0 0 1 1 0 1 0 1 1 0 0 0 0 0 1 1 1 1 1 1 0 1 0 1 1]
127 17 50 0.06939353585919106 [0 0 1 0 1 1 0 0 1 1 0 1 0 1 1 0 0 0 0 0 1 1 1 1 1 1 0 1 0 1 1]
128 17 53 0.06939353585919106 [0 0 1 0 1 1 0 0 1 1 0 1 0 1 1 0 0 0 0 0 1 1 1 1 1 1 0 1 0 1 1]
129 17 54 0.06939353585919106 [0 0 1 0 1 1 0 0 1 1 0 1 0 1 1 0 0 0 0 0 1 1 1 1 1 1 0 1 0 1 1]
130 17 51 0.06939353585919106 [0 0 1 0 1 1 0 0 1 1 0 1 0 1 1 0 0 0 0 0 1 1 1 1 1 1 0 1 0 1 1]
131 17 51 0.06939353585919106 [0 0 1 0 1 1 0 0 1 1 0 1 0 1 1 0 0 0 0 0 1 1 1 1 1 1 0 1 0 1 1]
132 17 51 0.06939353585919106 [0 0 1 0 1 1 0 0 1 1 0 1 0 1 1 0 0 0 0 0 1 1 1 1 1 1 0 1 0 1 1]
133 17 53 0.06939353585919106 [0 0 1 0 1 1 0 0 1 1 0 1 0 1 1 0 0 0 0 0 1 1 1 1 1 1 0 1 0 1 1]
134 17 53 0.06939353585919106 [0 0 1 0 1 1 0 0 1 1 0 1 0 1 1 0 0 0 0 0 1 1 1 1 1 1 0 1 0 1 1]
135 17 55 0.06939353585919106 [0 0 1 0 1 1 0 0 1 1 0 1 0 1 1 0 0 0 0 0 1 1 1 1 1 1 0 1 0 1 1]
136 17 52 0.06939353585919106 [0 0 1 0 1 1 0 0 1 1 0 1 0 1 1 0 0 0 0 0 1 1 1 1 1 1 0 1 0 1 1]
137 17 52 0.06939353585919106 [0 0 1 0 1 1 0 0 1 1 0 1 0 1 1 0 0 0 0 0 1 1 1 1 1 1 0 1 0 1 1]
138 17 50 0.06939353585919106 [0 0 1 0 1 1 0 0 1 1 0 1 0 1 1 0 0 0 0 0 1 1 1 1 1 1 0 1 0 1 1]
139 17 54 0.06939353585919106 [0 0 1 0 1 1 0 0 1 1 0 1 0 1 1 0 0 0 0 0 1 1 1 1 1 1 0 1 0 1 1]
140 17 51 0.06939353585919106 [0 0 1 0 1 1 0 0 1 1 0 1 0 1 1 0 0 0 0 0 1 1 1 1 1 1 0 1 0 1 1]
141 17 54 0.06939353585919106 [0 0 1 0 1 1 0 0 1 1 0 1 0 1 1 0 0 0 0 0 1 1 1 1 1 1 0 1 0 1 1]
142 17 52 0.06939353585919106 [0 0 1 0 1 1 0 0 1 1 0 1 0 1 1 0 0 0 0 0 1 1 1 1 1 1 0 1 0 1 1]
143 17 57 0.06939353585919106 [0 0 1 0 1 1 0 0 1 1 0 1 0 1 1 0 0 0 0 0 1 1 1 1 1 1 0 1 0 1 1]
144 17 55 0.06939353585919106 [0 0 1 0 1 1 0 0 1 1 0 1 0 1 1 0 0 0 0 0 1 1 1 1 1 1 0 1 0 1 1]
145 17 51 0.06939353585919106 [0 0 1 0 1 1 0 0 1 1 0 1 0 1 1 0 0 0 0 0 1 1 1 1 1 1 0 1 0 1 1]
146 17 53 0.06939353585919106 [0 0 1 0 1 1 0 0 1 1 0 1 0 1 1 0 0 0 0 0 1 1 1 1 1 1 0 1 0 1 1]
147 17 53 0.06939353585919106 [0 0 1 0 1 1 0 0 1 1 0 1 0 1 1 0 0 0 0 0 1 1 1 1 1 1 0 1 0 1 1]
148 17 54 0.06939353585919106 [0 0 1 0 1 1 0 0 1 1 0 1 0 1 1 0 0 0 0 0 1 1 1 1 1 1 0 1 0 1 1]
149 17 53 0.06939353585919106 [0 0 1 0 1 1 0 0 1 1 0 1 0 1 1 0 0 0 0 0 1 1 1 1 1 1 0 1 0 1 1]
150 17 53 0.06939353585919106 [0 0 1 0 1 1 0 0 1 1 0 1 0 1 1 0 0 0 0 0 1 1 1 1 1 1 0 1 0 1 1]
