0 11 100 0.09997798649838574 [0 1 0 0 0 0 1 1 0 1 0 0 1 1 0 0 0 0 0 0 0 0 1 0 1 1 1 0 0 0 1]
1 20 86 0.09671562131751132 [0 1 1 0 0 1 0 1 1 1 1 1 1 1 1 0 0 0 0 1 1 0 0 1 1 1 0 1 1 1 1]
2 20 59 0.09671562131751132 [0 1 1 0 0 1 0 1 1 1 1 1 1 1 1 0 0 0 0 1 1 0 0 1 1 1 0 1 1 1 1]
3 20 52 0.09671562131751132 [0 1 1 0 0 1 0 1 1 1 1 1 1 1 1 0 0 0 0 1 1 0 0 1 1 1 0 1 1 1 1]
4 20 53 0.09671562131751132 [0 1 1 0 0 1 0 1 1 1 1 1 1 1 1 0 0 0 0 1 1 0 0 1 1 1 0 1 1 1 1]
5 20 52 0.09671562131751132 [0 1 1 0 0 1 0 1 1 1 1 1 1 1 1 0 0 0 0 1 1 0 0 1 1 1 0 1 1 1 1]
6 19 55 0.09529350325707531 [0 0 1 1 1 0 1 1 1 1 0 1 1 0 1 0 0 1 1 0 1 1 0 1 1 1 0 1 0 0 1]
7 17 55 0.09209547667611206 [0 0 1 1 1 0 1 1 0 1 0 1 0 0 1 0 0 1 0 0 1 1 0 1 1 1 1 1 0 0 1]
8 16 52 0.08351687115870776 [0 1 0 1 0 1 0 1 0 1 0 1 0 1 0 0 1 0 0 0 1 0 1 1 1 1 0 1 0 1 1]
9 16 54 0.08351687115870776 [0 1 0 1 0 1 0 1 0 1 0 1 0 1 0 0 1 0 0 0 1 0 1 1 1 1 0 1 0 1 1]
10 16 54 0.08351687115870776 [0 1 0 1 0 1 0 1 0 1 0 1 0 1 0 0 1 0 0 0 1 0 1 1 1 1 0 1 0 1 1]
11 16 52 0.08351687115870776 [0 1 0 1 0 1 0 1 0 1 0 1 0 1 0 0 1 0 0 0 1 0 1 1 1 1 0 1 0 1 1]
12 17 52 0.08342450023959569 [0 0 1 1 1 0 0 1 1 1 0 1 1 1 1 0 0 0 0 0 0 1 1 1 0 0 0 1 1 1 1]
13 17 58 0.08342450023959569 [0 0 1 1 1 0 0 1 1 1 0 1 1 1 1 0 0 0 0 0 0 1 1 1 0 0 0 1 1 1 1]
14 17 54 0.08342450023959569 [0 0 1 1 1 0 0 1 1 1 0 1 1 1 1 0 0 0 0 0 0 1 1 1 0 0 0 1 1 1 1]
15 17 57 0.08342450023959569 [0 0 1 1 1 0 0 1 1 1 0 1 1 1 1 0 0 0 0 0 0 1 1 1 0 0 0 1 1 1 1]
16 17 53 0.08342450023959569 [0 0 1 1 1 0 0 1 1 1 0 1 1 1 1 0 0 0 0 0 0 1 1 1 0 0 0 1 1 1 1]
17 17 54 0.08342450023959569 [0 0 1 1 1 0 0 1 1 1 0 1 1 1 1 0 0 0 0 0 0 1 1 1 0 0 0 1 1 1 1]
18 17 52 0.08342450023959569 [0 0 1 1 1 0 0 1 1 1 0 1 1 1 1 0 0 0 0 0 0 1 1 1 0 0 0 1 1 1 1]
19 17 54 0.08342450023959569 [0 0 1 1 1 0 0 1 1 1 0 1 1 1 1 0 0 0 0 0 0 1 1 1 0 0 0 1 1 1 1]
20 17 54 0.08342450023959569 [0 0 1 1 1 0 0 1 1 1 0 1 1 1 1 0 0 0 0 0 0 1 1 1 0 0 0 1 1 1 1]
21 17 52 0.08342450023959569 [0 0 1 1 1 0 0 1 1 1 0 1 1 1 1 0 0 0 0 0 0 1 1 1 0 0 0 1 1 1 1]
22 13 54 0.08171445078356332 [0 0 1 0 1 1 0 1 0 1 0 0 0 1 0 0 0 0 0 0 1 1 1 1 1 1 0 1 0 0 0]
23 12 57 0.08139645066533108 [0 0 1 0 1 1 0 0 0 0 0 0 1 1 0 0 0 0 0 0 1 1 1 1 1 0 1 1 0 0 0]
24 12 53 0.08139645066533108 [0 0 1 0 1 1 0 0 0 0 0 0 1 1 0 0 0 0 0 0 1 1 1 1 1 0 1 1 0 0 0]
25 12 53 0.08139645066533108 [0 0 1 0 1 1 0 0 0 0 0 0 1 1 0 0 0 0 0 0 1 1 1 1 1 0 1 1 0 0 0]
26 12 53 0.08139645066533108 [0 0 1 0 1 1 0 0 0 0 0 0 1 1 0 0 0 0 0 0 1 1 1 1 1 0 1 1 0 0 0]
27 12 53 0.08139645066533108 [0 0 1 0 1 1 0 0 0 0 0 0 1 1 0 0 0 0 0 0 1 1 1 1 1 0 1 1 0 0 0]
28 12 52 0.08139645066533108 [0 0 1 0 1 1 0 0 0 0 0 0 1 1 0 0 0 0 0 0 1 1 1 1 1 0 1 1 0 0 0]
29 12 54 0.08139645066533108 [0 0 1 0 1 1 0 0 0 0 0 0 1 1 0 0 0 0 0 0 1 1 1 1 1 0 1 1 0 0 0]
30 12 51 0.08139645066533108 [0 0 1 0 1 1 0 0 0 0 0 0 1 1 0 0 0 0 0 0 1 1 1 1 1 0 1 1 0 0 0]
31 12 55 0.08139645066533108 [0 0 1 0 1 1 0 0 0 0 0 0 1 1 0 0 0 0 0 0 1 1 1 1 1 0 1 1 0 0 0]
32 12 56 0.08139645066533108 [0 0 1 0 1 1 0 0 0 0 0 0 1 1 0 0 0 0 0 0 1 1 1 1 1 0 1 1 0 0 0]
33 16 52 0.08074981975486661 [0 0 1 0 0 1 0 0 0 0 0 1 1 1 1 0 0 1 0 0 1 1 1 1 1 0 0 1 1 1 1]
34 16 53 0.08074981975486661 [0 0 1 0 0 1 0 0 0 0 0 1 1 1 1 0 0 1 0 0 1 1 1 1 1 0 0 1 1 1 1]
35 16 50 0.08074981975486661 [0 0 1 0 0 1 0 0 0 0 0 1 1 1 1 0 0 1 0 0 1 1 1 1 1 0 0 1 1 1 1]
36 16 57 0.08074981975486661 [0 0 1 0 0 1 0 0 0 0 0 1 1 1 1 0 0 1 0 0 1 1 1 1 1 0 0 1 1 1 1]
37 16 53 0.08074981975486661 [0 0 1 0 0 1 0 0 0 0 0 1 1 1 1 0 0 1 0 0 1 1 1 1 1 0 0 1 1 1 1]
38 16 51 0.08074981975486661 [0 0 1 0 0 1 0 0 0 0 0 1 1 1 1 0 0 1 0 0 1 1 1 1 1 0 0 1 1 1 1]
39 16 52 0.08074981975486661 [0 0 1 0 0 1 0 0 0 0 0 1 1 1 1 0 0 1 0 0 1 1 1 1 1 0 0 1 1 1 1]
40 16 52 0.08074981975486661 [0 0 1 0 0 1 0 0 0 0 0 1 1 1 1 0 0 1 0 0 1 1 1 1 1 0 0 1 1 1 1]
41 16 52 0.08074981975486661 [0 0 1 0 0 1 0 0 0 0 0 1 1 1 1 0 0 1 0 0 1 1 1 1 1 0 0 1 1 1 1]
42 16 54 0.08074981975486661 [0 0 1 0 0 1 0 0 0 0 0 1 1 1 1 0 0 1 0 0 1 1 1 1 1 0 0 1 1 1 1]
43 16 54 0.08074981975486661 [0 0 1 0 0 1 0 0 0 0 0 1 1 1 1 0 0 1 0 0 1 1 1 1 1 0 0 1 1 1 1]
44 16 53 0.08074981975486661 [0 0 1 0 0 1 0 0 0 0 0 1 1 1 1 0 0 1 0 0 1 1 1 1 1 0 0 1 1 1 1]
45 16 54 0.08074981975486661 [0 0 1 0 0 1 0 0 0 0 0 1 1 1 1 0 0 1 0 0 1 1 1 1 1 0 0 1 1 1 1]
46 16 54 0.08074981975486661 [0 0 1 0 0 1 0 0 0 0 0 1 1 1 1 0 0 1 0 0 1 1 1 1 1 0 0 1 1 1 1]
47 16 53 0.08074981975486661 [0 0 1 0 0 1 0 0 0 0 0 1 1 1 1 0 0 1 0 0 1 1 1 1 1 0 0 1 1 1 1]
48 11 53 0.07910188740322444 [0 0 1 0 0 0 0 0 0 0 0 1 1 0 0 1 0 0 0 0 0 1 1 1 0 0 0 1 1 1 1]
49 11 51 0.07910188740322444 [0 0 1 0 0 0 0 0 0 0 0 1 1 0 0 1 0 0 0 0 0 1 1 1 0 0 0 1 1 1 1]
50 11 56 0.07910188740322444 [0 0 1 0 0 0 0 0 0 0 0 1 1 0 0 1 0 0 0 0 0 1 1 1 0 0 0 1 1 1 1]
51 11 51 0.07910188740322444 [0 0 1 0 0 0 0 0 0 0 0 1 1 0 0 1 0 0 0 0 0 1 1 1 0 0 0 1 1 1 1]
52 11 54 0.07910188740322444 [0 0 1 0 0 0 0 0 0 0 0 1 1 0 0 1 0 0 0 0 0 1 1 1 0 0 0 1 1 1 1]
53 11 56 0.07910188740322444 [0 0 1 0 0 0 0 0 0 0 0 1 1 0 0 1 0 0 0 0 0 1 1 1 0 0 0 1 1 1 1]
54 11 52 0.07910188740322444 [0 0 1 0 0 0 0 0 0 0 0 1 1 0 0 1 0 0 0 0 0 1 1 1 0 0 0 1 1 1 1]
55 11 52 0.07910188740322444 [0 0 1 0 0 0 0 0 0 0 0 1 1 0 0 1 0 0 0 0 0 1 1 1 0 0 0 1 1 1 1]
56 11 53 0.07910188740322444 [0 0 1 0 0 0 0 0 0 0 0 1 1 0 0 1 0 0 0 0 0 1 1 1 0 0 0 1 1 1 1]
57 11 52 0.07910188740322444 [0 0 1 0 0 0 0 0 0 0 0 1 1 0 0 1 0 0 0 0 0 1 1 1 0 0 0 1 1 1 1]
58 11 54 0.07910188740322444 [0 0 1 0 0 0 0 0 0 0 0 1 1 0 0 1 0 0 0 0 0 1 1 1 0 0 0 1 1 1 1]
59 11 52 0.07910188740322444 [0 0 1 0 0 0 0 0 0 0 0 1 1 0 0 1 0 0 0 0 0 1 1 1 0 0 0 1 1 1 1]
60 11 52 0.07910188740322444 [0 0 1 0 0 0 0 0 0 0 0 1 1 0 0 1 0 0 0 0 0 1 1 1 0 0 0 1 1 1 1]
61 11 50 0.07910188740322444 [0 0 1 0 0 0 0 0 0 0 0 1 1 0 0 1 0 0 0 0 0 1 1 1 0 0 0 1 1 1 1]
62 11 53 0.07910188740322444 [0 0 1 0 0 0 0 0 0 0 0 1 1 0 0 1 0 0 0 0 0 1 1 1 0 0 0 1 1 1 1]
63 11 53 0.07910188740322444 [0 0 1 0 0 0 0 0 0 0 0 1 1 0 0 1 0 0 0 0 0 1 1 1 0 0 0 1 1 1 1]
64 11 57 0.07910188740322444 [0 0 1 0 0 0 0 0 0 0 0 1 1 0 0 1 0 0 0 0 0 1 1 1 0 0 0 1 1 1 1]
65 11 51 0.07910188740322444 [0 0 1 0 0 0 0 0 0 0 0 1 1 0 0 1 0 0 0 0 0 1 1 1 0 0 0 1 1 1 1]
66 11 51 0.07910188740322444 [0 0 1 0 0 0 0 0 0 0 0 1 1 0 0 1 0 0 0 0 0 1 1 1 0 0 0 1 1 1 1]
67 11 53 0.07910188740322444 [0 0 1 0 0 0 0 0 0 0 0 1 1 0 0 1 0 0 0 0 0 1 1 1 0 0 0 1 1 1 1]
68 11 51 0.07910188740322444 [0 0 1 0 0 0 0 0 0 0 0 1 1 0 0 1 0 0 0 0 0 1 1 1 0 0 0 1 1 1 1]
69 11 54 0.07910188740322444 [0 0 1 0 0 0 0 0 0 0 0 1 1 0 0 1 0 0 0 0 0 1 1 1 0 0 0 1 1 1 1]
70 11 51 0.07910188740322444 [0 0 1 0 0 0 0 0 0 0 0 1 1 0 0 1 0 0 0 0 0 1 1 1 0 0 0 1 1 1 1]
71 11 51 0.07910188740322444 [0 0 1 0 0 0 0 0 0 0 0 1 1 0 0 1 0 0 0 0 0 1 1 1 0 0 0 1 1 1 1]
72 11 54 0.07910188740322444 [0 0 1 0 0 0 0 0 0 0 0 1 1 0 0 1 0 0 0 0 0 1 1 1 0 0 0 1 1 1 1]
73 11 53 0.07910188740322444 [0 0 1 0 0 0 0 0 0 0 0 1 1 0 0 1 0 0 0 0 0 1 1 1 0 0 0 1 1 1 1]
74 11 53 0.07910188740322444 [0 0 1 0 0 0 0 0 0 0 0 1 1 0 0 1 0 0 0 0 0 1 1 1 0 0 0 1 1 1 1]
75 11 53 0.07910188740322444 [0 0 1 0 0 0 0 0 0 0 0 1 1 0 0 1 0 0 0 0 0 1 1 1 0 0 0 1 1 1 1]
76 11 53 0.07910188740322444 [0 0 1 0 0 0 0 0 0 0 0 1 1 0 0 1 0 0 0 0 0 1 1 1 0 0 0 1 1 1 1]
77 11 54 0.07910188740322444 [0 0 1 0 0 0 0 0 0 0 0 1 1 0 0 1 0 0 0 0 0 1 1 1 0 0 0 1 1 1 1]
78 11 52 0.07910188740322444 [0 0 1 0 0 0 0 0 0 0 0 1 1 0 0 1 0 0 0 0 0 1 1 1 0 0 0 1 1 1 1]
79 11 51 0.07910188740322444 [0 0 1 0 0 0 0 0 0 0 0 1 1 0 0 1 0 0 0 0 0 1 1 1 0 0 0 1 1 1 1]
80 11 52 0.07910188740322444 [0 0 1 0 0 0 0 0 0 0 0 1 1 0 0 1 0 0 0 0 0 1 1 1 0 0 0 1 1 1 1]
81 11 52 0.07910188740322444 [0 0 1 0 0 0 0 0 0 0 0 1 1 0 0 1 0 0 0 0 0 1 1 1 0 0 0 1 1 1 1]
82 11 55 0.07910188740322444 [0 0 1 0 0 0 0 0 0 0 0 1 1 0 0 1 0 0 0 0 0 1 1 1 0 0 0 1 1 1 1]
83 11 53 0.07910188740322444 [0 0 1 0 0 0 0 0 0 0 0 1 1 0 0 1 0 0 0 0 0 1 1 1 0 0 0 1 1 1 1]
84 11 53 0.07910188740322444 [0 0 1 0 0 0 0 0 0 0 0 1 1 0 0 1 0 0 0 0 0 1 1 1 0 0 0 1 1 1 1]
85 11 56 0.07910188740322444 [0 0 1 0 0 0 0 0 0 0 0 1 1 0 0 1 0 0 0 0 0 1 1 1 0 0 0 1 1 1 1]
86 11 49 0.07910188740322444 [0 0 1 0 0 0 0 0 0 0 0 1 1 0 0 1 0 0 0 0 0 1 1 1 0 0 0 1 1 1 1]
87 11 53 0.07910188740322444 [0 0 1 0 0 0 0 0 0 0 0 1 1 0 0 1 0 0 0 0 0 1 1 1 0 0 0 1 1 1 1]
88 11 54 0.07910188740322444 [0 0 1 0 0 0 0 0 0 0 0 1 1 0 0 1 0 0 0 0 0 1 1 1 0 0 0 1 1 1 1]
89 11 53 0.07910188740322444 [0 0 1 0 0 0 0 0 0 0 0 1 1 0 0 1 0 0 0 0 0 1 1 1 0 0 0 1 1 1 1]
90 11 53 0.07910188740322444 [0 0 1 0 0 0 0 0 0 0 0 1 1 0 0 1 0 0 0 0 0 1 1 1 0 0 0 1 1 1 1]
91 11 51 0.07910188740322444 [0 0 1 0 0 0 0 0 0 0 0 1 1 0 0 1 0 0 0 0 0 1 1 1 0 0 0 1 1 1 1]
92 11 53 0.07910188740322444 [0 0 1 0 0 0 0 0 0 0 0 1 1 0 0 1 0 0 0 0 0 1 1 1 0 0 0 1 1 1 1]
93 11 52 0.07910188740322444 [0 0 1 0 0 0 0 0 0 0 0 1 1 0 0 1 0 0 0 0 0 1 1 1 0 0 0 1 1 1 1]
94 11 51 0.07910188740322444 [0 0 1 0 0 0 0 0 0 0 0 1 1 0 0 1 0 0 0 0 0 1 1 1 0 0 0 1 1 1 1]
95 11 55 0.07910188740322444 [0 0 1 0 0 0 0 0 0 0 0 1 1 0 0 1 0 0 0 0 0 1 1 1 0 0 0 1 1 1 1]
96 11 52 0.07910188740322444 [0 0 1 0 0 0 0 0 0 0 0 1 1 0 0 1 0 0 0 0 0 1 1 1 0 0 0 1 1 1 1]
97 11 54 0.07910188740322444 [0 0 1 0 0 0 0 0 0 0 0 1 1 0 0 1 0 0 0 0 0 1 1 1 0 0 0 1 1 1 1]
98 11 52 0.07910188740322444 [0 0 1 0 0 0 0 0 0 0 0 1 1 0 0 1 0 0 0 0 0 1 1 1 0 0 0 1 1 1 1]
99 11 53 0.07910188740322444 [0 0 1 0 0 0 0 0 0 0 0 1 1 0 0 1 0 0 0 0 0 1 1 1 0 0 0 1 1 1 1]
100 11 54 0.07910188740322444 [0 0 1 0 0 0 0 0 0 0 0 1 1 0 0 1 0 0 0 0 0 1 1 1 0 0 0 1 1 1 1]
101 12 51 0.07569256703744054 [0 1 1 0 1 0 0 0 0 0 0 1 0 0 0 1 0 0 0 0 0 0 1 1 1 1 0 0 1 1 1]
102 12 58 0.07569256703744054 [0 1 1 0 1 0 0 0 0 0 0 1 0 0 0 1 0 0 0 0 0 0 1 1 1 1 0 0 1 1 1]
103 12 52 0.07569256703744054 [0 1 1 0 1 0 0 0 0 0 0 1 0 0 0 1 0 0 0 0 0 0 1 1 1 1 0 0 1 1 1]
104 12 51 0.07569256703744054 [0 1 1 0 1 0 0 0 0 0 0 1 0 0 0 1 0 0 0 0 0 0 1 1 1 1 0 0 1 1 1]
105 12 54 0.07569256703744054 [0 1 1 0 1 0 0 0 0 0 0 1 0 0 0 1 0 0 0 0 0 0 1 1 1 1 0 0 1 1 1]
106 12 54 0.07569256703744054 [0 1 1 0 1 0 0 0 0 0 0 1 0 0 0 1 0 0 0 0 0 0 1 1 1 1 0 0 1 1 1]
107 12 53 0.07569256703744054 [0 1 1 0 1 0 0 0 0 0 0 1 0 0 0 1 0 0 0 0 0 0 1 1 1 1 0 0 1 1 1]
108 12 52 0.07569256703744054 [0 1 1 0 1 0 0 0 0 0 0 1 0 0 0 1 0 0 0 0 0 0 1 1 1 1 0 0 1 1 1]
109 12 55 0.07569256703744054 [0 1 1 0 1 0 0 0 0 0 0 1 0 0 0 1 0 0 0 0 0 0 1 1 1 1 0 0 1 1 1]
110 12 51 0.07569256703744054 [0 1 1 0 1 0 0 0 0 0 0 1 0 0 0 1 0 0 0 0 0 0 1 1 1 1 0 0 1 1 1]
111 12 51 0.07569256703744054 [0 1 1 0 1 0 0 0 0 0 0 1 0 0 0 1 0 0 0 0 0 0 1 1 1 1 0 0 1 1 1]
112 12 51 0.07569256703744054 [0 1 1 0 1 0 0 0 0 0 0 1 0 0 0 1 0 0 0 0 0 0 1 1 1 1 0 0 1 1 1]
113 12 56 0.07569256703744054 [0 1 1 0 1 0 0 0 0 0 0 1 0 0 0 1 0 0 0 0 0 0 1 1 1 1 0 0 1 1 1]
114 12 51 0.07569256703744054 [0 1 1 0 1 0 0 0 0 0 0 1 0 0 0 1 0 0 0 0 0 0 1 1 1 1 0 0 1 1 1]
115 12 53 0.07569256703744054 [0 1 1 0 1 0 0 0 0 0 0 1 0 0 0 1 0 0 0 0 0 0 1 1 1 1 0 0 1 1 1]
116 12 51 0.07569256703744054 [0 1 1 0 1 0 0 0 0 0 0 1 0 0 0 1 0 0 0 0 0 0 1 1 1 1 0 0 1 1 1]
117 12 53 0.07569256703744054 [0 1 1 0 1 0 0 0 0 0 0 1 0 0 0 1 0 0 0 0 0 0 1 1 1 1 0 0 1 1 1]
118 12 53 0.07569256703744054 [0 1 1 0 1 0 0 0 0 0 0 1 0 0 0 1 0 0 0 0 0 0 1 1 1 1 0 0 1 1 1]
119 12 52 0.07569256703744054 [0 1 1 0 1 0 0 0 0 0 0 1 0 0 0 1 0 0 0 0 0 0 1 1 1 1 0 0 1 1 1]
120 12 53 0.07569256703744054 [0 1 1 0 1 0 0 0 0 0 0 1 0 0 0 1 0 0 0 0 0 0 1 1 1 1 0 0 1 1 1]
121 12 53 0.07569256703744054 [0 1 1 0 1 0 0 0 0 0 0 1 0 0 0 1 0 0 0 0 0 0 1 1 1 1 0 0 1 1 1]
122 12 52 0.07569256703744054 [0 1 1 0 1 0 0 0 0 0 0 1 0 0 0 1 0 0 0 0 0 0 1 1 1 1 0 0 1 1 1]
123 12 51 0.07569256703744054 [0 1 1 0 1 0 0 0 0 0 0 1 0 0 0 1 0 0 0 0 0 0 1 1 1 1 0 0 1 1 1]
124 12 54 0.07569256703744054 [0 1 1 0 1 0 0 0 0 0 0 1 0 0 0 1 0 0 0 0 0 0 1 1 1 1 0 0 1 1 1]
125 10 54 0.07481518960136468 [0 1 1 0 0 0 0 0 0 0 0 1 0 0 0 0 1 0 0 0 0 0 1 1 1 0 0 0 1 1 1]
126 10 52 0.07481518960136468 [0 1 1 0 0 0 0 0 0 0 0 1 0 0 0 0 1 0 0 0 0 0 1 1 1 0 0 0 1 1 1]
127 10 51 0.07481518960136468 [0 1 1 0 0 0 0 0 0 0 0 1 0 0 0 0 1 0 0 0 0 0 1 1 1 0 0 0 1 1 1]
128 10 55 0.07481518960136468 [0 1 1 0 0 0 0 0 0 0 0 1 0 0 0 0 1 0 0 0 0 0 1 1 1 0 0 0 1 1 1]
129 10 53 0.07481518960136468 [0 1 1 0 0 0 0 0 0 0 0 1 0 0 0 0 1 0 0 0 0 0 1 1 1 0 0 0 1 1 1]
130 10 51 0.07481518960136468 [0 1 1 0 0 0 0 0 0 0 0 1 0 0 0 0 1 0 0 0 0 0 1 1 1 0 0 0 1 1 1]
131 10 53 0.07481518960136468 [0 1 1 0 0 0 0 0 0 0 0 1 0 0 0 0 1 0 0 0 0 0 1 1 1 0 0 0 1 1 1]
132 10 53 0.07481518960136468 [0 1 1 0 0 0 0 0 0 0 0 1 0 0 0 0 1 0 0 0 0 0 1 1 1 0 0 0 1 1 1]
133 10 55 0.07481518960136468 [0 1 1 0 0 0 0 0 0 0 0 1 0 0 0 0 1 0 0 0 0 0 1 1 1 0 0 0 1 1 1]
134 10 51 0.07481518960136468 [0 1 1 0 0 0 0 0 0 0 0 1 0 0 0 0 1 0 0 0 0 0 1 1 1 0 0 0 1 1 1]
135 10 56 0.07481518960136468 [0 1 1 0 0 0 0 0 0 0 0 1 0 0 0 0 1 0 0 0 0 0 1 1 1 0 0 0 1 1 1]
136 10 51 0.07481518960136468 [0 1 1 0 0 0 0 0 0 0 0 1 0 0 0 0 1 0 0 0 0 0 1 1 1 0 0 0 1 1 1]
137 10 54 0.07481518960136468 [0 1 1 0 0 0 0 0 0 0 0 1 0 0 0 0 1 0 0 0 0 0 1 1 1 0 0 0 1 1 1]
138 10 55 0.07481518960136468 [0 1 1 0 0 0 0 0 0 0 0 1 0 0 0 0 1 0 0 0 0 0 1 1 1 0 0 0 1 1 1]
139 10 53 0.07481518960136468 [0 1 1 0 0 0 0 0 0 0 0 1 0 0 0 0 1 0 0 0 0 0 1 1 1 0 0 0 1 1 1]
140 10 54 0.07481518960136468 [0 1 1 0 0 0 0 0 0 0 0 1 0 0 0 0 1 0 0 0 0 0 1 1 1 0 0 0 1 1 1]
141 10 53 0.07481518960136468 [0 1 1 0 0 0 0 0 0 0 0 1 0 0 0 0 1 0 0 0 0 0 1 1 1 0 0 0 1 1 1]
142 10 51 0.07481518960136468 [0 1 1 0 0 0 0 0 0 0 0 1 0 0 0 0 1 0 0 0 0 0 1 1 1 0 0 0 1 1 1]
143 10 54 0.07481518960136468 [0 1 1 0 0 0 0 0 0 0 0 1 0 0 0 0 1 0 0 0 0 0 1 1 1 0 0 0 1 1 1]
144 10 54 0.07481518960136468 [0 1 1 0 0 0 0 0 0 0 0 1 0 0 0 0 1 0 0 0 0 0 1 1 1 0 0 0 1 1 1]
145 10 51 0.07481518960136468 [0 1 1 0 0 0 0 0 0 0 0 1 0 0 0 0 1 0 0 0 0 0 1 1 1 0 0 0 1 1 1]
146 10 55 0.07481518960136468 [0 1 1 0 0 0 0 0 0 0 0 1 0 0 0 0 1 0 0 0 0 0 1 1 1 0 0 0 1 1 1]
147 10 53 0.07481518960136468 [0 1 1 0 0 0 0 0 0 0 0 1 0 0 0 0 1 0 0 0 0 0 1 1 1 0 0 0 1 1 1]
148 10 55 0.07481518960136468 [0 1 1 0 0 0 0 0 0 0 0 1 0 0 0 0 1 0 0 0 0 0 1 1 1 0 0 0 1 1 1]
149 10 52 0.07481518960136468 [0 1 1 0 0 0 0 0 0 0 0 1 0 0 0 0 1 0 0 0 0 0 1 1 1 0 0 0 1 1 1]
150 10 50 0.07481518960136468 [0 1 1 0 0 0 0 0 0 0 0 1 0 0 0 0 1 0 0 0 0 0 1 1 1 0 0 0 1 1 1]
