0 21 100 0.10211633132327225 [0 0 1 1 0 1 1 0 1 1 0 1 1 1 1 0 1 1 1 0 0 1 1 1 1 0 1 0 1 1 1]
1 14 85 0.09389849577637432 [0 0 1 0 1 0 0 0 0 1 1 0 1 1 0 1 0 0 1 0 0 1 0 1 1 0 1 0 1 0 1]
2 14 60 0.09389849577637432 [0 0 1 0 1 0 0 0 0 1 1 0 1 1 0 1 0 0 1 0 0 1 0 1 1 0 1 0 1 0 1]
3 10 54 0.07257509847882593 [0 0 1 0 0 0 0 0 0 0 0 1 1 0 0 0 1 0 0 0 0 1 1 1 1 0 1 0 0 0 1]
4 10 55 0.07257509847882593 [0 0 1 0 0 0 0 0 0 0 0 1 1 0 0 0 1 0 0 0 0 1 1 1 1 0 1 0 0 0 1]
5 10 52 0.07257509847882593 [0 0 1 0 0 0 0 0 0 0 0 1 1 0 0 0 1 0 0 0 0 1 1 1 1 0 1 0 0 0 1]
6 10 54 0.07257509847882593 [0 0 1 0 0 0 0 0 0 0 0 1 1 0 0 0 1 0 0 0 0 1 1 1 1 0 1 0 0 0 1]
7 10 52 0.07257509847882593 [0 0 1 0 0 0 0 0 0 0 0 1 1 0 0 0 1 0 0 0 0 1 1 1 1 0 1 0 0 0 1]
8 10 55 0.07257509847882593 [0 0 1 0 0 0 0 0 0 0 0 1 1 0 0 0 1 0 0 0 0 1 1 1 1 0 1 0 0 0 1]
9 10 53 0.07257509847882593 [0 0 1 0 0 0 0 0 0 0 0 1 1 0 0 0 1 0 0 0 0 1 1 1 1 0 1 0 0 0 1]
10 10 51 0.07257509847882593 [0 0 1 0 0 0 0 0 0 0 0 1 1 0 0 0 1 0 0 0 0 1 1 1 1 0 1 0 0 0 1]
11 10 51 0.07257509847882593 [0 0 1 0 0 0 0 0 0 0 0 1 1 0 0 0 1 0 0 0 0 1 1 1 1 0 1 0 0 0 1]
12 10 54 0.07257509847882593 [0 0 1 0 0 0 0 0 0 0 0 1 1 0 0 0 1 0 0 0 0 1 1 1 1 0 1 0 0 0 1]
13 10 52 0.07257509847882593 [0 0 1 0 0 0 0 0 0 0 0 1 1 0 0 0 1 0 0 0 0 1 1 1 1 0 1 0 0 0 1]
14 10 54 0.07257509847882593 [0 0 1 0 0 0 0 0 0 0 0 1 1 0 0 0 1 0 0 0 0 1 1 1 1 0 1 0 0 0 1]
15 10 52 0.07257509847882593 [0 0 1 0 0 0 0 0 0 0 0 1 1 0 0 0 1 0 0 0 0 1 1 1 1 0 1 0 0 0 1]
16 10 52 0.07257509847882593 [0 0 1 0 0 0 0 0 0 0 0 1 1 0 0 0 1 0 0 0 0 1 1 1 1 0 1 0 0 0 1]
17 10 52 0.07257509847882593 [0 0 1 0 0 0 0 0 0 0 0 1 1 0 0 0 1 0 0 0 0 1 1 1 1 0 1 0 0 0 1]
18 10 53 0.07257509847882593 [0 0 1 0 0 0 0 0 0 0 0 1 1 0 0 0 1 0 0 0 0 1 1 1 1 0 1 0 0 0 1]
19 10 56 0.07257509847882593 [0 0 1 0 0 0 0 0 0 0 0 1 1 0 0 0 1 0 0 0 0 1 1 1 1 0 1 0 0 0 1]
20 10 55 0.07257509847882593 [0 0 1 0 0 0 0 0 0 0 0 1 1 0 0 0 1 0 0 0 0 1 1 1 1 0 1 0 0 0 1]
21 10 50 0.07257509847882593 [0 0 1 0 0 0 0 0 0 0 0 1 1 0 0 0 1 0 0 0 0 1 1 1 1 0 1 0 0 0 1]
22 10 53 0.07257509847882593 [0 0 1 0 0 0 0 0 0 0 0 1 1 0 0 0 1 0 0 0 0 1 1 1 1 0 1 0 0 0 1]
23 10 52 0.07257509847882593 [0 0 1 0 0 0 0 0 0 0 0 1 1 0 0 0 1 0 0 0 0 1 1 1 1 0 1 0 0 0 1]
24 10 53 0.07257509847882593 [0 0 1 0 0 0 0 0 0 0 0 1 1 0 0 0 1 0 0 0 0 1 1 1 1 0 1 0 0 0 1]
25 10 52 0.07257509847882593 [0 0 1 0 0 0 0 0 0 0 0 1 1 0 0 0 1 0 0 0 0 1 1 1 1 0 1 0 0 0 1]
26 10 55 0.07257509847882593 [0 0 1 0 0 0 0 0 0 0 0 1 1 0 0 0 1 0 0 0 0 1 1 1 1 0 1 0 0 0 1]
27 10 56 0.07257509847882593 [0 0 1 0 0 0 0 0 0 0 0 1 1 0 0 0 1 0 0 0 0 1 1 1 1 0 1 0 0 0 1]
28 10 56 0.07257509847882593 [0 0 1 0 0 0 0 0 0 0 0 1 1 0 0 0 1 0 0 0 0 1 1 1 1 0 1 0 0 0 1]
29 10 52 0.07257509847882593 [0 0 1 0 0 0 0 0 0 0 0 1 1 0 0 0 1 0 0 0 0 1 1 1 1 0 1 0 0 0 1]
30 10 52 0.07257509847882593 [0 0 1 0 0 0 0 0 0 0 0 1 1 0 0 0 1 0 0 0 0 1 1 1 1 0 1 0 0 0 1]
31 10 52 0.07257509847882593 [0 0 1 0 0 0 0 0 0 0 0 1 1 0 0 0 1 0 0 0 0 1 1 1 1 0 1 0 0 0 1]
32 10 54 0.07257509847882593 [0 0 1 0 0 0 0 0 0 0 0 1 1 0 0 0 1 0 0 0 0 1 1 1 1 0 1 0 0 0 1]
33 10 51 0.07257509847882593 [0 0 1 0 0 0 0 0 0 0 0 1 1 0 0 0 1 0 0 0 0 1 1 1 1 0 1 0 0 0 1]
34 10 51 0.07257509847882593 [0 0 1 0 0 0 0 0 0 0 0 1 1 0 0 0 1 0 0 0 0 1 1 1 1 0 1 0 0 0 1]
35 10 52 0.07257509847882593 [0 0 1 0 0 0 0 0 0 0 0 1 1 0 0 0 1 0 0 0 0 1 1 1 1 0 1 0 0 0 1]
36 10 53 0.07257509847882593 [0 0 1 0 0 0 0 0 0 0 0 1 1 0 0 0 1 0 0 0 0 1 1 1 1 0 1 0 0 0 1]
37 10 55 0.07257509847882593 [0 0 1 0 0 0 0 0 0 0 0 1 1 0 0 0 1 0 0 0 0 1 1 1 1 0 1 0 0 0 1]
38 10 52 0.07257509847882593 [0 0 1 0 0 0 0 0 0 0 0 1 1 0 0 0 1 0 0 0 0 1 1 1 1 0 1 0 0 0 1]
39 10 52 0.07257509847882593 [0 0 1 0 0 0 0 0 0 0 0 1 1 0 0 0 1 0 0 0 0 1 1 1 1 0 1 0 0 0 1]
40 10 53 0.07257509847882593 [0 0 1 0 0 0 0 0 0 0 0 1 1 0 0 0 1 0 0 0 0 1 1 1 1 0 1 0 0 0 1]
41 10 53 0.07257509847882593 [0 0 1 0 0 0 0 0 0 0 0 1 1 0 0 0 1 0 0 0 0 1 1 1 1 0 1 0 0 0 1]
42 10 54 0.07257509847882593 [0 0 1 0 0 0 0 0 0 0 0 1 1 0 0 0 1 0 0 0 0 1 1 1 1 0 1 0 0 0 1]
43 10 54 0.07257509847882593 [0 0 1 0 0 0 0 0 0 0 0 1 1 0 0 0 1 0 0 0 0 1 1 1 1 0 1 0 0 0 1]
44 10 53 0.07257509847882593 [0 0 1 0 0 0 0 0 0 0 0 1 1 0 0 0 1 0 0 0 0 1 1 1 1 0 1 0 0 0 1]
45 10 54 0.07257509847882593 [0 0 1 0 0 0 0 0 0 0 0 1 1 0 0 0 1 0 0 0 0 1 1 1 1 0 1 0 0 0 1]
46 10 50 0.07257509847882593 [0 0 1 0 0 0 0 0 0 0 0 1 1 0 0 0 1 0 0 0 0 1 1 1 1 0 1 0 0 0 1]
47 10 53 0.07257509847882593 [0 0 1 0 0 0 0 0 0 0 0 1 1 0 0 0 1 0 0 0 0 1 1 1 1 0 1 0 0 0 1]
48 10 54 0.07257509847882593 [0 0 1 0 0 0 0 0 0 0 0 1 1 0 0 0 1 0 0 0 0 1 1 1 1 0 1 0 0 0 1]
49 10 51 0.07257509847882593 [0 0 1 0 0 0 0 0 0 0 0 1 1 0 0 0 1 0 0 0 0 1 1 1 1 0 1 0 0 0 1]
50 10 52 0.07257509847882593 [0 0 1 0 0 0 0 0 0 0 0 1 1 0 0 0 1 0 0 0 0 1 1 1 1 0 1 0 0 0 1]
51 10 54 0.07257509847882593 [0 0 1 0 0 0 0 0 0 0 0 1 1 0 0 0 1 0 0 0 0 1 1 1 1 0 1 0 0 0 1]
52 10 53 0.07257509847882593 [0 0 1 0 0 0 0 0 0 0 0 1 1 0 0 0 1 0 0 0 0 1 1 1 1 0 1 0 0 0 1]
53 17 51 0.07118474657194995 [0 0 1 1 0 1 0 0 0 1 0 1 1 1 0 1 0 0 1 0 0 1 1 1 1 1 0 1 0 1 1]
54 17 53 0.07118474657194995 [0 0 1 1 0 1 0 0 0 1 0 1 1 1 0 1 0 0 1 0 0 1 1 1 1 1 0 1 0 1 1]
55 17 52 0.07118474657194995 [0 0 1 1 0 1 0 0 0 1 0 1 1 1 0 1 0 0 1 0 0 1 1 1 1 1 0 1 0 1 1]
56 17 55 0.07118474657194995 [0 0 1 1 0 1 0 0 0 1 0 1 1 1 0 1 0 0 1 0 0 1 1 1 1 1 0 1 0 1 1]
57 17 56 0.07118474657194995 [0 0 1 1 0 1 0 0 0 1 0 1 1 1 0 1 0 0 1 0 0 1 1 1 1 1 0 1 0 1 1]
58 17 54 0.07118474657194995 [0 0 1 1 0 1 0 0 0 1 0 1 1 1 0 1 0 0 1 0 0 1 1 1 1 1 0 1 0 1 1]
59 17 54 0.07118474657194995 [0 0 1 1 0 1 0 0 0 1 0 1 1 1 0 1 0 0 1 0 0 1 1 1 1 1 0 1 0 1 1]
60 17 50 0.07118474657194995 [0 0 1 1 0 1 0 0 0 1 0 1 1 1 0 1 0 0 1 0 0 1 1 1 1 1 0 1 0 1 1]
61 17 52 0.07118474657194995 [0 0 1 1 0 1 0 0 0 1 0 1 1 1 0 1 0 0 1 0 0 1 1 1 1 1 0 1 0 1 1]
62 17 55 0.07118474657194995 [0 0 1 1 0 1 0 0 0 1 0 1 1 1 0 1 0 0 1 0 0 1 1 1 1 1 0 1 0 1 1]
63 17 56 0.07118474657194995 [0 0 1 1 0 1 0 0 0 1 0 1 1 1 0 1 0 0 1 0 0 1 1 1 1 1 0 1 0 1 1]
64 17 54 0.07118474657194995 [0 0 1 1 0 1 0 0 0 1 0 1 1 1 0 1 0 0 1 0 0 1 1 1 1 1 0 1 0 1 1]
65 17 50 0.07118474657194995 [0 0 1 1 0 1 0 0 0 1 0 1 1 1 0 1 0 0 1 0 0 1 1 1 1 1 0 1 0 1 1]
66 17 53 0.07118474657194995 [0 0 1 1 0 1 0 0 0 1 0 1 1 1 0 1 0 0 1 0 0 1 1 1 1 1 0 1 0 1 1]
67 17 54 0.07118474657194995 [0 0 1 1 0 1 0 0 0 1 0 1 1 1 0 1 0 0 1 0 0 1 1 1 1 1 0 1 0 1 1]
68 17 51 0.07118474657194995 [0 0 1 1 0 1 0 0 0 1 0 1 1 1 0 1 0 0 1 0 0 1 1 1 1 1 0 1 0 1 1]
69 17 50 0.07118474657194995 [0 0 1 1 0 1 0 0 0 1 0 1 1 1 0 1 0 0 1 0 0 1 1 1 1 1 0 1 0 1 1]
70 16 56 0.0708289096862259 [0 0 1 1 0 1 0 1 0 0 0 1 1 1 0 0 1 0 0 0 0 1 1 1 1 1 0 1 0 1 1]
71 16 53 0.0708289096862259 [0 0 1 1 0 1 0 1 0 0 0 1 1 1 0 0 1 0 0 0 0 1 1 1 1 1 0 1 0 1 1]
72 16 51 0.0708289096862259 [0 0 1 1 0 1 0 1 0 0 0 1 1 1 0 0 1 0 0 0 0 1 1 1 1 1 0 1 0 1 1]
73 16 51 0.0708289096862259 [0 0 1 1 0 1 0 1 0 0 0 1 1 1 0 0 1 0 0 0 0 1 1 1 1 1 0 1 0 1 1]
74 16 51 0.0708289096862259 [0 0 1 1 0 1 0 1 0 0 0 1 1 1 0 0 1 0 0 0 0 1 1 1 1 1 0 1 0 1 1]
75 16 51 0.0708289096862259 [0 0 1 1 0 1 0 1 0 0 0 1 1 1 0 0 1 0 0 0 0 1 1 1 1 1 0 1 0 1 1]
76 16 55 0.0708289096862259 [0 0 1 1 0 1 0 1 0 0 0 1 1 1 0 0 1 0 0 0 0 1 1 1 1 1 0 1 0 1 1]
77 16 51 0.0708289096862259 [0 0 1 1 0 1 0 1 0 0 0 1 1 1 0 0 1 0 0 0 0 1 1 1 1 1 0 1 0 1 1]
78 16 51 0.0708289096862259 [0 0 1 1 0 1 0 1 0 0 0 1 1 1 0 0 1 0 0 0 0 1 1 1 1 1 0 1 0 1 1]
79 16 60 0.0708289096862259 [0 0 1 1 0 1 0 1 0 0 0 1 1 1 0 0 1 0 0 0 0 1 1 1 1 1 0 1 0 1 1]
80 16 53 0.0708289096862259 [0 0 1 1 0 1 0 1 0 0 0 1 1 1 0 0 1 0 0 0 0 1 1 1 1 1 0 1 0 1 1]
81 16 56 0.0708289096862259 [0 0 1 1 0 1 0 1 0 0 0 1 1 1 0 0 1 0 0 0 0 1 1 1 1 1 0 1 0 1 1]
82 16 53 0.0708289096862259 [0 0 1 1 0 1 0 1 0 0 0 1 1 1 0 0 1 0 0 0 0 1 1 1 1 1 0 1 0 1 1]
83 16 53 0.0708289096862259 [0 0 1 1 0 1 0 1 0 0 0 1 1 1 0 0 1 0 0 0 0 1 1 1 1 1 0 1 0 1 1]
84 16 53 0.0708289096862259 [0 0 1 1 0 1 0 1 0 0 0 1 1 1 0 0 1 0 0 0 0 1 1 1 1 1 0 1 0 1 1]
85 16 53 0.0708289096862259 [0 0 1 1 0 1 0 1 0 0 0 1 1 1 0 0 1 0 0 0 0 1 1 1 1 1 0 1 0 1 1]
86 16 53 0.0708289096862259 [0 0 1 1 0 1 0 1 0 0 0 1 1 1 0 0 1 0 0 0 0 1 1 1 1 1 0 1 0 1 1]
87 16 50 0.0708289096862259 [0 0 1 1 0 1 0 1 0 0 0 1 1 1 0 0 1 0 0 0 0 1 1 1 1 1 0 1 0 1 1]
88 16 51 0.0708289096862259 [0 0 1 1 0 1 0 1 0 0 0 1 1 1 0 0 1 0 0 0 0 1 1 1 1 1 0 1 0 1 1]
89 16 51 0.0708289096862259 [0 0 1 1 0 1 0 1 0 0 0 1 1 1 0 0 1 0 0 0 0 1 1 1 1 1 0 1 0 1 1]
90 16 56 0.0708289096862259 [0 0 1 1 0 1 0 1 0 0 0 1 1 1 0 0 1 0 0 0 0 1 1 1 1 1 0 1 0 1 1]
91 16 54 0.0708289096862259 [0 0 1 1 0 1 0 1 0 0 0 1 1 1 0 0 1 0 0 0 0 1 1 1 1 1 0 1 0 1 1]
92 16 57 0.0708289096862259 [0 0 1 1 0 1 0 1 0 0 0 1 1 1 0 0 1 0 0 0 0 1 1 1 1 1 0 1 0 1 1]
93 16 53 0.0708289096862259 [0 0 1 1 0 1 0 1 0 0 0 1 1 1 0 0 1 0 0 0 0 1 1 1 1 1 0 1 0 1 1]
94 16 55 0.0708289096862259 [0 0 1 1 0 1 0 1 0 0 0 1 1 1 0 0 1 0 0 0 0 1 1 1 1 1 0 1 0 1 1]
95 16 53 0.0708289096862259 [0 0 1 1 0 1 0 1 0 0 0 1 1 1 0 0 1 0 0 0 0 1 1 1 1 1 0 1 0 1 1]
96 16 55 0.0708289096862259 [0 0 1 1 0 1 0 1 0 0 0 1 1 1 0 0 1 0 0 0 0 1 1 1 1 1 0 1 0 1 1]
97 16 55 0.0708289096862259 [0 0 1 1 0 1 0 1 0 0 0 1 1 1 0 0 1 0 0 0 0 1 1 1 1 1 0 1 0 1 1]
98 16 52 0.0708289096862259 [0 0 1 1 0 1 0 1 0 0 0 1 1 1 0 0 1 0 0 0 0 1 1 1 1 1 0 1 0 1 1]
99 16 57 0.0708289096862259 [0 0 1 1 0 1 0 1 0 0 0 1 1 1 0 0 1 0 0 0 0 1 1 1 1 1 0 1 0 1 1]
100 16 50 0.0708289096862259 [0 0 1 1 0 1 0 1 0 0 0 1 1 1 0 0 1 0 0 0 0 1 1 1 1 1 0 1 0 1 1]
101 16 54 0.0708289096862259 [0 0 1 1 0 1 0 1 0 0 0 1 1 1 0 0 1 0 0 0 0 1 1 1 1 1 0 1 0 1 1]
102 16 54 0.0708289096862259 [0 0 1 1 0 1 0 1 0 0 0 1 1 1 0 0 1 0 0 0 0 1 1 1 1 1 0 1 0 1 1]
103 16 53 0.0708289096862259 [0 0 1 1 0 1 0 1 0 0 0 1 1 1 0 0 1 0 0 0 0 1 1 1 1 1 0 1 0 1 1]
104 16 53 0.0708289096862259 [0 0 1 1 0 1 0 1 0 0 0 1 1 1 0 0 1 0 0 0 0 1 1 1 1 1 0 1 0 1 1]
105 16 53 0.0708289096862259 [0 0 1 1 0 1 0 1 0 0 0 1 1 1 0 0 1 0 0 0 0 1 1 1 1 1 0 1 0 1 1]
106 16 53 0.0708289096862259 [0 0 1 1 0 1 0 1 0 0 0 1 1 1 0 0 1 0 0 0 0 1 1 1 1 1 0 1 0 1 1]
107 16 51 0.0708289096862259 [0 0 1 1 0 1 0 1 0 0 0 1 1 1 0 0 1 0 0 0 0 1 1 1 1 1 0 1 0 1 1]
108 16 55 0.0708289096862259 [0 0 1 1 0 1 0 1 0 0 0 1 1 1 0 0 1 0 0 0 0 1 1 1 1 1 0 1 0 1 1]
109 16 58 0.0708289096862259 [0 0 1 1 0 1 0 1 0 0 0 1 1 1 0 0 1 0 0 0 0 1 1 1 1 1 0 1 0 1 1]
110 16 55 0.0708289096862259 [0 0 1 1 0 1 0 1 0 0 0 1 1 1 0 0 1 0 0 0 0 1 1 1 1 1 0 1 0 1 1]
111 16 57 0.0708289096862259 [0 0 1 1 0 1 0 1 0 0 0 1 1 1 0 0 1 0 0 0 0 1 1 1 1 1 0 1 0 1 1]
112 16 52 0.0708289096862259 [0 0 1 1 0 1 0 1 0 0 0 1 1 1 0 0 1 0 0 0 0 1 1 1 1 1 0 1 0 1 1]
113 16 52 0.0708289096862259 [0 0 1 1 0 1 0 1 0 0 0 1 1 1 0 0 1 0 0 0 0 1 1 1 1 1 0 1 0 1 1]
114 16 54 0.0708289096862259 [0 0 1 1 0 1 0 1 0 0 0 1 1 1 0 0 1 0 0 0 0 1 1 1 1 1 0 1 0 1 1]
115 16 53 0.0708289096862259 [0 0 1 1 0 1 0 1 0 0 0 1 1 1 0 0 1 0 0 0 0 1 1 1 1 1 0 1 0 1 1]
116 16 52 0.0708289096862259 [0 0 1 1 0 1 0 1 0 0 0 1 1 1 0 0 1 0 0 0 0 1 1 1 1 1 0 1 0 1 1]
117 16 49 0.0708289096862259 [0 0 1 1 0 1 0 1 0 0 0 1 1 1 0 0 1 0 0 0 0 1 1 1 1 1 0 1 0 1 1]
118 16 54 0.0708289096862259 [0 0 1 1 0 1 0 1 0 0 0 1 1 1 0 0 1 0 0 0 0 1 1 1 1 1 0 1 0 1 1]
119 16 54 0.0708289096862259 [0 0 1 1 0 1 0 1 0 0 0 1 1 1 0 0 1 0 0 0 0 1 1 1 1 1 0 1 0 1 1]
120 16 54 0.0708289096862259 [0 0 1 1 0 1 0 1 0 0 0 1 1 1 0 0 1 0 0 0 0 1 1 1 1 1 0 1 0 1 1]
121 16 53 0.0708289096862259 [0 0 1 1 0 1 0 1 0 0 0 1 1 1 0 0 1 0 0 0 0 1 1 1 1 1 0 1 0 1 1]
122 16 55 0.0708289096862259 [0 0 1 1 0 1 0 1 0 0 0 1 1 1 0 0 1 0 0 0 0 1 1 1 1 1 0 1 0 1 1]
123 16 54 0.0708289096862259 [0 0 1 1 0 1 0 1 0 0 0 1 1 1 0 0 1 0 0 0 0 1 1 1 1 1 0 1 0 1 1]
124 16 51 0.0708289096862259 [0 0 1 1 0 1 0 1 0 0 0 1 1 1 0 0 1 0 0 0 0 1 1 1 1 1 0 1 0 1 1]
125 16 53 0.0708289096862259 [0 0 1 1 0 1 0 1 0 0 0 1 1 1 0 0 1 0 0 0 0 1 1 1 1 1 0 1 0 1 1]
126 16 52 0.0708289096862259 [0 0 1 1 0 1 0 1 0 0 0 1 1 1 0 0 1 0 0 0 0 1 1 1 1 1 0 1 0 1 1]
127 16 51 0.0708289096862259 [0 0 1 1 0 1 0 1 0 0 0 1 1 1 0 0 1 0 0 0 0 1 1 1 1 1 0 1 0 1 1]
128 16 52 0.0708289096862259 [0 0 1 1 0 1 0 1 0 0 0 1 1 1 0 0 1 0 0 0 0 1 1 1 1 1 0 1 0 1 1]
129 16 53 0.0708289096862259 [0 0 1 1 0 1 0 1 0 0 0 1 1 1 0 0 1 0 0 0 0 1 1 1 1 1 0 1 0 1 1]
130 16 53 0.0708289096862259 [0 0 1 1 0 1 0 1 0 0 0 1 1 1 0 0 1 0 0 0 0 1 1 1 1 1 0 1 0 1 1]
131 16 53 0.0708289096862259 [0 0 1 1 0 1 0 1 0 0 0 1 1 1 0 0 1 0 0 0 0 1 1 1 1 1 0 1 0 1 1]
132 16 52 0.0708289096862259 [0 0 1 1 0 1 0 1 0 0 0 1 1 1 0 0 1 0 0 0 0 1 1 1 1 1 0 1 0 1 1]
133 16 54 0.0708289096862259 [0 0 1 1 0 1 0 1 0 0 0 1 1 1 0 0 1 0 0 0 0 1 1 1 1 1 0 1 0 1 1]
134 14 54 0.06406026492119232 [0 0 1 1 0 0 0 1 0 0 0 1 1 1 0 0 0 0 0 0 0 1 1 1 1 1 0 1 0 1 1]
135 14 58 0.06406026492119232 [0 0 1 1 0 0 0 1 0 0 0 1 1 1 0 0 0 0 0 0 0 1 1 1 1 1 0 1 0 1 1]
136 14 52 0.06406026492119232 [0 0 1 1 0 0 0 1 0 0 0 1 1 1 0 0 0 0 0 0 0 1 1 1 1 1 0 1 0 1 1]
137 14 52 0.06406026492119232 [0 0 1 1 0 0 0 1 0 0 0 1 1 1 0 0 0 0 0 0 0 1 1 1 1 1 0 1 0 1 1]
138 14 53 0.06406026492119232 [0 0 1 1 0 0 0 1 0 0 0 1 1 1 0 0 0 0 0 0 0 1 1 1 1 1 0 1 0 1 1]
139 14 55 0.06406026492119232 [0 0 1 1 0 0 0 1 0 0 0 1 1 1 0 0 0 0 0 0 0 1 1 1 1 1 0 1 0 1 1]
140 14 52 0.06406026492119232 [0 0 1 1 0 0 0 1 0 0 0 1 1 1 0 0 0 0 0 0 0 1 1 1 1 1 0 1 0 1 1]
141 14 52 0.06406026492119232 [0 0 1 1 0 0 0 1 0 0 0 1 1 1 0 0 0 0 0 0 0 1 1 1 1 1 0 1 0 1 1]
142 14 51 0.06406026492119232 [0 0 1 1 0 0 0 1 0 0 0 1 1 1 0 0 0 0 0 0 0 1 1 1 1 1 0 1 0 1 1]
143 14 51 0.06406026492119232 [0 0 1 1 0 0 0 1 0 0 0 1 1 1 0 0 0 0 0 0 0 1 1 1 1 1 0 1 0 1 1]
144 14 54 0.06406026492119232 [0 0 1 1 0 0 0 1 0 0 0 1 1 1 0 0 0 0 0 0 0 1 1 1 1 1 0 1 0 1 1]
145 14 54 0.06406026492119232 [0 0 1 1 0 0 0 1 0 0 0 1 1 1 0 0 0 0 0 0 0 1 1 1 1 1 0 1 0 1 1]
146 14 51 0.06406026492119232 [0 0 1 1 0 0 0 1 0 0 0 1 1 1 0 0 0 0 0 0 0 1 1 1 1 1 0 1 0 1 1]
147 14 53 0.06406026492119232 [0 0 1 1 0 0 0 1 0 0 0 1 1 1 0 0 0 0 0 0 0 1 1 1 1 1 0 1 0 1 1]
148 14 51 0.06406026492119232 [0 0 1 1 0 0 0 1 0 0 0 1 1 1 0 0 0 0 0 0 0 1 1 1 1 1 0 1 0 1 1]
149 14 51 0.06406026492119232 [0 0 1 1 0 0 0 1 0 0 0 1 1 1 0 0 0 0 0 0 0 1 1 1 1 1 0 1 0 1 1]
150 14 54 0.06406026492119232 [0 0 1 1 0 0 0 1 0 0 0 1 1 1 0 0 0 0 0 0 0 1 1 1 1 1 0 1 0 1 1]
