0 13 100 0.09040996107532273 [0 1 1 1 1 0 0 0 0 1 0 0 0 1 0 1 0 0 1 0 0 0 1 1 0 0 1 1 0 0 1]
1 13 87 0.09040996107532273 [0 1 1 1 1 0 0 0 0 1 0 0 0 1 0 1 0 0 1 0 0 0 1 1 0 0 1 1 0 0 1]
2 13 58 0.09040996107532273 [0 1 1 1 1 0 0 0 0 1 0 0 0 1 0 1 0 0 1 0 0 0 1 1 0 0 1 1 0 0 1]
3 9 55 0.08539346192157926 [0 1 0 1 1 0 0 0 0 1 0 0 0 1 0 1 0 0 0 0 0 0 1 1 0 0 0 0 0 0 1]
4 9 53 0.08539346192157926 [0 1 0 1 1 0 0 0 0 1 0 0 0 1 0 1 0 0 0 0 0 0 1 1 0 0 0 0 0 0 1]
5 9 53 0.08539346192157926 [0 1 0 1 1 0 0 0 0 1 0 0 0 1 0 1 0 0 0 0 0 0 1 1 0 0 0 0 0 0 1]
6 12 57 0.07499676025435353 [0 1 0 1 0 0 0 1 0 0 0 0 0 1 1 1 0 0 0 0 0 0 1 1 1 0 0 1 1 0 1]
7 12 53 0.07499676025435353 [0 1 0 1 0 0 0 1 0 0 0 0 0 1 1 1 0 0 0 0 0 0 1 1 1 0 0 1 1 0 1]
8 12 54 0.07499676025435353 [0 1 0 1 0 0 0 1 0 0 0 0 0 1 1 1 0 0 0 0 0 0 1 1 1 0 0 1 1 0 1]
9 12 53 0.07499676025435353 [0 1 0 1 0 0 0 1 0 0 0 0 0 1 1 1 0 0 0 0 0 0 1 1 1 0 0 1 1 0 1]
10 12 55 0.07499676025435353 [0 1 0 1 0 0 0 1 0 0 0 0 0 1 1 1 0 0 0 0 0 0 1 1 1 0 0 1 1 0 1]
11 12 50 0.07499676025435353 [0 1 0 1 0 0 0 1 0 0 0 0 0 1 1 1 0 0 0 0 0 0 1 1 1 0 0 1 1 0 1]
12 12 51 0.07499676025435353 [0 1 0 1 0 0 0 1 0 0 0 0 0 1 1 1 0 0 0 0 0 0 1 1 1 0 0 1 1 0 1]
13 12 52 0.07499676025435353 [0 1 0 1 0 0 0 1 0 0 0 0 0 1 1 1 0 0 0 0 0 0 1 1 1 0 0 1 1 0 1]
14 12 52 0.07499676025435353 [0 1 0 1 0 0 0 1 0 0 0 0 0 1 1 1 0 0 0 0 0 0 1 1 1 0 0 1 1 0 1]
15 12 51 0.07499676025435353 [0 1 0 1 0 0 0 1 0 0 0 0 0 1 1 1 0 0 0 0 0 0 1 1 1 0 0 1 1 0 1]
16 12 55 0.07499676025435353 [0 1 0 1 0 0 0 1 0 0 0 0 0 1 1 1 0 0 0 0 0 0 1 1 1 0 0 1 1 0 1]
17 12 52 0.07499676025435353 [0 1 0 1 0 0 0 1 0 0 0 0 0 1 1 1 0 0 0 0 0 0 1 1 1 0 0 1 1 0 1]
18 12 51 0.07499676025435353 [0 1 0 1 0 0 0 1 0 0 0 0 0 1 1 1 0 0 0 0 0 0 1 1 1 0 0 1 1 0 1]
19 12 52 0.07499676025435353 [0 1 0 1 0 0 0 1 0 0 0 0 0 1 1 1 0 0 0 0 0 0 1 1 1 0 0 1 1 0 1]
20 12 53 0.07499676025435353 [0 1 0 1 0 0 0 1 0 0 0 0 0 1 1 1 0 0 0 0 0 0 1 1 1 0 0 1 1 0 1]
21 12 52 0.07499676025435353 [0 1 0 1 0 0 0 1 0 0 0 0 0 1 1 1 0 0 0 0 0 0 1 1 1 0 0 1 1 0 1]
22 12 52 0.07499676025435353 [0 1 0 1 0 0 0 1 0 0 0 0 0 1 1 1 0 0 0 0 0 0 1 1 1 0 0 1 1 0 1]
23 12 54 0.07499676025435353 [0 1 0 1 0 0 0 1 0 0 0 0 0 1 1 1 0 0 0 0 0 0 1 1 1 0 0 1 1 0 1]
24 12 54 0.07499676025435353 [0 1 0 1 0 0 0 1 0 0 0 0 0 1 1 1 0 0 0 0 0 0 1 1 1 0 0 1 1 0 1]
25 12 51 0.07499676025435353 [0 1 0 1 0 0 0 1 0 0 0 0 0 1 1 1 0 0 0 0 0 0 1 1 1 0 0 1 1 0 1]
26 12 53 0.07499676025435353 [0 1 0 1 0 0 0 1 0 0 0 0 0 1 1 1 0 0 0 0 0 0 1 1 1 0 0 1 1 0 1]
27 12 54 0.07499676025435353 [0 1 0 1 0 0 0 1 0 0 0 0 0 1 1 1 0 0 0 0 0 0 1 1 1 0 0 1 1 0 1]
28 12 55 0.07499676025435353 [0 1 0 1 0 0 0 1 0 0 0 0 0 1 1 1 0 0 0 0 0 0 1 1 1 0 0 1 1 0 1]
29 12 53 0.07499676025435353 [0 1 0 1 0 0 0 1 0 0 0 0 0 1 1 1 0 0 0 0 0 0 1 1 1 0 0 1 1 0 1]
30 12 55 0.07499676025435353 [0 1 0 1 0 0 0 1 0 0 0 0 0 1 1 1 0 0 0 0 0 0 1 1 1 0 0 1 1 0 1]
31 12 56 0.07499676025435353 [0 1 0 1 0 0 0 1 0 0 0 0 0 1 1 1 0 0 0 0 0 0 1 1 1 0 0 1 1 0 1]
32 12 56 0.07499676025435353 [0 1 0 1 0 0 0 1 0 0 0 0 0 1 1 1 0 0 0 0 0 0 1 1 1 0 0 1 1 0 1]
33 12 52 0.07499676025435353 [0 1 0 1 0 0 0 1 0 0 0 0 0 1 1 1 0 0 0 0 0 0 1 1 1 0 0 1 1 0 1]
34 12 52 0.07499676025435353 [0 1 0 1 0 0 0 1 0 0 0 0 0 1 1 1 0 0 0 0 0 0 1 1 1 0 0 1 1 0 1]
35 12 55 0.07499676025435353 [0 1 0 1 0 0 0 1 0 0 0 0 0 1 1 1 0 0 0 0 0 0 1 1 1 0 0 1 1 0 1]
36 12 52 0.07499676025435353 [0 1 0 1 0 0 0 1 0 0 0 0 0 1 1 1 0 0 0 0 0 0 1 1 1 0 0 1 1 0 1]
37 12 52 0.07499676025435353 [0 1 0 1 0 0 0 1 0 0 0 0 0 1 1 1 0 0 0 0 0 0 1 1 1 0 0 1 1 0 1]
38 12 54 0.07499676025435353 [0 1 0 1 0 0 0 1 0 0 0 0 0 1 1 1 0 0 0 0 0 0 1 1 1 0 0 1 1 0 1]
39 12 52 0.07499676025435353 [0 1 0 1 0 0 0 1 0 0 0 0 0 1 1 1 0 0 0 0 0 0 1 1 1 0 0 1 1 0 1]
40 12 56 0.07499676025435353 [0 1 0 1 0 0 0 1 0 0 0 0 0 1 1 1 0 0 0 0 0 0 1 1 1 0 0 1 1 0 1]
41 12 52 0.07499676025435353 [0 1 0 1 0 0 0 1 0 0 0 0 0 1 1 1 0 0 0 0 0 0 1 1 1 0 0 1 1 0 1]
42 12 52 0.07499676025435353 [0 1 0 1 0 0 0 1 0 0 0 0 0 1 1 1 0 0 0 0 0 0 1 1 1 0 0 1 1 0 1]
43 12 53 0.07499676025435353 [0 1 0 1 0 0 0 1 0 0 0 0 0 1 1 1 0 0 0 0 0 0 1 1 1 0 0 1 1 0 1]
44 12 50 0.07499676025435353 [0 1 0 1 0 0 0 1 0 0 0 0 0 1 1 1 0 0 0 0 0 0 1 1 1 0 0 1 1 0 1]
45 12 52 0.07499676025435353 [0 1 0 1 0 0 0 1 0 0 0 0 0 1 1 1 0 0 0 0 0 0 1 1 1 0 0 1 1 0 1]
46 12 51 0.07499676025435353 [0 1 0 1 0 0 0 1 0 0 0 0 0 1 1 1 0 0 0 0 0 0 1 1 1 0 0 1 1 0 1]
47 12 51 0.07499676025435353 [0 1 0 1 0 0 0 1 0 0 0 0 0 1 1 1 0 0 0 0 0 0 1 1 1 0 0 1 1 0 1]
48 12 55 0.07499676025435353 [0 1 0 1 0 0 0 1 0 0 0 0 0 1 1 1 0 0 0 0 0 0 1 1 1 0 0 1 1 0 1]
49 12 54 0.07499676025435353 [0 1 0 1 0 0 0 1 0 0 0 0 0 1 1 1 0 0 0 0 0 0 1 1 1 0 0 1 1 0 1]
50 12 54 0.07499676025435353 [0 1 0 1 0 0 0 1 0 0 0 0 0 1 1 1 0 0 0 0 0 0 1 1 1 0 0 1 1 0 1]
51 12 54 0.07499676025435353 [0 1 0 1 0 0 0 1 0 0 0 0 0 1 1 1 0 0 0 0 0 0 1 1 1 0 0 1 1 0 1]
52 12 52 0.07499676025435353 [0 1 0 1 0 0 0 1 0 0 0 0 0 1 1 1 0 0 0 0 0 0 1 1 1 0 0 1 1 0 1]
53 12 51 0.07499676025435353 [0 1 0 1 0 0 0 1 0 0 0 0 0 1 1 1 0 0 0 0 0 0 1 1 1 0 0 1 1 0 1]
54 12 55 0.07499676025435353 [0 1 0 1 0 0 0 1 0 0 0 0 0 1 1 1 0 0 0 0 0 0 1 1 1 0 0 1 1 0 1]
55 12 53 0.07499676025435353 [0 1 0 1 0 0 0 1 0 0 0 0 0 1 1 1 0 0 0 0 0 0 1 1 1 0 0 1 1 0 1]
56 12 51 0.07499676025435353 [0 1 0 1 0 0 0 1 0 0 0 0 0 1 1 1 0 0 0 0 0 0 1 1 1 0 0 1 1 0 1]
57 12 53 0.07499676025435353 [0 1 0 1 0 0 0 1 0 0 0 0 0 1 1 1 0 0 0 0 0 0 1 1 1 0 0 1 1 0 1]
58 12 54 0.07499676025435353 [0 1 0 1 0 0 0 1 0 0 0 0 0 1 1 1 0 0 0 0 0 0 1 1 1 0 0 1 1 0 1]
59 12 54 0.07499676025435353 [0 1 0 1 0 0 0 1 0 0 0 0 0 1 1 1 0 0 0 0 0 0 1 1 1 0 0 1 1 0 1]
60 12 52 0.07499676025435353 [0 1 0 1 0 0 0 1 0 0 0 0 0 1 1 1 0 0 0 0 0 0 1 1 1 0 0 1 1 0 1]
61 12 55 0.07499676025435353 [0 1 0 1 0 0 0 1 0 0 0 0 0 1 1 1 0 0 0 0 0 0 1 1 1 0 0 1 1 0 1]
62 12 51 0.07499676025435353 [0 1 0 1 0 0 0 1 0 0 0 0 0 1 1 1 0 0 0 0 0 0 1 1 1 0 0 1 1 0 1]
63 12 54 0.07499676025435353 [0 1 0 1 0 0 0 1 0 0 0 0 0 1 1 1 0 0 0 0 0 0 1 1 1 0 0 1 1 0 1]
64 12 53 0.07499676025435353 [0 1 0 1 0 0 0 1 0 0 0 0 0 1 1 1 0 0 0 0 0 0 1 1 1 0 0 1 1 0 1]
65 13 53 0.0711421370742914 [0 1 1 1 0 0 1 1 0 1 0 1 0 0 0 0 0 0 0 0 0 0 1 1 1 1 0 1 0 0 1]
66 13 54 0.0711421370742914 [0 1 1 1 0 0 1 1 0 1 0 1 0 0 0 0 0 0 0 0 0 0 1 1 1 1 0 1 0 0 1]
67 13 49 0.0711421370742914 [0 1 1 1 0 0 1 1 0 1 0 1 0 0 0 0 0 0 0 0 0 0 1 1 1 1 0 1 0 0 1]
68 13 52 0.0711421370742914 [0 1 1 1 0 0 1 1 0 1 0 1 0 0 0 0 0 0 0 0 0 0 1 1 1 1 0 1 0 0 1]
69 13 53 0.0711421370742914 [0 1 1 1 0 0 1 1 0 1 0 1 0 0 0 0 0 0 0 0 0 0 1 1 1 1 0 1 0 0 1]
70 13 51 0.0711421370742914 [0 1 1 1 0 0 1 1 0 1 0 1 0 0 0 0 0 0 0 0 0 0 1 1 1 1 0 1 0 0 1]
71 13 56 0.0711421370742914 [0 1 1 1 0 0 1 1 0 1 0 1 0 0 0 0 0 0 0 0 0 0 1 1 1 1 0 1 0 0 1]
72 13 53 0.0711421370742914 [0 1 1 1 0 0 1 1 0 1 0 1 0 0 0 0 0 0 0 0 0 0 1 1 1 1 0 1 0 0 1]
73 13 54 0.0711421370742914 [0 1 1 1 0 0 1 1 0 1 0 1 0 0 0 0 0 0 0 0 0 0 1 1 1 1 0 1 0 0 1]
74 13 52 0.0711421370742914 [0 1 1 1 0 0 1 1 0 1 0 1 0 0 0 0 0 0 0 0 0 0 1 1 1 1 0 1 0 0 1]
75 13 52 0.0711421370742914 [0 1 1 1 0 0 1 1 0 1 0 1 0 0 0 0 0 0 0 0 0 0 1 1 1 1 0 1 0 0 1]
76 13 52 0.0711421370742914 [0 1 1 1 0 0 1 1 0 1 0 1 0 0 0 0 0 0 0 0 0 0 1 1 1 1 0 1 0 0 1]
77 13 53 0.0711421370742914 [0 1 1 1 0 0 1 1 0 1 0 1 0 0 0 0 0 0 0 0 0 0 1 1 1 1 0 1 0 0 1]
78 13 51 0.0711421370742914 [0 1 1 1 0 0 1 1 0 1 0 1 0 0 0 0 0 0 0 0 0 0 1 1 1 1 0 1 0 0 1]
79 13 52 0.0711421370742914 [0 1 1 1 0 0 1 1 0 1 0 1 0 0 0 0 0 0 0 0 0 0 1 1 1 1 0 1 0 0 1]
80 13 57 0.0711421370742914 [0 1 1 1 0 0 1 1 0 1 0 1 0 0 0 0 0 0 0 0 0 0 1 1 1 1 0 1 0 0 1]
81 13 54 0.0711421370742914 [0 1 1 1 0 0 1 1 0 1 0 1 0 0 0 0 0 0 0 0 0 0 1 1 1 1 0 1 0 0 1]
82 13 52 0.0711421370742914 [0 1 1 1 0 0 1 1 0 1 0 1 0 0 0 0 0 0 0 0 0 0 1 1 1 1 0 1 0 0 1]
83 13 54 0.0711421370742914 [0 1 1 1 0 0 1 1 0 1 0 1 0 0 0 0 0 0 0 0 0 0 1 1 1 1 0 1 0 0 1]
84 13 50 0.0711421370742914 [0 1 1 1 0 0 1 1 0 1 0 1 0 0 0 0 0 0 0 0 0 0 1 1 1 1 0 1 0 0 1]
85 13 52 0.0711421370742914 [0 1 1 1 0 0 1 1 0 1 0 1 0 0 0 0 0 0 0 0 0 0 1 1 1 1 0 1 0 0 1]
86 13 53 0.0711421370742914 [0 1 1 1 0 0 1 1 0 1 0 1 0 0 0 0 0 0 0 0 0 0 1 1 1 1 0 1 0 0 1]
87 13 55 0.0711421370742914 [0 1 1 1 0 0 1 1 0 1 0 1 0 0 0 0 0 0 0 0 0 0 1 1 1 1 0 1 0 0 1]
88 13 51 0.0711421370742914 [0 1 1 1 0 0 1 1 0 1 0 1 0 0 0 0 0 0 0 0 0 0 1 1 1 1 0 1 0 0 1]
89 13 51 0.0711421370742914 [0 1 1 1 0 0 1 1 0 1 0 1 0 0 0 0 0 0 0 0 0 0 1 1 1 1 0 1 0 0 1]
90 13 55 0.0711421370742914 [0 1 1 1 0 0 1 1 0 1 0 1 0 0 0 0 0 0 0 0 0 0 1 1 1 1 0 1 0 0 1]
91 13 51 0.0711421370742914 [0 1 1 1 0 0 1 1 0 1 0 1 0 0 0 0 0 0 0 0 0 0 1 1 1 1 0 1 0 0 1]
92 13 57 0.0711421370742914 [0 1 1 1 0 0 1 1 0 1 0 1 0 0 0 0 0 0 0 0 0 0 1 1 1 1 0 1 0 0 1]
93 13 53 0.0711421370742914 [0 1 1 1 0 0 1 1 0 1 0 1 0 0 0 0 0 0 0 0 0 0 1 1 1 1 0 1 0 0 1]
94 13 50 0.0711421370742914 [0 1 1 1 0 0 1 1 0 1 0 1 0 0 0 0 0 0 0 0 0 0 1 1 1 1 0 1 0 0 1]
95 13 54 0.0711421370742914 [0 1 1 1 0 0 1 1 0 1 0 1 0 0 0 0 0 0 0 0 0 0 1 1 1 1 0 1 0 0 1]
96 13 53 0.0711421370742914 [0 1 1 1 0 0 1 1 0 1 0 1 0 0 0 0 0 0 0 0 0 0 1 1 1 1 0 1 0 0 1]
97 13 52 0.0711421370742914 [0 1 1 1 0 0 1 1 0 1 0 1 0 0 0 0 0 0 0 0 0 0 1 1 1 1 0 1 0 0 1]
98 13 52 0.0711421370742914 [0 1 1 1 0 0 1 1 0 1 0 1 0 0 0 0 0 0 0 0 0 0 1 1 1 1 0 1 0 0 1]
99 13 54 0.0711421370742914 [0 1 1 1 0 0 1 1 0 1 0 1 0 0 0 0 0 0 0 0 0 0 1 1 1 1 0 1 0 0 1]
100 13 52 0.0711421370742914 [0 1 1 1 0 0 1 1 0 1 0 1 0 0 0 0 0 0 0 0 0 0 1 1 1 1 0 1 0 0 1]
101 13 52 0.0711421370742914 [0 1 1 1 0 0 1 1 0 1 0 1 0 0 0 0 0 0 0 0 0 0 1 1 1 1 0 1 0 0 1]
102 13 52 0.0711421370742914 [0 1 1 1 0 0 1 1 0 1 0 1 0 0 0 0 0 0 0 0 0 0 1 1 1 1 0 1 0 0 1]
103 13 52 0.0711421370742914 [0 1 1 1 0 0 1 1 0 1 0 1 0 0 0 0 0 0 0 0 0 0 1 1 1 1 0 1 0 0 1]
104 13 51 0.0711421370742914 [0 1 1 1 0 0 1 1 0 1 0 1 0 0 0 0 0 0 0 0 0 0 1 1 1 1 0 1 0 0 1]
105 13 55 0.0711421370742914 [0 1 1 1 0 0 1 1 0 1 0 1 0 0 0 0 0 0 0 0 0 0 1 1 1 1 0 1 0 0 1]
106 13 56 0.0711421370742914 [0 1 1 1 0 0 1 1 0 1 0 1 0 0 0 0 0 0 0 0 0 0 1 1 1 1 0 1 0 0 1]
107 13 51 0.0711421370742914 [0 1 1 1 0 0 1 1 0 1 0 1 0 0 0 0 0 0 0 0 0 0 1 1 1 1 0 1 0 0 1]
108 13 53 0.0711421370742914 [0 1 1 1 0 0 1 1 0 1 0 1 0 0 0 0 0 0 0 0 0 0 1 1 1 1 0 1 0 0 1]
109 13 52 0.0711421370742914 [0 1 1 1 0 0 1 1 0 1 0 1 0 0 0 0 0 0 0 0 0 0 1 1 1 1 0 1 0 0 1]
110 13 53 0.0711421370742914 [0 1 1 1 0 0 1 1 0 1 0 1 0 0 0 0 0 0 0 0 0 0 1 1 1 1 0 1 0 0 1]
111 13 51 0.0711421370742914 [0 1 1 1 0 0 1 1 0 1 0 1 0 0 0 0 0 0 0 0 0 0 1 1 1 1 0 1 0 0 1]
112 13 55 0.0711421370742914 [0 1 1 1 0 0 1 1 0 1 0 1 0 0 0 0 0 0 0 0 0 0 1 1 1 1 0 1 0 0 1]
113 13 54 0.0711421370742914 [0 1 1 1 0 0 1 1 0 1 0 1 0 0 0 0 0 0 0 0 0 0 1 1 1 1 0 1 0 0 1]
114 13 53 0.0711421370742914 [0 1 1 1 0 0 1 1 0 1 0 1 0 0 0 0 0 0 0 0 0 0 1 1 1 1 0 1 0 0 1]
115 13 50 0.0711421370742914 [0 1 1 1 0 0 1 1 0 1 0 1 0 0 0 0 0 0 0 0 0 0 1 1 1 1 0 1 0 0 1]
116 13 53 0.0711421370742914 [0 1 1 1 0 0 1 1 0 1 0 1 0 0 0 0 0 0 0 0 0 0 1 1 1 1 0 1 0 0 1]
117 13 55 0.0711421370742914 [0 1 1 1 0 0 1 1 0 1 0 1 0 0 0 0 0 0 0 0 0 0 1 1 1 1 0 1 0 0 1]
118 13 52 0.0711421370742914 [0 1 1 1 0 0 1 1 0 1 0 1 0 0 0 0 0 0 0 0 0 0 1 1 1 1 0 1 0 0 1]
119 13 53 0.0711421370742914 [0 1 1 1 0 0 1 1 0 1 0 1 0 0 0 0 0 0 0 0 0 0 1 1 1 1 0 1 0 0 1]
120 13 54 0.0711421370742914 [0 1 1 1 0 0 1 1 0 1 0 1 0 0 0 0 0 0 0 0 0 0 1 1 1 1 0 1 0 0 1]
121 13 50 0.0711421370742914 [0 1 1 1 0 0 1 1 0 1 0 1 0 0 0 0 0 0 0 0 0 0 1 1 1 1 0 1 0 0 1]
122 13 51 0.0711421370742914 [0 1 1 1 0 0 1 1 0 1 0 1 0 0 0 0 0 0 0 0 0 0 1 1 1 1 0 1 0 0 1]
123 13 50 0.0711421370742914 [0 1 1 1 0 0 1 1 0 1 0 1 0 0 0 0 0 0 0 0 0 0 1 1 1 1 0 1 0 0 1]
124 13 55 0.0711421370742914 [0 1 1 1 0 0 1 1 0 1 0 1 0 0 0 0 0 0 0 0 0 0 1 1 1 1 0 1 0 0 1]
125 13 53 0.0711421370742914 [0 1 1 1 0 0 1 1 0 1 0 1 0 0 0 0 0 0 0 0 0 0 1 1 1 1 0 1 0 0 1]
126 13 54 0.0711421370742914 [0 1 1 1 0 0 1 1 0 1 0 1 0 0 0 0 0 0 0 0 0 0 1 1 1 1 0 1 0 0 1]
127 13 52 0.0711421370742914 [0 1 1 1 0 0 1 1 0 1 0 1 0 0 0 0 0 0 0 0 0 0 1 1 1 1 0 1 0 0 1]
128 13 55 0.0711421370742914 [0 1 1 1 0 0 1 1 0 1 0 1 0 0 0 0 0 0 0 0 0 0 1 1 1 1 0 1 0 0 1]
129 13 52 0.0711421370742914 [0 1 1 1 0 0 1 1 0 1 0 1 0 0 0 0 0 0 0 0 0 0 1 1 1 1 0 1 0 0 1]
130 13 52 0.0711421370742914 [0 1 1 1 0 0 1 1 0 1 0 1 0 0 0 0 0 0 0 0 0 0 1 1 1 1 0 1 0 0 1]
131 13 51 0.0711421370742914 [0 1 1 1 0 0 1 1 0 1 0 1 0 0 0 0 0 0 0 0 0 0 1 1 1 1 0 1 0 0 1]
132 13 50 0.0711421370742914 [0 1 1 1 0 0 1 1 0 1 0 1 0 0 0 0 0 0 0 0 0 0 1 1 1 1 0 1 0 0 1]
133 13 53 0.0711421370742914 [0 1 1 1 0 0 1 1 0 1 0 1 0 0 0 0 0 0 0 0 0 0 1 1 1 1 0 1 0 0 1]
134 13 52 0.0711421370742914 [0 1 1 1 0 0 1 1 0 1 0 1 0 0 0 0 0 0 0 0 0 0 1 1 1 1 0 1 0 0 1]
135 13 53 0.0711421370742914 [0 1 1 1 0 0 1 1 0 1 0 1 0 0 0 0 0 0 0 0 0 0 1 1 1 1 0 1 0 0 1]
136 13 52 0.0711421370742914 [0 1 1 1 0 0 1 1 0 1 0 1 0 0 0 0 0 0 0 0 0 0 1 1 1 1 0 1 0 0 1]
137 13 50 0.0711421370742914 [0 1 1 1 0 0 1 1 0 1 0 1 0 0 0 0 0 0 0 0 0 0 1 1 1 1 0 1 0 0 1]
138 13 56 0.0711421370742914 [0 1 1 1 0 0 1 1 0 1 0 1 0 0 0 0 0 0 0 0 0 0 1 1 1 1 0 1 0 0 1]
139 13 54 0.0711421370742914 [0 1 1 1 0 0 1 1 0 1 0 1 0 0 0 0 0 0 0 0 0 0 1 1 1 1 0 1 0 0 1]
140 13 52 0.0711421370742914 [0 1 1 1 0 0 1 1 0 1 0 1 0 0 0 0 0 0 0 0 0 0 1 1 1 1 0 1 0 0 1]
141 13 52 0.0711421370742914 [0 1 1 1 0 0 1 1 0 1 0 1 0 0 0 0 0 0 0 0 0 0 1 1 1 1 0 1 0 0 1]
142 13 53 0.0711421370742914 [0 1 1 1 0 0 1 1 0 1 0 1 0 0 0 0 0 0 0 0 0 0 1 1 1 1 0 1 0 0 1]
143 13 51 0.0711421370742914 [0 1 1 1 0 0 1 1 0 1 0 1 0 0 0 0 0 0 0 0 0 0 1 1 1 1 0 1 0 0 1]
144 13 52 0.0711421370742914 [0 1 1 1 0 0 1 1 0 1 0 1 0 0 0 0 0 0 0 0 0 0 1 1 1 1 0 1 0 0 1]
145 13 55 0.0711421370742914 [0 1 1 1 0 0 1 1 0 1 0 1 0 0 0 0 0 0 0 0 0 0 1 1 1 1 0 1 0 0 1]
146 13 53 0.0711421370742914 [0 1 1 1 0 0 1 1 0 1 0 1 0 0 0 0 0 0 0 0 0 0 1 1 1 1 0 1 0 0 1]
147 13 54 0.0711421370742914 [0 1 1 1 0 0 1 1 0 1 0 1 0 0 0 0 0 0 0 0 0 0 1 1 1 1 0 1 0 0 1]
148 13 54 0.0711421370742914 [0 1 1 1 0 0 1 1 0 1 0 1 0 0 0 0 0 0 0 0 0 0 1 1 1 1 0 1 0 0 1]
149 13 54 0.0711421370742914 [0 1 1 1 0 0 1 1 0 1 0 1 0 0 0 0 0 0 0 0 0 0 1 1 1 1 0 1 0 0 1]
150 13 56 0.0711421370742914 [0 1 1 1 0 0 1 1 0 1 0 1 0 0 0 0 0 0 0 0 0 0 1 1 1 1 0 1 0 0 1]
