0 17 100 0.09374313940724466 [0 0 1 0 1 1 0 0 0 1 0 0 1 1 0 0 1 0 1 0 0 1 1 1 1 0 1 1 1 1 1]
1 17 91 0.09374313940724466 [0 0 1 0 1 1 0 0 0 1 0 0 1 1 0 0 1 0 1 0 0 1 1 1 1 0 1 1 1 1 1]
2 17 59 0.09374313940724466 [0 0 1 0 1 1 0 0 0 1 0 0 1 1 0 0 1 0 1 0 0 1 1 1 1 0 1 1 1 1 1]
3 17 53 0.08208682303542003 [0 1 1 0 1 1 1 0 1 0 0 0 1 1 1 0 0 0 0 0 1 0 1 1 1 0 1 1 0 1 1]
4 17 50 0.08208682303542003 [0 1 1 0 1 1 1 0 1 0 0 0 1 1 1 0 0 0 0 0 1 0 1 1 1 0 1 1 0 1 1]
5 17 50 0.08208682303542003 [0 1 1 0 1 1 1 0 1 0 0 0 1 1 1 0 0 0 0 0 1 0 1 1 1 0 1 1 0 1 1]
6 17 53 0.08208682303542003 [0 1 1 0 1 1 1 0 1 0 0 0 1 1 1 0 0 0 0 0 1 0 1 1 1 0 1 1 0 1 1]
7 17 51 0.08208682303542003 [0 1 1 0 1 1 1 0 1 0 0 0 1 1 1 0 0 0 0 0 1 0 1 1 1 0 1 1 0 1 1]
8 17 51 0.08208682303542003 [0 1 1 0 1 1 1 0 1 0 0 0 1 1 1 0 0 0 0 0 1 0 1 1 1 0 1 1 0 1 1]
9 17 51 0.08208682303542003 [0 1 1 0 1 1 1 0 1 0 0 0 1 1 1 0 0 0 0 0 1 0 1 1 1 0 1 1 0 1 1]
10 17 50 0.08208682303542003 [0 1 1 0 1 1 1 0 1 0 0 0 1 1 1 0 0 0 0 0 1 0 1 1 1 0 1 1 0 1 1]
11 17 55 0.08208682303542003 [0 1 1 0 1 1 1 0 1 0 0 0 1 1 1 0 0 0 0 0 1 0 1 1 1 0 1 1 0 1 1]
12 17 54 0.08208682303542003 [0 1 1 0 1 1 1 0 1 0 0 0 1 1 1 0 0 0 0 0 1 0 1 1 1 0 1 1 0 1 1]
13 17 51 0.08208682303542003 [0 1 1 0 1 1 1 0 1 0 0 0 1 1 1 0 0 0 0 0 1 0 1 1 1 0 1 1 0 1 1]
14 17 52 0.08208682303542003 [0 1 1 0 1 1 1 0 1 0 0 0 1 1 1 0 0 0 0 0 1 0 1 1 1 0 1 1 0 1 1]
15 17 50 0.08208682303542003 [0 1 1 0 1 1 1 0 1 0 0 0 1 1 1 0 0 0 0 0 1 0 1 1 1 0 1 1 0 1 1]
16 17 58 0.08208682303542003 [0 1 1 0 1 1 1 0 1 0 0 0 1 1 1 0 0 0 0 0 1 0 1 1 1 0 1 1 0 1 1]
17 17 53 0.08208682303542003 [0 1 1 0 1 1 1 0 1 0 0 0 1 1 1 0 0 0 0 0 1 0 1 1 1 0 1 1 0 1 1]
18 17 53 0.08208682303542003 [0 1 1 0 1 1 1 0 1 0 0 0 1 1 1 0 0 0 0 0 1 0 1 1 1 0 1 1 0 1 1]
19 13 53 0.08167499594060657 [0 0 1 0 0 1 0 0 0 1 0 0 1 1 0 0 0 0 1 0 0 1 1 1 1 0 0 1 0 1 1]
20 13 53 0.08167499594060657 [0 0 1 0 0 1 0 0 0 1 0 0 1 1 0 0 0 0 1 0 0 1 1 1 1 0 0 1 0 1 1]
21 13 51 0.08167499594060657 [0 0 1 0 0 1 0 0 0 1 0 0 1 1 0 0 0 0 1 0 0 1 1 1 1 0 0 1 0 1 1]
22 13 52 0.08167499594060657 [0 0 1 0 0 1 0 0 0 1 0 0 1 1 0 0 0 0 1 0 0 1 1 1 1 0 0 1 0 1 1]
23 13 55 0.08167499594060657 [0 0 1 0 0 1 0 0 0 1 0 0 1 1 0 0 0 0 1 0 0 1 1 1 1 0 0 1 0 1 1]
24 13 53 0.08167499594060657 [0 0 1 0 0 1 0 0 0 1 0 0 1 1 0 0 0 0 1 0 0 1 1 1 1 0 0 1 0 1 1]
25 13 51 0.08167499594060657 [0 0 1 0 0 1 0 0 0 1 0 0 1 1 0 0 0 0 1 0 0 1 1 1 1 0 0 1 0 1 1]
26 14 54 0.0799365697192489 [0 0 1 1 1 0 1 0 0 0 0 1 1 1 0 0 0 1 0 0 0 1 1 1 1 0 0 1 0 0 1]
27 14 52 0.0799365697192489 [0 0 1 1 1 0 1 0 0 0 0 1 1 1 0 0 0 1 0 0 0 1 1 1 1 0 0 1 0 0 1]
28 14 51 0.0799365697192489 [0 0 1 1 1 0 1 0 0 0 0 1 1 1 0 0 0 1 0 0 0 1 1 1 1 0 0 1 0 0 1]
29 14 52 0.0799365697192489 [0 0 1 1 1 0 1 0 0 0 0 1 1 1 0 0 0 1 0 0 0 1 1 1 1 0 0 1 0 0 1]
30 14 55 0.0799365697192489 [0 0 1 1 1 0 1 0 0 0 0 1 1 1 0 0 0 1 0 0 0 1 1 1 1 0 0 1 0 0 1]
31 14 51 0.0799365697192489 [0 0 1 1 1 0 1 0 0 0 0 1 1 1 0 0 0 1 0 0 0 1 1 1 1 0 0 1 0 0 1]
32 14 53 0.0799365697192489 [0 0 1 1 1 0 1 0 0 0 0 1 1 1 0 0 0 1 0 0 0 1 1 1 1 0 0 1 0 0 1]
33 14 51 0.0799365697192489 [0 0 1 1 1 0 1 0 0 0 0 1 1 1 0 0 0 1 0 0 0 1 1 1 1 0 0 1 0 0 1]
34 14 50 0.0799365697192489 [0 0 1 1 1 0 1 0 0 0 0 1 1 1 0 0 0 1 0 0 0 1 1 1 1 0 0 1 0 0 1]
35 14 54 0.0799365697192489 [0 0 1 1 1 0 1 0 0 0 0 1 1 1 0 0 0 1 0 0 0 1 1 1 1 0 0 1 0 0 1]
36 14 51 0.0799365697192489 [0 0 1 1 1 0 1 0 0 0 0 1 1 1 0 0 0 1 0 0 0 1 1 1 1 0 0 1 0 0 1]
37 15 51 0.07750771483629282 [0 0 1 1 1 0 0 1 1 0 0 1 0 1 1 1 0 0 0 0 0 1 1 1 1 0 0 1 0 0 1]
38 15 52 0.07750771483629282 [0 0 1 1 1 0 0 1 1 0 0 1 0 1 1 1 0 0 0 0 0 1 1 1 1 0 0 1 0 0 1]
39 15 54 0.07750771483629282 [0 0 1 1 1 0 0 1 1 0 0 1 0 1 1 1 0 0 0 0 0 1 1 1 1 0 0 1 0 0 1]
40 15 52 0.07750771483629282 [0 0 1 1 1 0 0 1 1 0 0 1 0 1 1 1 0 0 0 0 0 1 1 1 1 0 0 1 0 0 1]
41 15 55 0.07750771483629282 [0 0 1 1 1 0 0 1 1 0 0 1 0 1 1 1 0 0 0 0 0 1 1 1 1 0 0 1 0 0 1]
42 15 54 0.07750771483629282 [0 0 1 1 1 0 0 1 1 0 0 1 0 1 1 1 0 0 0 0 0 1 1 1 1 0 0 1 0 0 1]
43 15 51 0.07750771483629282 [0 0 1 1 1 0 0 1 1 0 0 1 0 1 1 1 0 0 0 0 0 1 1 1 1 0 0 1 0 0 1]
44 15 54 0.07750771483629282 [0 0 1 1 1 0 0 1 1 0 0 1 0 1 1 1 0 0 0 0 0 1 1 1 1 0 0 1 0 0 1]
45 15 53 0.07750771483629282 [0 0 1 1 1 0 0 1 1 0 0 1 0 1 1 1 0 0 0 0 0 1 1 1 1 0 0 1 0 0 1]
46 15 55 0.07750771483629282 [0 0 1 1 1 0 0 1 1 0 0 1 0 1 1 1 0 0 0 0 0 1 1 1 1 0 0 1 0 0 1]
47 15 55 0.07750771483629282 [0 0 1 1 1 0 0 1 1 0 0 1 0 1 1 1 0 0 0 0 0 1 1 1 1 0 0 1 0 0 1]
48 15 54 0.07750771483629282 [0 0 1 1 1 0 0 1 1 0 0 1 0 1 1 1 0 0 0 0 0 1 1 1 1 0 0 1 0 0 1]
49 15 51 0.07750771483629282 [0 0 1 1 1 0 0 1 1 0 0 1 0 1 1 1 0 0 0 0 0 1 1 1 1 0 0 1 0 0 1]
50 15 53 0.07750771483629282 [0 0 1 1 1 0 0 1 1 0 0 1 0 1 1 1 0 0 0 0 0 1 1 1 1 0 0 1 0 0 1]
51 15 54 0.07750771483629282 [0 0 1 1 1 0 0 1 1 0 0 1 0 1 1 1 0 0 0 0 0 1 1 1 1 0 0 1 0 0 1]
52 15 53 0.07750771483629282 [0 0 1 1 1 0 0 1 1 0 0 1 0 1 1 1 0 0 0 0 0 1 1 1 1 0 0 1 0 0 1]
53 15 52 0.07750771483629282 [0 0 1 1 1 0 0 1 1 0 0 1 0 1 1 1 0 0 0 0 0 1 1 1 1 0 0 1 0 0 1]
54 15 53 0.07750771483629282 [0 0 1 1 1 0 0 1 1 0 0 1 0 1 1 1 0 0 0 0 0 1 1 1 1 0 0 1 0 0 1]
55 15 52 0.07750771483629282 [0 0 1 1 1 0 0 1 1 0 0 1 0 1 1 1 0 0 0 0 0 1 1 1 1 0 0 1 0 0 1]
56 15 53 0.07750771483629282 [0 0 1 1 1 0 0 1 1 0 0 1 0 1 1 1 0 0 0 0 0 1 1 1 1 0 0 1 0 0 1]
57 15 55 0.07750771483629282 [0 0 1 1 1 0 0 1 1 0 0 1 0 1 1 1 0 0 0 0 0 1 1 1 1 0 0 1 0 0 1]
58 15 55 0.07750771483629282 [0 0 1 1 1 0 0 1 1 0 0 1 0 1 1 1 0 0 0 0 0 1 1 1 1 0 0 1 0 0 1]
59 15 51 0.07750771483629282 [0 0 1 1 1 0 0 1 1 0 0 1 0 1 1 1 0 0 0 0 0 1 1 1 1 0 0 1 0 0 1]
60 15 55 0.07750771483629282 [0 0 1 1 1 0 0 1 1 0 0 1 0 1 1 1 0 0 0 0 0 1 1 1 1 0 0 1 0 0 1]
61 15 53 0.07750771483629282 [0 0 1 1 1 0 0 1 1 0 0 1 0 1 1 1 0 0 0 0 0 1 1 1 1 0 0 1 0 0 1]
62 15 52 0.07750771483629282 [0 0 1 1 1 0 0 1 1 0 0 1 0 1 1 1 0 0 0 0 0 1 1 1 1 0 0 1 0 0 1]
63 15 55 0.07750771483629282 [0 0 1 1 1 0 0 1 1 0 0 1 0 1 1 1 0 0 0 0 0 1 1 1 1 0 0 1 0 0 1]
64 15 52 0.07750771483629282 [0 0 1 1 1 0 0 1 1 0 0 1 0 1 1 1 0 0 0 0 0 1 1 1 1 0 0 1 0 0 1]
65 15 55 0.07750771483629282 [0 0 1 1 1 0 0 1 1 0 0 1 0 1 1 1 0 0 0 0 0 1 1 1 1 0 0 1 0 0 1]
66 15 54 0.07750771483629282 [0 0 1 1 1 0 0 1 1 0 0 1 0 1 1 1 0 0 0 0 0 1 1 1 1 0 0 1 0 0 1]
67 15 53 0.07750771483629282 [0 0 1 1 1 0 0 1 1 0 0 1 0 1 1 1 0 0 0 0 0 1 1 1 1 0 0 1 0 0 1]
68 15 51 0.07750771483629282 [0 0 1 1 1 0 0 1 1 0 0 1 0 1 1 1 0 0 0 0 0 1 1 1 1 0 0 1 0 0 1]
69 15 53 0.07750771483629282 [0 0 1 1 1 0 0 1 1 0 0 1 0 1 1 1 0 0 0 0 0 1 1 1 1 0 0 1 0 0 1]
70 15 52 0.07750771483629282 [0 0 1 1 1 0 0 1 1 0 0 1 0 1 1 1 0 0 0 0 0 1 1 1 1 0 0 1 0 0 1]
71 15 51 0.07750771483629282 [0 0 1 1 1 0 0 1 1 0 0 1 0 1 1 1 0 0 0 0 0 1 1 1 1 0 0 1 0 0 1]
72 9 52 0.07377151743739163 [0 0 1 1 0 0 0 0 0 0 0 0 1 1 0 1 0 0 0 0 0 1 1 0 1 0 0 0 0 0 1]
73 9 51 0.07377151743739163 [0 0 1 1 0 0 0 0 0 0 0 0 1 1 0 1 0 0 0 0 0 1 1 0 1 0 0 0 0 0 1]
74 9 52 0.07377151743739163 [0 0 1 1 0 0 0 0 0 0 0 0 1 1 0 1 0 0 0 0 0 1 1 0 1 0 0 0 0 0 1]
75 9 56 0.07377151743739163 [0 0 1 1 0 0 0 0 0 0 0 0 1 1 0 1 0 0 0 0 0 1 1 0 1 0 0 0 0 0 1]
76 9 52 0.07377151743739163 [0 0 1 1 0 0 0 0 0 0 0 0 1 1 0 1 0 0 0 0 0 1 1 0 1 0 0 0 0 0 1]
77 9 52 0.07377151743739163 [0 0 1 1 0 0 0 0 0 0 0 0 1 1 0 1 0 0 0 0 0 1 1 0 1 0 0 0 0 0 1]
78 9 53 0.07377151743739163 [0 0 1 1 0 0 0 0 0 0 0 0 1 1 0 1 0 0 0 0 0 1 1 0 1 0 0 0 0 0 1]
79 9 50 0.07377151743739163 [0 0 1 1 0 0 0 0 0 0 0 0 1 1 0 1 0 0 0 0 0 1 1 0 1 0 0 0 0 0 1]
80 9 54 0.07377151743739163 [0 0 1 1 0 0 0 0 0 0 0 0 1 1 0 1 0 0 0 0 0 1 1 0 1 0 0 0 0 0 1]
81 9 55 0.07377151743739163 [0 0 1 1 0 0 0 0 0 0 0 0 1 1 0 1 0 0 0 0 0 1 1 0 1 0 0 0 0 0 1]
82 9 54 0.07377151743739163 [0 0 1 1 0 0 0 0 0 0 0 0 1 1 0 1 0 0 0 0 0 1 1 0 1 0 0 0 0 0 1]
83 9 50 0.07377151743739163 [0 0 1 1 0 0 0 0 0 0 0 0 1 1 0 1 0 0 0 0 0 1 1 0 1 0 0 0 0 0 1]
84 9 55 0.07377151743739163 [0 0 1 1 0 0 0 0 0 0 0 0 1 1 0 1 0 0 0 0 0 1 1 0 1 0 0 0 0 0 1]
85 9 51 0.07377151743739163 [0 0 1 1 0 0 0 0 0 0 0 0 1 1 0 1 0 0 0 0 0 1 1 0 1 0 0 0 0 0 1]
86 9 52 0.07377151743739163 [0 0 1 1 0 0 0 0 0 0 0 0 1 1 0 1 0 0 0 0 0 1 1 0 1 0 0 0 0 0 1]
87 9 52 0.07377151743739163 [0 0 1 1 0 0 0 0 0 0 0 0 1 1 0 1 0 0 0 0 0 1 1 0 1 0 0 0 0 0 1]
88 9 52 0.07377151743739163 [0 0 1 1 0 0 0 0 0 0 0 0 1 1 0 1 0 0 0 0 0 1 1 0 1 0 0 0 0 0 1]
89 9 54 0.07377151743739163 [0 0 1 1 0 0 0 0 0 0 0 0 1 1 0 1 0 0 0 0 0 1 1 0 1 0 0 0 0 0 1]
90 9 51 0.07377151743739163 [0 0 1 1 0 0 0 0 0 0 0 0 1 1 0 1 0 0 0 0 0 1 1 0 1 0 0 0 0 0 1]
91 9 52 0.07377151743739163 [0 0 1 1 0 0 0 0 0 0 0 0 1 1 0 1 0 0 0 0 0 1 1 0 1 0 0 0 0 0 1]
92 9 51 0.07377151743739163 [0 0 1 1 0 0 0 0 0 0 0 0 1 1 0 1 0 0 0 0 0 1 1 0 1 0 0 0 0 0 1]
93 9 52 0.07377151743739163 [0 0 1 1 0 0 0 0 0 0 0 0 1 1 0 1 0 0 0 0 0 1 1 0 1 0 0 0 0 0 1]
94 9 53 0.07377151743739163 [0 0 1 1 0 0 0 0 0 0 0 0 1 1 0 1 0 0 0 0 0 1 1 0 1 0 0 0 0 0 1]
95 9 51 0.07377151743739163 [0 0 1 1 0 0 0 0 0 0 0 0 1 1 0 1 0 0 0 0 0 1 1 0 1 0 0 0 0 0 1]
96 9 51 0.07377151743739163 [0 0 1 1 0 0 0 0 0 0 0 0 1 1 0 1 0 0 0 0 0 1 1 0 1 0 0 0 0 0 1]
97 9 57 0.07377151743739163 [0 0 1 1 0 0 0 0 0 0 0 0 1 1 0 1 0 0 0 0 0 1 1 0 1 0 0 0 0 0 1]
98 9 55 0.07377151743739163 [0 0 1 1 0 0 0 0 0 0 0 0 1 1 0 1 0 0 0 0 0 1 1 0 1 0 0 0 0 0 1]
99 9 56 0.07377151743739163 [0 0 1 1 0 0 0 0 0 0 0 0 1 1 0 1 0 0 0 0 0 1 1 0 1 0 0 0 0 0 1]
100 9 54 0.07377151743739163 [0 0 1 1 0 0 0 0 0 0 0 0 1 1 0 1 0 0 0 0 0 1 1 0 1 0 0 0 0 0 1]
101 9 52 0.07377151743739163 [0 0 1 1 0 0 0 0 0 0 0 0 1 1 0 1 0 0 0 0 0 1 1 0 1 0 0 0 0 0 1]
102 9 52 0.07377151743739163 [0 0 1 1 0 0 0 0 0 0 0 0 1 1 0 1 0 0 0 0 0 1 1 0 1 0 0 0 0 0 1]
103 9 52 0.07377151743739163 [0 0 1 1 0 0 0 0 0 0 0 0 1 1 0 1 0 0 0 0 0 1 1 0 1 0 0 0 0 0 1]
104 9 50 0.07377151743739163 [0 0 1 1 0 0 0 0 0 0 0 0 1 1 0 1 0 0 0 0 0 1 1 0 1 0 0 0 0 0 1]
105 9 52 0.07377151743739163 [0 0 1 1 0 0 0 0 0 0 0 0 1 1 0 1 0 0 0 0 0 1 1 0 1 0 0 0 0 0 1]
106 9 51 0.07377151743739163 [0 0 1 1 0 0 0 0 0 0 0 0 1 1 0 1 0 0 0 0 0 1 1 0 1 0 0 0 0 0 1]
107 9 52 0.07377151743739163 [0 0 1 1 0 0 0 0 0 0 0 0 1 1 0 1 0 0 0 0 0 1 1 0 1 0 0 0 0 0 1]
108 9 52 0.07377151743739163 [0 0 1 1 0 0 0 0 0 0 0 0 1 1 0 1 0 0 0 0 0 1 1 0 1 0 0 0 0 0 1]
109 9 53 0.07377151743739163 [0 0 1 1 0 0 0 0 0 0 0 0 1 1 0 1 0 0 0 0 0 1 1 0 1 0 0 0 0 0 1]
110 9 52 0.07377151743739163 [0 0 1 1 0 0 0 0 0 0 0 0 1 1 0 1 0 0 0 0 0 1 1 0 1 0 0 0 0 0 1]
111 9 55 0.07377151743739163 [0 0 1 1 0 0 0 0 0 0 0 0 1 1 0 1 0 0 0 0 0 1 1 0 1 0 0 0 0 0 1]
112 9 55 0.07377151743739163 [0 0 1 1 0 0 0 0 0 0 0 0 1 1 0 1 0 0 0 0 0 1 1 0 1 0 0 0 0 0 1]
113 9 52 0.07377151743739163 [0 0 1 1 0 0 0 0 0 0 0 0 1 1 0 1 0 0 0 0 0 1 1 0 1 0 0 0 0 0 1]
114 9 52 0.07377151743739163 [0 0 1 1 0 0 0 0 0 0 0 0 1 1 0 1 0 0 0 0 0 1 1 0 1 0 0 0 0 0 1]
115 9 53 0.07377151743739163 [0 0 1 1 0 0 0 0 0 0 0 0 1 1 0 1 0 0 0 0 0 1 1 0 1 0 0 0 0 0 1]
116 9 53 0.07377151743739163 [0 0 1 1 0 0 0 0 0 0 0 0 1 1 0 1 0 0 0 0 0 1 1 0 1 0 0 0 0 0 1]
117 9 53 0.07377151743739163 [0 0 1 1 0 0 0 0 0 0 0 0 1 1 0 1 0 0 0 0 0 1 1 0 1 0 0 0 0 0 1]
118 9 54 0.07377151743739163 [0 0 1 1 0 0 0 0 0 0 0 0 1 1 0 1 0 0 0 0 0 1 1 0 1 0 0 0 0 0 1]
119 9 51 0.07377151743739163 [0 0 1 1 0 0 0 0 0 0 0 0 1 1 0 1 0 0 0 0 0 1 1 0 1 0 0 0 0 0 1]
120 14 53 0.07140593405318063 [0 0 1 1 0 0 0 0 0 1 0 1 0 1 0 1 0 0 0 0 0 1 1 1 1 1 0 1 1 0 1]
121 14 53 0.07140593405318063 [0 0 1 1 0 0 0 0 0 1 0 1 0 1 0 1 0 0 0 0 0 1 1 1 1 1 0 1 1 0 1]
122 14 52 0.07140593405318063 [0 0 1 1 0 0 0 0 0 1 0 1 0 1 0 1 0 0 0 0 0 1 1 1 1 1 0 1 1 0 1]
123 14 54 0.07140593405318063 [0 0 1 1 0 0 0 0 0 1 0 1 0 1 0 1 0 0 0 0 0 1 1 1 1 1 0 1 1 0 1]
124 14 53 0.07140593405318063 [0 0 1 1 0 0 0 0 0 1 0 1 0 1 0 1 0 0 0 0 0 1 1 1 1 1 0 1 1 0 1]
125 14 52 0.07140593405318063 [0 0 1 1 0 0 0 0 0 1 0 1 0 1 0 1 0 0 0 0 0 1 1 1 1 1 0 1 1 0 1]
126 14 51 0.07140593405318063 [0 0 1 1 0 0 0 0 0 1 0 1 0 1 0 1 0 0 0 0 0 1 1 1 1 1 0 1 1 0 1]
127 14 51 0.07140593405318063 [0 0 1 1 0 0 0 0 0 1 0 1 0 1 0 1 0 0 0 0 0 1 1 1 1 1 0 1 1 0 1]
128 14 51 0.07140593405318063 [0 0 1 1 0 0 0 0 0 1 0 1 0 1 0 1 0 0 0 0 0 1 1 1 1 1 0 1 1 0 1]
129 14 51 0.07140593405318063 [0 0 1 1 0 0 0 0 0 1 0 1 0 1 0 1 0 0 0 0 0 1 1 1 1 1 0 1 1 0 1]
130 14 54 0.07140593405318063 [0 0 1 1 0 0 0 0 0 1 0 1 0 1 0 1 0 0 0 0 0 1 1 1 1 1 0 1 1 0 1]
131 14 52 0.07140593405318063 [0 0 1 1 0 0 0 0 0 1 0 1 0 1 0 1 0 0 0 0 0 1 1 1 1 1 0 1 1 0 1]
132 14 53 0.07140593405318063 [0 0 1 1 0 0 0 0 0 1 0 1 0 1 0 1 0 0 0 0 0 1 1 1 1 1 0 1 1 0 1]
133 14 51 0.07140593405318063 [0 0 1 1 0 0 0 0 0 1 0 1 0 1 0 1 0 0 0 0 0 1 1 1 1 1 0 1 1 0 1]
134 14 51 0.07140593405318063 [0 0 1 1 0 0 0 0 0 1 0 1 0 1 0 1 0 0 0 0 0 1 1 1 1 1 0 1 1 0 1]
135 14 51 0.07140593405318063 [0 0 1 1 0 0 0 0 0 1 0 1 0 1 0 1 0 0 0 0 0 1 1 1 1 1 0 1 1 0 1]
136 14 51 0.07140593405318063 [0 0 1 1 0 0 0 0 0 1 0 1 0 1 0 1 0 0 0 0 0 1 1 1 1 1 0 1 1 0 1]
137 14 55 0.07140593405318063 [0 0 1 1 0 0 0 0 0 1 0 1 0 1 0 1 0 0 0 0 0 1 1 1 1 1 0 1 1 0 1]
138 14 53 0.07140593405318063 [0 0 1 1 0 0 0 0 0 1 0 1 0 1 0 1 0 0 0 0 0 1 1 1 1 1 0 1 1 0 1]
139 14 53 0.07140593405318063 [0 0 1 1 0 0 0 0 0 1 0 1 0 1 0 1 0 0 0 0 0 1 1 1 1 1 0 1 1 0 1]
140 14 56 0.07140593405318063 [0 0 1 1 0 0 0 0 0 1 0 1 0 1 0 1 0 0 0 0 0 1 1 1 1 1 0 1 1 0 1]
141 14 53 0.07140593405318063 [0 0 1 1 0 0 0 0 0 1 0 1 0 1 0 1 0 0 0 0 0 1 1 1 1 1 0 1 1 0 1]
142 14 52 0.07140593405318063 [0 0 1 1 0 0 0 0 0 1 0 1 0 1 0 1 0 0 0 0 0 1 1 1 1 1 0 1 1 0 1]
143 14 50 0.07140593405318063 [0 0 1 1 0 0 0 0 0 1 0 1 0 1 0 1 0 0 0 0 0 1 1 1 1 1 0 1 1 0 1]
144 14 50 0.07140593405318063 [0 0 1 1 0 0 0 0 0 1 0 1 0 1 0 1 0 0 0 0 0 1 1 1 1 1 0 1 1 0 1]
145 14 51 0.07140593405318063 [0 0 1 1 0 0 0 0 0 1 0 1 0 1 0 1 0 0 0 0 0 1 1 1 1 1 0 1 1 0 1]
146 14 54 0.07140593405318063 [0 0 1 1 0 0 0 0 0 1 0 1 0 1 0 1 0 0 0 0 0 1 1 1 1 1 0 1 1 0 1]
147 14 55 0.07140593405318063 [0 0 1 1 0 0 0 0 0 1 0 1 0 1 0 1 0 0 0 0 0 1 1 1 1 1 0 1 1 0 1]
148 14 54 0.07140593405318063 [0 0 1 1 0 0 0 0 0 1 0 1 0 1 0 1 0 0 0 0 0 1 1 1 1 1 0 1 1 0 1]
149 14 50 0.07140593405318063 [0 0 1 1 0 0 0 0 0 1 0 1 0 1 0 1 0 0 0 0 0 1 1 1 1 1 0 1 1 0 1]
150 14 52 0.07140593405318063 [0 0 1 1 0 0 0 0 0 1 0 1 0 1 0 1 0 0 0 0 0 1 1 1 1 1 0 1 1 0 1]
