0 16 100 0.09829984970285288 [0 0 1 1 1 0 0 1 0 0 0 1 1 0 1 0 0 1 1 0 0 0 1 1 1 1 1 1 0 0 1]
1 16 91 0.09829984970285288 [0 0 1 1 1 0 0 1 0 0 0 1 1 0 1 0 0 1 1 0 0 0 1 1 1 1 1 1 0 0 1]
2 15 58 0.09671562131751132 [0 1 1 0 0 0 1 0 0 1 0 0 0 1 0 0 1 1 0 1 0 0 0 1 1 1 0 1 1 1 1]
3 14 52 0.08904439934843345 [0 1 0 0 0 0 1 0 0 1 0 1 0 1 0 0 0 0 0 0 0 0 1 1 1 1 1 1 1 1 1]
4 14 53 0.08904439934843345 [0 1 0 0 0 0 1 0 0 1 0 1 0 1 0 0 0 0 0 0 0 0 1 1 1 1 1 1 1 1 1]
5 14 51 0.08904439934843345 [0 1 0 0 0 0 1 0 0 1 0 1 0 1 0 0 0 0 0 0 0 0 1 1 1 1 1 1 1 1 1]
6 14 51 0.08118738638772738 [0 1 1 1 0 0 1 0 0 0 0 1 1 1 0 0 0 0 0 0 1 0 1 1 1 1 1 1 0 0 0]
7 14 51 0.08118738638772738 [0 1 1 1 0 0 1 0 0 0 0 1 1 1 0 0 0 0 0 0 1 0 1 1 1 1 1 1 0 0 0]
8 14 55 0.08118738638772738 [0 1 1 1 0 0 1 0 0 0 0 1 1 1 0 0 0 0 0 0 1 0 1 1 1 1 1 1 0 0 0]
9 14 56 0.08118738638772738 [0 1 1 1 0 0 1 0 0 0 0 1 1 1 0 0 0 0 0 0 1 0 1 1 1 1 1 1 0 0 0]
10 14 51 0.08118738638772738 [0 1 1 1 0 0 1 0 0 0 0 1 1 1 0 0 0 0 0 0 1 0 1 1 1 1 1 1 0 0 0]
11 12 54 0.07841788400753558 [0 0 1 0 0 0 0 0 1 0 0 0 1 1 0 0 1 1 0 0 0 1 1 1 1 1 0 0 0 0 1]
12 12 52 0.07841788400753558 [0 0 1 0 0 0 0 0 1 0 0 0 1 1 0 0 1 1 0 0 0 1 1 1 1 1 0 0 0 0 1]
13 12 52 0.07841788400753558 [0 0 1 0 0 0 0 0 1 0 0 0 1 1 0 0 1 1 0 0 0 1 1 1 1 1 0 0 0 0 1]
14 12 53 0.07841788400753558 [0 0 1 0 0 0 0 0 1 0 0 0 1 1 0 0 1 1 0 0 0 1 1 1 1 1 0 0 0 0 1]
15 12 56 0.07841788400753558 [0 0 1 0 0 0 0 0 1 0 0 0 1 1 0 0 1 1 0 0 0 1 1 1 1 1 0 0 0 0 1]
16 12 52 0.07841788400753558 [0 0 1 0 0 0 0 0 1 0 0 0 1 1 0 0 1 1 0 0 0 1 1 1 1 1 0 0 0 0 1]
17 12 53 0.07841788400753558 [0 0 1 0 0 0 0 0 1 0 0 0 1 1 0 0 1 1 0 0 0 1 1 1 1 1 0 0 0 0 1]
18 12 52 0.07841788400753558 [0 0 1 0 0 0 0 0 1 0 0 0 1 1 0 0 1 1 0 0 0 1 1 1 1 1 0 0 0 0 1]
19 12 53 0.07841788400753558 [0 0 1 0 0 0 0 0 1 0 0 0 1 1 0 0 1 1 0 0 0 1 1 1 1 1 0 0 0 0 1]
20 12 53 0.07841788400753558 [0 0 1 0 0 0 0 0 1 0 0 0 1 1 0 0 1 1 0 0 0 1 1 1 1 1 0 0 0 0 1]
21 12 57 0.07841788400753558 [0 0 1 0 0 0 0 0 1 0 0 0 1 1 0 0 1 1 0 0 0 1 1 1 1 1 0 0 0 0 1]
22 12 53 0.07841788400753558 [0 0 1 0 0 0 0 0 1 0 0 0 1 1 0 0 1 1 0 0 0 1 1 1 1 1 0 0 0 0 1]
23 12 54 0.07841788400753558 [0 0 1 0 0 0 0 0 1 0 0 0 1 1 0 0 1 1 0 0 0 1 1 1 1 1 0 0 0 0 1]
24 12 53 0.07841788400753558 [0 0 1 0 0 0 0 0 1 0 0 0 1 1 0 0 1 1 0 0 0 1 1 1 1 1 0 0 0 0 1]
25 12 58 0.07841788400753558 [0 0 1 0 0 0 0 0 1 0 0 0 1 1 0 0 1 1 0 0 0 1 1 1 1 1 0 0 0 0 1]
26 12 52 0.07841788400753558 [0 0 1 0 0 0 0 0 1 0 0 0 1 1 0 0 1 1 0 0 0 1 1 1 1 1 0 0 0 0 1]
27 12 52 0.07841788400753558 [0 0 1 0 0 0 0 0 1 0 0 0 1 1 0 0 1 1 0 0 0 1 1 1 1 1 0 0 0 0 1]
28 12 50 0.07841788400753558 [0 0 1 0 0 0 0 0 1 0 0 0 1 1 0 0 1 1 0 0 0 1 1 1 1 1 0 0 0 0 1]
29 12 52 0.07388430713604899 [0 1 0 1 0 0 0 0 0 1 0 1 1 1 0 0 0 0 0 0 0 0 1 1 1 1 0 0 1 0 1]
30 12 58 0.07388430713604899 [0 1 0 1 0 0 0 0 0 1 0 1 1 1 0 0 0 0 0 0 0 0 1 1 1 1 0 0 1 0 1]
31 12 51 0.07388430713604899 [0 1 0 1 0 0 0 0 0 1 0 1 1 1 0 0 0 0 0 0 0 0 1 1 1 1 0 0 1 0 1]
32 12 55 0.07388430713604899 [0 1 0 1 0 0 0 0 0 1 0 1 1 1 0 0 0 0 0 0 0 0 1 1 1 1 0 0 1 0 1]
33 12 56 0.07388430713604899 [0 1 0 1 0 0 0 0 0 1 0 1 1 1 0 0 0 0 0 0 0 0 1 1 1 1 0 0 1 0 1]
34 12 51 0.07388430713604899 [0 1 0 1 0 0 0 0 0 1 0 1 1 1 0 0 0 0 0 0 0 0 1 1 1 1 0 0 1 0 1]
35 12 54 0.07388430713604899 [0 1 0 1 0 0 0 0 0 1 0 1 1 1 0 0 0 0 0 0 0 0 1 1 1 1 0 0 1 0 1]
36 12 55 0.07388430713604899 [0 1 0 1 0 0 0 0 0 1 0 1 1 1 0 0 0 0 0 0 0 0 1 1 1 1 0 0 1 0 1]
37 12 52 0.07388430713604899 [0 1 0 1 0 0 0 0 0 1 0 1 1 1 0 0 0 0 0 0 0 0 1 1 1 1 0 0 1 0 1]
38 12 52 0.07388430713604899 [0 1 0 1 0 0 0 0 0 1 0 1 1 1 0 0 0 0 0 0 0 0 1 1 1 1 0 0 1 0 1]
39 12 56 0.07388430713604899 [0 1 0 1 0 0 0 0 0 1 0 1 1 1 0 0 0 0 0 0 0 0 1 1 1 1 0 0 1 0 1]
40 12 55 0.07388430713604899 [0 1 0 1 0 0 0 0 0 1 0 1 1 1 0 0 0 0 0 0 0 0 1 1 1 1 0 0 1 0 1]
41 12 51 0.07388430713604899 [0 1 0 1 0 0 0 0 0 1 0 1 1 1 0 0 0 0 0 0 0 0 1 1 1 1 0 0 1 0 1]
42 12 54 0.07388430713604899 [0 1 0 1 0 0 0 0 0 1 0 1 1 1 0 0 0 0 0 0 0 0 1 1 1 1 0 0 1 0 1]
43 12 54 0.07388430713604899 [0 1 0 1 0 0 0 0 0 1 0 1 1 1 0 0 0 0 0 0 0 0 1 1 1 1 0 0 1 0 1]
44 12 56 0.07388430713604899 [0 1 0 1 0 0 0 0 0 1 0 1 1 1 0 0 0 0 0 0 0 0 1 1 1 1 0 0 1 0 1]
45 12 52 0.07388430713604899 [0 1 0 1 0 0 0 0 0 1 0 1 1 1 0 0 0 0 0 0 0 0 1 1 1 1 0 0 1 0 1]
46 12 51 0.07388430713604899 [0 1 0 1 0 0 0 0 0 1 0 1 1 1 0 0 0 0 0 0 0 0 1 1 1 1 0 0 1 0 1]
47 11 52 0.06941656615647551 [0 0 1 1 0 1 0 0 0 0 0 0 1 0 0 1 0 0 0 0 0 1 1 1 1 1 0 0 0 0 1]
48 11 54 0.06941656615647551 [0 0 1 1 0 1 0 0 0 0 0 0 1 0 0 1 0 0 0 0 0 1 1 1 1 1 0 0 0 0 1]
49 11 54 0.06941656615647551 [0 0 1 1 0 1 0 0 0 0 0 0 1 0 0 1 0 0 0 0 0 1 1 1 1 1 0 0 0 0 1]
50 11 56 0.06941656615647551 [0 0 1 1 0 1 0 0 0 0 0 0 1 0 0 1 0 0 0 0 0 1 1 1 1 1 0 0 0 0 1]
51 11 54 0.06941656615647551 [0 0 1 1 0 1 0 0 0 0 0 0 1 0 0 1 0 0 0 0 0 1 1 1 1 1 0 0 0 0 1]
52 11 52 0.06941656615647551 [0 0 1 1 0 1 0 0 0 0 0 0 1 0 0 1 0 0 0 0 0 1 1 1 1 1 0 0 0 0 1]
53 11 51 0.06941656615647551 [0 0 1 1 0 1 0 0 0 0 0 0 1 0 0 1 0 0 0 0 0 1 1 1 1 1 0 0 0 0 1]
54 11 54 0.06941656615647551 [0 0 1 1 0 1 0 0 0 0 0 0 1 0 0 1 0 0 0 0 0 1 1 1 1 1 0 0 0 0 1]
55 11 52 0.06941656615647551 [0 0 1 1 0 1 0 0 0 0 0 0 1 0 0 1 0 0 0 0 0 1 1 1 1 1 0 0 0 0 1]
56 11 54 0.06941656615647551 [0 0 1 1 0 1 0 0 0 0 0 0 1 0 0 1 0 0 0 0 0 1 1 1 1 1 0 0 0 0 1]
57 11 53 0.06941656615647551 [0 0 1 1 0 1 0 0 0 0 0 0 1 0 0 1 0 0 0 0 0 1 1 1 1 1 0 0 0 0 1]
58 11 51 0.06941656615647551 [0 0 1 1 0 1 0 0 0 0 0 0 1 0 0 1 0 0 0 0 0 1 1 1 1 1 0 0 0 0 1]
59 11 53 0.06941656615647551 [0 0 1 1 0 1 0 0 0 0 0 0 1 0 0 1 0 0 0 0 0 1 1 1 1 1 0 0 0 0 1]
60 11 53 0.06941656615647551 [0 0 1 1 0 1 0 0 0 0 0 0 1 0 0 1 0 0 0 0 0 1 1 1 1 1 0 0 0 0 1]
61 11 53 0.06941656615647551 [0 0 1 1 0 1 0 0 0 0 0 0 1 0 0 1 0 0 0 0 0 1 1 1 1 1 0 0 0 0 1]
62 11 51 0.06941656615647551 [0 0 1 1 0 1 0 0 0 0 0 0 1 0 0 1 0 0 0 0 0 1 1 1 1 1 0 0 0 0 1]
63 11 51 0.06941656615647551 [0 0 1 1 0 1 0 0 0 0 0 0 1 0 0 1 0 0 0 0 0 1 1 1 1 1 0 0 0 0 1]
64 11 53 0.06941656615647551 [0 0 1 1 0 1 0 0 0 0 0 0 1 0 0 1 0 0 0 0 0 1 1 1 1 1 0 0 0 0 1]
65 11 54 0.06941656615647551 [0 0 1 1 0 1 0 0 0 0 0 0 1 0 0 1 0 0 0 0 0 1 1 1 1 1 0 0 0 0 1]
66 11 54 0.06941656615647551 [0 0 1 1 0 1 0 0 0 0 0 0 1 0 0 1 0 0 0 0 0 1 1 1 1 1 0 0 0 0 1]
67 11 55 0.06941656615647551 [0 0 1 1 0 1 0 0 0 0 0 0 1 0 0 1 0 0 0 0 0 1 1 1 1 1 0 0 0 0 1]
68 11 50 0.06941656615647551 [0 0 1 1 0 1 0 0 0 0 0 0 1 0 0 1 0 0 0 0 0 1 1 1 1 1 0 0 0 0 1]
69 11 52 0.06941656615647551 [0 0 1 1 0 1 0 0 0 0 0 0 1 0 0 1 0 0 0 0 0 1 1 1 1 1 0 0 0 0 1]
70 11 52 0.06941656615647551 [0 0 1 1 0 1 0 0 0 0 0 0 1 0 0 1 0 0 0 0 0 1 1 1 1 1 0 0 0 0 1]
71 11 52 0.06941656615647551 [0 0 1 1 0 1 0 0 0 0 0 0 1 0 0 1 0 0 0 0 0 1 1 1 1 1 0 0 0 0 1]
72 11 52 0.06941656615647551 [0 0 1 1 0 1 0 0 0 0 0 0 1 0 0 1 0 0 0 0 0 1 1 1 1 1 0 0 0 0 1]
73 11 51 0.06941656615647551 [0 0 1 1 0 1 0 0 0 0 0 0 1 0 0 1 0 0 0 0 0 1 1 1 1 1 0 0 0 0 1]
74 11 55 0.06941656615647551 [0 0 1 1 0 1 0 0 0 0 0 0 1 0 0 1 0 0 0 0 0 1 1 1 1 1 0 0 0 0 1]
75 11 53 0.06941656615647551 [0 0 1 1 0 1 0 0 0 0 0 0 1 0 0 1 0 0 0 0 0 1 1 1 1 1 0 0 0 0 1]
76 11 56 0.06941656615647551 [0 0 1 1 0 1 0 0 0 0 0 0 1 0 0 1 0 0 0 0 0 1 1 1 1 1 0 0 0 0 1]
77 11 52 0.06941656615647551 [0 0 1 1 0 1 0 0 0 0 0 0 1 0 0 1 0 0 0 0 0 1 1 1 1 1 0 0 0 0 1]
78 11 54 0.06941656615647551 [0 0 1 1 0 1 0 0 0 0 0 0 1 0 0 1 0 0 0 0 0 1 1 1 1 1 0 0 0 0 1]
79 11 56 0.06941656615647551 [0 0 1 1 0 1 0 0 0 0 0 0 1 0 0 1 0 0 0 0 0 1 1 1 1 1 0 0 0 0 1]
80 11 51 0.06941656615647551 [0 0 1 1 0 1 0 0 0 0 0 0 1 0 0 1 0 0 0 0 0 1 1 1 1 1 0 0 0 0 1]
81 11 54 0.06941656615647551 [0 0 1 1 0 1 0 0 0 0 0 0 1 0 0 1 0 0 0 0 0 1 1 1 1 1 0 0 0 0 1]
82 11 54 0.06941656615647551 [0 0 1 1 0 1 0 0 0 0 0 0 1 0 0 1 0 0 0 0 0 1 1 1 1 1 0 0 0 0 1]
83 11 52 0.06941656615647551 [0 0 1 1 0 1 0 0 0 0 0 0 1 0 0 1 0 0 0 0 0 1 1 1 1 1 0 0 0 0 1]
84 11 53 0.06941656615647551 [0 0 1 1 0 1 0 0 0 0 0 0 1 0 0 1 0 0 0 0 0 1 1 1 1 1 0 0 0 0 1]
85 11 54 0.06941656615647551 [0 0 1 1 0 1 0 0 0 0 0 0 1 0 0 1 0 0 0 0 0 1 1 1 1 1 0 0 0 0 1]
86 11 55 0.06941656615647551 [0 0 1 1 0 1 0 0 0 0 0 0 1 0 0 1 0 0 0 0 0 1 1 1 1 1 0 0 0 0 1]
87 11 52 0.06941656615647551 [0 0 1 1 0 1 0 0 0 0 0 0 1 0 0 1 0 0 0 0 0 1 1 1 1 1 0 0 0 0 1]
88 11 53 0.06941656615647551 [0 0 1 1 0 1 0 0 0 0 0 0 1 0 0 1 0 0 0 0 0 1 1 1 1 1 0 0 0 0 1]
89 11 53 0.06941656615647551 [0 0 1 1 0 1 0 0 0 0 0 0 1 0 0 1 0 0 0 0 0 1 1 1 1 1 0 0 0 0 1]
90 11 53 0.06941656615647551 [0 0 1 1 0 1 0 0 0 0 0 0 1 0 0 1 0 0 0 0 0 1 1 1 1 1 0 0 0 0 1]
91 11 51 0.06941656615647551 [0 0 1 1 0 1 0 0 0 0 0 0 1 0 0 1 0 0 0 0 0 1 1 1 1 1 0 0 0 0 1]
92 11 52 0.06941656615647551 [0 0 1 1 0 1 0 0 0 0 0 0 1 0 0 1 0 0 0 0 0 1 1 1 1 1 0 0 0 0 1]
93 11 53 0.06941656615647551 [0 0 1 1 0 1 0 0 0 0 0 0 1 0 0 1 0 0 0 0 0 1 1 1 1 1 0 0 0 0 1]
94 11 52 0.06941656615647551 [0 0 1 1 0 1 0 0 0 0 0 0 1 0 0 1 0 0 0 0 0 1 1 1 1 1 0 0 0 0 1]
95 11 54 0.06941656615647551 [0 0 1 1 0 1 0 0 0 0 0 0 1 0 0 1 0 0 0 0 0 1 1 1 1 1 0 0 0 0 1]
96 11 53 0.06941656615647551 [0 0 1 1 0 1 0 0 0 0 0 0 1 0 0 1 0 0 0 0 0 1 1 1 1 1 0 0 0 0 1]
97 11 50 0.06941656615647551 [0 0 1 1 0 1 0 0 0 0 0 0 1 0 0 1 0 0 0 0 0 1 1 1 1 1 0 0 0 0 1]
98 11 54 0.06941656615647551 [0 0 1 1 0 1 0 0 0 0 0 0 1 0 0 1 0 0 0 0 0 1 1 1 1 1 0 0 0 0 1]
99 11 52 0.06941656615647551 [0 0 1 1 0 1 0 0 0 0 0 0 1 0 0 1 0 0 0 0 0 1 1 1 1 1 0 0 0 0 1]
100 11 53 0.06941656615647551 [0 0 1 1 0 1 0 0 0 0 0 0 1 0 0 1 0 0 0 0 0 1 1 1 1 1 0 0 0 0 1]
101 11 53 0.06941656615647551 [0 0 1 1 0 1 0 0 0 0 0 0 1 0 0 1 0 0 0 0 0 1 1 1 1 1 0 0 0 0 1]
102 11 55 0.06941656615647551 [0 0 1 1 0 1 0 0 0 0 0 0 1 0 0 1 0 0 0 0 0 1 1 1 1 1 0 0 0 0 1]
103 11 55 0.06941656615647551 [0 0 1 1 0 1 0 0 0 0 0 0 1 0 0 1 0 0 0 0 0 1 1 1 1 1 0 0 0 0 1]
104 11 54 0.06941656615647551 [0 0 1 1 0 1 0 0 0 0 0 0 1 0 0 1 0 0 0 0 0 1 1 1 1 1 0 0 0 0 1]
105 11 54 0.06941656615647551 [0 0 1 1 0 1 0 0 0 0 0 0 1 0 0 1 0 0 0 0 0 1 1 1 1 1 0 0 0 0 1]
106 11 52 0.06941656615647551 [0 0 1 1 0 1 0 0 0 0 0 0 1 0 0 1 0 0 0 0 0 1 1 1 1 1 0 0 0 0 1]
107 11 54 0.06941656615647551 [0 0 1 1 0 1 0 0 0 0 0 0 1 0 0 1 0 0 0 0 0 1 1 1 1 1 0 0 0 0 1]
108 11 55 0.06941656615647551 [0 0 1 1 0 1 0 0 0 0 0 0 1 0 0 1 0 0 0 0 0 1 1 1 1 1 0 0 0 0 1]
109 11 53 0.06941656615647551 [0 0 1 1 0 1 0 0 0 0 0 0 1 0 0 1 0 0 0 0 0 1 1 1 1 1 0 0 0 0 1]
110 11 53 0.06941656615647551 [0 0 1 1 0 1 0 0 0 0 0 0 1 0 0 1 0 0 0 0 0 1 1 1 1 1 0 0 0 0 1]
111 11 54 0.06941656615647551 [0 0 1 1 0 1 0 0 0 0 0 0 1 0 0 1 0 0 0 0 0 1 1 1 1 1 0 0 0 0 1]
112 11 52 0.06941656615647551 [0 0 1 1 0 1 0 0 0 0 0 0 1 0 0 1 0 0 0 0 0 1 1 1 1 1 0 0 0 0 1]
113 11 54 0.06941656615647551 [0 0 1 1 0 1 0 0 0 0 0 0 1 0 0 1 0 0 0 0 0 1 1 1 1 1 0 0 0 0 1]
114 11 52 0.06941656615647551 [0 0 1 1 0 1 0 0 0 0 0 0 1 0 0 1 0 0 0 0 0 1 1 1 1 1 0 0 0 0 1]
115 11 56 0.06941656615647551 [0 0 1 1 0 1 0 0 0 0 0 0 1 0 0 1 0 0 0 0 0 1 1 1 1 1 0 0 0 0 1]
116 11 51 0.06941656615647551 [0 0 1 1 0 1 0 0 0 0 0 0 1 0 0 1 0 0 0 0 0 1 1 1 1 1 0 0 0 0 1]
117 11 52 0.06941656615647551 [0 0 1 1 0 1 0 0 0 0 0 0 1 0 0 1 0 0 0 0 0 1 1 1 1 1 0 0 0 0 1]
118 11 54 0.06941656615647551 [0 0 1 1 0 1 0 0 0 0 0 0 1 0 0 1 0 0 0 0 0 1 1 1 1 1 0 0 0 0 1]
119 11 53 0.06941656615647551 [0 0 1 1 0 1 0 0 0 0 0 0 1 0 0 1 0 0 0 0 0 1 1 1 1 1 0 0 0 0 1]
120 11 54 0.06941656615647551 [0 0 1 1 0 1 0 0 0 0 0 0 1 0 0 1 0 0 0 0 0 1 1 1 1 1 0 0 0 0 1]
121 11 53 0.06941656615647551 [0 0 1 1 0 1 0 0 0 0 0 0 1 0 0 1 0 0 0 0 0 1 1 1 1 1 0 0 0 0 1]
122 11 51 0.06941656615647551 [0 0 1 1 0 1 0 0 0 0 0 0 1 0 0 1 0 0 0 0 0 1 1 1 1 1 0 0 0 0 1]
123 11 56 0.06941656615647551 [0 0 1 1 0 1 0 0 0 0 0 0 1 0 0 1 0 0 0 0 0 1 1 1 1 1 0 0 0 0 1]
124 11 54 0.06941656615647551 [0 0 1 1 0 1 0 0 0 0 0 0 1 0 0 1 0 0 0 0 0 1 1 1 1 1 0 0 0 0 1]
125 11 55 0.06941656615647551 [0 0 1 1 0 1 0 0 0 0 0 0 1 0 0 1 0 0 0 0 0 1 1 1 1 1 0 0 0 0 1]
126 11 53 0.06941656615647551 [0 0 1 1 0 1 0 0 0 0 0 0 1 0 0 1 0 0 0 0 0 1 1 1 1 1 0 0 0 0 1]
127 11 55 0.06941656615647551 [0 0 1 1 0 1 0 0 0 0 0 0 1 0 0 1 0 0 0 0 0 1 1 1 1 1 0 0 0 0 1]
128 11 52 0.06941656615647551 [0 0 1 1 0 1 0 0 0 0 0 0 1 0 0 1 0 0 0 0 0 1 1 1 1 1 0 0 0 0 1]
129 11 53 0.06941656615647551 [0 0 1 1 0 1 0 0 0 0 0 0 1 0 0 1 0 0 0 0 0 1 1 1 1 1 0 0 0 0 1]
130 11 54 0.06941656615647551 [0 0 1 1 0 1 0 0 0 0 0 0 1 0 0 1 0 0 0 0 0 1 1 1 1 1 0 0 0 0 1]
131 11 51 0.06941656615647551 [0 0 1 1 0 1 0 0 0 0 0 0 1 0 0 1 0 0 0 0 0 1 1 1 1 1 0 0 0 0 1]
132 11 52 0.06941656615647551 [0 0 1 1 0 1 0 0 0 0 0 0 1 0 0 1 0 0 0 0 0 1 1 1 1 1 0 0 0 0 1]
133 11 52 0.06941656615647551 [0 0 1 1 0 1 0 0 0 0 0 0 1 0 0 1 0 0 0 0 0 1 1 1 1 1 0 0 0 0 1]
134 11 51 0.06941656615647551 [0 0 1 1 0 1 0 0 0 0 0 0 1 0 0 1 0 0 0 0 0 1 1 1 1 1 0 0 0 0 1]
135 11 55 0.06941656615647551 [0 0 1 1 0 1 0 0 0 0 0 0 1 0 0 1 0 0 0 0 0 1 1 1 1 1 0 0 0 0 1]
136 11 51 0.06941656615647551 [0 0 1 1 0 1 0 0 0 0 0 0 1 0 0 1 0 0 0 0 0 1 1 1 1 1 0 0 0 0 1]
137 11 53 0.06941656615647551 [0 0 1 1 0 1 0 0 0 0 0 0 1 0 0 1 0 0 0 0 0 1 1 1 1 1 0 0 0 0 1]
138 11 53 0.06941656615647551 [0 0 1 1 0 1 0 0 0 0 0 0 1 0 0 1 0 0 0 0 0 1 1 1 1 1 0 0 0 0 1]
139 11 51 0.06941656615647551 [0 0 1 1 0 1 0 0 0 0 0 0 1 0 0 1 0 0 0 0 0 1 1 1 1 1 0 0 0 0 1]
140 11 52 0.06941656615647551 [0 0 1 1 0 1 0 0 0 0 0 0 1 0 0 1 0 0 0 0 0 1 1 1 1 1 0 0 0 0 1]
141 11 52 0.06941656615647551 [0 0 1 1 0 1 0 0 0 0 0 0 1 0 0 1 0 0 0 0 0 1 1 1 1 1 0 0 0 0 1]
142 11 56 0.06941656615647551 [0 0 1 1 0 1 0 0 0 0 0 0 1 0 0 1 0 0 0 0 0 1 1 1 1 1 0 0 0 0 1]
143 11 55 0.06941656615647551 [0 0 1 1 0 1 0 0 0 0 0 0 1 0 0 1 0 0 0 0 0 1 1 1 1 1 0 0 0 0 1]
144 11 52 0.06941656615647551 [0 0 1 1 0 1 0 0 0 0 0 0 1 0 0 1 0 0 0 0 0 1 1 1 1 1 0 0 0 0 1]
145 11 51 0.06941656615647551 [0 0 1 1 0 1 0 0 0 0 0 0 1 0 0 1 0 0 0 0 0 1 1 1 1 1 0 0 0 0 1]
146 11 55 0.06941656615647551 [0 0 1 1 0 1 0 0 0 0 0 0 1 0 0 1 0 0 0 0 0 1 1 1 1 1 0 0 0 0 1]
147 11 51 0.06941656615647551 [0 0 1 1 0 1 0 0 0 0 0 0 1 0 0 1 0 0 0 0 0 1 1 1 1 1 0 0 0 0 1]
148 11 54 0.06941656615647551 [0 0 1 1 0 1 0 0 0 0 0 0 1 0 0 1 0 0 0 0 0 1 1 1 1 1 0 0 0 0 1]
149 11 53 0.06941656615647551 [0 0 1 1 0 1 0 0 0 0 0 0 1 0 0 1 0 0 0 0 0 1 1 1 1 1 0 0 0 0 1]
150 11 54 0.06941656615647551 [0 0 1 1 0 1 0 0 0 0 0 0 1 0 0 1 0 0 0 0 0 1 1 1 1 1 0 0 0 0 1]
