0 16 100 0.1030383640217798 [0 1 0 1 1 0 1 1 0 1 0 1 1 0 0 0 0 0 0 1 0 0 1 1 1 1 1 1 0 1 0]
1 17 87 0.08708915925186134 [0 1 1 1 0 0 0 1 0 1 0 1 0 1 0 1 1 1 0 0 0 0 1 1 1 1 1 0 0 1 1]
2 18 59 0.0855112271445796 [0 1 1 1 1 0 0 1 0 0 0 1 1 1 0 1 0 0 0 1 0 0 1 1 1 1 0 1 1 1 1]
3 18 51 0.0855112271445796 [0 1 1 1 1 0 0 1 0 0 0 1 1 1 0 1 0 0 0 1 0 0 1 1 1 1 0 1 1 1 1]
4 15 53 0.08389087175033139 [0 1 0 0 0 0 0 1 0 0 0 1 1 1 0 1 1 0 0 1 0 0 1 1 1 1 0 0 1 1 1]
5 15 54 0.08389087175033139 [0 1 0 0 0 0 0 1 0 0 0 1 1 1 0 1 1 0 0 1 0 0 1 1 1 1 0 0 1 1 1]
6 15 52 0.08389087175033139 [0 1 0 0 0 0 0 1 0 0 0 1 1 1 0 1 1 0 0 1 0 0 1 1 1 1 0 0 1 1 1]
7 15 55 0.08389087175033139 [0 1 0 0 0 0 0 1 0 0 0 1 1 1 0 1 1 0 0 1 0 0 1 1 1 1 0 0 1 1 1]
8 15 53 0.08389087175033139 [0 1 0 0 0 0 0 1 0 0 0 1 1 1 0 1 1 0 0 1 0 0 1 1 1 1 0 0 1 1 1]
9 15 53 0.08389087175033139 [0 1 0 0 0 0 0 1 0 0 0 1 1 1 0 1 1 0 0 1 0 0 1 1 1 1 0 0 1 1 1]
10 15 51 0.08389087175033139 [0 1 0 0 0 0 0 1 0 0 0 1 1 1 0 1 1 0 0 1 0 0 1 1 1 1 0 0 1 1 1]
11 15 51 0.08389087175033139 [0 1 0 0 0 0 0 1 0 0 0 1 1 1 0 1 1 0 0 1 0 0 1 1 1 1 0 0 1 1 1]
12 9 50 0.08171445078356332 [0 0 0 0 0 0 0 1 0 0 0 0 0 1 1 0 0 0 0 0 0 0 1 1 1 1 0 1 0 1 0]
13 9 55 0.08171445078356332 [0 0 0 0 0 0 0 1 0 0 0 0 0 1 1 0 0 0 0 0 0 0 1 1 1 1 0 1 0 1 0]
14 9 50 0.08171445078356332 [0 0 0 0 0 0 0 1 0 0 0 0 0 1 1 0 0 0 0 0 0 0 1 1 1 1 0 1 0 1 0]
15 9 53 0.08171445078356332 [0 0 0 0 0 0 0 1 0 0 0 0 0 1 1 0 0 0 0 0 0 0 1 1 1 1 0 1 0 1 0]
16 9 53 0.08171445078356332 [0 0 0 0 0 0 0 1 0 0 0 0 0 1 1 0 0 0 0 0 0 0 1 1 1 1 0 1 0 1 0]
17 9 53 0.08171445078356332 [0 0 0 0 0 0 0 1 0 0 0 0 0 1 1 0 0 0 0 0 0 0 1 1 1 1 0 1 0 1 0]
18 9 55 0.08171445078356332 [0 0 0 0 0 0 0 1 0 0 0 0 0 1 1 0 0 0 0 0 0 0 1 1 1 1 0 1 0 1 0]
19 9 53 0.08171445078356332 [0 0 0 0 0 0 0 1 0 0 0 0 0 1 1 0 0 0 0 0 0 0 1 1 1 1 0 1 0 1 0]
20 9 54 0.08171445078356332 [0 0 0 0 0 0 0 1 0 0 0 0 0 1 1 0 0 0 0 0 0 0 1 1 1 1 0 1 0 1 0]
21 9 51 0.08171445078356332 [0 0 0 0 0 0 0 1 0 0 0 0 0 1 1 0 0 0 0 0 0 0 1 1 1 1 0 1 0 1 0]
22 9 50 0.08171445078356332 [0 0 0 0 0 0 0 1 0 0 0 0 0 1 1 0 0 0 0 0 0 0 1 1 1 1 0 1 0 1 0]
23 9 52 0.08171445078356332 [0 0 0 0 0 0 0 1 0 0 0 0 0 1 1 0 0 0 0 0 0 0 1 1 1 1 0 1 0 1 0]
24 9 53 0.08171445078356332 [0 0 0 0 0 0 0 1 0 0 0 0 0 1 1 0 0 0 0 0 0 0 1 1 1 1 0 1 0 1 0]
25 9 57 0.08171445078356332 [0 0 0 0 0 0 0 1 0 0 0 0 0 1 1 0 0 0 0 0 0 0 1 1 1 1 0 1 0 1 0]
26 9 52 0.08171445078356332 [0 0 0 0 0 0 0 1 0 0 0 0 0 1 1 0 0 0 0 0 0 0 1 1 1 1 0 1 0 1 0]
27 9 55 0.08171445078356332 [0 0 0 0 0 0 0 1 0 0 0 0 0 1 1 0 0 0 0 0 0 0 1 1 1 1 0 1 0 1 0]
28 9 56 0.08171445078356332 [0 0 0 0 0 0 0 1 0 0 0 0 0 1 1 0 0 0 0 0 0 0 1 1 1 1 0 1 0 1 0]
29 9 51 0.08171445078356332 [0 0 0 0 0 0 0 1 0 0 0 0 0 1 1 0 0 0 0 0 0 0 1 1 1 1 0 1 0 1 0]
30 9 53 0.08171445078356332 [0 0 0 0 0 0 0 1 0 0 0 0 0 1 1 0 0 0 0 0 0 0 1 1 1 1 0 1 0 1 0]
31 9 54 0.08171445078356332 [0 0 0 0 0 0 0 1 0 0 0 0 0 1 1 0 0 0 0 0 0 0 1 1 1 1 0 1 0 1 0]
32 9 51 0.08171445078356332 [0 0 0 0 0 0 0 1 0 0 0 0 0 1 1 0 0 0 0 0 0 0 1 1 1 1 0 1 0 1 0]
33 9 52 0.08171445078356332 [0 0 0 0 0 0 0 1 0 0 0 0 0 1 1 0 0 0 0 0 0 0 1 1 1 1 0 1 0 1 0]
34 9 52 0.08171445078356332 [0 0 0 0 0 0 0 1 0 0 0 0 0 1 1 0 0 0 0 0 0 0 1 1 1 1 0 1 0 1 0]
35 9 53 0.08171445078356332 [0 0 0 0 0 0 0 1 0 0 0 0 0 1 1 0 0 0 0 0 0 0 1 1 1 1 0 1 0 1 0]
36 9 53 0.08171445078356332 [0 0 0 0 0 0 0 1 0 0 0 0 0 1 1 0 0 0 0 0 0 0 1 1 1 1 0 1 0 1 0]
37 9 52 0.08171445078356332 [0 0 0 0 0 0 0 1 0 0 0 0 0 1 1 0 0 0 0 0 0 0 1 1 1 1 0 1 0 1 0]
38 9 53 0.08171445078356332 [0 0 0 0 0 0 0 1 0 0 0 0 0 1 1 0 0 0 0 0 0 0 1 1 1 1 0 1 0 1 0]
39 9 53 0.08171445078356332 [0 0 0 0 0 0 0 1 0 0 0 0 0 1 1 0 0 0 0 0 0 0 1 1 1 1 0 1 0 1 0]
40 9 50 0.08171445078356332 [0 0 0 0 0 0 0 1 0 0 0 0 0 1 1 0 0 0 0 0 0 0 1 1 1 1 0 1 0 1 0]
41 9 52 0.08171445078356332 [0 0 0 0 0 0 0 1 0 0 0 0 0 1 1 0 0 0 0 0 0 0 1 1 1 1 0 1 0 1 0]
42 9 51 0.08171445078356332 [0 0 0 0 0 0 0 1 0 0 0 0 0 1 1 0 0 0 0 0 0 0 1 1 1 1 0 1 0 1 0]
43 9 52 0.08171445078356332 [0 0 0 0 0 0 0 1 0 0 0 0 0 1 1 0 0 0 0 0 0 0 1 1 1 1 0 1 0 1 0]
44 9 51 0.08171445078356332 [0 0 0 0 0 0 0 1 0 0 0 0 0 1 1 0 0 0 0 0 0 0 1 1 1 1 0 1 0 1 0]
45 9 54 0.08171445078356332 [0 0 0 0 0 0 0 1 0 0 0 0 0 1 1 0 0 0 0 0 0 0 1 1 1 1 0 1 0 1 0]
46 9 53 0.08171445078356332 [0 0 0 0 0 0 0 1 0 0 0 0 0 1 1 0 0 0 0 0 0 0 1 1 1 1 0 1 0 1 0]
47 9 54 0.08171445078356332 [0 0 0 0 0 0 0 1 0 0 0 0 0 1 1 0 0 0 0 0 0 0 1 1 1 1 0 1 0 1 0]
48 9 56 0.08171445078356332 [0 0 0 0 0 0 0 1 0 0 0 0 0 1 1 0 0 0 0 0 0 0 1 1 1 1 0 1 0 1 0]
49 9 54 0.08171445078356332 [0 0 0 0 0 0 0 1 0 0 0 0 0 1 1 0 0 0 0 0 0 0 1 1 1 1 0 1 0 1 0]
50 9 54 0.08171445078356332 [0 0 0 0 0 0 0 1 0 0 0 0 0 1 1 0 0 0 0 0 0 0 1 1 1 1 0 1 0 1 0]
51 9 54 0.08171445078356332 [0 0 0 0 0 0 0 1 0 0 0 0 0 1 1 0 0 0 0 0 0 0 1 1 1 1 0 1 0 1 0]
52 9 55 0.08171445078356332 [0 0 0 0 0 0 0 1 0 0 0 0 0 1 1 0 0 0 0 0 0 0 1 1 1 1 0 1 0 1 0]
53 9 53 0.08171445078356332 [0 0 0 0 0 0 0 1 0 0 0 0 0 1 1 0 0 0 0 0 0 0 1 1 1 1 0 1 0 1 0]
54 9 52 0.08171445078356332 [0 0 0 0 0 0 0 1 0 0 0 0 0 1 1 0 0 0 0 0 0 0 1 1 1 1 0 1 0 1 0]
55 9 52 0.08171445078356332 [0 0 0 0 0 0 0 1 0 0 0 0 0 1 1 0 0 0 0 0 0 0 1 1 1 1 0 1 0 1 0]
56 9 55 0.08171445078356332 [0 0 0 0 0 0 0 1 0 0 0 0 0 1 1 0 0 0 0 0 0 0 1 1 1 1 0 1 0 1 0]
57 9 51 0.08171445078356332 [0 0 0 0 0 0 0 1 0 0 0 0 0 1 1 0 0 0 0 0 0 0 1 1 1 1 0 1 0 1 0]
58 9 52 0.08171445078356332 [0 0 0 0 0 0 0 1 0 0 0 0 0 1 1 0 0 0 0 0 0 0 1 1 1 1 0 1 0 1 0]
59 9 57 0.08171445078356332 [0 0 0 0 0 0 0 1 0 0 0 0 0 1 1 0 0 0 0 0 0 0 1 1 1 1 0 1 0 1 0]
60 9 51 0.08171445078356332 [0 0 0 0 0 0 0 1 0 0 0 0 0 1 1 0 0 0 0 0 0 0 1 1 1 1 0 1 0 1 0]
61 9 52 0.08171445078356332 [0 0 0 0 0 0 0 1 0 0 0 0 0 1 1 0 0 0 0 0 0 0 1 1 1 1 0 1 0 1 0]
62 9 54 0.08171445078356332 [0 0 0 0 0 0 0 1 0 0 0 0 0 1 1 0 0 0 0 0 0 0 1 1 1 1 0 1 0 1 0]
63 9 52 0.08171445078356332 [0 0 0 0 0 0 0 1 0 0 0 0 0 1 1 0 0 0 0 0 0 0 1 1 1 1 0 1 0 1 0]
64 9 56 0.08171445078356332 [0 0 0 0 0 0 0 1 0 0 0 0 0 1 1 0 0 0 0 0 0 0 1 1 1 1 0 1 0 1 0]
65 9 55 0.08171445078356332 [0 0 0 0 0 0 0 1 0 0 0 0 0 1 1 0 0 0 0 0 0 0 1 1 1 1 0 1 0 1 0]
66 9 53 0.08171445078356332 [0 0 0 0 0 0 0 1 0 0 0 0 0 1 1 0 0 0 0 0 0 0 1 1 1 1 0 1 0 1 0]
67 9 53 0.08171445078356332 [0 0 0 0 0 0 0 1 0 0 0 0 0 1 1 0 0 0 0 0 0 0 1 1 1 1 0 1 0 1 0]
68 9 52 0.08171445078356332 [0 0 0 0 0 0 0 1 0 0 0 0 0 1 1 0 0 0 0 0 0 0 1 1 1 1 0 1 0 1 0]
69 9 52 0.08171445078356332 [0 0 0 0 0 0 0 1 0 0 0 0 0 1 1 0 0 0 0 0 0 0 1 1 1 1 0 1 0 1 0]
70 9 53 0.08171445078356332 [0 0 0 0 0 0 0 1 0 0 0 0 0 1 1 0 0 0 0 0 0 0 1 1 1 1 0 1 0 1 0]
71 9 54 0.08171445078356332 [0 0 0 0 0 0 0 1 0 0 0 0 0 1 1 0 0 0 0 0 0 0 1 1 1 1 0 1 0 1 0]
72 9 59 0.08171445078356332 [0 0 0 0 0 0 0 1 0 0 0 0 0 1 1 0 0 0 0 0 0 0 1 1 1 1 0 1 0 1 0]
73 9 55 0.08171445078356332 [0 0 0 0 0 0 0 1 0 0 0 0 0 1 1 0 0 0 0 0 0 0 1 1 1 1 0 1 0 1 0]
74 9 53 0.08171445078356332 [0 0 0 0 0 0 0 1 0 0 0 0 0 1 1 0 0 0 0 0 0 0 1 1 1 1 0 1 0 1 0]
75 9 58 0.08171445078356332 [0 0 0 0 0 0 0 1 0 0 0 0 0 1 1 0 0 0 0 0 0 0 1 1 1 1 0 1 0 1 0]
76 9 50 0.08171445078356332 [0 0 0 0 0 0 0 1 0 0 0 0 0 1 1 0 0 0 0 0 0 0 1 1 1 1 0 1 0 1 0]
77 9 52 0.08171445078356332 [0 0 0 0 0 0 0 1 0 0 0 0 0 1 1 0 0 0 0 0 0 0 1 1 1 1 0 1 0 1 0]
78 14 58 0.07615032738362182 [0 0 1 0 1 0 0 1 0 0 0 1 0 1 1 0 0 0 0 0 1 1 1 1 1 1 0 1 0 0 1]
79 14 53 0.07615032738362182 [0 0 1 0 1 0 0 1 0 0 0 1 0 1 1 0 0 0 0 0 1 1 1 1 1 1 0 1 0 0 1]
80 14 53 0.07615032738362182 [0 0 1 0 1 0 0 1 0 0 0 1 0 1 1 0 0 0 0 0 1 1 1 1 1 1 0 1 0 0 1]
81 14 54 0.07615032738362182 [0 0 1 0 1 0 0 1 0 0 0 1 0 1 1 0 0 0 0 0 1 1 1 1 1 1 0 1 0 0 1]
82 14 54 0.07615032738362182 [0 0 1 0 1 0 0 1 0 0 0 1 0 1 1 0 0 0 0 0 1 1 1 1 1 1 0 1 0 0 1]
83 14 55 0.07615032738362182 [0 0 1 0 1 0 0 1 0 0 0 1 0 1 1 0 0 0 0 0 1 1 1 1 1 1 0 1 0 0 1]
84 14 55 0.07615032738362182 [0 0 1 0 1 0 0 1 0 0 0 1 0 1 1 0 0 0 0 0 1 1 1 1 1 1 0 1 0 0 1]
85 14 52 0.07615032738362182 [0 0 1 0 1 0 0 1 0 0 0 1 0 1 1 0 0 0 0 0 1 1 1 1 1 1 0 1 0 0 1]
86 14 52 0.07615032738362182 [0 0 1 0 1 0 0 1 0 0 0 1 0 1 1 0 0 0 0 0 1 1 1 1 1 1 0 1 0 0 1]
87 14 51 0.07615032738362182 [0 0 1 0 1 0 0 1 0 0 0 1 0 1 1 0 0 0 0 0 1 1 1 1 1 1 0 1 0 0 1]
88 14 56 0.07615032738362182 [0 0 1 0 1 0 0 1 0 0 0 1 0 1 1 0 0 0 0 0 1 1 1 1 1 1 0 1 0 0 1]
89 14 53 0.07615032738362182 [0 0 1 0 1 0 0 1 0 0 0 1 0 1 1 0 0 0 0 0 1 1 1 1 1 1 0 1 0 0 1]
90 14 50 0.07615032738362182 [0 0 1 0 1 0 0 1 0 0 0 1 0 1 1 0 0 0 0 0 1 1 1 1 1 1 0 1 0 0 1]
91 14 52 0.07615032738362182 [0 0 1 0 1 0 0 1 0 0 0 1 0 1 1 0 0 0 0 0 1 1 1 1 1 1 0 1 0 0 1]
92 14 56 0.07615032738362182 [0 0 1 0 1 0 0 1 0 0 0 1 0 1 1 0 0 0 0 0 1 1 1 1 1 1 0 1 0 0 1]
93 14 54 0.07615032738362182 [0 0 1 0 1 0 0 1 0 0 0 1 0 1 1 0 0 0 0 0 1 1 1 1 1 1 0 1 0 0 1]
94 14 53 0.07615032738362182 [0 0 1 0 1 0 0 1 0 0 0 1 0 1 1 0 0 0 0 0 1 1 1 1 1 1 0 1 0 0 1]
95 14 53 0.07615032738362182 [0 0 1 0 1 0 0 1 0 0 0 1 0 1 1 0 0 0 0 0 1 1 1 1 1 1 0 1 0 0 1]
96 14 52 0.072286734251643 [0 0 1 1 0 0 0 1 0 0 0 1 1 1 0 0 1 0 0 0 0 1 1 1 1 1 0 1 0 0 1]
97 14 51 0.072286734251643 [0 0 1 1 0 0 0 1 0 0 0 1 1 1 0 0 1 0 0 0 0 1 1 1 1 1 0 1 0 0 1]
98 14 51 0.072286734251643 [0 0 1 1 0 0 0 1 0 0 0 1 1 1 0 0 1 0 0 0 0 1 1 1 1 1 0 1 0 0 1]
99 14 53 0.072286734251643 [0 0 1 1 0 0 0 1 0 0 0 1 1 1 0 0 1 0 0 0 0 1 1 1 1 1 0 1 0 0 1]
100 14 53 0.072286734251643 [0 0 1 1 0 0 0 1 0 0 0 1 1 1 0 0 1 0 0 0 0 1 1 1 1 1 0 1 0 0 1]
101 14 55 0.072286734251643 [0 0 1 1 0 0 0 1 0 0 0 1 1 1 0 0 1 0 0 0 0 1 1 1 1 1 0 1 0 0 1]
102 14 53 0.072286734251643 [0 0 1 1 0 0 0 1 0 0 0 1 1 1 0 0 1 0 0 0 0 1 1 1 1 1 0 1 0 0 1]
103 13 52 0.0717175235084524 [0 0 0 1 0 0 0 1 0 0 0 1 1 1 0 1 0 0 0 0 0 1 1 1 1 1 0 1 0 0 1]
104 13 54 0.0717175235084524 [0 0 0 1 0 0 0 1 0 0 0 1 1 1 0 1 0 0 0 0 0 1 1 1 1 1 0 1 0 0 1]
105 13 53 0.0717175235084524 [0 0 0 1 0 0 0 1 0 0 0 1 1 1 0 1 0 0 0 0 0 1 1 1 1 1 0 1 0 0 1]
106 13 51 0.0717175235084524 [0 0 0 1 0 0 0 1 0 0 0 1 1 1 0 1 0 0 0 0 0 1 1 1 1 1 0 1 0 0 1]
107 13 54 0.0717175235084524 [0 0 0 1 0 0 0 1 0 0 0 1 1 1 0 1 0 0 0 0 0 1 1 1 1 1 0 1 0 0 1]
108 13 53 0.0717175235084524 [0 0 0 1 0 0 0 1 0 0 0 1 1 1 0 1 0 0 0 0 0 1 1 1 1 1 0 1 0 0 1]
109 13 51 0.0717175235084524 [0 0 0 1 0 0 0 1 0 0 0 1 1 1 0 1 0 0 0 0 0 1 1 1 1 1 0 1 0 0 1]
110 13 54 0.0717175235084524 [0 0 0 1 0 0 0 1 0 0 0 1 1 1 0 1 0 0 0 0 0 1 1 1 1 1 0 1 0 0 1]
111 14 53 0.06583133299908173 [0 0 1 1 0 0 0 1 0 0 0 1 1 1 0 1 0 0 0 0 0 1 1 1 1 1 0 1 0 0 1]
112 14 51 0.06583133299908173 [0 0 1 1 0 0 0 1 0 0 0 1 1 1 0 1 0 0 0 0 0 1 1 1 1 1 0 1 0 0 1]
113 14 51 0.06583133299908173 [0 0 1 1 0 0 0 1 0 0 0 1 1 1 0 1 0 0 0 0 0 1 1 1 1 1 0 1 0 0 1]
114 14 52 0.06583133299908173 [0 0 1 1 0 0 0 1 0 0 0 1 1 1 0 1 0 0 0 0 0 1 1 1 1 1 0 1 0 0 1]
115 14 55 0.06583133299908173 [0 0 1 1 0 0 0 1 0 0 0 1 1 1 0 1 0 0 0 0 0 1 1 1 1 1 0 1 0 0 1]
116 14 52 0.06583133299908173 [0 0 1 1 0 0 0 1 0 0 0 1 1 1 0 1 0 0 0 0 0 1 1 1 1 1 0 1 0 0 1]
117 14 52 0.06583133299908173 [0 0 1 1 0 0 0 1 0 0 0 1 1 1 0 1 0 0 0 0 0 1 1 1 1 1 0 1 0 0 1]
118 14 50 0.06583133299908173 [0 0 1 1 0 0 0 1 0 0 0 1 1 1 0 1 0 0 0 0 0 1 1 1 1 1 0 1 0 0 1]
119 14 52 0.06583133299908173 [0 0 1 1 0 0 0 1 0 0 0 1 1 1 0 1 0 0 0 0 0 1 1 1 1 1 0 1 0 0 1]
120 14 54 0.06583133299908173 [0 0 1 1 0 0 0 1 0 0 0 1 1 1 0 1 0 0 0 0 0 1 1 1 1 1 0 1 0 0 1]
121 14 53 0.06583133299908173 [0 0 1 1 0 0 0 1 0 0 0 1 1 1 0 1 0 0 0 0 0 1 1 1 1 1 0 1 0 0 1]
122 14 51 0.06583133299908173 [0 0 1 1 0 0 0 1 0 0 0 1 1 1 0 1 0 0 0 0 0 1 1 1 1 1 0 1 0 0 1]
123 14 55 0.06583133299908173 [0 0 1 1 0 0 0 1 0 0 0 1 1 1 0 1 0 0 0 0 0 1 1 1 1 1 0 1 0 0 1]
124 14 56 0.06583133299908173 [0 0 1 1 0 0 0 1 0 0 0 1 1 1 0 1 0 0 0 0 0 1 1 1 1 1 0 1 0 0 1]
125 14 50 0.06583133299908173 [0 0 1 1 0 0 0 1 0 0 0 1 1 1 0 1 0 0 0 0 0 1 1 1 1 1 0 1 0 0 1]
126 14 51 0.06583133299908173 [0 0 1 1 0 0 0 1 0 0 0 1 1 1 0 1 0 0 0 0 0 1 1 1 1 1 0 1 0 0 1]
127 14 51 0.06583133299908173 [0 0 1 1 0 0 0 1 0 0 0 1 1 1 0 1 0 0 0 0 0 1 1 1 1 1 0 1 0 0 1]
128 14 52 0.06583133299908173 [0 0 1 1 0 0 0 1 0 0 0 1 1 1 0 1 0 0 0 0 0 1 1 1 1 1 0 1 0 0 1]
129 14 53 0.06583133299908173 [0 0 1 1 0 0 0 1 0 0 0 1 1 1 0 1 0 0 0 0 0 1 1 1 1 1 0 1 0 0 1]
130 14 51 0.06583133299908173 [0 0 1 1 0 0 0 1 0 0 0 1 1 1 0 1 0 0 0 0 0 1 1 1 1 1 0 1 0 0 1]
131 14 51 0.06583133299908173 [0 0 1 1 0 0 0 1 0 0 0 1 1 1 0 1 0 0 0 0 0 1 1 1 1 1 0 1 0 0 1]
132 14 53 0.06583133299908173 [0 0 1 1 0 0 0 1 0 0 0 1 1 1 0 1 0 0 0 0 0 1 1 1 1 1 0 1 0 0 1]
133 14 54 0.06583133299908173 [0 0 1 1 0 0 0 1 0 0 0 1 1 1 0 1 0 0 0 0 0 1 1 1 1 1 0 1 0 0 1]
134 14 53 0.06583133299908173 [0 0 1 1 0 0 0 1 0 0 0 1 1 1 0 1 0 0 0 0 0 1 1 1 1 1 0 1 0 0 1]
135 14 53 0.06583133299908173 [0 0 1 1 0 0 0 1 0 0 0 1 1 1 0 1 0 0 0 0 0 1 1 1 1 1 0 1 0 0 1]
136 14 55 0.06583133299908173 [0 0 1 1 0 0 0 1 0 0 0 1 1 1 0 1 0 0 0 0 0 1 1 1 1 1 0 1 0 0 1]
137 14 51 0.06583133299908173 [0 0 1 1 0 0 0 1 0 0 0 1 1 1 0 1 0 0 0 0 0 1 1 1 1 1 0 1 0 0 1]
138 14 55 0.06583133299908173 [0 0 1 1 0 0 0 1 0 0 0 1 1 1 0 1 0 0 0 0 0 1 1 1 1 1 0 1 0 0 1]
139 14 53 0.06583133299908173 [0 0 1 1 0 0 0 1 0 0 0 1 1 1 0 1 0 0 0 0 0 1 1 1 1 1 0 1 0 0 1]
140 14 52 0.06583133299908173 [0 0 1 1 0 0 0 1 0 0 0 1 1 1 0 1 0 0 0 0 0 1 1 1 1 1 0 1 0 0 1]
141 14 51 0.06583133299908173 [0 0 1 1 0 0 0 1 0 0 0 1 1 1 0 1 0 0 0 0 0 1 1 1 1 1 0 1 0 0 1]
142 14 55 0.06583133299908173 [0 0 1 1 0 0 0 1 0 0 0 1 1 1 0 1 0 0 0 0 0 1 1 1 1 1 0 1 0 0 1]
143 14 54 0.06583133299908173 [0 0 1 1 0 0 0 1 0 0 0 1 1 1 0 1 0 0 0 0 0 1 1 1 1 1 0 1 0 0 1]
144 14 52 0.06583133299908173 [0 0 1 1 0 0 0 1 0 0 0 1 1 1 0 1 0 0 0 0 0 1 1 1 1 1 0 1 0 0 1]
145 14 53 0.06583133299908173 [0 0 1 1 0 0 0 1 0 0 0 1 1 1 0 1 0 0 0 0 0 1 1 1 1 1 0 1 0 0 1]
146 14 50 0.06583133299908173 [0 0 1 1 0 0 0 1 0 0 0 1 1 1 0 1 0 0 0 0 0 1 1 1 1 1 0 1 0 0 1]
147 14 52 0.06583133299908173 [0 0 1 1 0 0 0 1 0 0 0 1 1 1 0 1 0 0 0 0 0 1 1 1 1 1 0 1 0 0 1]
148 14 55 0.06583133299908173 [0 0 1 1 0 0 0 1 0 0 0 1 1 1 0 1 0 0 0 0 0 1 1 1 1 1 0 1 0 0 1]
149 14 58 0.06583133299908173 [0 0 1 1 0 0 0 1 0 0 0 1 1 1 0 1 0 0 0 0 0 1 1 1 1 1 0 1 0 0 1]
150 14 51 0.06583133299908173 [0 0 1 1 0 0 0 1 0 0 0 1 1 1 0 1 0 0 0 0 0 1 1 1 1 1 0 1 0 0 1]
