0 15 100 0.08493416254852326 [0 0 0 1 0 0 1 0 0 1 0 1 1 1 0 0 0 0 1 0 0 1 1 1 1 1 0 1 1 0 1]
1 19 90 0.08463217381066657 [0 1 0 1 1 0 0 0 0 1 0 1 1 1 0 1 1 1 1 1 1 0 1 1 1 0 1 1 0 0 1]
2 19 60 0.08463217381066657 [0 1 0 1 1 0 0 0 0 1 0 1 1 1 0 1 1 1 1 1 1 0 1 1 1 0 1 1 0 0 1]
3 19 54 0.08463217381066657 [0 1 0 1 1 0 0 0 0 1 0 1 1 1 0 1 1 1 1 1 1 0 1 1 1 0 1 1 0 0 1]
4 19 55 0.08463217381066657 [0 1 0 1 1 0 0 0 0 1 0 1 1 1 0 1 1 1 1 1 1 0 1 1 1 0 1 1 0 0 1]
5 19 53 0.08463217381066657 [0 1 0 1 1 0 0 0 0 1 0 1 1 1 0 1 1 1 1 1 1 0 1 1 1 0 1 1 0 0 1]
6 19 52 0.08463217381066657 [0 1 0 1 1 0 0 0 0 1 0 1 1 1 0 1 1 1 1 1 1 0 1 1 1 0 1 1 0 0 1]
7 19 51 0.08463217381066657 [0 1 0 1 1 0 0 0 0 1 0 1 1 1 0 1 1 1 1 1 1 0 1 1 1 0 1 1 0 0 1]
8 19 51 0.08463217381066657 [0 1 0 1 1 0 0 0 0 1 0 1 1 1 0 1 1 1 1 1 1 0 1 1 1 0 1 1 0 0 1]
9 19 53 0.08463217381066657 [0 1 0 1 1 0 0 0 0 1 0 1 1 1 0 1 1 1 1 1 1 0 1 1 1 0 1 1 0 0 1]
10 19 53 0.08463217381066657 [0 1 0 1 1 0 0 0 0 1 0 1 1 1 0 1 1 1 1 1 1 0 1 1 1 0 1 1 0 0 1]
11 19 53 0.08463217381066657 [0 1 0 1 1 0 0 0 0 1 0 1 1 1 0 1 1 1 1 1 1 0 1 1 1 0 1 1 0 0 1]
12 19 51 0.08463217381066657 [0 1 0 1 1 0 0 0 0 1 0 1 1 1 0 1 1 1 1 1 1 0 1 1 1 0 1 1 0 0 1]
13 19 54 0.08463217381066657 [0 1 0 1 1 0 0 0 0 1 0 1 1 1 0 1 1 1 1 1 1 0 1 1 1 0 1 1 0 0 1]
14 19 54 0.08463217381066657 [0 1 0 1 1 0 0 0 0 1 0 1 1 1 0 1 1 1 1 1 1 0 1 1 1 0 1 1 0 0 1]
15 19 59 0.08463217381066657 [0 1 0 1 1 0 0 0 0 1 0 1 1 1 0 1 1 1 1 1 1 0 1 1 1 0 1 1 0 0 1]
16 13 55 0.07932978996305107 [0 1 1 0 0 0 0 0 0 1 0 1 0 1 0 0 0 1 0 0 1 0 1 1 1 1 1 0 0 0 1]
17 13 53 0.07932978996305107 [0 1 1 0 0 0 0 0 0 1 0 1 0 1 0 0 0 1 0 0 1 0 1 1 1 1 1 0 0 0 1]
18 13 54 0.07932978996305107 [0 1 1 0 0 0 0 0 0 1 0 1 0 1 0 0 0 1 0 0 1 0 1 1 1 1 1 0 0 0 1]
19 13 52 0.07932978996305107 [0 1 1 0 0 0 0 0 0 1 0 1 0 1 0 0 0 1 0 0 1 0 1 1 1 1 1 0 0 0 1]
20 13 55 0.07932978996305107 [0 1 1 0 0 0 0 0 0 1 0 1 0 1 0 0 0 1 0 0 1 0 1 1 1 1 1 0 0 0 1]
21 13 54 0.07932978996305107 [0 1 1 0 0 0 0 0 0 1 0 1 0 1 0 0 0 1 0 0 1 0 1 1 1 1 1 0 0 0 1]
22 13 52 0.07932978996305107 [0 1 1 0 0 0 0 0 0 1 0 1 0 1 0 0 0 1 0 0 1 0 1 1 1 1 1 0 0 0 1]
23 13 53 0.07932978996305107 [0 1 1 0 0 0 0 0 0 1 0 1 0 1 0 0 0 1 0 0 1 0 1 1 1 1 1 0 0 0 1]
24 13 55 0.07932978996305107 [0 1 1 0 0 0 0 0 0 1 0 1 0 1 0 0 0 1 0 0 1 0 1 1 1 1 1 0 0 0 1]
25 13 50 0.07932978996305107 [0 1 1 0 0 0 0 0 0 1 0 1 0 1 0 0 0 1 0 0 1 0 1 1 1 1 1 0 0 0 1]
26 13 51 0.07932978996305107 [0 1 1 0 0 0 0 0 0 1 0 1 0 1 0 0 0 1 0 0 1 0 1 1 1 1 1 0 0 0 1]
27 13 49 0.07932978996305107 [0 1 1 0 0 0 0 0 0 1 0 1 0 1 0 0 0 1 0 0 1 0 1 1 1 1 1 0 0 0 1]
28 13 51 0.07932978996305107 [0 1 1 0 0 0 0 0 0 1 0 1 0 1 0 0 0 1 0 0 1 0 1 1 1 1 1 0 0 0 1]
29 13 54 0.07932978996305107 [0 1 1 0 0 0 0 0 0 1 0 1 0 1 0 0 0 1 0 0 1 0 1 1 1 1 1 0 0 0 1]
30 13 52 0.07932978996305107 [0 1 1 0 0 0 0 0 0 1 0 1 0 1 0 0 0 1 0 0 1 0 1 1 1 1 1 0 0 0 1]
31 13 53 0.07932978996305107 [0 1 1 0 0 0 0 0 0 1 0 1 0 1 0 0 0 1 0 0 1 0 1 1 1 1 1 0 0 0 1]
32 13 53 0.07932978996305107 [0 1 1 0 0 0 0 0 0 1 0 1 0 1 0 0 0 1 0 0 1 0 1 1 1 1 1 0 0 0 1]
33 13 54 0.07932978996305107 [0 1 1 0 0 0 0 0 0 1 0 1 0 1 0 0 0 1 0 0 1 0 1 1 1 1 1 0 0 0 1]
34 13 54 0.07932978996305107 [0 1 1 0 0 0 0 0 0 1 0 1 0 1 0 0 0 1 0 0 1 0 1 1 1 1 1 0 0 0 1]
35 13 52 0.07932978996305107 [0 1 1 0 0 0 0 0 0 1 0 1 0 1 0 0 0 1 0 0 1 0 1 1 1 1 1 0 0 0 1]
36 13 53 0.07932978996305107 [0 1 1 0 0 0 0 0 0 1 0 1 0 1 0 0 0 1 0 0 1 0 1 1 1 1 1 0 0 0 1]
37 13 52 0.07932978996305107 [0 1 1 0 0 0 0 0 0 1 0 1 0 1 0 0 0 1 0 0 1 0 1 1 1 1 1 0 0 0 1]
38 13 54 0.07728244658868344 [0 1 0 0 1 0 0 0 0 1 0 1 0 1 0 0 0 1 0 0 1 0 1 1 1 0 1 0 0 1 1]
39 13 53 0.07728244658868344 [0 1 0 0 1 0 0 0 0 1 0 1 0 1 0 0 0 1 0 0 1 0 1 1 1 0 1 0 0 1 1]
40 13 54 0.07728244658868344 [0 1 0 0 1 0 0 0 0 1 0 1 0 1 0 0 0 1 0 0 1 0 1 1 1 0 1 0 0 1 1]
41 13 53 0.07728244658868344 [0 1 0 0 1 0 0 0 0 1 0 1 0 1 0 0 0 1 0 0 1 0 1 1 1 0 1 0 0 1 1]
42 13 51 0.07728244658868344 [0 1 0 0 1 0 0 0 0 1 0 1 0 1 0 0 0 1 0 0 1 0 1 1 1 0 1 0 0 1 1]
43 13 53 0.07728244658868344 [0 1 0 0 1 0 0 0 0 1 0 1 0 1 0 0 0 1 0 0 1 0 1 1 1 0 1 0 0 1 1]
44 13 54 0.07728244658868344 [0 1 0 0 1 0 0 0 0 1 0 1 0 1 0 0 0 1 0 0 1 0 1 1 1 0 1 0 0 1 1]
45 13 55 0.07728244658868344 [0 1 0 0 1 0 0 0 0 1 0 1 0 1 0 0 0 1 0 0 1 0 1 1 1 0 1 0 0 1 1]
46 13 53 0.07728244658868344 [0 1 0 0 1 0 0 0 0 1 0 1 0 1 0 0 0 1 0 0 1 0 1 1 1 0 1 0 0 1 1]
47 13 51 0.07728244658868344 [0 1 0 0 1 0 0 0 0 1 0 1 0 1 0 0 0 1 0 0 1 0 1 1 1 0 1 0 0 1 1]
48 13 54 0.07728244658868344 [0 1 0 0 1 0 0 0 0 1 0 1 0 1 0 0 0 1 0 0 1 0 1 1 1 0 1 0 0 1 1]
49 13 56 0.07728244658868344 [0 1 0 0 1 0 0 0 0 1 0 1 0 1 0 0 0 1 0 0 1 0 1 1 1 0 1 0 0 1 1]
50 13 55 0.07728244658868344 [0 1 0 0 1 0 0 0 0 1 0 1 0 1 0 0 0 1 0 0 1 0 1 1 1 0 1 0 0 1 1]
51 13 51 0.07728244658868344 [0 1 0 0 1 0 0 0 0 1 0 1 0 1 0 0 0 1 0 0 1 0 1 1 1 0 1 0 0 1 1]
52 13 51 0.07728244658868344 [0 1 0 0 1 0 0 0 0 1 0 1 0 1 0 0 0 1 0 0 1 0 1 1 1 0 1 0 0 1 1]
53 13 57 0.07728244658868344 [0 1 0 0 1 0 0 0 0 1 0 1 0 1 0 0 0 1 0 0 1 0 1 1 1 0 1 0 0 1 1]
54 13 52 0.07728244658868344 [0 1 0 0 1 0 0 0 0 1 0 1 0 1 0 0 0 1 0 0 1 0 1 1 1 0 1 0 0 1 1]
55 13 54 0.07728244658868344 [0 1 0 0 1 0 0 0 0 1 0 1 0 1 0 0 0 1 0 0 1 0 1 1 1 0 1 0 0 1 1]
56 13 54 0.07728244658868344 [0 1 0 0 1 0 0 0 0 1 0 1 0 1 0 0 0 1 0 0 1 0 1 1 1 0 1 0 0 1 1]
57 13 54 0.07728244658868344 [0 1 0 0 1 0 0 0 0 1 0 1 0 1 0 0 0 1 0 0 1 0 1 1 1 0 1 0 0 1 1]
58 13 54 0.07728244658868344 [0 1 0 0 1 0 0 0 0 1 0 1 0 1 0 0 0 1 0 0 1 0 1 1 1 0 1 0 0 1 1]
59 13 52 0.07728244658868344 [0 1 0 0 1 0 0 0 0 1 0 1 0 1 0 0 0 1 0 0 1 0 1 1 1 0 1 0 0 1 1]
60 13 53 0.07728244658868344 [0 1 0 0 1 0 0 0 0 1 0 1 0 1 0 0 0 1 0 0 1 0 1 1 1 0 1 0 0 1 1]
61 13 52 0.07728244658868344 [0 1 0 0 1 0 0 0 0 1 0 1 0 1 0 0 0 1 0 0 1 0 1 1 1 0 1 0 0 1 1]
62 13 51 0.07728244658868344 [0 1 0 0 1 0 0 0 0 1 0 1 0 1 0 0 0 1 0 0 1 0 1 1 1 0 1 0 0 1 1]
63 13 51 0.07728244658868344 [0 1 0 0 1 0 0 0 0 1 0 1 0 1 0 0 0 1 0 0 1 0 1 1 1 0 1 0 0 1 1]
64 13 54 0.07728244658868344 [0 1 0 0 1 0 0 0 0 1 0 1 0 1 0 0 0 1 0 0 1 0 1 1 1 0 1 0 0 1 1]
65 13 54 0.07728244658868344 [0 1 0 0 1 0 0 0 0 1 0 1 0 1 0 0 0 1 0 0 1 0 1 1 1 0 1 0 0 1 1]
66 13 56 0.07728244658868344 [0 1 0 0 1 0 0 0 0 1 0 1 0 1 0 0 0 1 0 0 1 0 1 1 1 0 1 0 0 1 1]
67 13 56 0.07728244658868344 [0 1 0 0 1 0 0 0 0 1 0 1 0 1 0 0 0 1 0 0 1 0 1 1 1 0 1 0 0 1 1]
68 13 54 0.07728244658868344 [0 1 0 0 1 0 0 0 0 1 0 1 0 1 0 0 0 1 0 0 1 0 1 1 1 0 1 0 0 1 1]
69 13 51 0.07728244658868344 [0 1 0 0 1 0 0 0 0 1 0 1 0 1 0 0 0 1 0 0 1 0 1 1 1 0 1 0 0 1 1]
70 13 55 0.07728244658868344 [0 1 0 0 1 0 0 0 0 1 0 1 0 1 0 0 0 1 0 0 1 0 1 1 1 0 1 0 0 1 1]
71 13 56 0.07728244658868344 [0 1 0 0 1 0 0 0 0 1 0 1 0 1 0 0 0 1 0 0 1 0 1 1 1 0 1 0 0 1 1]
72 13 51 0.07728244658868344 [0 1 0 0 1 0 0 0 0 1 0 1 0 1 0 0 0 1 0 0 1 0 1 1 1 0 1 0 0 1 1]
73 13 53 0.07728244658868344 [0 1 0 0 1 0 0 0 0 1 0 1 0 1 0 0 0 1 0 0 1 0 1 1 1 0 1 0 0 1 1]
74 13 55 0.07728244658868344 [0 1 0 0 1 0 0 0 0 1 0 1 0 1 0 0 0 1 0 0 1 0 1 1 1 0 1 0 0 1 1]
75 13 53 0.07728244658868344 [0 1 0 0 1 0 0 0 0 1 0 1 0 1 0 0 0 1 0 0 1 0 1 1 1 0 1 0 0 1 1]
76 13 58 0.07728244658868344 [0 1 0 0 1 0 0 0 0 1 0 1 0 1 0 0 0 1 0 0 1 0 1 1 1 0 1 0 0 1 1]
77 13 54 0.07728244658868344 [0 1 0 0 1 0 0 0 0 1 0 1 0 1 0 0 0 1 0 0 1 0 1 1 1 0 1 0 0 1 1]
78 13 53 0.07728244658868344 [0 1 0 0 1 0 0 0 0 1 0 1 0 1 0 0 0 1 0 0 1 0 1 1 1 0 1 0 0 1 1]
79 13 50 0.07728244658868344 [0 1 0 0 1 0 0 0 0 1 0 1 0 1 0 0 0 1 0 0 1 0 1 1 1 0 1 0 0 1 1]
80 13 52 0.07728244658868344 [0 1 0 0 1 0 0 0 0 1 0 1 0 1 0 0 0 1 0 0 1 0 1 1 1 0 1 0 0 1 1]
81 13 51 0.07728244658868344 [0 1 0 0 1 0 0 0 0 1 0 1 0 1 0 0 0 1 0 0 1 0 1 1 1 0 1 0 0 1 1]
82 13 55 0.07728244658868344 [0 1 0 0 1 0 0 0 0 1 0 1 0 1 0 0 0 1 0 0 1 0 1 1 1 0 1 0 0 1 1]
83 13 55 0.07728244658868344 [0 1 0 0 1 0 0 0 0 1 0 1 0 1 0 0 0 1 0 0 1 0 1 1 1 0 1 0 0 1 1]
84 13 53 0.07164975593214284 [0 1 1 1 0 0 0 0 0 1 0 1 0 1 0 1 0 0 0 0 0 0 1 1 1 1 0 1 0 0 1]
85 13 53 0.07164975593214284 [0 1 1 1 0 0 0 0 0 1 0 1 0 1 0 1 0 0 0 0 0 0 1 1 1 1 0 1 0 0 1]
86 13 55 0.07164975593214284 [0 1 1 1 0 0 0 0 0 1 0 1 0 1 0 1 0 0 0 0 0 0 1 1 1 1 0 1 0 0 1]
87 13 54 0.07164975593214284 [0 1 1 1 0 0 0 0 0 1 0 1 0 1 0 1 0 0 0 0 0 0 1 1 1 1 0 1 0 0 1]
88 14 51 0.06494496677615691 [0 1 1 1 0 0 0 0 0 1 0 1 0 1 0 1 0 0 0 0 1 0 1 1 1 1 0 1 0 0 1]
89 14 60 0.06494496677615691 [0 1 1 1 0 0 0 0 0 1 0 1 0 1 0 1 0 0 0 0 1 0 1 1 1 1 0 1 0 0 1]
90 14 51 0.06494496677615691 [0 1 1 1 0 0 0 0 0 1 0 1 0 1 0 1 0 0 0 0 1 0 1 1 1 1 0 1 0 0 1]
91 14 53 0.06494496677615691 [0 1 1 1 0 0 0 0 0 1 0 1 0 1 0 1 0 0 0 0 1 0 1 1 1 1 0 1 0 0 1]
92 14 50 0.06494496677615691 [0 1 1 1 0 0 0 0 0 1 0 1 0 1 0 1 0 0 0 0 1 0 1 1 1 1 0 1 0 0 1]
93 14 55 0.06494496677615691 [0 1 1 1 0 0 0 0 0 1 0 1 0 1 0 1 0 0 0 0 1 0 1 1 1 1 0 1 0 0 1]
94 14 51 0.06494496677615691 [0 1 1 1 0 0 0 0 0 1 0 1 0 1 0 1 0 0 0 0 1 0 1 1 1 1 0 1 0 0 1]
95 14 51 0.06494496677615691 [0 1 1 1 0 0 0 0 0 1 0 1 0 1 0 1 0 0 0 0 1 0 1 1 1 1 0 1 0 0 1]
96 14 54 0.06494496677615691 [0 1 1 1 0 0 0 0 0 1 0 1 0 1 0 1 0 0 0 0 1 0 1 1 1 1 0 1 0 0 1]
97 14 52 0.06494496677615691 [0 1 1 1 0 0 0 0 0 1 0 1 0 1 0 1 0 0 0 0 1 0 1 1 1 1 0 1 0 0 1]
98 14 52 0.06494496677615691 [0 1 1 1 0 0 0 0 0 1 0 1 0 1 0 1 0 0 0 0 1 0 1 1 1 1 0 1 0 0 1]
99 14 58 0.06494496677615691 [0 1 1 1 0 0 0 0 0 1 0 1 0 1 0 1 0 0 0 0 1 0 1 1 1 1 0 1 0 0 1]
100 14 53 0.06494496677615691 [0 1 1 1 0 0 0 0 0 1 0 1 0 1 0 1 0 0 0 0 1 0 1 1 1 1 0 1 0 0 1]
101 14 54 0.06494496677615691 [0 1 1 1 0 0 0 0 0 1 0 1 0 1 0 1 0 0 0 0 1 0 1 1 1 1 0 1 0 0 1]
102 14 56 0.06494496677615691 [0 1 1 1 0 0 0 0 0 1 0 1 0 1 0 1 0 0 0 0 1 0 1 1 1 1 0 1 0 0 1]
103 14 55 0.06494496677615691 [0 1 1 1 0 0 0 0 0 1 0 1 0 1 0 1 0 0 0 0 1 0 1 1 1 1 0 1 0 0 1]
104 14 51 0.06494496677615691 [0 1 1 1 0 0 0 0 0 1 0 1 0 1 0 1 0 0 0 0 1 0 1 1 1 1 0 1 0 0 1]
105 14 51 0.06494496677615691 [0 1 1 1 0 0 0 0 0 1 0 1 0 1 0 1 0 0 0 0 1 0 1 1 1 1 0 1 0 0 1]
106 14 52 0.06494496677615691 [0 1 1 1 0 0 0 0 0 1 0 1 0 1 0 1 0 0 0 0 1 0 1 1 1 1 0 1 0 0 1]
107 14 52 0.06494496677615691 [0 1 1 1 0 0 0 0 0 1 0 1 0 1 0 1 0 0 0 0 1 0 1 1 1 1 0 1 0 0 1]
108 14 53 0.06494496677615691 [0 1 1 1 0 0 0 0 0 1 0 1 0 1 0 1 0 0 0 0 1 0 1 1 1 1 0 1 0 0 1]
109 14 53 0.06494496677615691 [0 1 1 1 0 0 0 0 0 1 0 1 0 1 0 1 0 0 0 0 1 0 1 1 1 1 0 1 0 0 1]
110 14 52 0.06494496677615691 [0 1 1 1 0 0 0 0 0 1 0 1 0 1 0 1 0 0 0 0 1 0 1 1 1 1 0 1 0 0 1]
111 14 53 0.06494496677615691 [0 1 1 1 0 0 0 0 0 1 0 1 0 1 0 1 0 0 0 0 1 0 1 1 1 1 0 1 0 0 1]
112 14 50 0.06494496677615691 [0 1 1 1 0 0 0 0 0 1 0 1 0 1 0 1 0 0 0 0 1 0 1 1 1 1 0 1 0 0 1]
113 14 50 0.06494496677615691 [0 1 1 1 0 0 0 0 0 1 0 1 0 1 0 1 0 0 0 0 1 0 1 1 1 1 0 1 0 0 1]
114 14 52 0.06494496677615691 [0 1 1 1 0 0 0 0 0 1 0 1 0 1 0 1 0 0 0 0 1 0 1 1 1 1 0 1 0 0 1]
115 14 55 0.06494496677615691 [0 1 1 1 0 0 0 0 0 1 0 1 0 1 0 1 0 0 0 0 1 0 1 1 1 1 0 1 0 0 1]
116 14 53 0.06494496677615691 [0 1 1 1 0 0 0 0 0 1 0 1 0 1 0 1 0 0 0 0 1 0 1 1 1 1 0 1 0 0 1]
117 14 53 0.06494496677615691 [0 1 1 1 0 0 0 0 0 1 0 1 0 1 0 1 0 0 0 0 1 0 1 1 1 1 0 1 0 0 1]
118 14 56 0.06494496677615691 [0 1 1 1 0 0 0 0 0 1 0 1 0 1 0 1 0 0 0 0 1 0 1 1 1 1 0 1 0 0 1]
119 14 54 0.06494496677615691 [0 1 1 1 0 0 0 0 0 1 0 1 0 1 0 1 0 0 0 0 1 0 1 1 1 1 0 1 0 0 1]
120 14 51 0.06494496677615691 [0 1 1 1 0 0 0 0 0 1 0 1 0 1 0 1 0 0 0 0 1 0 1 1 1 1 0 1 0 0 1]
121 14 54 0.06494496677615691 [0 1 1 1 0 0 0 0 0 1 0 1 0 1 0 1 0 0 0 0 1 0 1 1 1 1 0 1 0 0 1]
122 14 52 0.06494496677615691 [0 1 1 1 0 0 0 0 0 1 0 1 0 1 0 1 0 0 0 0 1 0 1 1 1 1 0 1 0 0 1]
123 14 51 0.06494496677615691 [0 1 1 1 0 0 0 0 0 1 0 1 0 1 0 1 0 0 0 0 1 0 1 1 1 1 0 1 0 0 1]
124 14 55 0.06494496677615691 [0 1 1 1 0 0 0 0 0 1 0 1 0 1 0 1 0 0 0 0 1 0 1 1 1 1 0 1 0 0 1]
125 14 54 0.06494496677615691 [0 1 1 1 0 0 0 0 0 1 0 1 0 1 0 1 0 0 0 0 1 0 1 1 1 1 0 1 0 0 1]
126 14 54 0.06494496677615691 [0 1 1 1 0 0 0 0 0 1 0 1 0 1 0 1 0 0 0 0 1 0 1 1 1 1 0 1 0 0 1]
127 14 53 0.06494496677615691 [0 1 1 1 0 0 0 0 0 1 0 1 0 1 0 1 0 0 0 0 1 0 1 1 1 1 0 1 0 0 1]
128 14 52 0.06494496677615691 [0 1 1 1 0 0 0 0 0 1 0 1 0 1 0 1 0 0 0 0 1 0 1 1 1 1 0 1 0 0 1]
129 14 52 0.06494496677615691 [0 1 1 1 0 0 0 0 0 1 0 1 0 1 0 1 0 0 0 0 1 0 1 1 1 1 0 1 0 0 1]
130 14 53 0.06494496677615691 [0 1 1 1 0 0 0 0 0 1 0 1 0 1 0 1 0 0 0 0 1 0 1 1 1 1 0 1 0 0 1]
131 14 53 0.06494496677615691 [0 1 1 1 0 0 0 0 0 1 0 1 0 1 0 1 0 0 0 0 1 0 1 1 1 1 0 1 0 0 1]
132 14 54 0.06494496677615691 [0 1 1 1 0 0 0 0 0 1 0 1 0 1 0 1 0 0 0 0 1 0 1 1 1 1 0 1 0 0 1]
133 14 55 0.06494496677615691 [0 1 1 1 0 0 0 0 0 1 0 1 0 1 0 1 0 0 0 0 1 0 1 1 1 1 0 1 0 0 1]
134 14 55 0.06494496677615691 [0 1 1 1 0 0 0 0 0 1 0 1 0 1 0 1 0 0 0 0 1 0 1 1 1 1 0 1 0 0 1]
135 14 51 0.06494496677615691 [0 1 1 1 0 0 0 0 0 1 0 1 0 1 0 1 0 0 0 0 1 0 1 1 1 1 0 1 0 0 1]
136 14 53 0.06494496677615691 [0 1 1 1 0 0 0 0 0 1 0 1 0 1 0 1 0 0 0 0 1 0 1 1 1 1 0 1 0 0 1]
137 14 52 0.06494496677615691 [0 1 1 1 0 0 0 0 0 1 0 1 0 1 0 1 0 0 0 0 1 0 1 1 1 1 0 1 0 0 1]
138 14 51 0.06494496677615691 [0 1 1 1 0 0 0 0 0 1 0 1 0 1 0 1 0 0 0 0 1 0 1 1 1 1 0 1 0 0 1]
139 14 51 0.06494496677615691 [0 1 1 1 0 0 0 0 0 1 0 1 0 1 0 1 0 0 0 0 1 0 1 1 1 1 0 1 0 0 1]
140 14 52 0.06494496677615691 [0 1 1 1 0 0 0 0 0 1 0 1 0 1 0 1 0 0 0 0 1 0 1 1 1 1 0 1 0 0 1]
141 14 55 0.06494496677615691 [0 1 1 1 0 0 0 0 0 1 0 1 0 1 0 1 0 0 0 0 1 0 1 1 1 1 0 1 0 0 1]
142 15 56 0.06317722275070226 [0 1 1 1 0 0 0 0 0 1 0 1 0 1 0 1 0 0 0 0 1 0 1 1 1 1 0 1 0 1 1]
143 15 52 0.06317722275070226 [0 1 1 1 0 0 0 0 0 1 0 1 0 1 0 1 0 0 0 0 1 0 1 1 1 1 0 1 0 1 1]
144 15 51 0.06317722275070226 [0 1 1 1 0 0 0 0 0 1 0 1 0 1 0 1 0 0 0 0 1 0 1 1 1 1 0 1 0 1 1]
145 15 54 0.06317722275070226 [0 1 1 1 0 0 0 0 0 1 0 1 0 1 0 1 0 0 0 0 1 0 1 1 1 1 0 1 0 1 1]
146 15 54 0.06317722275070226 [0 1 1 1 0 0 0 0 0 1 0 1 0 1 0 1 0 0 0 0 1 0 1 1 1 1 0 1 0 1 1]
147 15 53 0.06317722275070226 [0 1 1 1 0 0 0 0 0 1 0 1 0 1 0 1 0 0 0 0 1 0 1 1 1 1 0 1 0 1 1]
148 15 53 0.06317722275070226 [0 1 1 1 0 0 0 0 0 1 0 1 0 1 0 1 0 0 0 0 1 0 1 1 1 1 0 1 0 1 1]
149 15 53 0.06317722275070226 [0 1 1 1 0 0 0 0 0 1 0 1 0 1 0 1 0 0 0 0 1 0 1 1 1 1 0 1 0 1 1]
150 15 52 0.06317722275070226 [0 1 1 1 0 0 0 0 0 1 0 1 0 1 0 1 0 0 0 0 1 0 1 1 1 1 0 1 0 1 1]
