0 17 100 0.09291671989925343 [0 1 1 1 0 1 0 0 0 0 0 1 0 1 1 1 0 0 1 0 1 0 1 1 1 1 1 0 1 1 0]
1 19 86 0.086609958035613 [0 0 1 1 1 0 1 1 0 0 0 1 0 1 1 1 1 0 1 0 0 1 1 1 1 1 0 1 1 0 1]
2 19 54 0.086609958035613 [0 0 1 1 1 0 1 1 0 0 0 1 0 1 1 1 1 0 1 0 0 1 1 1 1 1 0 1 1 0 1]
3 19 53 0.086609958035613 [0 0 1 1 1 0 1 1 0 0 0 1 0 1 1 1 1 0 1 0 0 1 1 1 1 1 0 1 1 0 1]
4 19 51 0.086609958035613 [0 0 1 1 1 0 1 1 0 0 0 1 0 1 1 1 1 0 1 0 0 1 1 1 1 1 0 1 1 0 1]
5 18 53 0.08115883214970132 [0 1 1 0 1 1 1 0 0 1 0 0 0 1 1 1 1 0 0 0 1 0 1 1 1 1 0 1 1 0 1]
6 18 56 0.08115883214970132 [0 1 1 0 1 1 1 0 0 1 0 0 0 1 1 1 1 0 0 0 1 0 1 1 1 1 0 1 1 0 1]
7 18 55 0.08115883214970132 [0 1 1 0 1 1 1 0 0 1 0 0 0 1 1 1 1 0 0 0 1 0 1 1 1 1 0 1 1 0 1]
8 18 52 0.08115883214970132 [0 1 1 0 1 1 1 0 0 1 0 0 0 1 1 1 1 0 0 0 1 0 1 1 1 1 0 1 1 0 1]
9 18 57 0.08115883214970132 [0 1 1 0 1 1 1 0 0 1 0 0 0 1 1 1 1 0 0 0 1 0 1 1 1 1 0 1 1 0 1]
10 18 52 0.08115883214970132 [0 1 1 0 1 1 1 0 0 1 0 0 0 1 1 1 1 0 0 0 1 0 1 1 1 1 0 1 1 0 1]
11 18 50 0.08115883214970132 [0 1 1 0 1 1 1 0 0 1 0 0 0 1 1 1 1 0 0 0 1 0 1 1 1 1 0 1 1 0 1]
12 18 53 0.08115883214970132 [0 1 1 0 1 1 1 0 0 1 0 0 0 1 1 1 1 0 0 0 1 0 1 1 1 1 0 1 1 0 1]
13 18 52 0.08115883214970132 [0 1 1 0 1 1 1 0 0 1 0 0 0 1 1 1 1 0 0 0 1 0 1 1 1 1 0 1 1 0 1]
14 18 53 0.08115883214970132 [0 1 1 0 1 1 1 0 0 1 0 0 0 1 1 1 1 0 0 0 1 0 1 1 1 1 0 1 1 0 1]
15 18 55 0.08115883214970132 [0 1 1 0 1 1 1 0 0 1 0 0 0 1 1 1 1 0 0 0 1 0 1 1 1 1 0 1 1 0 1]
16 18 53 0.08115883214970132 [0 1 1 0 1 1 1 0 0 1 0 0 0 1 1 1 1 0 0 0 1 0 1 1 1 1 0 1 1 0 1]
17 18 53 0.08115883214970132 [0 1 1 0 1 1 1 0 0 1 0 0 0 1 1 1 1 0 0 0 1 0 1 1 1 1 0 1 1 0 1]
18 18 53 0.08115883214970132 [0 1 1 0 1 1 1 0 0 1 0 0 0 1 1 1 1 0 0 0 1 0 1 1 1 1 0 1 1 0 1]
19 18 51 0.08115883214970132 [0 1 1 0 1 1 1 0 0 1 0 0 0 1 1 1 1 0 0 0 1 0 1 1 1 1 0 1 1 0 1]
20 18 54 0.08115883214970132 [0 1 1 0 1 1 1 0 0 1 0 0 0 1 1 1 1 0 0 0 1 0 1 1 1 1 0 1 1 0 1]
21 18 53 0.08115883214970132 [0 1 1 0 1 1 1 0 0 1 0 0 0 1 1 1 1 0 0 0 1 0 1 1 1 1 0 1 1 0 1]
22 18 53 0.08115883214970132 [0 1 1 0 1 1 1 0 0 1 0 0 0 1 1 1 1 0 0 0 1 0 1 1 1 1 0 1 1 0 1]
23 18 52 0.08115883214970132 [0 1 1 0 1 1 1 0 0 1 0 0 0 1 1 1 1 0 0 0 1 0 1 1 1 1 0 1 1 0 1]
24 18 53 0.08115883214970132 [0 1 1 0 1 1 1 0 0 1 0 0 0 1 1 1 1 0 0 0 1 0 1 1 1 1 0 1 1 0 1]
25 18 55 0.08115883214970132 [0 1 1 0 1 1 1 0 0 1 0 0 0 1 1 1 1 0 0 0 1 0 1 1 1 1 0 1 1 0 1]
26 18 53 0.08115883214970132 [0 1 1 0 1 1 1 0 0 1 0 0 0 1 1 1 1 0 0 0 1 0 1 1 1 1 0 1 1 0 1]
27 18 54 0.08115883214970132 [0 1 1 0 1 1 1 0 0 1 0 0 0 1 1 1 1 0 0 0 1 0 1 1 1 1 0 1 1 0 1]
28 18 50 0.08115883214970132 [0 1 1 0 1 1 1 0 0 1 0 0 0 1 1 1 1 0 0 0 1 0 1 1 1 1 0 1 1 0 1]
29 18 53 0.08115883214970132 [0 1 1 0 1 1 1 0 0 1 0 0 0 1 1 1 1 0 0 0 1 0 1 1 1 1 0 1 1 0 1]
30 18 52 0.08115883214970132 [0 1 1 0 1 1 1 0 0 1 0 0 0 1 1 1 1 0 0 0 1 0 1 1 1 1 0 1 1 0 1]
31 18 53 0.08115883214970132 [0 1 1 0 1 1 1 0 0 1 0 0 0 1 1 1 1 0 0 0 1 0 1 1 1 1 0 1 1 0 1]
32 18 55 0.08115883214970132 [0 1 1 0 1 1 1 0 0 1 0 0 0 1 1 1 1 0 0 0 1 0 1 1 1 1 0 1 1 0 1]
33 18 54 0.08115883214970132 [0 1 1 0 1 1 1 0 0 1 0 0 0 1 1 1 1 0 0 0 1 0 1 1 1 1 0 1 1 0 1]
34 18 54 0.08115883214970132 [0 1 1 0 1 1 1 0 0 1 0 0 0 1 1 1 1 0 0 0 1 0 1 1 1 1 0 1 1 0 1]
35 18 53 0.08115883214970132 [0 1 1 0 1 1 1 0 0 1 0 0 0 1 1 1 1 0 0 0 1 0 1 1 1 1 0 1 1 0 1]
36 18 51 0.08115883214970132 [0 1 1 0 1 1 1 0 0 1 0 0 0 1 1 1 1 0 0 0 1 0 1 1 1 1 0 1 1 0 1]
37 18 57 0.08115883214970132 [0 1 1 0 1 1 1 0 0 1 0 0 0 1 1 1 1 0 0 0 1 0 1 1 1 1 0 1 1 0 1]
38 18 53 0.08115883214970132 [0 1 1 0 1 1 1 0 0 1 0 0 0 1 1 1 1 0 0 0 1 0 1 1 1 1 0 1 1 0 1]
39 18 57 0.08115883214970132 [0 1 1 0 1 1 1 0 0 1 0 0 0 1 1 1 1 0 0 0 1 0 1 1 1 1 0 1 1 0 1]
40 18 52 0.08115883214970132 [0 1 1 0 1 1 1 0 0 1 0 0 0 1 1 1 1 0 0 0 1 0 1 1 1 1 0 1 1 0 1]
41 11 50 0.07569256703744054 [0 1 1 1 0 0 1 0 0 0 0 0 0 1 0 0 0 0 0 0 0 0 1 1 1 1 0 0 1 0 1]
42 11 51 0.07569256703744054 [0 1 1 1 0 0 1 0 0 0 0 0 0 1 0 0 0 0 0 0 0 0 1 1 1 1 0 0 1 0 1]
43 11 54 0.07569256703744054 [0 1 1 1 0 0 1 0 0 0 0 0 0 1 0 0 0 0 0 0 0 0 1 1 1 1 0 0 1 0 1]
44 11 55 0.07569256703744054 [0 1 1 1 0 0 1 0 0 0 0 0 0 1 0 0 0 0 0 0 0 0 1 1 1 1 0 0 1 0 1]
45 11 54 0.07569256703744054 [0 1 1 1 0 0 1 0 0 0 0 0 0 1 0 0 0 0 0 0 0 0 1 1 1 1 0 0 1 0 1]
46 11 55 0.07569256703744054 [0 1 1 1 0 0 1 0 0 0 0 0 0 1 0 0 0 0 0 0 0 0 1 1 1 1 0 0 1 0 1]
47 11 52 0.07569256703744054 [0 1 1 1 0 0 1 0 0 0 0 0 0 1 0 0 0 0 0 0 0 0 1 1 1 1 0 0 1 0 1]
48 11 53 0.07569256703744054 [0 1 1 1 0 0 1 0 0 0 0 0 0 1 0 0 0 0 0 0 0 0 1 1 1 1 0 0 1 0 1]
49 11 56 0.07569256703744054 [0 1 1 1 0 0 1 0 0 0 0 0 0 1 0 0 0 0 0 0 0 0 1 1 1 1 0 0 1 0 1]
50 11 57 0.07569256703744054 [0 1 1 1 0 0 1 0 0 0 0 0 0 1 0 0 0 0 0 0 0 0 1 1 1 1 0 0 1 0 1]
51 11 53 0.07569256703744054 [0 1 1 1 0 0 1 0 0 0 0 0 0 1 0 0 0 0 0 0 0 0 1 1 1 1 0 0 1 0 1]
52 11 53 0.07569256703744054 [0 1 1 1 0 0 1 0 0 0 0 0 0 1 0 0 0 0 0 0 0 0 1 1 1 1 0 0 1 0 1]
53 11 51 0.07569256703744054 [0 1 1 1 0 0 1 0 0 0 0 0 0 1 0 0 0 0 0 0 0 0 1 1 1 1 0 0 1 0 1]
54 11 51 0.07569256703744054 [0 1 1 1 0 0 1 0 0 0 0 0 0 1 0 0 0 0 0 0 0 0 1 1 1 1 0 0 1 0 1]
55 11 55 0.07569256703744054 [0 1 1 1 0 0 1 0 0 0 0 0 0 1 0 0 0 0 0 0 0 0 1 1 1 1 0 0 1 0 1]
56 11 54 0.07569256703744054 [0 1 1 1 0 0 1 0 0 0 0 0 0 1 0 0 0 0 0 0 0 0 1 1 1 1 0 0 1 0 1]
57 11 51 0.07569256703744054 [0 1 1 1 0 0 1 0 0 0 0 0 0 1 0 0 0 0 0 0 0 0 1 1 1 1 0 0 1 0 1]
58 11 50 0.07569256703744054 [0 1 1 1 0 0 1 0 0 0 0 0 0 1 0 0 0 0 0 0 0 0 1 1 1 1 0 0 1 0 1]
59 11 52 0.07569256703744054 [0 1 1 1 0 0 1 0 0 0 0 0 0 1 0 0 0 0 0 0 0 0 1 1 1 1 0 0 1 0 1]
60 11 53 0.07569256703744054 [0 1 1 1 0 0 1 0 0 0 0 0 0 1 0 0 0 0 0 0 0 0 1 1 1 1 0 0 1 0 1]
61 11 53 0.07569256703744054 [0 1 1 1 0 0 1 0 0 0 0 0 0 1 0 0 0 0 0 0 0 0 1 1 1 1 0 0 1 0 1]
62 11 52 0.07569256703744054 [0 1 1 1 0 0 1 0 0 0 0 0 0 1 0 0 0 0 0 0 0 0 1 1 1 1 0 0 1 0 1]
63 11 53 0.07569256703744054 [0 1 1 1 0 0 1 0 0 0 0 0 0 1 0 0 0 0 0 0 0 0 1 1 1 1 0 0 1 0 1]
64 11 54 0.07569256703744054 [0 1 1 1 0 0 1 0 0 0 0 0 0 1 0 0 0 0 0 0 0 0 1 1 1 1 0 0 1 0 1]
65 11 55 0.07569256703744054 [0 1 1 1 0 0 1 0 0 0 0 0 0 1 0 0 0 0 0 0 0 0 1 1 1 1 0 0 1 0 1]
66 11 51 0.07569256703744054 [0 1 1 1 0 0 1 0 0 0 0 0 0 1 0 0 0 0 0 0 0 0 1 1 1 1 0 0 1 0 1]
67 11 53 0.07569256703744054 [0 1 1 1 0 0 1 0 0 0 0 0 0 1 0 0 0 0 0 0 0 0 1 1 1 1 0 0 1 0 1]
68 11 53 0.07569256703744054 [0 1 1 1 0 0 1 0 0 0 0 0 0 1 0 0 0 0 0 0 0 0 1 1 1 1 0 0 1 0 1]
69 11 52 0.07569256703744054 [0 1 1 1 0 0 1 0 0 0 0 0 0 1 0 0 0 0 0 0 0 0 1 1 1 1 0 0 1 0 1]
70 11 52 0.07569256703744054 [0 1 1 1 0 0 1 0 0 0 0 0 0 1 0 0 0 0 0 0 0 0 1 1 1 1 0 0 1 0 1]
71 11 53 0.07569256703744054 [0 1 1 1 0 0 1 0 0 0 0 0 0 1 0 0 0 0 0 0 0 0 1 1 1 1 0 0 1 0 1]
72 11 50 0.07569256703744054 [0 1 1 1 0 0 1 0 0 0 0 0 0 1 0 0 0 0 0 0 0 0 1 1 1 1 0 0 1 0 1]
73 11 55 0.07569256703744054 [0 1 1 1 0 0 1 0 0 0 0 0 0 1 0 0 0 0 0 0 0 0 1 1 1 1 0 0 1 0 1]
74 11 54 0.07569256703744054 [0 1 1 1 0 0 1 0 0 0 0 0 0 1 0 0 0 0 0 0 0 0 1 1 1 1 0 0 1 0 1]
75 11 54 0.07569256703744054 [0 1 1 1 0 0 1 0 0 0 0 0 0 1 0 0 0 0 0 0 0 0 1 1 1 1 0 0 1 0 1]
76 11 55 0.07569256703744054 [0 1 1 1 0 0 1 0 0 0 0 0 0 1 0 0 0 0 0 0 0 0 1 1 1 1 0 0 1 0 1]
77 11 52 0.07569256703744054 [0 1 1 1 0 0 1 0 0 0 0 0 0 1 0 0 0 0 0 0 0 0 1 1 1 1 0 0 1 0 1]
78 11 51 0.07569256703744054 [0 1 1 1 0 0 1 0 0 0 0 0 0 1 0 0 0 0 0 0 0 0 1 1 1 1 0 0 1 0 1]
79 11 55 0.07569256703744054 [0 1 1 1 0 0 1 0 0 0 0 0 0 1 0 0 0 0 0 0 0 0 1 1 1 1 0 0 1 0 1]
80 11 54 0.07569256703744054 [0 1 1 1 0 0 1 0 0 0 0 0 0 1 0 0 0 0 0 0 0 0 1 1 1 1 0 0 1 0 1]
81 11 51 0.07569256703744054 [0 1 1 1 0 0 1 0 0 0 0 0 0 1 0 0 0 0 0 0 0 0 1 1 1 1 0 0 1 0 1]
82 11 50 0.07569256703744054 [0 1 1 1 0 0 1 0 0 0 0 0 0 1 0 0 0 0 0 0 0 0 1 1 1 1 0 0 1 0 1]
83 11 53 0.07569256703744054 [0 1 1 1 0 0 1 0 0 0 0 0 0 1 0 0 0 0 0 0 0 0 1 1 1 1 0 0 1 0 1]
84 11 54 0.07569256703744054 [0 1 1 1 0 0 1 0 0 0 0 0 0 1 0 0 0 0 0 0 0 0 1 1 1 1 0 0 1 0 1]
85 11 51 0.07569256703744054 [0 1 1 1 0 0 1 0 0 0 0 0 0 1 0 0 0 0 0 0 0 0 1 1 1 1 0 0 1 0 1]
86 11 53 0.07569256703744054 [0 1 1 1 0 0 1 0 0 0 0 0 0 1 0 0 0 0 0 0 0 0 1 1 1 1 0 0 1 0 1]
87 11 52 0.07569256703744054 [0 1 1 1 0 0 1 0 0 0 0 0 0 1 0 0 0 0 0 0 0 0 1 1 1 1 0 0 1 0 1]
88 11 51 0.07569256703744054 [0 1 1 1 0 0 1 0 0 0 0 0 0 1 0 0 0 0 0 0 0 0 1 1 1 1 0 0 1 0 1]
89 11 55 0.07569256703744054 [0 1 1 1 0 0 1 0 0 0 0 0 0 1 0 0 0 0 0 0 0 0 1 1 1 1 0 0 1 0 1]
90 11 51 0.07569256703744054 [0 1 1 1 0 0 1 0 0 0 0 0 0 1 0 0 0 0 0 0 0 0 1 1 1 1 0 0 1 0 1]
91 11 51 0.07569256703744054 [0 1 1 1 0 0 1 0 0 0 0 0 0 1 0 0 0 0 0 0 0 0 1 1 1 1 0 0 1 0 1]
92 11 53 0.07569256703744054 [0 1 1 1 0 0 1 0 0 0 0 0 0 1 0 0 0 0 0 0 0 0 1 1 1 1 0 0 1 0 1]
93 11 52 0.07569256703744054 [0 1 1 1 0 0 1 0 0 0 0 0 0 1 0 0 0 0 0 0 0 0 1 1 1 1 0 0 1 0 1]
94 11 55 0.07569256703744054 [0 1 1 1 0 0 1 0 0 0 0 0 0 1 0 0 0 0 0 0 0 0 1 1 1 1 0 0 1 0 1]
95 11 52 0.07569256703744054 [0 1 1 1 0 0 1 0 0 0 0 0 0 1 0 0 0 0 0 0 0 0 1 1 1 1 0 0 1 0 1]
96 11 50 0.07569256703744054 [0 1 1 1 0 0 1 0 0 0 0 0 0 1 0 0 0 0 0 0 0 0 1 1 1 1 0 0 1 0 1]
97 11 51 0.07569256703744054 [0 1 1 1 0 0 1 0 0 0 0 0 0 1 0 0 0 0 0 0 0 0 1 1 1 1 0 0 1 0 1]
98 11 53 0.07569256703744054 [0 1 1 1 0 0 1 0 0 0 0 0 0 1 0 0 0 0 0 0 0 0 1 1 1 1 0 0 1 0 1]
99 11 53 0.07569256703744054 [0 1 1 1 0 0 1 0 0 0 0 0 0 1 0 0 0 0 0 0 0 0 1 1 1 1 0 0 1 0 1]
100 11 56 0.07569256703744054 [0 1 1 1 0 0 1 0 0 0 0 0 0 1 0 0 0 0 0 0 0 0 1 1 1 1 0 0 1 0 1]
101 11 51 0.07569256703744054 [0 1 1 1 0 0 1 0 0 0 0 0 0 1 0 0 0 0 0 0 0 0 1 1 1 1 0 0 1 0 1]
102 11 53 0.07569256703744054 [0 1 1 1 0 0 1 0 0 0 0 0 0 1 0 0 0 0 0 0 0 0 1 1 1 1 0 0 1 0 1]
103 11 53 0.07569256703744054 [0 1 1 1 0 0 1 0 0 0 0 0 0 1 0 0 0 0 0 0 0 0 1 1 1 1 0 0 1 0 1]
104 11 55 0.07569256703744054 [0 1 1 1 0 0 1 0 0 0 0 0 0 1 0 0 0 0 0 0 0 0 1 1 1 1 0 0 1 0 1]
105 11 51 0.07569256703744054 [0 1 1 1 0 0 1 0 0 0 0 0 0 1 0 0 0 0 0 0 0 0 1 1 1 1 0 0 1 0 1]
106 11 53 0.07569256703744054 [0 1 1 1 0 0 1 0 0 0 0 0 0 1 0 0 0 0 0 0 0 0 1 1 1 1 0 0 1 0 1]
107 11 52 0.07569256703744054 [0 1 1 1 0 0 1 0 0 0 0 0 0 1 0 0 0 0 0 0 0 0 1 1 1 1 0 0 1 0 1]
108 11 53 0.07569256703744054 [0 1 1 1 0 0 1 0 0 0 0 0 0 1 0 0 0 0 0 0 0 0 1 1 1 1 0 0 1 0 1]
109 13 54 0.07118474657194995 [0 1 1 0 1 0 0 0 0 1 0 0 1 1 0 0 0 0 0 0 1 0 1 1 1 1 0 1 0 0 1]
110 13 54 0.07118474657194995 [0 1 1 0 1 0 0 0 0 1 0 0 1 1 0 0 0 0 0 0 1 0 1 1 1 1 0 1 0 0 1]
111 13 53 0.07118474657194995 [0 1 1 0 1 0 0 0 0 1 0 0 1 1 0 0 0 0 0 0 1 0 1 1 1 1 0 1 0 0 1]
112 13 52 0.07118474657194995 [0 1 1 0 1 0 0 0 0 1 0 0 1 1 0 0 0 0 0 0 1 0 1 1 1 1 0 1 0 0 1]
113 13 52 0.07118474657194995 [0 1 1 0 1 0 0 0 0 1 0 0 1 1 0 0 0 0 0 0 1 0 1 1 1 1 0 1 0 0 1]
114 13 52 0.07118474657194995 [0 1 1 0 1 0 0 0 0 1 0 0 1 1 0 0 0 0 0 0 1 0 1 1 1 1 0 1 0 0 1]
115 13 53 0.07118474657194995 [0 1 1 0 1 0 0 0 0 1 0 0 1 1 0 0 0 0 0 0 1 0 1 1 1 1 0 1 0 0 1]
116 13 55 0.07118474657194995 [0 1 1 0 1 0 0 0 0 1 0 0 1 1 0 0 0 0 0 0 1 0 1 1 1 1 0 1 0 0 1]
117 13 53 0.07118474657194995 [0 1 1 0 1 0 0 0 0 1 0 0 1 1 0 0 0 0 0 0 1 0 1 1 1 1 0 1 0 0 1]
118 13 52 0.07118474657194995 [0 1 1 0 1 0 0 0 0 1 0 0 1 1 0 0 0 0 0 0 1 0 1 1 1 1 0 1 0 0 1]
119 13 53 0.07118474657194995 [0 1 1 0 1 0 0 0 0 1 0 0 1 1 0 0 0 0 0 0 1 0 1 1 1 1 0 1 0 0 1]
120 13 52 0.07118474657194995 [0 1 1 0 1 0 0 0 0 1 0 0 1 1 0 0 0 0 0 0 1 0 1 1 1 1 0 1 0 0 1]
121 13 53 0.07118474657194995 [0 1 1 0 1 0 0 0 0 1 0 0 1 1 0 0 0 0 0 0 1 0 1 1 1 1 0 1 0 0 1]
122 13 52 0.07118474657194995 [0 1 1 0 1 0 0 0 0 1 0 0 1 1 0 0 0 0 0 0 1 0 1 1 1 1 0 1 0 0 1]
123 13 54 0.07118474657194995 [0 1 1 0 1 0 0 0 0 1 0 0 1 1 0 0 0 0 0 0 1 0 1 1 1 1 0 1 0 0 1]
124 13 53 0.07118474657194995 [0 1 1 0 1 0 0 0 0 1 0 0 1 1 0 0 0 0 0 0 1 0 1 1 1 1 0 1 0 0 1]
125 13 52 0.07118474657194995 [0 1 1 0 1 0 0 0 0 1 0 0 1 1 0 0 0 0 0 0 1 0 1 1 1 1 0 1 0 0 1]
126 13 55 0.07118474657194995 [0 1 1 0 1 0 0 0 0 1 0 0 1 1 0 0 0 0 0 0 1 0 1 1 1 1 0 1 0 0 1]
127 13 54 0.07118474657194995 [0 1 1 0 1 0 0 0 0 1 0 0 1 1 0 0 0 0 0 0 1 0 1 1 1 1 0 1 0 0 1]
128 13 52 0.07118474657194995 [0 1 1 0 1 0 0 0 0 1 0 0 1 1 0 0 0 0 0 0 1 0 1 1 1 1 0 1 0 0 1]
129 13 51 0.07118474657194995 [0 1 1 0 1 0 0 0 0 1 0 0 1 1 0 0 0 0 0 0 1 0 1 1 1 1 0 1 0 0 1]
130 13 52 0.07118474657194995 [0 1 1 0 1 0 0 0 0 1 0 0 1 1 0 0 0 0 0 0 1 0 1 1 1 1 0 1 0 0 1]
131 13 52 0.07118474657194995 [0 1 1 0 1 0 0 0 0 1 0 0 1 1 0 0 0 0 0 0 1 0 1 1 1 1 0 1 0 0 1]
132 13 54 0.07118474657194995 [0 1 1 0 1 0 0 0 0 1 0 0 1 1 0 0 0 0 0 0 1 0 1 1 1 1 0 1 0 0 1]
133 13 53 0.07118474657194995 [0 1 1 0 1 0 0 0 0 1 0 0 1 1 0 0 0 0 0 0 1 0 1 1 1 1 0 1 0 0 1]
134 13 55 0.07118474657194995 [0 1 1 0 1 0 0 0 0 1 0 0 1 1 0 0 0 0 0 0 1 0 1 1 1 1 0 1 0 0 1]
135 13 52 0.07118474657194995 [0 1 1 0 1 0 0 0 0 1 0 0 1 1 0 0 0 0 0 0 1 0 1 1 1 1 0 1 0 0 1]
136 13 55 0.07118474657194995 [0 1 1 0 1 0 0 0 0 1 0 0 1 1 0 0 0 0 0 0 1 0 1 1 1 1 0 1 0 0 1]
137 13 54 0.07118474657194995 [0 1 1 0 1 0 0 0 0 1 0 0 1 1 0 0 0 0 0 0 1 0 1 1 1 1 0 1 0 0 1]
138 13 53 0.07118474657194995 [0 1 1 0 1 0 0 0 0 1 0 0 1 1 0 0 0 0 0 0 1 0 1 1 1 1 0 1 0 0 1]
139 13 52 0.07118474657194995 [0 1 1 0 1 0 0 0 0 1 0 0 1 1 0 0 0 0 0 0 1 0 1 1 1 1 0 1 0 0 1]
140 13 50 0.07118474657194995 [0 1 1 0 1 0 0 0 0 1 0 0 1 1 0 0 0 0 0 0 1 0 1 1 1 1 0 1 0 0 1]
141 13 51 0.07118474657194995 [0 1 1 0 1 0 0 0 0 1 0 0 1 1 0 0 0 0 0 0 1 0 1 1 1 1 0 1 0 0 1]
142 13 53 0.07118474657194995 [0 1 1 0 1 0 0 0 0 1 0 0 1 1 0 0 0 0 0 0 1 0 1 1 1 1 0 1 0 0 1]
143 13 56 0.07118474657194995 [0 1 1 0 1 0 0 0 0 1 0 0 1 1 0 0 0 0 0 0 1 0 1 1 1 1 0 1 0 0 1]
144 13 54 0.07118474657194995 [0 1 1 0 1 0 0 0 0 1 0 0 1 1 0 0 0 0 0 0 1 0 1 1 1 1 0 1 0 0 1]
145 13 53 0.07118474657194995 [0 1 1 0 1 0 0 0 0 1 0 0 1 1 0 0 0 0 0 0 1 0 1 1 1 1 0 1 0 0 1]
146 13 53 0.07118474657194995 [0 1 1 0 1 0 0 0 0 1 0 0 1 1 0 0 0 0 0 0 1 0 1 1 1 1 0 1 0 0 1]
147 13 53 0.07118474657194995 [0 1 1 0 1 0 0 0 0 1 0 0 1 1 0 0 0 0 0 0 1 0 1 1 1 1 0 1 0 0 1]
148 13 56 0.07118474657194995 [0 1 1 0 1 0 0 0 0 1 0 0 1 1 0 0 0 0 0 0 1 0 1 1 1 1 0 1 0 0 1]
149 13 50 0.07118474657194995 [0 1 1 0 1 0 0 0 0 1 0 0 1 1 0 0 0 0 0 0 1 0 1 1 1 1 0 1 0 0 1]
150 13 51 0.07118474657194995 [0 1 1 0 1 0 0 0 0 1 0 0 1 1 0 0 0 0 0 0 1 0 1 1 1 1 0 1 0 0 1]
