0 19 100 0.08618906808410276 [0 1 1 1 0 1 1 1 1 1 0 1 1 1 1 1 0 0 0 0 1 0 1 1 1 0 0 1 0 0 1]
1 19 85 0.08618906808410276 [0 1 1 1 0 1 1 1 1 1 0 1 1 1 1 1 0 0 0 0 1 0 1 1 1 0 0 1 0 0 1]
2 19 58 0.08618906808410276 [0 1 1 1 0 1 1 1 1 1 0 1 1 1 1 1 0 0 0 0 1 0 1 1 1 0 0 1 0 0 1]
3 19 54 0.08618906808410276 [0 1 1 1 0 1 1 1 1 1 0 1 1 1 1 1 0 0 0 0 1 0 1 1 1 0 0 1 0 0 1]
4 18 55 0.08160447592834907 [0 0 0 1 0 0 1 0 1 0 0 1 1 1 1 1 0 0 0 1 1 1 1 1 1 1 1 1 0 0 1]
5 18 52 0.08160447592834907 [0 0 0 1 0 0 1 0 1 0 0 1 1 1 1 1 0 0 0 1 1 1 1 1 1 1 1 1 0 0 1]
6 18 55 0.08160447592834907 [0 0 0 1 0 0 1 0 1 0 0 1 1 1 1 1 0 0 0 1 1 1 1 1 1 1 1 1 0 0 1]
7 18 53 0.08160447592834907 [0 0 0 1 0 0 1 0 1 0 0 1 1 1 1 1 0 0 0 1 1 1 1 1 1 1 1 1 0 0 1]
8 14 55 0.08021741378302683 [0 0 1 1 0 0 1 0 0 1 0 0 0 1 1 1 0 0 0 0 0 1 1 1 1 0 0 1 1 0 1]
9 14 55 0.08021741378302683 [0 0 1 1 0 0 1 0 0 1 0 0 0 1 1 1 0 0 0 0 0 1 1 1 1 0 0 1 1 0 1]
10 14 53 0.08021741378302683 [0 0 1 1 0 0 1 0 0 1 0 0 0 1 1 1 0 0 0 0 0 1 1 1 1 0 0 1 1 0 1]
11 14 55 0.08021741378302683 [0 0 1 1 0 0 1 0 0 1 0 0 0 1 1 1 0 0 0 0 0 1 1 1 1 0 0 1 1 0 1]
12 14 53 0.08021741378302683 [0 0 1 1 0 0 1 0 0 1 0 0 0 1 1 1 0 0 0 0 0 1 1 1 1 0 0 1 1 0 1]
13 14 54 0.08021741378302683 [0 0 1 1 0 0 1 0 0 1 0 0 0 1 1 1 0 0 0 0 0 1 1 1 1 0 0 1 1 0 1]
14 14 53 0.08021741378302683 [0 0 1 1 0 0 1 0 0 1 0 0 0 1 1 1 0 0 0 0 0 1 1 1 1 0 0 1 1 0 1]
15 14 53 0.08021741378302683 [0 0 1 1 0 0 1 0 0 1 0 0 0 1 1 1 0 0 0 0 0 1 1 1 1 0 0 1 1 0 1]
16 17 51 0.0788874591705433 [0 0 1 0 1 1 1 0 0 1 0 1 0 1 1 1 1 0 0 0 1 1 0 1 1 1 0 1 0 0 1]
17 17 54 0.0788874591705433 [0 0 1 0 1 1 1 0 0 1 0 1 0 1 1 1 1 0 0 0 1 1 0 1 1 1 0 1 0 0 1]
18 17 55 0.0788874591705433 [0 0 1 0 1 1 1 0 0 1 0 1 0 1 1 1 1 0 0 0 1 1 0 1 1 1 0 1 0 0 1]
19 17 53 0.0788874591705433 [0 0 1 0 1 1 1 0 0 1 0 1 0 1 1 1 1 0 0 0 1 1 0 1 1 1 0 1 0 0 1]
20 17 52 0.0788874591705433 [0 0 1 0 1 1 1 0 0 1 0 1 0 1 1 1 1 0 0 0 1 1 0 1 1 1 0 1 0 0 1]
21 17 51 0.0788874591705433 [0 0 1 0 1 1 1 0 0 1 0 1 0 1 1 1 1 0 0 0 1 1 0 1 1 1 0 1 0 0 1]
22 17 53 0.0788874591705433 [0 0 1 0 1 1 1 0 0 1 0 1 0 1 1 1 1 0 0 0 1 1 0 1 1 1 0 1 0 0 1]
23 17 56 0.0788874591705433 [0 0 1 0 1 1 1 0 0 1 0 1 0 1 1 1 1 0 0 0 1 1 0 1 1 1 0 1 0 0 1]
24 17 51 0.0788874591705433 [0 0 1 0 1 1 1 0 0 1 0 1 0 1 1 1 1 0 0 0 1 1 0 1 1 1 0 1 0 0 1]
25 17 56 0.0788874591705433 [0 0 1 0 1 1 1 0 0 1 0 1 0 1 1 1 1 0 0 0 1 1 0 1 1 1 0 1 0 0 1]
26 17 55 0.0788874591705433 [0 0 1 0 1 1 1 0 0 1 0 1 0 1 1 1 1 0 0 0 1 1 0 1 1 1 0 1 0 0 1]
27 17 53 0.0788874591705433 [0 0 1 0 1 1 1 0 0 1 0 1 0 1 1 1 1 0 0 0 1 1 0 1 1 1 0 1 0 0 1]
28 17 52 0.0788874591705433 [0 0 1 0 1 1 1 0 0 1 0 1 0 1 1 1 1 0 0 0 1 1 0 1 1 1 0 1 0 0 1]
29 17 51 0.0788874591705433 [0 0 1 0 1 1 1 0 0 1 0 1 0 1 1 1 1 0 0 0 1 1 0 1 1 1 0 1 0 0 1]
30 17 52 0.0788874591705433 [0 0 1 0 1 1 1 0 0 1 0 1 0 1 1 1 1 0 0 0 1 1 0 1 1 1 0 1 0 0 1]
31 17 53 0.0788874591705433 [0 0 1 0 1 1 1 0 0 1 0 1 0 1 1 1 1 0 0 0 1 1 0 1 1 1 0 1 0 0 1]
32 17 52 0.0788874591705433 [0 0 1 0 1 1 1 0 0 1 0 1 0 1 1 1 1 0 0 0 1 1 0 1 1 1 0 1 0 0 1]
33 17 54 0.0788874591705433 [0 0 1 0 1 1 1 0 0 1 0 1 0 1 1 1 1 0 0 0 1 1 0 1 1 1 0 1 0 0 1]
34 17 53 0.0788874591705433 [0 0 1 0 1 1 1 0 0 1 0 1 0 1 1 1 1 0 0 0 1 1 0 1 1 1 0 1 0 0 1]
35 17 51 0.0788874591705433 [0 0 1 0 1 1 1 0 0 1 0 1 0 1 1 1 1 0 0 0 1 1 0 1 1 1 0 1 0 0 1]
36 17 54 0.0788874591705433 [0 0 1 0 1 1 1 0 0 1 0 1 0 1 1 1 1 0 0 0 1 1 0 1 1 1 0 1 0 0 1]
37 17 53 0.0788874591705433 [0 0 1 0 1 1 1 0 0 1 0 1 0 1 1 1 1 0 0 0 1 1 0 1 1 1 0 1 0 0 1]
38 17 52 0.0788874591705433 [0 0 1 0 1 1 1 0 0 1 0 1 0 1 1 1 1 0 0 0 1 1 0 1 1 1 0 1 0 0 1]
39 17 52 0.0788874591705433 [0 0 1 0 1 1 1 0 0 1 0 1 0 1 1 1 1 0 0 0 1 1 0 1 1 1 0 1 0 0 1]
40 17 52 0.0788874591705433 [0 0 1 0 1 1 1 0 0 1 0 1 0 1 1 1 1 0 0 0 1 1 0 1 1 1 0 1 0 0 1]
41 17 52 0.0788874591705433 [0 0 1 0 1 1 1 0 0 1 0 1 0 1 1 1 1 0 0 0 1 1 0 1 1 1 0 1 0 0 1]
42 17 53 0.0788874591705433 [0 0 1 0 1 1 1 0 0 1 0 1 0 1 1 1 1 0 0 0 1 1 0 1 1 1 0 1 0 0 1]
43 17 54 0.0788874591705433 [0 0 1 0 1 1 1 0 0 1 0 1 0 1 1 1 1 0 0 0 1 1 0 1 1 1 0 1 0 0 1]
44 17 50 0.0788874591705433 [0 0 1 0 1 1 1 0 0 1 0 1 0 1 1 1 1 0 0 0 1 1 0 1 1 1 0 1 0 0 1]
45 17 52 0.0788874591705433 [0 0 1 0 1 1 1 0 0 1 0 1 0 1 1 1 1 0 0 0 1 1 0 1 1 1 0 1 0 0 1]
46 18 55 0.07750771483629282 [0 0 1 0 1 0 1 0 0 1 0 1 0 1 1 1 1 0 0 0 1 1 1 1 1 1 0 1 0 1 1]
47 18 58 0.07750771483629282 [0 0 1 0 1 0 1 0 0 1 0 1 0 1 1 1 1 0 0 0 1 1 1 1 1 1 0 1 0 1 1]
48 18 53 0.07750771483629282 [0 0 1 0 1 0 1 0 0 1 0 1 0 1 1 1 1 0 0 0 1 1 1 1 1 1 0 1 0 1 1]
49 18 52 0.07750771483629282 [0 0 1 0 1 0 1 0 0 1 0 1 0 1 1 1 1 0 0 0 1 1 1 1 1 1 0 1 0 1 1]
50 18 52 0.07750771483629282 [0 0 1 0 1 0 1 0 0 1 0 1 0 1 1 1 1 0 0 0 1 1 1 1 1 1 0 1 0 1 1]
51 18 56 0.07750771483629282 [0 0 1 0 1 0 1 0 0 1 0 1 0 1 1 1 1 0 0 0 1 1 1 1 1 1 0 1 0 1 1]
52 18 51 0.07750771483629282 [0 0 1 0 1 0 1 0 0 1 0 1 0 1 1 1 1 0 0 0 1 1 1 1 1 1 0 1 0 1 1]
53 18 51 0.07750771483629282 [0 0 1 0 1 0 1 0 0 1 0 1 0 1 1 1 1 0 0 0 1 1 1 1 1 1 0 1 0 1 1]
54 17 52 0.07728244658868344 [0 0 1 0 1 0 1 1 0 1 0 1 0 1 0 1 1 0 0 0 0 1 1 1 1 1 0 1 0 1 1]
55 17 55 0.07728244658868344 [0 0 1 0 1 0 1 1 0 1 0 1 0 1 0 1 1 0 0 0 0 1 1 1 1 1 0 1 0 1 1]
56 15 53 0.07405334992591528 [0 0 1 1 1 0 0 1 0 1 0 0 0 1 0 1 1 0 0 0 0 1 1 1 1 1 0 1 0 0 1]
57 15 51 0.07405334992591528 [0 0 1 1 1 0 0 1 0 1 0 0 0 1 0 1 1 0 0 0 0 1 1 1 1 1 0 1 0 0 1]
58 15 53 0.07405334992591528 [0 0 1 1 1 0 0 1 0 1 0 0 0 1 0 1 1 0 0 0 0 1 1 1 1 1 0 1 0 0 1]
59 15 53 0.07405334992591528 [0 0 1 1 1 0 0 1 0 1 0 0 0 1 0 1 1 0 0 0 0 1 1 1 1 1 0 1 0 0 1]
60 15 52 0.07405334992591528 [0 0 1 1 1 0 0 1 0 1 0 0 0 1 0 1 1 0 0 0 0 1 1 1 1 1 0 1 0 0 1]
61 15 50 0.07405334992591528 [0 0 1 1 1 0 0 1 0 1 0 0 0 1 0 1 1 0 0 0 0 1 1 1 1 1 0 1 0 0 1]
62 15 54 0.07405334992591528 [0 0 1 1 1 0 0 1 0 1 0 0 0 1 0 1 1 0 0 0 0 1 1 1 1 1 0 1 0 0 1]
63 15 52 0.07405334992591528 [0 0 1 1 1 0 0 1 0 1 0 0 0 1 0 1 1 0 0 0 0 1 1 1 1 1 0 1 0 0 1]
64 15 52 0.07405334992591528 [0 0 1 1 1 0 0 1 0 1 0 0 0 1 0 1 1 0 0 0 0 1 1 1 1 1 0 1 0 0 1]
65 15 52 0.07405334992591528 [0 0 1 1 1 0 0 1 0 1 0 0 0 1 0 1 1 0 0 0 0 1 1 1 1 1 0 1 0 0 1]
66 15 54 0.07405334992591528 [0 0 1 1 1 0 0 1 0 1 0 0 0 1 0 1 1 0 0 0 0 1 1 1 1 1 0 1 0 0 1]
67 15 58 0.07405334992591528 [0 0 1 1 1 0 0 1 0 1 0 0 0 1 0 1 1 0 0 0 0 1 1 1 1 1 0 1 0 0 1]
68 15 54 0.07405334992591528 [0 0 1 1 1 0 0 1 0 1 0 0 0 1 0 1 1 0 0 0 0 1 1 1 1 1 0 1 0 0 1]
69 15 53 0.07405334992591528 [0 0 1 1 1 0 0 1 0 1 0 0 0 1 0 1 1 0 0 0 0 1 1 1 1 1 0 1 0 0 1]
70 15 50 0.07405334992591528 [0 0 1 1 1 0 0 1 0 1 0 0 0 1 0 1 1 0 0 0 0 1 1 1 1 1 0 1 0 0 1]
71 15 55 0.07405334992591528 [0 0 1 1 1 0 0 1 0 1 0 0 0 1 0 1 1 0 0 0 0 1 1 1 1 1 0 1 0 0 1]
72 15 53 0.07405334992591528 [0 0 1 1 1 0 0 1 0 1 0 0 0 1 0 1 1 0 0 0 0 1 1 1 1 1 0 1 0 0 1]
73 15 51 0.07405334992591528 [0 0 1 1 1 0 0 1 0 1 0 0 0 1 0 1 1 0 0 0 0 1 1 1 1 1 0 1 0 0 1]
74 15 52 0.07405334992591528 [0 0 1 1 1 0 0 1 0 1 0 0 0 1 0 1 1 0 0 0 0 1 1 1 1 1 0 1 0 0 1]
75 15 53 0.07405334992591528 [0 0 1 1 1 0 0 1 0 1 0 0 0 1 0 1 1 0 0 0 0 1 1 1 1 1 0 1 0 0 1]
76 15 52 0.07405334992591528 [0 0 1 1 1 0 0 1 0 1 0 0 0 1 0 1 1 0 0 0 0 1 1 1 1 1 0 1 0 0 1]
77 15 50 0.07405334992591528 [0 0 1 1 1 0 0 1 0 1 0 0 0 1 0 1 1 0 0 0 0 1 1 1 1 1 0 1 0 0 1]
78 15 53 0.07405334992591528 [0 0 1 1 1 0 0 1 0 1 0 0 0 1 0 1 1 0 0 0 0 1 1 1 1 1 0 1 0 0 1]
79 15 54 0.07405334992591528 [0 0 1 1 1 0 0 1 0 1 0 0 0 1 0 1 1 0 0 0 0 1 1 1 1 1 0 1 0 0 1]
80 15 53 0.07405334992591528 [0 0 1 1 1 0 0 1 0 1 0 0 0 1 0 1 1 0 0 0 0 1 1 1 1 1 0 1 0 0 1]
81 15 50 0.07405334992591528 [0 0 1 1 1 0 0 1 0 1 0 0 0 1 0 1 1 0 0 0 0 1 1 1 1 1 0 1 0 0 1]
82 15 52 0.07405334992591528 [0 0 1 1 1 0 0 1 0 1 0 0 0 1 0 1 1 0 0 0 0 1 1 1 1 1 0 1 0 0 1]
83 15 50 0.07405334992591528 [0 0 1 1 1 0 0 1 0 1 0 0 0 1 0 1 1 0 0 0 0 1 1 1 1 1 0 1 0 0 1]
84 15 51 0.07405334992591528 [0 0 1 1 1 0 0 1 0 1 0 0 0 1 0 1 1 0 0 0 0 1 1 1 1 1 0 1 0 0 1]
85 15 51 0.07405334992591528 [0 0 1 1 1 0 0 1 0 1 0 0 0 1 0 1 1 0 0 0 0 1 1 1 1 1 0 1 0 0 1]
86 15 52 0.07405334992591528 [0 0 1 1 1 0 0 1 0 1 0 0 0 1 0 1 1 0 0 0 0 1 1 1 1 1 0 1 0 0 1]
87 15 52 0.07405334992591528 [0 0 1 1 1 0 0 1 0 1 0 0 0 1 0 1 1 0 0 0 0 1 1 1 1 1 0 1 0 0 1]
88 15 52 0.07405334992591528 [0 0 1 1 1 0 0 1 0 1 0 0 0 1 0 1 1 0 0 0 0 1 1 1 1 1 0 1 0 0 1]
89 15 53 0.07405334992591528 [0 0 1 1 1 0 0 1 0 1 0 0 0 1 0 1 1 0 0 0 0 1 1 1 1 1 0 1 0 0 1]
90 15 53 0.07405334992591528 [0 0 1 1 1 0 0 1 0 1 0 0 0 1 0 1 1 0 0 0 0 1 1 1 1 1 0 1 0 0 1]
91 15 53 0.07405334992591528 [0 0 1 1 1 0 0 1 0 1 0 0 0 1 0 1 1 0 0 0 0 1 1 1 1 1 0 1 0 0 1]
92 15 54 0.07405334992591528 [0 0 1 1 1 0 0 1 0 1 0 0 0 1 0 1 1 0 0 0 0 1 1 1 1 1 0 1 0 0 1]
93 15 54 0.07405334992591528 [0 0 1 1 1 0 0 1 0 1 0 0 0 1 0 1 1 0 0 0 0 1 1 1 1 1 0 1 0 0 1]
94 15 52 0.07405334992591528 [0 0 1 1 1 0 0 1 0 1 0 0 0 1 0 1 1 0 0 0 0 1 1 1 1 1 0 1 0 0 1]
95 15 51 0.07405334992591528 [0 0 1 1 1 0 0 1 0 1 0 0 0 1 0 1 1 0 0 0 0 1 1 1 1 1 0 1 0 0 1]
96 15 54 0.07405334992591528 [0 0 1 1 1 0 0 1 0 1 0 0 0 1 0 1 1 0 0 0 0 1 1 1 1 1 0 1 0 0 1]
97 15 53 0.07405334992591528 [0 0 1 1 1 0 0 1 0 1 0 0 0 1 0 1 1 0 0 0 0 1 1 1 1 1 0 1 0 0 1]
98 15 50 0.07405334992591528 [0 0 1 1 1 0 0 1 0 1 0 0 0 1 0 1 1 0 0 0 0 1 1 1 1 1 0 1 0 0 1]
99 15 52 0.07405334992591528 [0 0 1 1 1 0 0 1 0 1 0 0 0 1 0 1 1 0 0 0 0 1 1 1 1 1 0 1 0 0 1]
100 15 53 0.07405334992591528 [0 0 1 1 1 0 0 1 0 1 0 0 0 1 0 1 1 0 0 0 0 1 1 1 1 1 0 1 0 0 1]
101 15 52 0.07405334992591528 [0 0 1 1 1 0 0 1 0 1 0 0 0 1 0 1 1 0 0 0 0 1 1 1 1 1 0 1 0 0 1]
102 15 52 0.07405334992591528 [0 0 1 1 1 0 0 1 0 1 0 0 0 1 0 1 1 0 0 0 0 1 1 1 1 1 0 1 0 0 1]
103 15 53 0.07405334992591528 [0 0 1 1 1 0 0 1 0 1 0 0 0 1 0 1 1 0 0 0 0 1 1 1 1 1 0 1 0 0 1]
104 15 54 0.07405334992591528 [0 0 1 1 1 0 0 1 0 1 0 0 0 1 0 1 1 0 0 0 0 1 1 1 1 1 0 1 0 0 1]
105 15 55 0.07405334992591528 [0 0 1 1 1 0 0 1 0 1 0 0 0 1 0 1 1 0 0 0 0 1 1 1 1 1 0 1 0 0 1]
106 15 54 0.07405334992591528 [0 0 1 1 1 0 0 1 0 1 0 0 0 1 0 1 1 0 0 0 0 1 1 1 1 1 0 1 0 0 1]
107 15 50 0.07405334992591528 [0 0 1 1 1 0 0 1 0 1 0 0 0 1 0 1 1 0 0 0 0 1 1 1 1 1 0 1 0 0 1]
108 15 52 0.07405334992591528 [0 0 1 1 1 0 0 1 0 1 0 0 0 1 0 1 1 0 0 0 0 1 1 1 1 1 0 1 0 0 1]
109 15 53 0.07405334992591528 [0 0 1 1 1 0 0 1 0 1 0 0 0 1 0 1 1 0 0 0 0 1 1 1 1 1 0 1 0 0 1]
110 15 53 0.07405334992591528 [0 0 1 1 1 0 0 1 0 1 0 0 0 1 0 1 1 0 0 0 0 1 1 1 1 1 0 1 0 0 1]
111 15 55 0.07405334992591528 [0 0 1 1 1 0 0 1 0 1 0 0 0 1 0 1 1 0 0 0 0 1 1 1 1 1 0 1 0 0 1]
112 15 52 0.07405334992591528 [0 0 1 1 1 0 0 1 0 1 0 0 0 1 0 1 1 0 0 0 0 1 1 1 1 1 0 1 0 0 1]
113 13 56 0.07008356545961003 [0 0 1 1 0 0 0 0 0 1 0 0 0 1 1 1 1 0 0 0 0 0 1 1 1 1 0 1 0 0 1]
114 13 52 0.07008356545961003 [0 0 1 1 0 0 0 0 0 1 0 0 0 1 1 1 1 0 0 0 0 0 1 1 1 1 0 1 0 0 1]
115 13 53 0.07008356545961003 [0 0 1 1 0 0 0 0 0 1 0 0 0 1 1 1 1 0 0 0 0 0 1 1 1 1 0 1 0 0 1]
116 13 55 0.07008356545961003 [0 0 1 1 0 0 0 0 0 1 0 0 0 1 1 1 1 0 0 0 0 0 1 1 1 1 0 1 0 0 1]
117 13 55 0.07008356545961003 [0 0 1 1 0 0 0 0 0 1 0 0 0 1 1 1 1 0 0 0 0 0 1 1 1 1 0 1 0 0 1]
118 13 55 0.07008356545961003 [0 0 1 1 0 0 0 0 0 1 0 0 0 1 1 1 1 0 0 0 0 0 1 1 1 1 0 1 0 0 1]
119 13 52 0.07008356545961003 [0 0 1 1 0 0 0 0 0 1 0 0 0 1 1 1 1 0 0 0 0 0 1 1 1 1 0 1 0 0 1]
120 13 53 0.07008356545961003 [0 0 1 1 0 0 0 0 0 1 0 0 0 1 1 1 1 0 0 0 0 0 1 1 1 1 0 1 0 0 1]
121 13 58 0.07008356545961003 [0 0 1 1 0 0 0 0 0 1 0 0 0 1 1 1 1 0 0 0 0 0 1 1 1 1 0 1 0 0 1]
122 13 52 0.07008356545961003 [0 0 1 1 0 0 0 0 0 1 0 0 0 1 1 1 1 0 0 0 0 0 1 1 1 1 0 1 0 0 1]
123 13 52 0.07008356545961003 [0 0 1 1 0 0 0 0 0 1 0 0 0 1 1 1 1 0 0 0 0 0 1 1 1 1 0 1 0 0 1]
124 13 52 0.07008356545961003 [0 0 1 1 0 0 0 0 0 1 0 0 0 1 1 1 1 0 0 0 0 0 1 1 1 1 0 1 0 0 1]
125 13 55 0.07008356545961003 [0 0 1 1 0 0 0 0 0 1 0 0 0 1 1 1 1 0 0 0 0 0 1 1 1 1 0 1 0 0 1]
126 13 54 0.07008356545961003 [0 0 1 1 0 0 0 0 0 1 0 0 0 1 1 1 1 0 0 0 0 0 1 1 1 1 0 1 0 0 1]
127 13 51 0.07008356545961003 [0 0 1 1 0 0 0 0 0 1 0 0 0 1 1 1 1 0 0 0 0 0 1 1 1 1 0 1 0 0 1]
128 13 53 0.07008356545961003 [0 0 1 1 0 0 0 0 0 1 0 0 0 1 1 1 1 0 0 0 0 0 1 1 1 1 0 1 0 0 1]
129 13 52 0.07008356545961003 [0 0 1 1 0 0 0 0 0 1 0 0 0 1 1 1 1 0 0 0 0 0 1 1 1 1 0 1 0 0 1]
130 13 51 0.07008356545961003 [0 0 1 1 0 0 0 0 0 1 0 0 0 1 1 1 1 0 0 0 0 0 1 1 1 1 0 1 0 0 1]
131 13 53 0.07008356545961003 [0 0 1 1 0 0 0 0 0 1 0 0 0 1 1 1 1 0 0 0 0 0 1 1 1 1 0 1 0 0 1]
132 13 54 0.07008356545961003 [0 0 1 1 0 0 0 0 0 1 0 0 0 1 1 1 1 0 0 0 0 0 1 1 1 1 0 1 0 0 1]
133 13 54 0.07008356545961003 [0 0 1 1 0 0 0 0 0 1 0 0 0 1 1 1 1 0 0 0 0 0 1 1 1 1 0 1 0 0 1]
134 13 53 0.07008356545961003 [0 0 1 1 0 0 0 0 0 1 0 0 0 1 1 1 1 0 0 0 0 0 1 1 1 1 0 1 0 0 1]
135 13 55 0.07008356545961003 [0 0 1 1 0 0 0 0 0 1 0 0 0 1 1 1 1 0 0 0 0 0 1 1 1 1 0 1 0 0 1]
136 13 53 0.07008356545961003 [0 0 1 1 0 0 0 0 0 1 0 0 0 1 1 1 1 0 0 0 0 0 1 1 1 1 0 1 0 0 1]
137 13 53 0.07008356545961003 [0 0 1 1 0 0 0 0 0 1 0 0 0 1 1 1 1 0 0 0 0 0 1 1 1 1 0 1 0 0 1]
138 13 53 0.07008356545961003 [0 0 1 1 0 0 0 0 0 1 0 0 0 1 1 1 1 0 0 0 0 0 1 1 1 1 0 1 0 0 1]
139 13 54 0.07008356545961003 [0 0 1 1 0 0 0 0 0 1 0 0 0 1 1 1 1 0 0 0 0 0 1 1 1 1 0 1 0 0 1]
140 13 49 0.07008356545961003 [0 0 1 1 0 0 0 0 0 1 0 0 0 1 1 1 1 0 0 0 0 0 1 1 1 1 0 1 0 0 1]
141 13 53 0.07008356545961003 [0 0 1 1 0 0 0 0 0 1 0 0 0 1 1 1 1 0 0 0 0 0 1 1 1 1 0 1 0 0 1]
142 13 52 0.07008356545961003 [0 0 1 1 0 0 0 0 0 1 0 0 0 1 1 1 1 0 0 0 0 0 1 1 1 1 0 1 0 0 1]
143 13 52 0.07008356545961003 [0 0 1 1 0 0 0 0 0 1 0 0 0 1 1 1 1 0 0 0 0 0 1 1 1 1 0 1 0 0 1]
144 13 54 0.07008356545961003 [0 0 1 1 0 0 0 0 0 1 0 0 0 1 1 1 1 0 0 0 0 0 1 1 1 1 0 1 0 0 1]
145 13 55 0.07008356545961003 [0 0 1 1 0 0 0 0 0 1 0 0 0 1 1 1 1 0 0 0 0 0 1 1 1 1 0 1 0 0 1]
146 13 53 0.07008356545961003 [0 0 1 1 0 0 0 0 0 1 0 0 0 1 1 1 1 0 0 0 0 0 1 1 1 1 0 1 0 0 1]
147 13 52 0.07008356545961003 [0 0 1 1 0 0 0 0 0 1 0 0 0 1 1 1 1 0 0 0 0 0 1 1 1 1 0 1 0 0 1]
148 13 52 0.07008356545961003 [0 0 1 1 0 0 0 0 0 1 0 0 0 1 1 1 1 0 0 0 0 0 1 1 1 1 0 1 0 0 1]
149 13 55 0.07008356545961003 [0 0 1 1 0 0 0 0 0 1 0 0 0 1 1 1 1 0 0 0 0 0 1 1 1 1 0 1 0 0 1]
150 13 53 0.07008356545961003 [0 0 1 1 0 0 0 0 0 1 0 0 0 1 1 1 1 0 0 0 0 0 1 1 1 1 0 1 0 0 1]
