0 18 100 0.10860869928783468 [0 0 1 1 1 0 1 0 0 0 1 1 1 0 1 1 1 0 0 1 1 1 0 1 1 0 1 1 0 0 1]
1 19 88 0.09449287027467046 [0 0 1 1 0 1 1 1 1 1 0 1 0 1 1 1 0 0 1 0 0 1 1 0 1 1 0 1 0 1 1]
2 19 57 0.09449287027467046 [0 0 1 1 0 1 1 1 1 1 0 1 0 1 1 1 0 0 1 0 0 1 1 0 1 1 0 1 0 1 1]
3 19 52 0.09449287027467046 [0 0 1 1 0 1 1 1 1 1 0 1 0 1 1 1 0 0 1 0 0 1 1 0 1 1 0 1 0 1 1]
4 19 52 0.09449287027467046 [0 0 1 1 0 1 1 1 1 1 0 1 0 1 1 1 0 0 1 0 0 1 1 0 1 1 0 1 0 1 1]
5 16 52 0.09356067874667617 [0 0 1 0 1 1 1 0 0 1 1 1 0 0 0 0 0 0 0 1 0 1 1 1 1 1 0 1 0 1 1]
6 16 54 0.09356067874667617 [0 0 1 0 1 1 1 0 0 1 1 1 0 0 0 0 0 0 0 1 0 1 1 1 1 1 0 1 0 1 1]
7 16 52 0.09356067874667617 [0 0 1 0 1 1 1 0 0 1 1 1 0 0 0 0 0 0 0 1 0 1 1 1 1 1 0 1 0 1 1]
8 16 50 0.09356067874667617 [0 0 1 0 1 1 1 0 0 1 1 1 0 0 0 0 0 0 0 1 0 1 1 1 1 1 0 1 0 1 1]
9 16 53 0.09356067874667617 [0 0 1 0 1 1 1 0 0 1 1 1 0 0 0 0 0 0 0 1 0 1 1 1 1 1 0 1 0 1 1]
10 16 53 0.09299424754298358 [0 0 1 1 0 1 0 0 1 0 1 1 1 1 0 0 0 0 0 1 0 1 1 1 1 0 0 1 0 1 1]
11 16 52 0.09299424754298358 [0 0 1 1 0 1 0 0 1 0 1 1 1 1 0 0 0 0 0 1 0 1 1 1 1 0 0 1 0 1 1]
12 18 58 0.086609958035613 [0 1 1 1 0 1 0 1 1 0 0 1 0 0 1 1 0 0 1 0 1 0 1 1 1 1 0 0 1 1 1]
13 18 53 0.086609958035613 [0 1 1 1 0 1 0 1 1 0 0 1 0 0 1 1 0 0 1 0 1 0 1 1 1 1 0 0 1 1 1]
14 18 54 0.086609958035613 [0 1 1 1 0 1 0 1 1 0 0 1 0 0 1 1 0 0 1 0 1 0 1 1 1 1 0 0 1 1 1]
15 18 53 0.086609958035613 [0 1 1 1 0 1 0 1 1 0 0 1 0 0 1 1 0 0 1 0 1 0 1 1 1 1 0 0 1 1 1]
16 18 53 0.086609958035613 [0 1 1 1 0 1 0 1 1 0 0 1 0 0 1 1 0 0 1 0 1 0 1 1 1 1 0 0 1 1 1]
17 18 52 0.086609958035613 [0 1 1 1 0 1 0 1 1 0 0 1 0 0 1 1 0 0 1 0 1 0 1 1 1 1 0 0 1 1 1]
18 18 56 0.086609958035613 [0 1 1 1 0 1 0 1 1 0 0 1 0 0 1 1 0 0 1 0 1 0 1 1 1 1 0 0 1 1 1]
19 18 55 0.086609958035613 [0 1 1 1 0 1 0 1 1 0 0 1 0 0 1 1 0 0 1 0 1 0 1 1 1 1 0 0 1 1 1]
20 18 54 0.086609958035613 [0 1 1 1 0 1 0 1 1 0 0 1 0 0 1 1 0 0 1 0 1 0 1 1 1 1 0 0 1 1 1]
21 18 52 0.086609958035613 [0 1 1 1 0 1 0 1 1 0 0 1 0 0 1 1 0 0 1 0 1 0 1 1 1 1 0 0 1 1 1]
22 18 55 0.086609958035613 [0 1 1 1 0 1 0 1 1 0 0 1 0 0 1 1 0 0 1 0 1 0 1 1 1 1 0 0 1 1 1]
23 18 50 0.086609958035613 [0 1 1 1 0 1 0 1 1 0 0 1 0 0 1 1 0 0 1 0 1 0 1 1 1 1 0 0 1 1 1]
24 18 53 0.08208682303542003 [0 0 1 1 1 1 0 1 0 1 0 1 0 1 1 1 0 0 1 0 1 1 0 1 1 1 0 1 0 0 1]
25 18 51 0.08208682303542003 [0 0 1 1 1 1 0 1 0 1 0 1 0 1 1 1 0 0 1 0 1 1 0 1 1 1 0 1 0 0 1]
26 18 56 0.08208682303542003 [0 0 1 1 1 1 0 1 0 1 0 1 0 1 1 1 0 0 1 0 1 1 0 1 1 1 0 1 0 0 1]
27 18 54 0.08208682303542003 [0 0 1 1 1 1 0 1 0 1 0 1 0 1 1 1 0 0 1 0 1 1 0 1 1 1 0 1 0 0 1]
28 18 53 0.08208682303542003 [0 0 1 1 1 1 0 1 0 1 0 1 0 1 1 1 0 0 1 0 1 1 0 1 1 1 0 1 0 0 1]
29 18 54 0.08208682303542003 [0 0 1 1 1 1 0 1 0 1 0 1 0 1 1 1 0 0 1 0 1 1 0 1 1 1 0 1 0 0 1]
30 18 52 0.08208682303542003 [0 0 1 1 1 1 0 1 0 1 0 1 0 1 1 1 0 0 1 0 1 1 0 1 1 1 0 1 0 0 1]
31 18 53 0.08208682303542003 [0 0 1 1 1 1 0 1 0 1 0 1 0 1 1 1 0 0 1 0 1 1 0 1 1 1 0 1 0 0 1]
32 18 53 0.08208682303542003 [0 0 1 1 1 1 0 1 0 1 0 1 0 1 1 1 0 0 1 0 1 1 0 1 1 1 0 1 0 0 1]
33 18 53 0.08208682303542003 [0 0 1 1 1 1 0 1 0 1 0 1 0 1 1 1 0 0 1 0 1 1 0 1 1 1 0 1 0 0 1]
34 18 51 0.08208682303542003 [0 0 1 1 1 1 0 1 0 1 0 1 0 1 1 1 0 0 1 0 1 1 0 1 1 1 0 1 0 0 1]
35 18 52 0.08208682303542003 [0 0 1 1 1 1 0 1 0 1 0 1 0 1 1 1 0 0 1 0 1 1 0 1 1 1 0 1 0 0 1]
36 18 54 0.08208682303542003 [0 0 1 1 1 1 0 1 0 1 0 1 0 1 1 1 0 0 1 0 1 1 0 1 1 1 0 1 0 0 1]
37 18 54 0.08208682303542003 [0 0 1 1 1 1 0 1 0 1 0 1 0 1 1 1 0 0 1 0 1 1 0 1 1 1 0 1 0 0 1]
38 18 55 0.08208682303542003 [0 0 1 1 1 1 0 1 0 1 0 1 0 1 1 1 0 0 1 0 1 1 0 1 1 1 0 1 0 0 1]
39 17 50 0.08115883214970132 [0 0 0 1 0 1 0 0 1 1 0 1 0 1 1 1 0 0 1 0 0 1 1 1 1 1 0 1 1 0 1]
40 17 51 0.08115883214970132 [0 0 0 1 0 1 0 0 1 1 0 1 0 1 1 1 0 0 1 0 0 1 1 1 1 1 0 1 1 0 1]
41 17 54 0.08115883214970132 [0 0 0 1 0 1 0 0 1 1 0 1 0 1 1 1 0 0 1 0 0 1 1 1 1 1 0 1 1 0 1]
42 17 53 0.08115883214970132 [0 0 0 1 0 1 0 0 1 1 0 1 0 1 1 1 0 0 1 0 0 1 1 1 1 1 0 1 1 0 1]
43 16 51 0.08037736698714326 [0 0 1 1 1 1 0 0 0 1 0 1 0 1 1 0 0 0 0 0 0 1 1 1 1 0 1 1 0 1 1]
44 16 53 0.08037736698714326 [0 0 1 1 1 1 0 0 0 1 0 1 0 1 1 0 0 0 0 0 0 1 1 1 1 0 1 1 0 1 1]
45 16 54 0.08037736698714326 [0 0 1 1 1 1 0 0 0 1 0 1 0 1 1 0 0 0 0 0 0 1 1 1 1 0 1 1 0 1 1]
46 16 55 0.08037736698714326 [0 0 1 1 1 1 0 0 0 1 0 1 0 1 1 0 0 0 0 0 0 1 1 1 1 0 1 1 0 1 1]
47 16 53 0.08037736698714326 [0 0 1 1 1 1 0 0 0 1 0 1 0 1 1 0 0 0 0 0 0 1 1 1 1 0 1 1 0 1 1]
48 16 55 0.08037736698714326 [0 0 1 1 1 1 0 0 0 1 0 1 0 1 1 0 0 0 0 0 0 1 1 1 1 0 1 1 0 1 1]
49 16 52 0.08037736698714326 [0 0 1 1 1 1 0 0 0 1 0 1 0 1 1 0 0 0 0 0 0 1 1 1 1 0 1 1 0 1 1]
50 14 53 0.0759622406508873 [0 0 1 1 1 0 0 0 0 1 0 0 0 1 1 0 0 0 0 0 0 1 1 1 1 1 0 0 1 1 1]
51 14 54 0.0759622406508873 [0 0 1 1 1 0 0 0 0 1 0 0 0 1 1 0 0 0 0 0 0 1 1 1 1 1 0 0 1 1 1]
52 14 54 0.0759622406508873 [0 0 1 1 1 0 0 0 0 1 0 0 0 1 1 0 0 0 0 0 0 1 1 1 1 1 0 0 1 1 1]
53 14 51 0.0759622406508873 [0 0 1 1 1 0 0 0 0 1 0 0 0 1 1 0 0 0 0 0 0 1 1 1 1 1 0 0 1 1 1]
54 14 52 0.0759622406508873 [0 0 1 1 1 0 0 0 0 1 0 0 0 1 1 0 0 0 0 0 0 1 1 1 1 1 0 0 1 1 1]
55 14 52 0.0759622406508873 [0 0 1 1 1 0 0 0 0 1 0 0 0 1 1 0 0 0 0 0 0 1 1 1 1 1 0 0 1 1 1]
56 14 49 0.0759622406508873 [0 0 1 1 1 0 0 0 0 1 0 0 0 1 1 0 0 0 0 0 0 1 1 1 1 1 0 0 1 1 1]
57 14 53 0.0759622406508873 [0 0 1 1 1 0 0 0 0 1 0 0 0 1 1 0 0 0 0 0 0 1 1 1 1 1 0 0 1 1 1]
58 14 53 0.0759622406508873 [0 0 1 1 1 0 0 0 0 1 0 0 0 1 1 0 0 0 0 0 0 1 1 1 1 1 0 0 1 1 1]
59 14 52 0.0759622406508873 [0 0 1 1 1 0 0 0 0 1 0 0 0 1 1 0 0 0 0 0 0 1 1 1 1 1 0 0 1 1 1]
60 14 51 0.0759622406508873 [0 0 1 1 1 0 0 0 0 1 0 0 0 1 1 0 0 0 0 0 0 1 1 1 1 1 0 0 1 1 1]
61 14 51 0.0759622406508873 [0 0 1 1 1 0 0 0 0 1 0 0 0 1 1 0 0 0 0 0 0 1 1 1 1 1 0 0 1 1 1]
62 14 56 0.0759622406508873 [0 0 1 1 1 0 0 0 0 1 0 0 0 1 1 0 0 0 0 0 0 1 1 1 1 1 0 0 1 1 1]
63 14 53 0.0759622406508873 [0 0 1 1 1 0 0 0 0 1 0 0 0 1 1 0 0 0 0 0 0 1 1 1 1 1 0 0 1 1 1]
64 14 55 0.0759622406508873 [0 0 1 1 1 0 0 0 0 1 0 0 0 1 1 0 0 0 0 0 0 1 1 1 1 1 0 0 1 1 1]
65 14 55 0.0759622406508873 [0 0 1 1 1 0 0 0 0 1 0 0 0 1 1 0 0 0 0 0 0 1 1 1 1 1 0 0 1 1 1]
66 14 51 0.0759622406508873 [0 0 1 1 1 0 0 0 0 1 0 0 0 1 1 0 0 0 0 0 0 1 1 1 1 1 0 0 1 1 1]
67 14 54 0.0759622406508873 [0 0 1 1 1 0 0 0 0 1 0 0 0 1 1 0 0 0 0 0 0 1 1 1 1 1 0 0 1 1 1]
68 14 52 0.0759622406508873 [0 0 1 1 1 0 0 0 0 1 0 0 0 1 1 0 0 0 0 0 0 1 1 1 1 1 0 0 1 1 1]
69 14 55 0.0759622406508873 [0 0 1 1 1 0 0 0 0 1 0 0 0 1 1 0 0 0 0 0 0 1 1 1 1 1 0 0 1 1 1]
70 14 52 0.0759622406508873 [0 0 1 1 1 0 0 0 0 1 0 0 0 1 1 0 0 0 0 0 0 1 1 1 1 1 0 0 1 1 1]
71 14 53 0.0759622406508873 [0 0 1 1 1 0 0 0 0 1 0 0 0 1 1 0 0 0 0 0 0 1 1 1 1 1 0 0 1 1 1]
72 14 52 0.0759622406508873 [0 0 1 1 1 0 0 0 0 1 0 0 0 1 1 0 0 0 0 0 0 1 1 1 1 1 0 0 1 1 1]
73 14 53 0.0759622406508873 [0 0 1 1 1 0 0 0 0 1 0 0 0 1 1 0 0 0 0 0 0 1 1 1 1 1 0 0 1 1 1]
74 14 53 0.0759622406508873 [0 0 1 1 1 0 0 0 0 1 0 0 0 1 1 0 0 0 0 0 0 1 1 1 1 1 0 0 1 1 1]
75 14 50 0.0759622406508873 [0 0 1 1 1 0 0 0 0 1 0 0 0 1 1 0 0 0 0 0 0 1 1 1 1 1 0 0 1 1 1]
76 13 53 0.06760907737102972 [0 0 1 0 1 0 0 0 0 1 0 1 0 1 0 0 0 0 1 0 0 1 1 1 1 0 0 1 0 1 1]
77 13 54 0.06760907737102972 [0 0 1 0 1 0 0 0 0 1 0 1 0 1 0 0 0 0 1 0 0 1 1 1 1 0 0 1 0 1 1]
78 13 52 0.06760907737102972 [0 0 1 0 1 0 0 0 0 1 0 1 0 1 0 0 0 0 1 0 0 1 1 1 1 0 0 1 0 1 1]
79 13 55 0.06760907737102972 [0 0 1 0 1 0 0 0 0 1 0 1 0 1 0 0 0 0 1 0 0 1 1 1 1 0 0 1 0 1 1]
80 13 51 0.06760907737102972 [0 0 1 0 1 0 0 0 0 1 0 1 0 1 0 0 0 0 1 0 0 1 1 1 1 0 0 1 0 1 1]
81 13 51 0.06760907737102972 [0 0 1 0 1 0 0 0 0 1 0 1 0 1 0 0 0 0 1 0 0 1 1 1 1 0 0 1 0 1 1]
82 13 53 0.06760907737102972 [0 0 1 0 1 0 0 0 0 1 0 1 0 1 0 0 0 0 1 0 0 1 1 1 1 0 0 1 0 1 1]
83 13 53 0.06760907737102972 [0 0 1 0 1 0 0 0 0 1 0 1 0 1 0 0 0 0 1 0 0 1 1 1 1 0 0 1 0 1 1]
84 13 54 0.06760907737102972 [0 0 1 0 1 0 0 0 0 1 0 1 0 1 0 0 0 0 1 0 0 1 1 1 1 0 0 1 0 1 1]
85 13 54 0.06760907737102972 [0 0 1 0 1 0 0 0 0 1 0 1 0 1 0 0 0 0 1 0 0 1 1 1 1 0 0 1 0 1 1]
86 14 55 0.06618378071296682 [0 0 1 0 1 0 0 0 0 1 0 1 0 1 0 0 0 0 1 0 0 1 1 1 1 1 0 1 0 1 1]
87 14 54 0.06618378071296682 [0 0 1 0 1 0 0 0 0 1 0 1 0 1 0 0 0 0 1 0 0 1 1 1 1 1 0 1 0 1 1]
88 14 53 0.06618378071296682 [0 0 1 0 1 0 0 0 0 1 0 1 0 1 0 0 0 0 1 0 0 1 1 1 1 1 0 1 0 1 1]
89 14 52 0.06618378071296682 [0 0 1 0 1 0 0 0 0 1 0 1 0 1 0 0 0 0 1 0 0 1 1 1 1 1 0 1 0 1 1]
90 14 57 0.06618378071296682 [0 0 1 0 1 0 0 0 0 1 0 1 0 1 0 0 0 0 1 0 0 1 1 1 1 1 0 1 0 1 1]
91 14 55 0.06618378071296682 [0 0 1 0 1 0 0 0 0 1 0 1 0 1 0 0 0 0 1 0 0 1 1 1 1 1 0 1 0 1 1]
92 14 57 0.06618378071296682 [0 0 1 0 1 0 0 0 0 1 0 1 0 1 0 0 0 0 1 0 0 1 1 1 1 1 0 1 0 1 1]
93 14 56 0.06618378071296682 [0 0 1 0 1 0 0 0 0 1 0 1 0 1 0 0 0 0 1 0 0 1 1 1 1 1 0 1 0 1 1]
94 14 55 0.06618378071296682 [0 0 1 0 1 0 0 0 0 1 0 1 0 1 0 0 0 0 1 0 0 1 1 1 1 1 0 1 0 1 1]
95 14 53 0.06618378071296682 [0 0 1 0 1 0 0 0 0 1 0 1 0 1 0 0 0 0 1 0 0 1 1 1 1 1 0 1 0 1 1]
96 14 57 0.06618378071296682 [0 0 1 0 1 0 0 0 0 1 0 1 0 1 0 0 0 0 1 0 0 1 1 1 1 1 0 1 0 1 1]
97 14 52 0.06618378071296682 [0 0 1 0 1 0 0 0 0 1 0 1 0 1 0 0 0 0 1 0 0 1 1 1 1 1 0 1 0 1 1]
98 14 54 0.06618378071296682 [0 0 1 0 1 0 0 0 0 1 0 1 0 1 0 0 0 0 1 0 0 1 1 1 1 1 0 1 0 1 1]
99 14 51 0.06618378071296682 [0 0 1 0 1 0 0 0 0 1 0 1 0 1 0 0 0 0 1 0 0 1 1 1 1 1 0 1 0 1 1]
100 14 53 0.06618378071296682 [0 0 1 0 1 0 0 0 0 1 0 1 0 1 0 0 0 0 1 0 0 1 1 1 1 1 0 1 0 1 1]
101 14 52 0.06618378071296682 [0 0 1 0 1 0 0 0 0 1 0 1 0 1 0 0 0 0 1 0 0 1 1 1 1 1 0 1 0 1 1]
102 14 54 0.06618378071296682 [0 0 1 0 1 0 0 0 0 1 0 1 0 1 0 0 0 0 1 0 0 1 1 1 1 1 0 1 0 1 1]
103 14 53 0.06618378071296682 [0 0 1 0 1 0 0 0 0 1 0 1 0 1 0 0 0 0 1 0 0 1 1 1 1 1 0 1 0 1 1]
104 14 51 0.06618378071296682 [0 0 1 0 1 0 0 0 0 1 0 1 0 1 0 0 0 0 1 0 0 1 1 1 1 1 0 1 0 1 1]
105 14 55 0.06618378071296682 [0 0 1 0 1 0 0 0 0 1 0 1 0 1 0 0 0 0 1 0 0 1 1 1 1 1 0 1 0 1 1]
106 14 56 0.06618378071296682 [0 0 1 0 1 0 0 0 0 1 0 1 0 1 0 0 0 0 1 0 0 1 1 1 1 1 0 1 0 1 1]
107 14 51 0.06618378071296682 [0 0 1 0 1 0 0 0 0 1 0 1 0 1 0 0 0 0 1 0 0 1 1 1 1 1 0 1 0 1 1]
108 14 53 0.06618378071296682 [0 0 1 0 1 0 0 0 0 1 0 1 0 1 0 0 0 0 1 0 0 1 1 1 1 1 0 1 0 1 1]
109 14 52 0.06618378071296682 [0 0 1 0 1 0 0 0 0 1 0 1 0 1 0 0 0 0 1 0 0 1 1 1 1 1 0 1 0 1 1]
110 14 50 0.06618378071296682 [0 0 1 0 1 0 0 0 0 1 0 1 0 1 0 0 0 0 1 0 0 1 1 1 1 1 0 1 0 1 1]
111 14 53 0.06618378071296682 [0 0 1 0 1 0 0 0 0 1 0 1 0 1 0 0 0 0 1 0 0 1 1 1 1 1 0 1 0 1 1]
112 14 52 0.06618378071296682 [0 0 1 0 1 0 0 0 0 1 0 1 0 1 0 0 0 0 1 0 0 1 1 1 1 1 0 1 0 1 1]
113 14 54 0.06618378071296682 [0 0 1 0 1 0 0 0 0 1 0 1 0 1 0 0 0 0 1 0 0 1 1 1 1 1 0 1 0 1 1]
114 14 54 0.06618378071296682 [0 0 1 0 1 0 0 0 0 1 0 1 0 1 0 0 0 0 1 0 0 1 1 1 1 1 0 1 0 1 1]
115 14 54 0.06618378071296682 [0 0 1 0 1 0 0 0 0 1 0 1 0 1 0 0 0 0 1 0 0 1 1 1 1 1 0 1 0 1 1]
116 14 53 0.06618378071296682 [0 0 1 0 1 0 0 0 0 1 0 1 0 1 0 0 0 0 1 0 0 1 1 1 1 1 0 1 0 1 1]
117 14 57 0.06618378071296682 [0 0 1 0 1 0 0 0 0 1 0 1 0 1 0 0 0 0 1 0 0 1 1 1 1 1 0 1 0 1 1]
118 14 54 0.06618378071296682 [0 0 1 0 1 0 0 0 0 1 0 1 0 1 0 0 0 0 1 0 0 1 1 1 1 1 0 1 0 1 1]
119 14 52 0.06618378071296682 [0 0 1 0 1 0 0 0 0 1 0 1 0 1 0 0 0 0 1 0 0 1 1 1 1 1 0 1 0 1 1]
120 14 54 0.06618378071296682 [0 0 1 0 1 0 0 0 0 1 0 1 0 1 0 0 0 0 1 0 0 1 1 1 1 1 0 1 0 1 1]
121 14 52 0.06618378071296682 [0 0 1 0 1 0 0 0 0 1 0 1 0 1 0 0 0 0 1 0 0 1 1 1 1 1 0 1 0 1 1]
122 14 53 0.06618378071296682 [0 0 1 0 1 0 0 0 0 1 0 1 0 1 0 0 0 0 1 0 0 1 1 1 1 1 0 1 0 1 1]
123 14 53 0.06618378071296682 [0 0 1 0 1 0 0 0 0 1 0 1 0 1 0 0 0 0 1 0 0 1 1 1 1 1 0 1 0 1 1]
124 14 55 0.06618378071296682 [0 0 1 0 1 0 0 0 0 1 0 1 0 1 0 0 0 0 1 0 0 1 1 1 1 1 0 1 0 1 1]
125 14 55 0.06618378071296682 [0 0 1 0 1 0 0 0 0 1 0 1 0 1 0 0 0 0 1 0 0 1 1 1 1 1 0 1 0 1 1]
126 14 55 0.06618378071296682 [0 0 1 0 1 0 0 0 0 1 0 1 0 1 0 0 0 0 1 0 0 1 1 1 1 1 0 1 0 1 1]
127 14 56 0.06618378071296682 [0 0 1 0 1 0 0 0 0 1 0 1 0 1 0 0 0 0 1 0 0 1 1 1 1 1 0 1 0 1 1]
128 14 53 0.06618378071296682 [0 0 1 0 1 0 0 0 0 1 0 1 0 1 0 0 0 0 1 0 0 1 1 1 1 1 0 1 0 1 1]
129 14 54 0.06618378071296682 [0 0 1 0 1 0 0 0 0 1 0 1 0 1 0 0 0 0 1 0 0 1 1 1 1 1 0 1 0 1 1]
130 14 51 0.06618378071296682 [0 0 1 0 1 0 0 0 0 1 0 1 0 1 0 0 0 0 1 0 0 1 1 1 1 1 0 1 0 1 1]
131 14 55 0.06618378071296682 [0 0 1 0 1 0 0 0 0 1 0 1 0 1 0 0 0 0 1 0 0 1 1 1 1 1 0 1 0 1 1]
132 14 54 0.06618378071296682 [0 0 1 0 1 0 0 0 0 1 0 1 0 1 0 0 0 0 1 0 0 1 1 1 1 1 0 1 0 1 1]
133 14 52 0.06618378071296682 [0 0 1 0 1 0 0 0 0 1 0 1 0 1 0 0 0 0 1 0 0 1 1 1 1 1 0 1 0 1 1]
134 14 52 0.06618378071296682 [0 0 1 0 1 0 0 0 0 1 0 1 0 1 0 0 0 0 1 0 0 1 1 1 1 1 0 1 0 1 1]
135 14 54 0.06618378071296682 [0 0 1 0 1 0 0 0 0 1 0 1 0 1 0 0 0 0 1 0 0 1 1 1 1 1 0 1 0 1 1]
136 14 57 0.06618378071296682 [0 0 1 0 1 0 0 0 0 1 0 1 0 1 0 0 0 0 1 0 0 1 1 1 1 1 0 1 0 1 1]
137 14 54 0.06618378071296682 [0 0 1 0 1 0 0 0 0 1 0 1 0 1 0 0 0 0 1 0 0 1 1 1 1 1 0 1 0 1 1]
138 14 50 0.06618378071296682 [0 0 1 0 1 0 0 0 0 1 0 1 0 1 0 0 0 0 1 0 0 1 1 1 1 1 0 1 0 1 1]
139 14 55 0.06618378071296682 [0 0 1 0 1 0 0 0 0 1 0 1 0 1 0 0 0 0 1 0 0 1 1 1 1 1 0 1 0 1 1]
140 14 54 0.06618378071296682 [0 0 1 0 1 0 0 0 0 1 0 1 0 1 0 0 0 0 1 0 0 1 1 1 1 1 0 1 0 1 1]
141 14 50 0.06618378071296682 [0 0 1 0 1 0 0 0 0 1 0 1 0 1 0 0 0 0 1 0 0 1 1 1 1 1 0 1 0 1 1]
142 14 53 0.06618378071296682 [0 0 1 0 1 0 0 0 0 1 0 1 0 1 0 0 0 0 1 0 0 1 1 1 1 1 0 1 0 1 1]
143 14 53 0.06618378071296682 [0 0 1 0 1 0 0 0 0 1 0 1 0 1 0 0 0 0 1 0 0 1 1 1 1 1 0 1 0 1 1]
144 14 54 0.06618378071296682 [0 0 1 0 1 0 0 0 0 1 0 1 0 1 0 0 0 0 1 0 0 1 1 1 1 1 0 1 0 1 1]
145 14 54 0.06618378071296682 [0 0 1 0 1 0 0 0 0 1 0 1 0 1 0 0 0 0 1 0 0 1 1 1 1 1 0 1 0 1 1]
146 14 55 0.06618378071296682 [0 0 1 0 1 0 0 0 0 1 0 1 0 1 0 0 0 0 1 0 0 1 1 1 1 1 0 1 0 1 1]
147 14 54 0.06618378071296682 [0 0 1 0 1 0 0 0 0 1 0 1 0 1 0 0 0 0 1 0 0 1 1 1 1 1 0 1 0 1 1]
148 14 54 0.06618378071296682 [0 0 1 0 1 0 0 0 0 1 0 1 0 1 0 0 0 0 1 0 0 1 1 1 1 1 0 1 0 1 1]
149 14 55 0.06618378071296682 [0 0 1 0 1 0 0 0 0 1 0 1 0 1 0 0 0 0 1 0 0 1 1 1 1 1 0 1 0 1 1]
150 14 53 0.06618378071296682 [0 0 1 0 1 0 0 0 0 1 0 1 0 1 0 0 0 0 1 0 0 1 1 1 1 1 0 1 0 1 1]
