0 13 100 0.10558902817402893 [0 1 0 0 0 1 0 0 0 1 1 0 1 0 0 0 1 0 0 0 1 0 1 1 1 1 0 1 1 0 0]
1 13 90 0.10558902817402893 [0 1 0 0 0 1 0 0 0 1 1 0 1 0 0 0 1 0 0 0 1 0 1 1 1 1 0 1 1 0 0]
2 14 63 0.09997798649838574 [0 1 1 1 1 0 0 1 0 0 0 1 0 0 0 0 1 0 0 0 1 1 1 1 1 0 0 1 1 0 0]
3 14 57 0.09997798649838574 [0 1 1 1 1 0 0 1 0 0 0 1 0 0 0 0 1 0 0 0 1 1 1 1 1 0 0 1 1 0 0]
4 18 55 0.09636268660819836 [0 1 1 1 1 0 1 1 1 0 0 1 0 0 0 0 0 0 1 0 1 1 1 1 1 1 1 1 0 0 1]
5 18 61 0.09636268660819836 [0 1 1 1 1 0 1 1 1 0 0 1 0 0 0 0 0 0 1 0 1 1 1 1 1 1 1 1 0 0 1]
6 18 60 0.09636268660819836 [0 1 1 1 1 0 1 1 1 0 0 1 0 0 0 0 0 0 1 0 1 1 1 1 1 1 1 1 0 0 1]
7 13 57 0.09523874969649493 [0 0 1 0 1 1 1 1 0 0 0 0 0 1 0 0 0 0 0 0 1 1 1 1 1 1 1 0 0 0 0]
8 13 52 0.09523874969649493 [0 0 1 0 1 1 1 1 0 0 0 0 0 1 0 0 0 0 0 0 1 1 1 1 1 1 1 0 0 0 0]
9 13 56 0.09523874969649493 [0 0 1 0 1 1 1 1 0 0 0 0 0 1 0 0 0 0 0 0 1 1 1 1 1 1 1 0 0 0 0]
10 13 55 0.09523874969649493 [0 0 1 0 1 1 1 1 0 0 0 0 0 1 0 0 0 0 0 0 1 1 1 1 1 1 1 0 0 0 0]
11 13 52 0.09523874969649493 [0 0 1 0 1 1 1 1 0 0 0 0 0 1 0 0 0 0 0 0 1 1 1 1 1 1 1 0 0 0 0]
12 12 52 0.0779852389899226 [0 0 1 0 1 0 1 0 0 0 0 1 0 0 0 1 0 0 0 0 0 1 1 1 1 1 1 0 0 0 1]
13 12 54 0.0779852389899226 [0 0 1 0 1 0 1 0 0 0 0 1 0 0 0 1 0 0 0 0 0 1 1 1 1 1 1 0 0 0 1]
14 12 53 0.0779852389899226 [0 0 1 0 1 0 1 0 0 0 0 1 0 0 0 1 0 0 0 0 0 1 1 1 1 1 1 0 0 0 1]
15 12 54 0.0779852389899226 [0 0 1 0 1 0 1 0 0 0 0 1 0 0 0 1 0 0 0 0 0 1 1 1 1 1 1 0 0 0 1]
16 12 52 0.0779852389899226 [0 0 1 0 1 0 1 0 0 0 0 1 0 0 0 1 0 0 0 0 0 1 1 1 1 1 1 0 0 0 1]
17 12 54 0.0779852389899226 [0 0 1 0 1 0 1 0 0 0 0 1 0 0 0 1 0 0 0 0 0 1 1 1 1 1 1 0 0 0 1]
18 12 51 0.0779852389899226 [0 0 1 0 1 0 1 0 0 0 0 1 0 0 0 1 0 0 0 0 0 1 1 1 1 1 1 0 0 0 1]
19 12 52 0.0779852389899226 [0 0 1 0 1 0 1 0 0 0 0 1 0 0 0 1 0 0 0 0 0 1 1 1 1 1 1 0 0 0 1]
20 12 53 0.0779852389899226 [0 0 1 0 1 0 1 0 0 0 0 1 0 0 0 1 0 0 0 0 0 1 1 1 1 1 1 0 0 0 1]
21 12 52 0.0779852389899226 [0 0 1 0 1 0 1 0 0 0 0 1 0 0 0 1 0 0 0 0 0 1 1 1 1 1 1 0 0 0 1]
22 12 51 0.0779852389899226 [0 0 1 0 1 0 1 0 0 0 0 1 0 0 0 1 0 0 0 0 0 1 1 1 1 1 1 0 0 0 1]
23 12 52 0.0779852389899226 [0 0 1 0 1 0 1 0 0 0 0 1 0 0 0 1 0 0 0 0 0 1 1 1 1 1 1 0 0 0 1]
24 12 53 0.0779852389899226 [0 0 1 0 1 0 1 0 0 0 0 1 0 0 0 1 0 0 0 0 0 1 1 1 1 1 1 0 0 0 1]
25 12 56 0.0779852389899226 [0 0 1 0 1 0 1 0 0 0 0 1 0 0 0 1 0 0 0 0 0 1 1 1 1 1 1 0 0 0 1]
26 12 56 0.0779852389899226 [0 0 1 0 1 0 1 0 0 0 0 1 0 0 0 1 0 0 0 0 0 1 1 1 1 1 1 0 0 0 1]
27 12 53 0.0779852389899226 [0 0 1 0 1 0 1 0 0 0 0 1 0 0 0 1 0 0 0 0 0 1 1 1 1 1 1 0 0 0 1]
28 15 53 0.07208289600035722 [0 1 1 1 1 0 1 0 0 0 0 1 1 1 0 0 0 0 0 0 0 0 1 1 1 1 0 1 0 1 1]
29 15 54 0.07208289600035722 [0 1 1 1 1 0 1 0 0 0 0 1 1 1 0 0 0 0 0 0 0 0 1 1 1 1 0 1 0 1 1]
30 15 51 0.07208289600035722 [0 1 1 1 1 0 1 0 0 0 0 1 1 1 0 0 0 0 0 0 0 0 1 1 1 1 0 1 0 1 1]
31 15 53 0.07208289600035722 [0 1 1 1 1 0 1 0 0 0 0 1 1 1 0 0 0 0 0 0 0 0 1 1 1 1 0 1 0 1 1]
32 15 51 0.07208289600035722 [0 1 1 1 1 0 1 0 0 0 0 1 1 1 0 0 0 0 0 0 0 0 1 1 1 1 0 1 0 1 1]
33 15 56 0.07208289600035722 [0 1 1 1 1 0 1 0 0 0 0 1 1 1 0 0 0 0 0 0 0 0 1 1 1 1 0 1 0 1 1]
34 15 52 0.07208289600035722 [0 1 1 1 1 0 1 0 0 0 0 1 1 1 0 0 0 0 0 0 0 0 1 1 1 1 0 1 0 1 1]
35 15 55 0.07208289600035722 [0 1 1 1 1 0 1 0 0 0 0 1 1 1 0 0 0 0 0 0 0 0 1 1 1 1 0 1 0 1 1]
36 15 55 0.07208289600035722 [0 1 1 1 1 0 1 0 0 0 0 1 1 1 0 0 0 0 0 0 0 0 1 1 1 1 0 1 0 1 1]
37 15 52 0.07208289600035722 [0 1 1 1 1 0 1 0 0 0 0 1 1 1 0 0 0 0 0 0 0 0 1 1 1 1 0 1 0 1 1]
38 15 56 0.07208289600035722 [0 1 1 1 1 0 1 0 0 0 0 1 1 1 0 0 0 0 0 0 0 0 1 1 1 1 0 1 0 1 1]
39 15 54 0.07208289600035722 [0 1 1 1 1 0 1 0 0 0 0 1 1 1 0 0 0 0 0 0 0 0 1 1 1 1 0 1 0 1 1]
40 15 50 0.07208289600035722 [0 1 1 1 1 0 1 0 0 0 0 1 1 1 0 0 0 0 0 0 0 0 1 1 1 1 0 1 0 1 1]
41 15 51 0.07208289600035722 [0 1 1 1 1 0 1 0 0 0 0 1 1 1 0 0 0 0 0 0 0 0 1 1 1 1 0 1 0 1 1]
42 15 53 0.07208289600035722 [0 1 1 1 1 0 1 0 0 0 0 1 1 1 0 0 0 0 0 0 0 0 1 1 1 1 0 1 0 1 1]
43 15 50 0.07208289600035722 [0 1 1 1 1 0 1 0 0 0 0 1 1 1 0 0 0 0 0 0 0 0 1 1 1 1 0 1 0 1 1]
44 15 52 0.07208289600035722 [0 1 1 1 1 0 1 0 0 0 0 1 1 1 0 0 0 0 0 0 0 0 1 1 1 1 0 1 0 1 1]
45 15 53 0.07208289600035722 [0 1 1 1 1 0 1 0 0 0 0 1 1 1 0 0 0 0 0 0 0 0 1 1 1 1 0 1 0 1 1]
46 15 53 0.07208289600035722 [0 1 1 1 1 0 1 0 0 0 0 1 1 1 0 0 0 0 0 0 0 0 1 1 1 1 0 1 0 1 1]
47 15 54 0.07208289600035722 [0 1 1 1 1 0 1 0 0 0 0 1 1 1 0 0 0 0 0 0 0 0 1 1 1 1 0 1 0 1 1]
48 15 53 0.07208289600035722 [0 1 1 1 1 0 1 0 0 0 0 1 1 1 0 0 0 0 0 0 0 0 1 1 1 1 0 1 0 1 1]
49 15 57 0.07208289600035722 [0 1 1 1 1 0 1 0 0 0 0 1 1 1 0 0 0 0 0 0 0 0 1 1 1 1 0 1 0 1 1]
50 15 53 0.07208289600035722 [0 1 1 1 1 0 1 0 0 0 0 1 1 1 0 0 0 0 0 0 0 0 1 1 1 1 0 1 0 1 1]
51 15 51 0.07208289600035722 [0 1 1 1 1 0 1 0 0 0 0 1 1 1 0 0 0 0 0 0 0 0 1 1 1 1 0 1 0 1 1]
52 15 51 0.07208289600035722 [0 1 1 1 1 0 1 0 0 0 0 1 1 1 0 0 0 0 0 0 0 0 1 1 1 1 0 1 0 1 1]
53 15 54 0.07208289600035722 [0 1 1 1 1 0 1 0 0 0 0 1 1 1 0 0 0 0 0 0 0 0 1 1 1 1 0 1 0 1 1]
54 15 55 0.07208289600035722 [0 1 1 1 1 0 1 0 0 0 0 1 1 1 0 0 0 0 0 0 0 0 1 1 1 1 0 1 0 1 1]
55 15 59 0.07208289600035722 [0 1 1 1 1 0 1 0 0 0 0 1 1 1 0 0 0 0 0 0 0 0 1 1 1 1 0 1 0 1 1]
56 15 57 0.07208289600035722 [0 1 1 1 1 0 1 0 0 0 0 1 1 1 0 0 0 0 0 0 0 0 1 1 1 1 0 1 0 1 1]
57 15 51 0.07208289600035722 [0 1 1 1 1 0 1 0 0 0 0 1 1 1 0 0 0 0 0 0 0 0 1 1 1 1 0 1 0 1 1]
58 15 55 0.07208289600035722 [0 1 1 1 1 0 1 0 0 0 0 1 1 1 0 0 0 0 0 0 0 0 1 1 1 1 0 1 0 1 1]
59 15 52 0.07208289600035722 [0 1 1 1 1 0 1 0 0 0 0 1 1 1 0 0 0 0 0 0 0 0 1 1 1 1 0 1 0 1 1]
60 15 51 0.07208289600035722 [0 1 1 1 1 0 1 0 0 0 0 1 1 1 0 0 0 0 0 0 0 0 1 1 1 1 0 1 0 1 1]
61 15 51 0.07208289600035722 [0 1 1 1 1 0 1 0 0 0 0 1 1 1 0 0 0 0 0 0 0 0 1 1 1 1 0 1 0 1 1]
62 15 56 0.07208289600035722 [0 1 1 1 1 0 1 0 0 0 0 1 1 1 0 0 0 0 0 0 0 0 1 1 1 1 0 1 0 1 1]
63 15 56 0.07208289600035722 [0 1 1 1 1 0 1 0 0 0 0 1 1 1 0 0 0 0 0 0 0 0 1 1 1 1 0 1 0 1 1]
64 15 52 0.07208289600035722 [0 1 1 1 1 0 1 0 0 0 0 1 1 1 0 0 0 0 0 0 0 0 1 1 1 1 0 1 0 1 1]
65 15 52 0.07208289600035722 [0 1 1 1 1 0 1 0 0 0 0 1 1 1 0 0 0 0 0 0 0 0 1 1 1 1 0 1 0 1 1]
66 15 56 0.07208289600035722 [0 1 1 1 1 0 1 0 0 0 0 1 1 1 0 0 0 0 0 0 0 0 1 1 1 1 0 1 0 1 1]
67 15 52 0.07208289600035722 [0 1 1 1 1 0 1 0 0 0 0 1 1 1 0 0 0 0 0 0 0 0 1 1 1 1 0 1 0 1 1]
68 15 54 0.07208289600035722 [0 1 1 1 1 0 1 0 0 0 0 1 1 1 0 0 0 0 0 0 0 0 1 1 1 1 0 1 0 1 1]
69 15 52 0.07208289600035722 [0 1 1 1 1 0 1 0 0 0 0 1 1 1 0 0 0 0 0 0 0 0 1 1 1 1 0 1 0 1 1]
70 15 52 0.07208289600035722 [0 1 1 1 1 0 1 0 0 0 0 1 1 1 0 0 0 0 0 0 0 0 1 1 1 1 0 1 0 1 1]
71 15 51 0.07208289600035722 [0 1 1 1 1 0 1 0 0 0 0 1 1 1 0 0 0 0 0 0 0 0 1 1 1 1 0 1 0 1 1]
72 15 52 0.07208289600035722 [0 1 1 1 1 0 1 0 0 0 0 1 1 1 0 0 0 0 0 0 0 0 1 1 1 1 0 1 0 1 1]
73 15 54 0.07208289600035722 [0 1 1 1 1 0 1 0 0 0 0 1 1 1 0 0 0 0 0 0 0 0 1 1 1 1 0 1 0 1 1]
74 15 52 0.07208289600035722 [0 1 1 1 1 0 1 0 0 0 0 1 1 1 0 0 0 0 0 0 0 0 1 1 1 1 0 1 0 1 1]
75 15 54 0.07208289600035722 [0 1 1 1 1 0 1 0 0 0 0 1 1 1 0 0 0 0 0 0 0 0 1 1 1 1 0 1 0 1 1]
76 15 53 0.07208289600035722 [0 1 1 1 1 0 1 0 0 0 0 1 1 1 0 0 0 0 0 0 0 0 1 1 1 1 0 1 0 1 1]
77 15 53 0.07208289600035722 [0 1 1 1 1 0 1 0 0 0 0 1 1 1 0 0 0 0 0 0 0 0 1 1 1 1 0 1 0 1 1]
78 15 51 0.07208289600035722 [0 1 1 1 1 0 1 0 0 0 0 1 1 1 0 0 0 0 0 0 0 0 1 1 1 1 0 1 0 1 1]
79 15 57 0.07208289600035722 [0 1 1 1 1 0 1 0 0 0 0 1 1 1 0 0 0 0 0 0 0 0 1 1 1 1 0 1 0 1 1]
80 15 53 0.07208289600035722 [0 1 1 1 1 0 1 0 0 0 0 1 1 1 0 0 0 0 0 0 0 0 1 1 1 1 0 1 0 1 1]
81 15 53 0.07208289600035722 [0 1 1 1 1 0 1 0 0 0 0 1 1 1 0 0 0 0 0 0 0 0 1 1 1 1 0 1 0 1 1]
82 15 55 0.07208289600035722 [0 1 1 1 1 0 1 0 0 0 0 1 1 1 0 0 0 0 0 0 0 0 1 1 1 1 0 1 0 1 1]
83 15 54 0.07208289600035722 [0 1 1 1 1 0 1 0 0 0 0 1 1 1 0 0 0 0 0 0 0 0 1 1 1 1 0 1 0 1 1]
84 15 52 0.07208289600035722 [0 1 1 1 1 0 1 0 0 0 0 1 1 1 0 0 0 0 0 0 0 0 1 1 1 1 0 1 0 1 1]
85 15 52 0.07208289600035722 [0 1 1 1 1 0 1 0 0 0 0 1 1 1 0 0 0 0 0 0 0 0 1 1 1 1 0 1 0 1 1]
86 15 52 0.07208289600035722 [0 1 1 1 1 0 1 0 0 0 0 1 1 1 0 0 0 0 0 0 0 0 1 1 1 1 0 1 0 1 1]
87 15 55 0.07208289600035722 [0 1 1 1 1 0 1 0 0 0 0 1 1 1 0 0 0 0 0 0 0 0 1 1 1 1 0 1 0 1 1]
88 15 54 0.07208289600035722 [0 1 1 1 1 0 1 0 0 0 0 1 1 1 0 0 0 0 0 0 0 0 1 1 1 1 0 1 0 1 1]
89 15 51 0.07208289600035722 [0 1 1 1 1 0 1 0 0 0 0 1 1 1 0 0 0 0 0 0 0 0 1 1 1 1 0 1 0 1 1]
90 15 53 0.07208289600035722 [0 1 1 1 1 0 1 0 0 0 0 1 1 1 0 0 0 0 0 0 0 0 1 1 1 1 0 1 0 1 1]
91 15 54 0.07208289600035722 [0 1 1 1 1 0 1 0 0 0 0 1 1 1 0 0 0 0 0 0 0 0 1 1 1 1 0 1 0 1 1]
92 15 54 0.07208289600035722 [0 1 1 1 1 0 1 0 0 0 0 1 1 1 0 0 0 0 0 0 0 0 1 1 1 1 0 1 0 1 1]
93 15 53 0.07208289600035722 [0 1 1 1 1 0 1 0 0 0 0 1 1 1 0 0 0 0 0 0 0 0 1 1 1 1 0 1 0 1 1]
94 15 52 0.07208289600035722 [0 1 1 1 1 0 1 0 0 0 0 1 1 1 0 0 0 0 0 0 0 0 1 1 1 1 0 1 0 1 1]
95 15 55 0.07208289600035722 [0 1 1 1 1 0 1 0 0 0 0 1 1 1 0 0 0 0 0 0 0 0 1 1 1 1 0 1 0 1 1]
96 15 52 0.07208289600035722 [0 1 1 1 1 0 1 0 0 0 0 1 1 1 0 0 0 0 0 0 0 0 1 1 1 1 0 1 0 1 1]
97 15 54 0.07208289600035722 [0 1 1 1 1 0 1 0 0 0 0 1 1 1 0 0 0 0 0 0 0 0 1 1 1 1 0 1 0 1 1]
98 15 51 0.07208289600035722 [0 1 1 1 1 0 1 0 0 0 0 1 1 1 0 0 0 0 0 0 0 0 1 1 1 1 0 1 0 1 1]
99 15 51 0.07208289600035722 [0 1 1 1 1 0 1 0 0 0 0 1 1 1 0 0 0 0 0 0 0 0 1 1 1 1 0 1 0 1 1]
100 15 52 0.07208289600035722 [0 1 1 1 1 0 1 0 0 0 0 1 1 1 0 0 0 0 0 0 0 0 1 1 1 1 0 1 0 1 1]
101 15 51 0.07208289600035722 [0 1 1 1 1 0 1 0 0 0 0 1 1 1 0 0 0 0 0 0 0 0 1 1 1 1 0 1 0 1 1]
102 15 54 0.07208289600035722 [0 1 1 1 1 0 1 0 0 0 0 1 1 1 0 0 0 0 0 0 0 0 1 1 1 1 0 1 0 1 1]
103 15 53 0.07208289600035722 [0 1 1 1 1 0 1 0 0 0 0 1 1 1 0 0 0 0 0 0 0 0 1 1 1 1 0 1 0 1 1]
104 15 53 0.07208289600035722 [0 1 1 1 1 0 1 0 0 0 0 1 1 1 0 0 0 0 0 0 0 0 1 1 1 1 0 1 0 1 1]
105 15 53 0.07208289600035722 [0 1 1 1 1 0 1 0 0 0 0 1 1 1 0 0 0 0 0 0 0 0 1 1 1 1 0 1 0 1 1]
106 15 54 0.07208289600035722 [0 1 1 1 1 0 1 0 0 0 0 1 1 1 0 0 0 0 0 0 0 0 1 1 1 1 0 1 0 1 1]
107 15 59 0.07208289600035722 [0 1 1 1 1 0 1 0 0 0 0 1 1 1 0 0 0 0 0 0 0 0 1 1 1 1 0 1 0 1 1]
108 15 53 0.06798050585180182 [0 1 1 0 1 0 1 0 0 0 0 1 1 1 0 1 0 0 0 0 0 0 1 1 1 1 0 1 0 1 1]
109 15 51 0.06798050585180182 [0 1 1 0 1 0 1 0 0 0 0 1 1 1 0 1 0 0 0 0 0 0 1 1 1 1 0 1 0 1 1]
110 15 52 0.06798050585180182 [0 1 1 0 1 0 1 0 0 0 0 1 1 1 0 1 0 0 0 0 0 0 1 1 1 1 0 1 0 1 1]
111 15 54 0.06798050585180182 [0 1 1 0 1 0 1 0 0 0 0 1 1 1 0 1 0 0 0 0 0 0 1 1 1 1 0 1 0 1 1]
112 15 52 0.06798050585180182 [0 1 1 0 1 0 1 0 0 0 0 1 1 1 0 1 0 0 0 0 0 0 1 1 1 1 0 1 0 1 1]
113 15 52 0.06798050585180182 [0 1 1 0 1 0 1 0 0 0 0 1 1 1 0 1 0 0 0 0 0 0 1 1 1 1 0 1 0 1 1]
114 15 51 0.06798050585180182 [0 1 1 0 1 0 1 0 0 0 0 1 1 1 0 1 0 0 0 0 0 0 1 1 1 1 0 1 0 1 1]
115 15 54 0.06798050585180182 [0 1 1 0 1 0 1 0 0 0 0 1 1 1 0 1 0 0 0 0 0 0 1 1 1 1 0 1 0 1 1]
116 15 55 0.06798050585180182 [0 1 1 0 1 0 1 0 0 0 0 1 1 1 0 1 0 0 0 0 0 0 1 1 1 1 0 1 0 1 1]
117 15 53 0.06798050585180182 [0 1 1 0 1 0 1 0 0 0 0 1 1 1 0 1 0 0 0 0 0 0 1 1 1 1 0 1 0 1 1]
118 15 53 0.06798050585180182 [0 1 1 0 1 0 1 0 0 0 0 1 1 1 0 1 0 0 0 0 0 0 1 1 1 1 0 1 0 1 1]
119 15 51 0.06798050585180182 [0 1 1 0 1 0 1 0 0 0 0 1 1 1 0 1 0 0 0 0 0 0 1 1 1 1 0 1 0 1 1]
120 15 56 0.06798050585180182 [0 1 1 0 1 0 1 0 0 0 0 1 1 1 0 1 0 0 0 0 0 0 1 1 1 1 0 1 0 1 1]
121 15 55 0.06798050585180182 [0 1 1 0 1 0 1 0 0 0 0 1 1 1 0 1 0 0 0 0 0 0 1 1 1 1 0 1 0 1 1]
122 15 53 0.06798050585180182 [0 1 1 0 1 0 1 0 0 0 0 1 1 1 0 1 0 0 0 0 0 0 1 1 1 1 0 1 0 1 1]
123 15 53 0.06798050585180182 [0 1 1 0 1 0 1 0 0 0 0 1 1 1 0 1 0 0 0 0 0 0 1 1 1 1 0 1 0 1 1]
124 15 55 0.06798050585180182 [0 1 1 0 1 0 1 0 0 0 0 1 1 1 0 1 0 0 0 0 0 0 1 1 1 1 0 1 0 1 1]
125 15 49 0.06798050585180182 [0 1 1 0 1 0 1 0 0 0 0 1 1 1 0 1 0 0 0 0 0 0 1 1 1 1 0 1 0 1 1]
126 15 52 0.06798050585180182 [0 1 1 0 1 0 1 0 0 0 0 1 1 1 0 1 0 0 0 0 0 0 1 1 1 1 0 1 0 1 1]
127 15 51 0.06798050585180182 [0 1 1 0 1 0 1 0 0 0 0 1 1 1 0 1 0 0 0 0 0 0 1 1 1 1 0 1 0 1 1]
128 15 55 0.06798050585180182 [0 1 1 0 1 0 1 0 0 0 0 1 1 1 0 1 0 0 0 0 0 0 1 1 1 1 0 1 0 1 1]
129 15 52 0.06798050585180182 [0 1 1 0 1 0 1 0 0 0 0 1 1 1 0 1 0 0 0 0 0 0 1 1 1 1 0 1 0 1 1]
130 15 53 0.06798050585180182 [0 1 1 0 1 0 1 0 0 0 0 1 1 1 0 1 0 0 0 0 0 0 1 1 1 1 0 1 0 1 1]
131 15 51 0.06798050585180182 [0 1 1 0 1 0 1 0 0 0 0 1 1 1 0 1 0 0 0 0 0 0 1 1 1 1 0 1 0 1 1]
132 15 53 0.06798050585180182 [0 1 1 0 1 0 1 0 0 0 0 1 1 1 0 1 0 0 0 0 0 0 1 1 1 1 0 1 0 1 1]
133 15 52 0.06798050585180182 [0 1 1 0 1 0 1 0 0 0 0 1 1 1 0 1 0 0 0 0 0 0 1 1 1 1 0 1 0 1 1]
134 15 52 0.06798050585180182 [0 1 1 0 1 0 1 0 0 0 0 1 1 1 0 1 0 0 0 0 0 0 1 1 1 1 0 1 0 1 1]
135 15 51 0.06798050585180182 [0 1 1 0 1 0 1 0 0 0 0 1 1 1 0 1 0 0 0 0 0 0 1 1 1 1 0 1 0 1 1]
136 15 53 0.06798050585180182 [0 1 1 0 1 0 1 0 0 0 0 1 1 1 0 1 0 0 0 0 0 0 1 1 1 1 0 1 0 1 1]
137 15 51 0.06798050585180182 [0 1 1 0 1 0 1 0 0 0 0 1 1 1 0 1 0 0 0 0 0 0 1 1 1 1 0 1 0 1 1]
138 15 54 0.06798050585180182 [0 1 1 0 1 0 1 0 0 0 0 1 1 1 0 1 0 0 0 0 0 0 1 1 1 1 0 1 0 1 1]
139 15 53 0.06798050585180182 [0 1 1 0 1 0 1 0 0 0 0 1 1 1 0 1 0 0 0 0 0 0 1 1 1 1 0 1 0 1 1]
140 15 54 0.06798050585180182 [0 1 1 0 1 0 1 0 0 0 0 1 1 1 0 1 0 0 0 0 0 0 1 1 1 1 0 1 0 1 1]
141 15 53 0.06798050585180182 [0 1 1 0 1 0 1 0 0 0 0 1 1 1 0 1 0 0 0 0 0 0 1 1 1 1 0 1 0 1 1]
142 15 56 0.06798050585180182 [0 1 1 0 1 0 1 0 0 0 0 1 1 1 0 1 0 0 0 0 0 0 1 1 1 1 0 1 0 1 1]
143 15 53 0.06798050585180182 [0 1 1 0 1 0 1 0 0 0 0 1 1 1 0 1 0 0 0 0 0 0 1 1 1 1 0 1 0 1 1]
144 15 51 0.06798050585180182 [0 1 1 0 1 0 1 0 0 0 0 1 1 1 0 1 0 0 0 0 0 0 1 1 1 1 0 1 0 1 1]
145 15 54 0.06798050585180182 [0 1 1 0 1 0 1 0 0 0 0 1 1 1 0 1 0 0 0 0 0 0 1 1 1 1 0 1 0 1 1]
146 15 54 0.06798050585180182 [0 1 1 0 1 0 1 0 0 0 0 1 1 1 0 1 0 0 0 0 0 0 1 1 1 1 0 1 0 1 1]
147 15 54 0.06798050585180182 [0 1 1 0 1 0 1 0 0 0 0 1 1 1 0 1 0 0 0 0 0 0 1 1 1 1 0 1 0 1 1]
148 15 56 0.06798050585180182 [0 1 1 0 1 0 1 0 0 0 0 1 1 1 0 1 0 0 0 0 0 0 1 1 1 1 0 1 0 1 1]
149 15 54 0.06798050585180182 [0 1 1 0 1 0 1 0 0 0 0 1 1 1 0 1 0 0 0 0 0 0 1 1 1 1 0 1 0 1 1]
150 15 51 0.06798050585180182 [0 1 1 0 1 0 1 0 0 0 0 1 1 1 0 1 0 0 0 0 0 0 1 1 1 1 0 1 0 1 1]
