0 9 100 0.09436829218059906 [0 0 1 0 1 0 0 1 0 0 0 0 1 1 0 0 0 0 0 0 1 1 0 1 0 0 0 0 0 0 1]
1 9 84 0.09436829218059906 [0 0 1 0 1 0 0 1 0 0 0 0 1 1 0 0 0 0 0 0 1 1 0 1 0 0 0 0 0 0 1]
2 14 58 0.08903991193354976 [0 0 0 0 1 0 0 1 0 1 0 0 1 0 0 1 0 0 0 0 1 1 1 1 1 0 1 1 0 1 1]
3 14 54 0.08439406833366536 [0 0 1 0 1 0 1 1 0 1 0 0 1 0 0 0 0 0 0 0 0 1 1 1 1 1 1 0 0 1 1]
4 14 53 0.08439406833366536 [0 0 1 0 1 0 1 1 0 1 0 0 1 0 0 0 0 0 0 0 0 1 1 1 1 1 1 0 0 1 1]
5 14 53 0.08439406833366536 [0 0 1 0 1 0 1 1 0 1 0 0 1 0 0 0 0 0 0 0 0 1 1 1 1 1 1 0 0 1 1]
6 14 52 0.08439406833366536 [0 0 1 0 1 0 1 1 0 1 0 0 1 0 0 0 0 0 0 0 0 1 1 1 1 1 1 0 0 1 1]
7 14 54 0.08439406833366536 [0 0 1 0 1 0 1 1 0 1 0 0 1 0 0 0 0 0 0 0 0 1 1 1 1 1 1 0 0 1 1]
8 14 58 0.08439406833366536 [0 0 1 0 1 0 1 1 0 1 0 0 1 0 0 0 0 0 0 0 0 1 1 1 1 1 1 0 0 1 1]
9 14 51 0.08439406833366536 [0 0 1 0 1 0 1 1 0 1 0 0 1 0 0 0 0 0 0 0 0 1 1 1 1 1 1 0 0 1 1]
10 14 51 0.08439406833366536 [0 0 1 0 1 0 1 1 0 1 0 0 1 0 0 0 0 0 0 0 0 1 1 1 1 1 1 0 0 1 1]
11 14 53 0.08439406833366536 [0 0 1 0 1 0 1 1 0 1 0 0 1 0 0 0 0 0 0 0 0 1 1 1 1 1 1 0 0 1 1]
12 14 52 0.08439406833366536 [0 0 1 0 1 0 1 1 0 1 0 0 1 0 0 0 0 0 0 0 0 1 1 1 1 1 1 0 0 1 1]
13 12 54 0.08404718915029663 [0 0 0 0 1 1 0 1 0 1 0 0 0 1 0 0 0 0 0 0 0 1 1 1 1 0 1 1 0 0 1]
14 12 57 0.08404718915029663 [0 0 0 0 1 1 0 1 0 1 0 0 0 1 0 0 0 0 0 0 0 1 1 1 1 0 1 1 0 0 1]
15 12 58 0.08404718915029663 [0 0 0 0 1 1 0 1 0 1 0 0 0 1 0 0 0 0 0 0 0 1 1 1 1 0 1 1 0 0 1]
16 12 53 0.08404718915029663 [0 0 0 0 1 1 0 1 0 1 0 0 0 1 0 0 0 0 0 0 0 1 1 1 1 0 1 1 0 0 1]
17 12 52 0.08404718915029663 [0 0 0 0 1 1 0 1 0 1 0 0 0 1 0 0 0 0 0 0 0 1 1 1 1 0 1 1 0 0 1]
18 12 54 0.08404718915029663 [0 0 0 0 1 1 0 1 0 1 0 0 0 1 0 0 0 0 0 0 0 1 1 1 1 0 1 1 0 0 1]
19 12 54 0.08404718915029663 [0 0 0 0 1 1 0 1 0 1 0 0 0 1 0 0 0 0 0 0 0 1 1 1 1 0 1 1 0 0 1]
20 12 52 0.08404718915029663 [0 0 0 0 1 1 0 1 0 1 0 0 0 1 0 0 0 0 0 0 0 1 1 1 1 0 1 1 0 0 1]
21 12 52 0.08404718915029663 [0 0 0 0 1 1 0 1 0 1 0 0 0 1 0 0 0 0 0 0 0 1 1 1 1 0 1 1 0 0 1]
22 12 55 0.08404718915029663 [0 0 0 0 1 1 0 1 0 1 0 0 0 1 0 0 0 0 0 0 0 1 1 1 1 0 1 1 0 0 1]
23 12 50 0.08404718915029663 [0 0 0 0 1 1 0 1 0 1 0 0 0 1 0 0 0 0 0 0 0 1 1 1 1 0 1 1 0 0 1]
24 12 53 0.08404718915029663 [0 0 0 0 1 1 0 1 0 1 0 0 0 1 0 0 0 0 0 0 0 1 1 1 1 0 1 1 0 0 1]
25 12 50 0.08404718915029663 [0 0 0 0 1 1 0 1 0 1 0 0 0 1 0 0 0 0 0 0 0 1 1 1 1 0 1 1 0 0 1]
26 12 55 0.08404718915029663 [0 0 0 0 1 1 0 1 0 1 0 0 0 1 0 0 0 0 0 0 0 1 1 1 1 0 1 1 0 0 1]
27 12 59 0.08404718915029663 [0 0 0 0 1 1 0 1 0 1 0 0 0 1 0 0 0 0 0 0 0 1 1 1 1 0 1 1 0 0 1]
28 12 53 0.08404718915029663 [0 0 0 0 1 1 0 1 0 1 0 0 0 1 0 0 0 0 0 0 0 1 1 1 1 0 1 1 0 0 1]
29 12 55 0.08404718915029663 [0 0 0 0 1 1 0 1 0 1 0 0 0 1 0 0 0 0 0 0 0 1 1 1 1 0 1 1 0 0 1]
30 16 55 0.08043619088749732 [0 0 1 1 1 1 0 1 0 1 0 0 0 0 1 1 0 0 0 0 0 1 1 1 1 1 1 1 0 0 1]
31 16 52 0.08043619088749732 [0 0 1 1 1 1 0 1 0 1 0 0 0 0 1 1 0 0 0 0 0 1 1 1 1 1 1 1 0 0 1]
32 16 55 0.08043619088749732 [0 0 1 1 1 1 0 1 0 1 0 0 0 0 1 1 0 0 0 0 0 1 1 1 1 1 1 1 0 0 1]
33 16 53 0.08043619088749732 [0 0 1 1 1 1 0 1 0 1 0 0 0 0 1 1 0 0 0 0 0 1 1 1 1 1 1 1 0 0 1]
34 16 51 0.08043619088749732 [0 0 1 1 1 1 0 1 0 1 0 0 0 0 1 1 0 0 0 0 0 1 1 1 1 1 1 1 0 0 1]
35 16 53 0.08043619088749732 [0 0 1 1 1 1 0 1 0 1 0 0 0 0 1 1 0 0 0 0 0 1 1 1 1 1 1 1 0 0 1]
36 16 54 0.08043619088749732 [0 0 1 1 1 1 0 1 0 1 0 0 0 0 1 1 0 0 0 0 0 1 1 1 1 1 1 1 0 0 1]
37 16 52 0.08043619088749732 [0 0 1 1 1 1 0 1 0 1 0 0 0 0 1 1 0 0 0 0 0 1 1 1 1 1 1 1 0 0 1]
38 16 52 0.08043619088749732 [0 0 1 1 1 1 0 1 0 1 0 0 0 0 1 1 0 0 0 0 0 1 1 1 1 1 1 1 0 0 1]
39 16 52 0.08043619088749732 [0 0 1 1 1 1 0 1 0 1 0 0 0 0 1 1 0 0 0 0 0 1 1 1 1 1 1 1 0 0 1]
40 16 53 0.08043619088749732 [0 0 1 1 1 1 0 1 0 1 0 0 0 0 1 1 0 0 0 0 0 1 1 1 1 1 1 1 0 0 1]
41 16 55 0.08043619088749732 [0 0 1 1 1 1 0 1 0 1 0 0 0 0 1 1 0 0 0 0 0 1 1 1 1 1 1 1 0 0 1]
42 16 55 0.08043619088749732 [0 0 1 1 1 1 0 1 0 1 0 0 0 0 1 1 0 0 0 0 0 1 1 1 1 1 1 1 0 0 1]
43 16 56 0.08043619088749732 [0 0 1 1 1 1 0 1 0 1 0 0 0 0 1 1 0 0 0 0 0 1 1 1 1 1 1 1 0 0 1]
44 16 53 0.08043619088749732 [0 0 1 1 1 1 0 1 0 1 0 0 0 0 1 1 0 0 0 0 0 1 1 1 1 1 1 1 0 0 1]
45 16 51 0.08043619088749732 [0 0 1 1 1 1 0 1 0 1 0 0 0 0 1 1 0 0 0 0 0 1 1 1 1 1 1 1 0 0 1]
46 16 53 0.08043619088749732 [0 0 1 1 1 1 0 1 0 1 0 0 0 0 1 1 0 0 0 0 0 1 1 1 1 1 1 1 0 0 1]
47 16 54 0.08043619088749732 [0 0 1 1 1 1 0 1 0 1 0 0 0 0 1 1 0 0 0 0 0 1 1 1 1 1 1 1 0 0 1]
48 16 52 0.08043619088749732 [0 0 1 1 1 1 0 1 0 1 0 0 0 0 1 1 0 0 0 0 0 1 1 1 1 1 1 1 0 0 1]
49 16 53 0.08043619088749732 [0 0 1 1 1 1 0 1 0 1 0 0 0 0 1 1 0 0 0 0 0 1 1 1 1 1 1 1 0 0 1]
50 16 54 0.08043619088749732 [0 0 1 1 1 1 0 1 0 1 0 0 0 0 1 1 0 0 0 0 0 1 1 1 1 1 1 1 0 0 1]
51 16 54 0.08043619088749732 [0 0 1 1 1 1 0 1 0 1 0 0 0 0 1 1 0 0 0 0 0 1 1 1 1 1 1 1 0 0 1]
52 17 53 0.0796377278274929 [0 1 1 1 0 1 0 0 0 1 0 1 1 1 0 1 0 0 0 0 1 0 1 1 1 1 1 1 0 0 1]
53 12 53 0.07528886578161831 [0 0 1 1 0 0 0 0 0 0 0 0 0 0 0 1 0 0 0 0 0 1 1 1 1 0 1 1 1 1 1]
54 12 51 0.07528886578161831 [0 0 1 1 0 0 0 0 0 0 0 0 0 0 0 1 0 0 0 0 0 1 1 1 1 0 1 1 1 1 1]
55 12 52 0.07528886578161831 [0 0 1 1 0 0 0 0 0 0 0 0 0 0 0 1 0 0 0 0 0 1 1 1 1 0 1 1 1 1 1]
56 12 52 0.07528886578161831 [0 0 1 1 0 0 0 0 0 0 0 0 0 0 0 1 0 0 0 0 0 1 1 1 1 0 1 1 1 1 1]
57 12 52 0.07528886578161831 [0 0 1 1 0 0 0 0 0 0 0 0 0 0 0 1 0 0 0 0 0 1 1 1 1 0 1 1 1 1 1]
58 12 54 0.07528886578161831 [0 0 1 1 0 0 0 0 0 0 0 0 0 0 0 1 0 0 0 0 0 1 1 1 1 0 1 1 1 1 1]
59 12 54 0.07528886578161831 [0 0 1 1 0 0 0 0 0 0 0 0 0 0 0 1 0 0 0 0 0 1 1 1 1 0 1 1 1 1 1]
60 12 52 0.07528886578161831 [0 0 1 1 0 0 0 0 0 0 0 0 0 0 0 1 0 0 0 0 0 1 1 1 1 0 1 1 1 1 1]
61 12 53 0.07528886578161831 [0 0 1 1 0 0 0 0 0 0 0 0 0 0 0 1 0 0 0 0 0 1 1 1 1 0 1 1 1 1 1]
62 12 56 0.07528886578161831 [0 0 1 1 0 0 0 0 0 0 0 0 0 0 0 1 0 0 0 0 0 1 1 1 1 0 1 1 1 1 1]
63 12 51 0.07528886578161831 [0 0 1 1 0 0 0 0 0 0 0 0 0 0 0 1 0 0 0 0 0 1 1 1 1 0 1 1 1 1 1]
64 12 52 0.07528886578161831 [0 0 1 1 0 0 0 0 0 0 0 0 0 0 0 1 0 0 0 0 0 1 1 1 1 0 1 1 1 1 1]
65 12 53 0.07528886578161831 [0 0 1 1 0 0 0 0 0 0 0 0 0 0 0 1 0 0 0 0 0 1 1 1 1 0 1 1 1 1 1]
66 12 55 0.07528886578161831 [0 0 1 1 0 0 0 0 0 0 0 0 0 0 0 1 0 0 0 0 0 1 1 1 1 0 1 1 1 1 1]
67 12 53 0.07528886578161831 [0 0 1 1 0 0 0 0 0 0 0 0 0 0 0 1 0 0 0 0 0 1 1 1 1 0 1 1 1 1 1]
68 12 51 0.07528886578161831 [0 0 1 1 0 0 0 0 0 0 0 0 0 0 0 1 0 0 0 0 0 1 1 1 1 0 1 1 1 1 1]
69 12 53 0.07528886578161831 [0 0 1 1 0 0 0 0 0 0 0 0 0 0 0 1 0 0 0 0 0 1 1 1 1 0 1 1 1 1 1]
70 12 50 0.07528886578161831 [0 0 1 1 0 0 0 0 0 0 0 0 0 0 0 1 0 0 0 0 0 1 1 1 1 0 1 1 1 1 1]
71 12 52 0.07528886578161831 [0 0 1 1 0 0 0 0 0 0 0 0 0 0 0 1 0 0 0 0 0 1 1 1 1 0 1 1 1 1 1]
72 12 54 0.07528886578161831 [0 0 1 1 0 0 0 0 0 0 0 0 0 0 0 1 0 0 0 0 0 1 1 1 1 0 1 1 1 1 1]
73 12 51 0.07528886578161831 [0 0 1 1 0 0 0 0 0 0 0 0 0 0 0 1 0 0 0 0 0 1 1 1 1 0 1 1 1 1 1]
74 12 51 0.07528886578161831 [0 0 1 1 0 0 0 0 0 0 0 0 0 0 0 1 0 0 0 0 0 1 1 1 1 0 1 1 1 1 1]
75 12 57 0.07528886578161831 [0 0 1 1 0 0 0 0 0 0 0 0 0 0 0 1 0 0 0 0 0 1 1 1 1 0 1 1 1 1 1]
76 12 54 0.07528886578161831 [0 0 1 1 0 0 0 0 0 0 0 0 0 0 0 1 0 0 0 0 0 1 1 1 1 0 1 1 1 1 1]
77 12 55 0.07528886578161831 [0 0 1 1 0 0 0 0 0 0 0 0 0 0 0 1 0 0 0 0 0 1 1 1 1 0 1 1 1 1 1]
78 12 54 0.07528886578161831 [0 0 1 1 0 0 0 0 0 0 0 0 0 0 0 1 0 0 0 0 0 1 1 1 1 0 1 1 1 1 1]
79 12 54 0.07528886578161831 [0 0 1 1 0 0 0 0 0 0 0 0 0 0 0 1 0 0 0 0 0 1 1 1 1 0 1 1 1 1 1]
80 12 52 0.07528886578161831 [0 0 1 1 0 0 0 0 0 0 0 0 0 0 0 1 0 0 0 0 0 1 1 1 1 0 1 1 1 1 1]
81 12 52 0.07528886578161831 [0 0 1 1 0 0 0 0 0 0 0 0 0 0 0 1 0 0 0 0 0 1 1 1 1 0 1 1 1 1 1]
82 12 54 0.07528886578161831 [0 0 1 1 0 0 0 0 0 0 0 0 0 0 0 1 0 0 0 0 0 1 1 1 1 0 1 1 1 1 1]
83 12 51 0.07528886578161831 [0 0 1 1 0 0 0 0 0 0 0 0 0 0 0 1 0 0 0 0 0 1 1 1 1 0 1 1 1 1 1]
84 12 53 0.07528886578161831 [0 0 1 1 0 0 0 0 0 0 0 0 0 0 0 1 0 0 0 0 0 1 1 1 1 0 1 1 1 1 1]
85 13 52 0.07316920462422583 [0 0 1 1 0 0 0 0 1 0 0 1 0 0 0 1 0 0 0 0 0 1 1 1 1 1 0 1 0 1 1]
86 13 53 0.07316920462422583 [0 0 1 1 0 0 0 0 1 0 0 1 0 0 0 1 0 0 0 0 0 1 1 1 1 1 0 1 0 1 1]
87 13 54 0.07316920462422583 [0 0 1 1 0 0 0 0 1 0 0 1 0 0 0 1 0 0 0 0 0 1 1 1 1 1 0 1 0 1 1]
88 13 52 0.07316920462422583 [0 0 1 1 0 0 0 0 1 0 0 1 0 0 0 1 0 0 0 0 0 1 1 1 1 1 0 1 0 1 1]
89 15 53 0.0708289096862259 [0 0 1 1 0 0 0 0 1 0 0 1 0 1 0 1 0 0 0 1 0 1 1 1 1 1 0 1 0 1 1]
90 15 53 0.0708289096862259 [0 0 1 1 0 0 0 0 1 0 0 1 0 1 0 1 0 0 0 1 0 1 1 1 1 1 0 1 0 1 1]
91 15 51 0.0708289096862259 [0 0 1 1 0 0 0 0 1 0 0 1 0 1 0 1 0 0 0 1 0 1 1 1 1 1 0 1 0 1 1]
92 15 51 0.0708289096862259 [0 0 1 1 0 0 0 0 1 0 0 1 0 1 0 1 0 0 0 1 0 1 1 1 1 1 0 1 0 1 1]
93 15 54 0.0708289096862259 [0 0 1 1 0 0 0 0 1 0 0 1 0 1 0 1 0 0 0 1 0 1 1 1 1 1 0 1 0 1 1]
94 15 52 0.0708289096862259 [0 0 1 1 0 0 0 0 1 0 0 1 0 1 0 1 0 0 0 1 0 1 1 1 1 1 0 1 0 1 1]
95 9 54 0.06888420228338543 [0 0 1 1 0 0 0 0 0 0 0 0 0 1 0 0 0 0 0 0 0 1 1 1 1 1 0 0 0 0 1]
96 9 55 0.06888420228338543 [0 0 1 1 0 0 0 0 0 0 0 0 0 1 0 0 0 0 0 0 0 1 1 1 1 1 0 0 0 0 1]
97 9 50 0.06888420228338543 [0 0 1 1 0 0 0 0 0 0 0 0 0 1 0 0 0 0 0 0 0 1 1 1 1 1 0 0 0 0 1]
98 8 53 0.06846954096001279 [0 1 0 1 0 0 0 0 0 0 0 0 0 0 0 0 0 0 0 0 0 0 1 1 1 1 0 0 0 1 1]
99 8 57 0.06846954096001279 [0 1 0 1 0 0 0 0 0 0 0 0 0 0 0 0 0 0 0 0 0 0 1 1 1 1 0 0 0 1 1]
100 8 53 0.06846954096001279 [0 1 0 1 0 0 0 0 0 0 0 0 0 0 0 0 0 0 0 0 0 0 1 1 1 1 0 0 0 1 1]
101 8 52 0.06846954096001279 [0 1 0 1 0 0 0 0 0 0 0 0 0 0 0 0 0 0 0 0 0 0 1 1 1 1 0 0 0 1 1]
102 8 53 0.06846954096001279 [0 1 0 1 0 0 0 0 0 0 0 0 0 0 0 0 0 0 0 0 0 0 1 1 1 1 0 0 0 1 1]
103 8 52 0.06846954096001279 [0 1 0 1 0 0 0 0 0 0 0 0 0 0 0 0 0 0 0 0 0 0 1 1 1 1 0 0 0 1 1]
104 8 54 0.06846954096001279 [0 1 0 1 0 0 0 0 0 0 0 0 0 0 0 0 0 0 0 0 0 0 1 1 1 1 0 0 0 1 1]
105 8 56 0.06846954096001279 [0 1 0 1 0 0 0 0 0 0 0 0 0 0 0 0 0 0 0 0 0 0 1 1 1 1 0 0 0 1 1]
106 8 57 0.06846954096001279 [0 1 0 1 0 0 0 0 0 0 0 0 0 0 0 0 0 0 0 0 0 0 1 1 1 1 0 0 0 1 1]
107 8 50 0.06846954096001279 [0 1 0 1 0 0 0 0 0 0 0 0 0 0 0 0 0 0 0 0 0 0 1 1 1 1 0 0 0 1 1]
108 8 54 0.06846954096001279 [0 1 0 1 0 0 0 0 0 0 0 0 0 0 0 0 0 0 0 0 0 0 1 1 1 1 0 0 0 1 1]
109 8 52 0.06846954096001279 [0 1 0 1 0 0 0 0 0 0 0 0 0 0 0 0 0 0 0 0 0 0 1 1 1 1 0 0 0 1 1]
110 8 54 0.06846954096001279 [0 1 0 1 0 0 0 0 0 0 0 0 0 0 0 0 0 0 0 0 0 0 1 1 1 1 0 0 0 1 1]
111 8 52 0.06846954096001279 [0 1 0 1 0 0 0 0 0 0 0 0 0 0 0 0 0 0 0 0 0 0 1 1 1 1 0 0 0 1 1]
112 8 53 0.06846954096001279 [0 1 0 1 0 0 0 0 0 0 0 0 0 0 0 0 0 0 0 0 0 0 1 1 1 1 0 0 0 1 1]
113 8 52 0.06846954096001279 [0 1 0 1 0 0 0 0 0 0 0 0 0 0 0 0 0 0 0 0 0 0 1 1 1 1 0 0 0 1 1]
114 8 52 0.06846954096001279 [0 1 0 1 0 0 0 0 0 0 0 0 0 0 0 0 0 0 0 0 0 0 1 1 1 1 0 0 0 1 1]
115 8 54 0.06846954096001279 [0 1 0 1 0 0 0 0 0 0 0 0 0 0 0 0 0 0 0 0 0 0 1 1 1 1 0 0 0 1 1]
116 8 55 0.06846954096001279 [0 1 0 1 0 0 0 0 0 0 0 0 0 0 0 0 0 0 0 0 0 0 1 1 1 1 0 0 0 1 1]
117 8 55 0.06846954096001279 [0 1 0 1 0 0 0 0 0 0 0 0 0 0 0 0 0 0 0 0 0 0 1 1 1 1 0 0 0 1 1]
118 8 57 0.06846954096001279 [0 1 0 1 0 0 0 0 0 0 0 0 0 0 0 0 0 0 0 0 0 0 1 1 1 1 0 0 0 1 1]
119 8 52 0.06846954096001279 [0 1 0 1 0 0 0 0 0 0 0 0 0 0 0 0 0 0 0 0 0 0 1 1 1 1 0 0 0 1 1]
120 8 51 0.06846954096001279 [0 1 0 1 0 0 0 0 0 0 0 0 0 0 0 0 0 0 0 0 0 0 1 1 1 1 0 0 0 1 1]
121 8 54 0.06846954096001279 [0 1 0 1 0 0 0 0 0 0 0 0 0 0 0 0 0 0 0 0 0 0 1 1 1 1 0 0 0 1 1]
122 8 55 0.06846954096001279 [0 1 0 1 0 0 0 0 0 0 0 0 0 0 0 0 0 0 0 0 0 0 1 1 1 1 0 0 0 1 1]
123 8 52 0.06846954096001279 [0 1 0 1 0 0 0 0 0 0 0 0 0 0 0 0 0 0 0 0 0 0 1 1 1 1 0 0 0 1 1]
124 8 52 0.06846954096001279 [0 1 0 1 0 0 0 0 0 0 0 0 0 0 0 0 0 0 0 0 0 0 1 1 1 1 0 0 0 1 1]
125 8 52 0.06846954096001279 [0 1 0 1 0 0 0 0 0 0 0 0 0 0 0 0 0 0 0 0 0 0 1 1 1 1 0 0 0 1 1]
126 8 53 0.06846954096001279 [0 1 0 1 0 0 0 0 0 0 0 0 0 0 0 0 0 0 0 0 0 0 1 1 1 1 0 0 0 1 1]
127 8 57 0.06846954096001279 [0 1 0 1 0 0 0 0 0 0 0 0 0 0 0 0 0 0 0 0 0 0 1 1 1 1 0 0 0 1 1]
128 8 51 0.06846954096001279 [0 1 0 1 0 0 0 0 0 0 0 0 0 0 0 0 0 0 0 0 0 0 1 1 1 1 0 0 0 1 1]
129 8 54 0.06846954096001279 [0 1 0 1 0 0 0 0 0 0 0 0 0 0 0 0 0 0 0 0 0 0 1 1 1 1 0 0 0 1 1]
130 8 54 0.06846954096001279 [0 1 0 1 0 0 0 0 0 0 0 0 0 0 0 0 0 0 0 0 0 0 1 1 1 1 0 0 0 1 1]
131 8 53 0.06846954096001279 [0 1 0 1 0 0 0 0 0 0 0 0 0 0 0 0 0 0 0 0 0 0 1 1 1 1 0 0 0 1 1]
132 8 52 0.06846954096001279 [0 1 0 1 0 0 0 0 0 0 0 0 0 0 0 0 0 0 0 0 0 0 1 1 1 1 0 0 0 1 1]
133 8 55 0.06846954096001279 [0 1 0 1 0 0 0 0 0 0 0 0 0 0 0 0 0 0 0 0 0 0 1 1 1 1 0 0 0 1 1]
134 8 54 0.06846954096001279 [0 1 0 1 0 0 0 0 0 0 0 0 0 0 0 0 0 0 0 0 0 0 1 1 1 1 0 0 0 1 1]
135 8 55 0.06846954096001279 [0 1 0 1 0 0 0 0 0 0 0 0 0 0 0 0 0 0 0 0 0 0 1 1 1 1 0 0 0 1 1]
136 8 54 0.06846954096001279 [0 1 0 1 0 0 0 0 0 0 0 0 0 0 0 0 0 0 0 0 0 0 1 1 1 1 0 0 0 1 1]
137 8 54 0.06846954096001279 [0 1 0 1 0 0 0 0 0 0 0 0 0 0 0 0 0 0 0 0 0 0 1 1 1 1 0 0 0 1 1]
138 8 50 0.06846954096001279 [0 1 0 1 0 0 0 0 0 0 0 0 0 0 0 0 0 0 0 0 0 0 1 1 1 1 0 0 0 1 1]
139 8 54 0.06846954096001279 [0 1 0 1 0 0 0 0 0 0 0 0 0 0 0 0 0 0 0 0 0 0 1 1 1 1 0 0 0 1 1]
140 8 53 0.06846954096001279 [0 1 0 1 0 0 0 0 0 0 0 0 0 0 0 0 0 0 0 0 0 0 1 1 1 1 0 0 0 1 1]
141 8 51 0.06846954096001279 [0 1 0 1 0 0 0 0 0 0 0 0 0 0 0 0 0 0 0 0 0 0 1 1 1 1 0 0 0 1 1]
142 8 51 0.06846954096001279 [0 1 0 1 0 0 0 0 0 0 0 0 0 0 0 0 0 0 0 0 0 0 1 1 1 1 0 0 0 1 1]
143 8 54 0.06846954096001279 [0 1 0 1 0 0 0 0 0 0 0 0 0 0 0 0 0 0 0 0 0 0 1 1 1 1 0 0 0 1 1]
144 8 54 0.06846954096001279 [0 1 0 1 0 0 0 0 0 0 0 0 0 0 0 0 0 0 0 0 0 0 1 1 1 1 0 0 0 1 1]
145 8 53 0.06846954096001279 [0 1 0 1 0 0 0 0 0 0 0 0 0 0 0 0 0 0 0 0 0 0 1 1 1 1 0 0 0 1 1]
146 8 55 0.06846954096001279 [0 1 0 1 0 0 0 0 0 0 0 0 0 0 0 0 0 0 0 0 0 0 1 1 1 1 0 0 0 1 1]
147 8 52 0.06846954096001279 [0 1 0 1 0 0 0 0 0 0 0 0 0 0 0 0 0 0 0 0 0 0 1 1 1 1 0 0 0 1 1]
148 8 51 0.06846954096001279 [0 1 0 1 0 0 0 0 0 0 0 0 0 0 0 0 0 0 0 0 0 0 1 1 1 1 0 0 0 1 1]
149 8 54 0.06846954096001279 [0 1 0 1 0 0 0 0 0 0 0 0 0 0 0 0 0 0 0 0 0 0 1 1 1 1 0 0 0 1 1]
150 8 56 0.06846954096001279 [0 1 0 1 0 0 0 0 0 0 0 0 0 0 0 0 0 0 0 0 0 0 1 1 1 1 0 0 0 1 1]
