0 16 100 0.09529350325707531 [0 0 0 1 1 0 1 1 0 0 0 0 0 0 1 1 0 0 1 0 1 1 1 1 1 1 0 1 1 0 1]
1 16 86 0.09529350325707531 [0 0 0 1 1 0 1 1 0 0 0 0 0 0 1 1 0 0 1 0 1 1 1 1 1 1 0 1 1 0 1]
2 15 62 0.09182074584769673 [0 1 1 1 0 0 0 0 0 0 0 1 1 1 0 1 1 0 0 0 1 1 1 1 1 0 1 0 0 0 1]
3 15 54 0.09182074584769673 [0 1 1 1 0 0 0 0 0 0 0 1 1 1 0 1 1 0 0 0 1 1 1 1 1 0 1 0 0 0 1]
4 17 54 0.08874889126429997 [0 0 1 1 1 0 0 0 1 0 0 0 1 1 1 0 0 0 1 0 1 1 1 1 1 0 1 1 1 0 1]
5 15 51 0.0859172367671911 [0 1 0 1 0 0 1 1 1 0 0 0 1 1 0 1 0 0 0 0 0 1 1 1 1 0 0 0 1 1 1]
6 13 51 0.07706672412554771 [0 0 1 1 0 0 0 0 0 0 0 0 1 1 0 1 0 1 0 0 0 1 1 1 1 0 1 0 0 1 1]
7 13 56 0.07706672412554771 [0 0 1 1 0 0 0 0 0 0 0 0 1 1 0 1 0 1 0 0 0 1 1 1 1 0 1 0 0 1 1]
8 13 54 0.07706672412554771 [0 0 1 1 0 0 0 0 0 0 0 0 1 1 0 1 0 1 0 0 0 1 1 1 1 0 1 0 0 1 1]
9 13 56 0.07706672412554771 [0 0 1 1 0 0 0 0 0 0 0 0 1 1 0 1 0 1 0 0 0 1 1 1 1 0 1 0 0 1 1]
10 13 55 0.07706672412554771 [0 0 1 1 0 0 0 0 0 0 0 0 1 1 0 1 0 1 0 0 0 1 1 1 1 0 1 0 0 1 1]
11 13 51 0.07706672412554771 [0 0 1 1 0 0 0 0 0 0 0 0 1 1 0 1 0 1 0 0 0 1 1 1 1 0 1 0 0 1 1]
12 13 54 0.07706672412554771 [0 0 1 1 0 0 0 0 0 0 0 0 1 1 0 1 0 1 0 0 0 1 1 1 1 0 1 0 0 1 1]
13 13 53 0.07706672412554771 [0 0 1 1 0 0 0 0 0 0 0 0 1 1 0 1 0 1 0 0 0 1 1 1 1 0 1 0 0 1 1]
14 13 52 0.07706672412554771 [0 0 1 1 0 0 0 0 0 0 0 0 1 1 0 1 0 1 0 0 0 1 1 1 1 0 1 0 0 1 1]
15 13 54 0.07706672412554771 [0 0 1 1 0 0 0 0 0 0 0 0 1 1 0 1 0 1 0 0 0 1 1 1 1 0 1 0 0 1 1]
16 12 52 0.07481518960136468 [0 1 1 1 0 0 0 1 1 0 0 0 1 1 0 1 0 0 0 0 0 0 1 1 0 1 0 0 0 0 1]
17 12 58 0.07481518960136468 [0 1 1 1 0 0 0 1 1 0 0 0 1 1 0 1 0 0 0 0 0 0 1 1 0 1 0 0 0 0 1]
18 12 52 0.07481518960136468 [0 1 1 1 0 0 0 1 1 0 0 0 1 1 0 1 0 0 0 0 0 0 1 1 0 1 0 0 0 0 1]
19 12 53 0.07481518960136468 [0 1 1 1 0 0 0 1 1 0 0 0 1 1 0 1 0 0 0 0 0 0 1 1 0 1 0 0 0 0 1]
20 12 55 0.07481518960136468 [0 1 1 1 0 0 0 1 1 0 0 0 1 1 0 1 0 0 0 0 0 0 1 1 0 1 0 0 0 0 1]
21 12 53 0.07481518960136468 [0 1 1 1 0 0 0 1 1 0 0 0 1 1 0 1 0 0 0 0 0 0 1 1 0 1 0 0 0 0 1]
22 12 56 0.07481518960136468 [0 1 1 1 0 0 0 1 1 0 0 0 1 1 0 1 0 0 0 0 0 0 1 1 0 1 0 0 0 0 1]
23 12 53 0.07481518960136468 [0 1 1 1 0 0 0 1 1 0 0 0 1 1 0 1 0 0 0 0 0 0 1 1 0 1 0 0 0 0 1]
24 12 52 0.07481518960136468 [0 1 1 1 0 0 0 1 1 0 0 0 1 1 0 1 0 0 0 0 0 0 1 1 0 1 0 0 0 0 1]
25 12 52 0.07481518960136468 [0 1 1 1 0 0 0 1 1 0 0 0 1 1 0 1 0 0 0 0 0 0 1 1 0 1 0 0 0 0 1]
26 12 50 0.07481518960136468 [0 1 1 1 0 0 0 1 1 0 0 0 1 1 0 1 0 0 0 0 0 0 1 1 0 1 0 0 0 0 1]
27 12 56 0.07481518960136468 [0 1 1 1 0 0 0 1 1 0 0 0 1 1 0 1 0 0 0 0 0 0 1 1 0 1 0 0 0 0 1]
28 12 55 0.07481518960136468 [0 1 1 1 0 0 0 1 1 0 0 0 1 1 0 1 0 0 0 0 0 0 1 1 0 1 0 0 0 0 1]
29 12 51 0.07481518960136468 [0 1 1 1 0 0 0 1 1 0 0 0 1 1 0 1 0 0 0 0 0 0 1 1 0 1 0 0 0 0 1]
30 12 54 0.07481518960136468 [0 1 1 1 0 0 0 1 1 0 0 0 1 1 0 1 0 0 0 0 0 0 1 1 0 1 0 0 0 0 1]
31 12 54 0.07481518960136468 [0 1 1 1 0 0 0 1 1 0 0 0 1 1 0 1 0 0 0 0 0 0 1 1 0 1 0 0 0 0 1]
32 12 53 0.07481518960136468 [0 1 1 1 0 0 0 1 1 0 0 0 1 1 0 1 0 0 0 0 0 0 1 1 0 1 0 0 0 0 1]
33 12 55 0.07481518960136468 [0 1 1 1 0 0 0 1 1 0 0 0 1 1 0 1 0 0 0 0 0 0 1 1 0 1 0 0 0 0 1]
34 12 56 0.07481518960136468 [0 1 1 1 0 0 0 1 1 0 0 0 1 1 0 1 0 0 0 0 0 0 1 1 0 1 0 0 0 0 1]
35 12 50 0.07481518960136468 [0 1 1 1 0 0 0 1 1 0 0 0 1 1 0 1 0 0 0 0 0 0 1 1 0 1 0 0 0 0 1]
36 12 53 0.07481518960136468 [0 1 1 1 0 0 0 1 1 0 0 0 1 1 0 1 0 0 0 0 0 0 1 1 0 1 0 0 0 0 1]
37 12 54 0.07481518960136468 [0 1 1 1 0 0 0 1 1 0 0 0 1 1 0 1 0 0 0 0 0 0 1 1 0 1 0 0 0 0 1]
38 12 54 0.07481518960136468 [0 1 1 1 0 0 0 1 1 0 0 0 1 1 0 1 0 0 0 0 0 0 1 1 0 1 0 0 0 0 1]
39 12 54 0.07481518960136468 [0 1 1 1 0 0 0 1 1 0 0 0 1 1 0 1 0 0 0 0 0 0 1 1 0 1 0 0 0 0 1]
40 12 53 0.07481518960136468 [0 1 1 1 0 0 0 1 1 0 0 0 1 1 0 1 0 0 0 0 0 0 1 1 0 1 0 0 0 0 1]
41 12 54 0.07481518960136468 [0 1 1 1 0 0 0 1 1 0 0 0 1 1 0 1 0 0 0 0 0 0 1 1 0 1 0 0 0 0 1]
42 12 51 0.07481518960136468 [0 1 1 1 0 0 0 1 1 0 0 0 1 1 0 1 0 0 0 0 0 0 1 1 0 1 0 0 0 0 1]
43 12 52 0.07481518960136468 [0 1 1 1 0 0 0 1 1 0 0 0 1 1 0 1 0 0 0 0 0 0 1 1 0 1 0 0 0 0 1]
44 12 51 0.07481518960136468 [0 1 1 1 0 0 0 1 1 0 0 0 1 1 0 1 0 0 0 0 0 0 1 1 0 1 0 0 0 0 1]
45 12 54 0.07481518960136468 [0 1 1 1 0 0 0 1 1 0 0 0 1 1 0 1 0 0 0 0 0 0 1 1 0 1 0 0 0 0 1]
46 12 51 0.07481518960136468 [0 1 1 1 0 0 0 1 1 0 0 0 1 1 0 1 0 0 0 0 0 0 1 1 0 1 0 0 0 0 1]
47 12 54 0.07481518960136468 [0 1 1 1 0 0 0 1 1 0 0 0 1 1 0 1 0 0 0 0 0 0 1 1 0 1 0 0 0 0 1]
48 12 54 0.07481518960136468 [0 1 1 1 0 0 0 1 1 0 0 0 1 1 0 1 0 0 0 0 0 0 1 1 0 1 0 0 0 0 1]
49 12 51 0.07481518960136468 [0 1 1 1 0 0 0 1 1 0 0 0 1 1 0 1 0 0 0 0 0 0 1 1 0 1 0 0 0 0 1]
50 12 53 0.07481518960136468 [0 1 1 1 0 0 0 1 1 0 0 0 1 1 0 1 0 0 0 0 0 0 1 1 0 1 0 0 0 0 1]
51 12 54 0.07481518960136468 [0 1 1 1 0 0 0 1 1 0 0 0 1 1 0 1 0 0 0 0 0 0 1 1 0 1 0 0 0 0 1]
52 12 51 0.07481518960136468 [0 1 1 1 0 0 0 1 1 0 0 0 1 1 0 1 0 0 0 0 0 0 1 1 0 1 0 0 0 0 1]
53 13 52 0.060295168447145775 [0 0 1 1 0 0 0 0 0 1 0 0 1 1 1 1 0 0 0 0 0 0 1 1 1 1 0 1 0 0 1]
54 13 53 0.060295168447145775 [0 0 1 1 0 0 0 0 0 1 0 0 1 1 1 1 0 0 0 0 0 0 1 1 1 1 0 1 0 0 1]
55 13 55 0.060295168447145775 [0 0 1 1 0 0 0 0 0 1 0 0 1 1 1 1 0 0 0 0 0 0 1 1 1 1 0 1 0 0 1]
56 13 52 0.060295168447145775 [0 0 1 1 0 0 0 0 0 1 0 0 1 1 1 1 0 0 0 0 0 0 1 1 1 1 0 1 0 0 1]
57 13 51 0.060295168447145775 [0 0 1 1 0 0 0 0 0 1 0 0 1 1 1 1 0 0 0 0 0 0 1 1 1 1 0 1 0 0 1]
58 13 56 0.060295168447145775 [0 0 1 1 0 0 0 0 0 1 0 0 1 1 1 1 0 0 0 0 0 0 1 1 1 1 0 1 0 0 1]
59 13 55 0.060295168447145775 [0 0 1 1 0 0 0 0 0 1 0 0 1 1 1 1 0 0 0 0 0 0 1 1 1 1 0 1 0 0 1]
60 13 53 0.060295168447145775 [0 0 1 1 0 0 0 0 0 1 0 0 1 1 1 1 0 0 0 0 0 0 1 1 1 1 0 1 0 0 1]
61 13 52 0.060295168447145775 [0 0 1 1 0 0 0 0 0 1 0 0 1 1 1 1 0 0 0 0 0 0 1 1 1 1 0 1 0 0 1]
62 13 53 0.060295168447145775 [0 0 1 1 0 0 0 0 0 1 0 0 1 1 1 1 0 0 0 0 0 0 1 1 1 1 0 1 0 0 1]
63 13 53 0.060295168447145775 [0 0 1 1 0 0 0 0 0 1 0 0 1 1 1 1 0 0 0 0 0 0 1 1 1 1 0 1 0 0 1]
64 13 55 0.060295168447145775 [0 0 1 1 0 0 0 0 0 1 0 0 1 1 1 1 0 0 0 0 0 0 1 1 1 1 0 1 0 0 1]
65 13 54 0.060295168447145775 [0 0 1 1 0 0 0 0 0 1 0 0 1 1 1 1 0 0 0 0 0 0 1 1 1 1 0 1 0 0 1]
66 13 52 0.060295168447145775 [0 0 1 1 0 0 0 0 0 1 0 0 1 1 1 1 0 0 0 0 0 0 1 1 1 1 0 1 0 0 1]
67 13 55 0.060295168447145775 [0 0 1 1 0 0 0 0 0 1 0 0 1 1 1 1 0 0 0 0 0 0 1 1 1 1 0 1 0 0 1]
68 13 53 0.060295168447145775 [0 0 1 1 0 0 0 0 0 1 0 0 1 1 1 1 0 0 0 0 0 0 1 1 1 1 0 1 0 0 1]
69 13 55 0.060295168447145775 [0 0 1 1 0 0 0 0 0 1 0 0 1 1 1 1 0 0 0 0 0 0 1 1 1 1 0 1 0 0 1]
70 13 55 0.060295168447145775 [0 0 1 1 0 0 0 0 0 1 0 0 1 1 1 1 0 0 0 0 0 0 1 1 1 1 0 1 0 0 1]
71 13 52 0.060295168447145775 [0 0 1 1 0 0 0 0 0 1 0 0 1 1 1 1 0 0 0 0 0 0 1 1 1 1 0 1 0 0 1]
72 13 51 0.060295168447145775 [0 0 1 1 0 0 0 0 0 1 0 0 1 1 1 1 0 0 0 0 0 0 1 1 1 1 0 1 0 0 1]
73 13 53 0.060295168447145775 [0 0 1 1 0 0 0 0 0 1 0 0 1 1 1 1 0 0 0 0 0 0 1 1 1 1 0 1 0 0 1]
74 13 53 0.060295168447145775 [0 0 1 1 0 0 0 0 0 1 0 0 1 1 1 1 0 0 0 0 0 0 1 1 1 1 0 1 0 0 1]
75 13 52 0.060295168447145775 [0 0 1 1 0 0 0 0 0 1 0 0 1 1 1 1 0 0 0 0 0 0 1 1 1 1 0 1 0 0 1]
76 13 55 0.060295168447145775 [0 0 1 1 0 0 0 0 0 1 0 0 1 1 1 1 0 0 0 0 0 0 1 1 1 1 0 1 0 0 1]
77 13 53 0.060295168447145775 [0 0 1 1 0 0 0 0 0 1 0 0 1 1 1 1 0 0 0 0 0 0 1 1 1 1 0 1 0 0 1]
78 13 52 0.060295168447145775 [0 0 1 1 0 0 0 0 0 1 0 0 1 1 1 1 0 0 0 0 0 0 1 1 1 1 0 1 0 0 1]
79 13 54 0.060295168447145775 [0 0 1 1 0 0 0 0 0 1 0 0 1 1 1 1 0 0 0 0 0 0 1 1 1 1 0 1 0 0 1]
80 13 52 0.060295168447145775 [0 0 1 1 0 0 0 0 0 1 0 0 1 1 1 1 0 0 0 0 0 0 1 1 1 1 0 1 0 0 1]
81 13 52 0.060295168447145775 [0 0 1 1 0 0 0 0 0 1 0 0 1 1 1 1 0 0 0 0 0 0 1 1 1 1 0 1 0 0 1]
82 13 52 0.060295168447145775 [0 0 1 1 0 0 0 0 0 1 0 0 1 1 1 1 0 0 0 0 0 0 1 1 1 1 0 1 0 0 1]
83 13 52 0.060295168447145775 [0 0 1 1 0 0 0 0 0 1 0 0 1 1 1 1 0 0 0 0 0 0 1 1 1 1 0 1 0 0 1]
84 13 53 0.060295168447145775 [0 0 1 1 0 0 0 0 0 1 0 0 1 1 1 1 0 0 0 0 0 0 1 1 1 1 0 1 0 0 1]
85 13 55 0.060295168447145775 [0 0 1 1 0 0 0 0 0 1 0 0 1 1 1 1 0 0 0 0 0 0 1 1 1 1 0 1 0 0 1]
86 13 54 0.060295168447145775 [0 0 1 1 0 0 0 0 0 1 0 0 1 1 1 1 0 0 0 0 0 0 1 1 1 1 0 1 0 0 1]
87 13 53 0.060295168447145775 [0 0 1 1 0 0 0 0 0 1 0 0 1 1 1 1 0 0 0 0 0 0 1 1 1 1 0 1 0 0 1]
88 13 51 0.060295168447145775 [0 0 1 1 0 0 0 0 0 1 0 0 1 1 1 1 0 0 0 0 0 0 1 1 1 1 0 1 0 0 1]
89 13 57 0.060295168447145775 [0 0 1 1 0 0 0 0 0 1 0 0 1 1 1 1 0 0 0 0 0 0 1 1 1 1 0 1 0 0 1]
90 13 52 0.060295168447145775 [0 0 1 1 0 0 0 0 0 1 0 0 1 1 1 1 0 0 0 0 0 0 1 1 1 1 0 1 0 0 1]
91 13 54 0.060295168447145775 [0 0 1 1 0 0 0 0 0 1 0 0 1 1 1 1 0 0 0 0 0 0 1 1 1 1 0 1 0 0 1]
92 13 52 0.060295168447145775 [0 0 1 1 0 0 0 0 0 1 0 0 1 1 1 1 0 0 0 0 0 0 1 1 1 1 0 1 0 0 1]
93 13 52 0.060295168447145775 [0 0 1 1 0 0 0 0 0 1 0 0 1 1 1 1 0 0 0 0 0 0 1 1 1 1 0 1 0 0 1]
94 13 54 0.060295168447145775 [0 0 1 1 0 0 0 0 0 1 0 0 1 1 1 1 0 0 0 0 0 0 1 1 1 1 0 1 0 0 1]
95 13 50 0.060295168447145775 [0 0 1 1 0 0 0 0 0 1 0 0 1 1 1 1 0 0 0 0 0 0 1 1 1 1 0 1 0 0 1]
96 13 57 0.060295168447145775 [0 0 1 1 0 0 0 0 0 1 0 0 1 1 1 1 0 0 0 0 0 0 1 1 1 1 0 1 0 0 1]
97 13 53 0.060295168447145775 [0 0 1 1 0 0 0 0 0 1 0 0 1 1 1 1 0 0 0 0 0 0 1 1 1 1 0 1 0 0 1]
98 13 54 0.060295168447145775 [0 0 1 1 0 0 0 0 0 1 0 0 1 1 1 1 0 0 0 0 0 0 1 1 1 1 0 1 0 0 1]
99 13 52 0.060295168447145775 [0 0 1 1 0 0 0 0 0 1 0 0 1 1 1 1 0 0 0 0 0 0 1 1 1 1 0 1 0 0 1]
100 13 53 0.060295168447145775 [0 0 1 1 0 0 0 0 0 1 0 0 1 1 1 1 0 0 0 0 0 0 1 1 1 1 0 1 0 0 1]
101 13 52 0.060295168447145775 [0 0 1 1 0 0 0 0 0 1 0 0 1 1 1 1 0 0 0 0 0 0 1 1 1 1 0 1 0 0 1]
102 13 53 0.060295168447145775 [0 0 1 1 0 0 0 0 0 1 0 0 1 1 1 1 0 0 0 0 0 0 1 1 1 1 0 1 0 0 1]
103 13 53 0.060295168447145775 [0 0 1 1 0 0 0 0 0 1 0 0 1 1 1 1 0 0 0 0 0 0 1 1 1 1 0 1 0 0 1]
104 13 55 0.060295168447145775 [0 0 1 1 0 0 0 0 0 1 0 0 1 1 1 1 0 0 0 0 0 0 1 1 1 1 0 1 0 0 1]
105 13 54 0.060295168447145775 [0 0 1 1 0 0 0 0 0 1 0 0 1 1 1 1 0 0 0 0 0 0 1 1 1 1 0 1 0 0 1]
106 13 54 0.060295168447145775 [0 0 1 1 0 0 0 0 0 1 0 0 1 1 1 1 0 0 0 0 0 0 1 1 1 1 0 1 0 0 1]
107 13 55 0.060295168447145775 [0 0 1 1 0 0 0 0 0 1 0 0 1 1 1 1 0 0 0 0 0 0 1 1 1 1 0 1 0 0 1]
108 13 53 0.060295168447145775 [0 0 1 1 0 0 0 0 0 1 0 0 1 1 1 1 0 0 0 0 0 0 1 1 1 1 0 1 0 0 1]
109 13 52 0.060295168447145775 [0 0 1 1 0 0 0 0 0 1 0 0 1 1 1 1 0 0 0 0 0 0 1 1 1 1 0 1 0 0 1]
110 13 54 0.060295168447145775 [0 0 1 1 0 0 0 0 0 1 0 0 1 1 1 1 0 0 0 0 0 0 1 1 1 1 0 1 0 0 1]
111 13 51 0.060295168447145775 [0 0 1 1 0 0 0 0 0 1 0 0 1 1 1 1 0 0 0 0 0 0 1 1 1 1 0 1 0 0 1]
112 13 55 0.060295168447145775 [0 0 1 1 0 0 0 0 0 1 0 0 1 1 1 1 0 0 0 0 0 0 1 1 1 1 0 1 0 0 1]
113 13 52 0.060295168447145775 [0 0 1 1 0 0 0 0 0 1 0 0 1 1 1 1 0 0 0 0 0 0 1 1 1 1 0 1 0 0 1]
114 13 53 0.060295168447145775 [0 0 1 1 0 0 0 0 0 1 0 0 1 1 1 1 0 0 0 0 0 0 1 1 1 1 0 1 0 0 1]
115 13 52 0.060295168447145775 [0 0 1 1 0 0 0 0 0 1 0 0 1 1 1 1 0 0 0 0 0 0 1 1 1 1 0 1 0 0 1]
116 13 55 0.060295168447145775 [0 0 1 1 0 0 0 0 0 1 0 0 1 1 1 1 0 0 0 0 0 0 1 1 1 1 0 1 0 0 1]
117 13 54 0.060295168447145775 [0 0 1 1 0 0 0 0 0 1 0 0 1 1 1 1 0 0 0 0 0 0 1 1 1 1 0 1 0 0 1]
118 13 52 0.060295168447145775 [0 0 1 1 0 0 0 0 0 1 0 0 1 1 1 1 0 0 0 0 0 0 1 1 1 1 0 1 0 0 1]
119 13 50 0.060295168447145775 [0 0 1 1 0 0 0 0 0 1 0 0 1 1 1 1 0 0 0 0 0 0 1 1 1 1 0 1 0 0 1]
120 13 52 0.060295168447145775 [0 0 1 1 0 0 0 0 0 1 0 0 1 1 1 1 0 0 0 0 0 0 1 1 1 1 0 1 0 0 1]
121 13 54 0.060295168447145775 [0 0 1 1 0 0 0 0 0 1 0 0 1 1 1 1 0 0 0 0 0 0 1 1 1 1 0 1 0 0 1]
122 13 52 0.060295168447145775 [0 0 1 1 0 0 0 0 0 1 0 0 1 1 1 1 0 0 0 0 0 0 1 1 1 1 0 1 0 0 1]
123 13 58 0.060295168447145775 [0 0 1 1 0 0 0 0 0 1 0 0 1 1 1 1 0 0 0 0 0 0 1 1 1 1 0 1 0 0 1]
124 13 52 0.060295168447145775 [0 0 1 1 0 0 0 0 0 1 0 0 1 1 1 1 0 0 0 0 0 0 1 1 1 1 0 1 0 0 1]
125 13 53 0.060295168447145775 [0 0 1 1 0 0 0 0 0 1 0 0 1 1 1 1 0 0 0 0 0 0 1 1 1 1 0 1 0 0 1]
126 13 52 0.060295168447145775 [0 0 1 1 0 0 0 0 0 1 0 0 1 1 1 1 0 0 0 0 0 0 1 1 1 1 0 1 0 0 1]
127 13 53 0.060295168447145775 [0 0 1 1 0 0 0 0 0 1 0 0 1 1 1 1 0 0 0 0 0 0 1 1 1 1 0 1 0 0 1]
128 13 55 0.060295168447145775 [0 0 1 1 0 0 0 0 0 1 0 0 1 1 1 1 0 0 0 0 0 0 1 1 1 1 0 1 0 0 1]
129 13 56 0.060295168447145775 [0 0 1 1 0 0 0 0 0 1 0 0 1 1 1 1 0 0 0 0 0 0 1 1 1 1 0 1 0 0 1]
130 13 54 0.060295168447145775 [0 0 1 1 0 0 0 0 0 1 0 0 1 1 1 1 0 0 0 0 0 0 1 1 1 1 0 1 0 0 1]
131 13 54 0.060295168447145775 [0 0 1 1 0 0 0 0 0 1 0 0 1 1 1 1 0 0 0 0 0 0 1 1 1 1 0 1 0 0 1]
132 13 52 0.060295168447145775 [0 0 1 1 0 0 0 0 0 1 0 0 1 1 1 1 0 0 0 0 0 0 1 1 1 1 0 1 0 0 1]
133 13 53 0.060295168447145775 [0 0 1 1 0 0 0 0 0 1 0 0 1 1 1 1 0 0 0 0 0 0 1 1 1 1 0 1 0 0 1]
134 13 56 0.060295168447145775 [0 0 1 1 0 0 0 0 0 1 0 0 1 1 1 1 0 0 0 0 0 0 1 1 1 1 0 1 0 0 1]
135 13 56 0.060295168447145775 [0 0 1 1 0 0 0 0 0 1 0 0 1 1 1 1 0 0 0 0 0 0 1 1 1 1 0 1 0 0 1]
136 13 50 0.060295168447145775 [0 0 1 1 0 0 0 0 0 1 0 0 1 1 1 1 0 0 0 0 0 0 1 1 1 1 0 1 0 0 1]
137 13 57 0.060295168447145775 [0 0 1 1 0 0 0 0 0 1 0 0 1 1 1 1 0 0 0 0 0 0 1 1 1 1 0 1 0 0 1]
138 13 55 0.060295168447145775 [0 0 1 1 0 0 0 0 0 1 0 0 1 1 1 1 0 0 0 0 0 0 1 1 1 1 0 1 0 0 1]
139 13 54 0.060295168447145775 [0 0 1 1 0 0 0 0 0 1 0 0 1 1 1 1 0 0 0 0 0 0 1 1 1 1 0 1 0 0 1]
140 13 55 0.060295168447145775 [0 0 1 1 0 0 0 0 0 1 0 0 1 1 1 1 0 0 0 0 0 0 1 1 1 1 0 1 0 0 1]
141 13 50 0.060295168447145775 [0 0 1 1 0 0 0 0 0 1 0 0 1 1 1 1 0 0 0 0 0 0 1 1 1 1 0 1 0 0 1]
142 13 52 0.060295168447145775 [0 0 1 1 0 0 0 0 0 1 0 0 1 1 1 1 0 0 0 0 0 0 1 1 1 1 0 1 0 0 1]
143 13 53 0.060295168447145775 [0 0 1 1 0 0 0 0 0 1 0 0 1 1 1 1 0 0 0 0 0 0 1 1 1 1 0 1 0 0 1]
144 13 53 0.060295168447145775 [0 0 1 1 0 0 0 0 0 1 0 0 1 1 1 1 0 0 0 0 0 0 1 1 1 1 0 1 0 0 1]
145 13 50 0.060295168447145775 [0 0 1 1 0 0 0 0 0 1 0 0 1 1 1 1 0 0 0 0 0 0 1 1 1 1 0 1 0 0 1]
146 13 55 0.060295168447145775 [0 0 1 1 0 0 0 0 0 1 0 0 1 1 1 1 0 0 0 0 0 0 1 1 1 1 0 1 0 0 1]
147 13 53 0.060295168447145775 [0 0 1 1 0 0 0 0 0 1 0 0 1 1 1 1 0 0 0 0 0 0 1 1 1 1 0 1 0 0 1]
148 13 52 0.060295168447145775 [0 0 1 1 0 0 0 0 0 1 0 0 1 1 1 1 0 0 0 0 0 0 1 1 1 1 0 1 0 0 1]
149 13 52 0.060295168447145775 [0 0 1 1 0 0 0 0 0 1 0 0 1 1 1 1 0 0 0 0 0 0 1 1 1 1 0 1 0 0 1]
150 13 52 0.060295168447145775 [0 0 1 1 0 0 0 0 0 1 0 0 1 1 1 1 0 0 0 0 0 0 1 1 1 1 0 1 0 0 1]
