0 14 100 0.09040996107532273 [0 0 0 1 0 1 1 1 0 0 1 0 1 1 0 1 0 0 0 0 1 1 1 1 0 1 0 1 0 0 0]
1 14 82 0.09040996107532273 [0 0 0 1 0 1 1 1 0 0 1 0 1 1 0 1 0 0 0 0 1 1 1 1 0 1 0 1 0 0 0]
2 13 57 0.08799098460475852 [0 0 1 0 1 1 1 0 0 0 0 0 1 1 0 0 0 0 0 0 0 1 1 1 0 0 1 1 0 1 1]
3 13 56 0.08799098460475852 [0 0 1 0 1 1 1 0 0 0 0 0 1 1 0 0 0 0 0 0 0 1 1 1 0 0 1 1 0 1 1]
4 13 53 0.08799098460475852 [0 0 1 0 1 1 1 0 0 0 0 0 1 1 0 0 0 0 0 0 0 1 1 1 0 0 1 1 0 1 1]
5 13 55 0.08799098460475852 [0 0 1 0 1 1 1 0 0 0 0 0 1 1 0 0 0 0 0 0 0 1 1 1 0 0 1 1 0 1 1]
6 13 54 0.08799098460475852 [0 0 1 0 1 1 1 0 0 0 0 0 1 1 0 0 0 0 0 0 0 1 1 1 0 0 1 1 0 1 1]
7 13 51 0.08799098460475852 [0 0 1 0 1 1 1 0 0 0 0 0 1 1 0 0 0 0 0 0 0 1 1 1 0 0 1 1 0 1 1]
8 13 56 0.08799098460475852 [0 0 1 0 1 1 1 0 0 0 0 0 1 1 0 0 0 0 0 0 0 1 1 1 0 0 1 1 0 1 1]
9 13 54 0.08799098460475852 [0 0 1 0 1 1 1 0 0 0 0 0 1 1 0 0 0 0 0 0 0 1 1 1 0 0 1 1 0 1 1]
10 13 52 0.08799098460475852 [0 0 1 0 1 1 1 0 0 0 0 0 1 1 0 0 0 0 0 0 0 1 1 1 0 0 1 1 0 1 1]
11 13 56 0.08799098460475852 [0 0 1 0 1 1 1 0 0 0 0 0 1 1 0 0 0 0 0 0 0 1 1 1 0 0 1 1 0 1 1]
12 13 55 0.08799098460475852 [0 0 1 0 1 1 1 0 0 0 0 0 1 1 0 0 0 0 0 0 0 1 1 1 0 0 1 1 0 1 1]
13 19 55 0.07841788400753558 [0 1 0 0 1 0 0 1 1 1 0 1 1 1 1 0 1 0 1 0 1 0 1 1 1 1 0 1 0 1 1]
14 19 53 0.07841788400753558 [0 1 0 0 1 0 0 1 1 1 0 1 1 1 1 0 1 0 1 0 1 0 1 1 1 1 0 1 0 1 1]
15 19 54 0.07841788400753558 [0 1 0 0 1 0 0 1 1 1 0 1 1 1 1 0 1 0 1 0 1 0 1 1 1 1 0 1 0 1 1]
16 19 51 0.07841788400753558 [0 1 0 0 1 0 0 1 1 1 0 1 1 1 1 0 1 0 1 0 1 0 1 1 1 1 0 1 0 1 1]
17 19 51 0.07841788400753558 [0 1 0 0 1 0 0 1 1 1 0 1 1 1 1 0 1 0 1 0 1 0 1 1 1 1 0 1 0 1 1]
18 19 54 0.07841788400753558 [0 1 0 0 1 0 0 1 1 1 0 1 1 1 1 0 1 0 1 0 1 0 1 1 1 1 0 1 0 1 1]
19 19 52 0.07841788400753558 [0 1 0 0 1 0 0 1 1 1 0 1 1 1 1 0 1 0 1 0 1 0 1 1 1 1 0 1 0 1 1]
20 19 54 0.07841788400753558 [0 1 0 0 1 0 0 1 1 1 0 1 1 1 1 0 1 0 1 0 1 0 1 1 1 1 0 1 0 1 1]
21 9 52 0.06796582594703204 [0 0 1 0 0 0 0 0 0 0 0 1 0 1 0 0 0 0 0 0 0 1 1 1 1 1 0 0 0 0 1]
22 9 51 0.06796582594703204 [0 0 1 0 0 0 0 0 0 0 0 1 0 1 0 0 0 0 0 0 0 1 1 1 1 1 0 0 0 0 1]
23 9 54 0.06796582594703204 [0 0 1 0 0 0 0 0 0 0 0 1 0 1 0 0 0 0 0 0 0 1 1 1 1 1 0 0 0 0 1]
24 9 52 0.06796582594703204 [0 0 1 0 0 0 0 0 0 0 0 1 0 1 0 0 0 0 0 0 0 1 1 1 1 1 0 0 0 0 1]
25 9 52 0.06796582594703204 [0 0 1 0 0 0 0 0 0 0 0 1 0 1 0 0 0 0 0 0 0 1 1 1 1 1 0 0 0 0 1]
26 9 55 0.06796582594703204 [0 0 1 0 0 0 0 0 0 0 0 1 0 1 0 0 0 0 0 0 0 1 1 1 1 1 0 0 0 0 1]
27 9 51 0.06796582594703204 [0 0 1 0 0 0 0 0 0 0 0 1 0 1 0 0 0 0 0 0 0 1 1 1 1 1 0 0 0 0 1]
28 9 51 0.06796582594703204 [0 0 1 0 0 0 0 0 0 0 0 1 0 1 0 0 0 0 0 0 0 1 1 1 1 1 0 0 0 0 1]
29 9 54 0.06796582594703204 [0 0 1 0 0 0 0 0 0 0 0 1 0 1 0 0 0 0 0 0 0 1 1 1 1 1 0 0 0 0 1]
30 9 51 0.06796582594703204 [0 0 1 0 0 0 0 0 0 0 0 1 0 1 0 0 0 0 0 0 0 1 1 1 1 1 0 0 0 0 1]
31 9 56 0.06796582594703204 [0 0 1 0 0 0 0 0 0 0 0 1 0 1 0 0 0 0 0 0 0 1 1 1 1 1 0 0 0 0 1]
32 9 54 0.06796582594703204 [0 0 1 0 0 0 0 0 0 0 0 1 0 1 0 0 0 0 0 0 0 1 1 1 1 1 0 0 0 0 1]
33 9 52 0.06796582594703204 [0 0 1 0 0 0 0 0 0 0 0 1 0 1 0 0 0 0 0 0 0 1 1 1 1 1 0 0 0 0 1]
34 9 51 0.06796582594703204 [0 0 1 0 0 0 0 0 0 0 0 1 0 1 0 0 0 0 0 0 0 1 1 1 1 1 0 0 0 0 1]
35 9 53 0.06796582594703204 [0 0 1 0 0 0 0 0 0 0 0 1 0 1 0 0 0 0 0 0 0 1 1 1 1 1 0 0 0 0 1]
36 9 52 0.06796582594703204 [0 0 1 0 0 0 0 0 0 0 0 1 0 1 0 0 0 0 0 0 0 1 1 1 1 1 0 0 0 0 1]
37 9 52 0.06796582594703204 [0 0 1 0 0 0 0 0 0 0 0 1 0 1 0 0 0 0 0 0 0 1 1 1 1 1 0 0 0 0 1]
38 9 52 0.06796582594703204 [0 0 1 0 0 0 0 0 0 0 0 1 0 1 0 0 0 0 0 0 0 1 1 1 1 1 0 0 0 0 1]
39 9 59 0.06796582594703204 [0 0 1 0 0 0 0 0 0 0 0 1 0 1 0 0 0 0 0 0 0 1 1 1 1 1 0 0 0 0 1]
40 9 53 0.06796582594703204 [0 0 1 0 0 0 0 0 0 0 0 1 0 1 0 0 0 0 0 0 0 1 1 1 1 1 0 0 0 0 1]
41 9 53 0.06796582594703204 [0 0 1 0 0 0 0 0 0 0 0 1 0 1 0 0 0 0 0 0 0 1 1 1 1 1 0 0 0 0 1]
42 9 52 0.06796582594703204 [0 0 1 0 0 0 0 0 0 0 0 1 0 1 0 0 0 0 0 0 0 1 1 1 1 1 0 0 0 0 1]
43 9 58 0.06796582594703204 [0 0 1 0 0 0 0 0 0 0 0 1 0 1 0 0 0 0 0 0 0 1 1 1 1 1 0 0 0 0 1]
44 9 52 0.06796582594703204 [0 0 1 0 0 0 0 0 0 0 0 1 0 1 0 0 0 0 0 0 0 1 1 1 1 1 0 0 0 0 1]
45 9 55 0.06796582594703204 [0 0 1 0 0 0 0 0 0 0 0 1 0 1 0 0 0 0 0 0 0 1 1 1 1 1 0 0 0 0 1]
46 9 56 0.06796582594703204 [0 0 1 0 0 0 0 0 0 0 0 1 0 1 0 0 0 0 0 0 0 1 1 1 1 1 0 0 0 0 1]
47 9 54 0.06796582594703204 [0 0 1 0 0 0 0 0 0 0 0 1 0 1 0 0 0 0 0 0 0 1 1 1 1 1 0 0 0 0 1]
48 9 51 0.06796582594703204 [0 0 1 0 0 0 0 0 0 0 0 1 0 1 0 0 0 0 0 0 0 1 1 1 1 1 0 0 0 0 1]
49 9 50 0.06796582594703204 [0 0 1 0 0 0 0 0 0 0 0 1 0 1 0 0 0 0 0 0 0 1 1 1 1 1 0 0 0 0 1]
50 9 51 0.06796582594703204 [0 0 1 0 0 0 0 0 0 0 0 1 0 1 0 0 0 0 0 0 0 1 1 1 1 1 0 0 0 0 1]
51 9 54 0.06796582594703204 [0 0 1 0 0 0 0 0 0 0 0 1 0 1 0 0 0 0 0 0 0 1 1 1 1 1 0 0 0 0 1]
52 9 52 0.06796582594703204 [0 0 1 0 0 0 0 0 0 0 0 1 0 1 0 0 0 0 0 0 0 1 1 1 1 1 0 0 0 0 1]
53 9 52 0.06796582594703204 [0 0 1 0 0 0 0 0 0 0 0 1 0 1 0 0 0 0 0 0 0 1 1 1 1 1 0 0 0 0 1]
54 9 51 0.06796582594703204 [0 0 1 0 0 0 0 0 0 0 0 1 0 1 0 0 0 0 0 0 0 1 1 1 1 1 0 0 0 0 1]
55 9 52 0.06796582594703204 [0 0 1 0 0 0 0 0 0 0 0 1 0 1 0 0 0 0 0 0 0 1 1 1 1 1 0 0 0 0 1]
56 9 52 0.06796582594703204 [0 0 1 0 0 0 0 0 0 0 0 1 0 1 0 0 0 0 0 0 0 1 1 1 1 1 0 0 0 0 1]
57 9 52 0.06796582594703204 [0 0 1 0 0 0 0 0 0 0 0 1 0 1 0 0 0 0 0 0 0 1 1 1 1 1 0 0 0 0 1]
58 9 56 0.06796582594703204 [0 0 1 0 0 0 0 0 0 0 0 1 0 1 0 0 0 0 0 0 0 1 1 1 1 1 0 0 0 0 1]
59 9 54 0.06796582594703204 [0 0 1 0 0 0 0 0 0 0 0 1 0 1 0 0 0 0 0 0 0 1 1 1 1 1 0 0 0 0 1]
60 9 52 0.06796582594703204 [0 0 1 0 0 0 0 0 0 0 0 1 0 1 0 0 0 0 0 0 0 1 1 1 1 1 0 0 0 0 1]
61 9 50 0.06796582594703204 [0 0 1 0 0 0 0 0 0 0 0 1 0 1 0 0 0 0 0 0 0 1 1 1 1 1 0 0 0 0 1]
62 9 54 0.06796582594703204 [0 0 1 0 0 0 0 0 0 0 0 1 0 1 0 0 0 0 0 0 0 1 1 1 1 1 0 0 0 0 1]
63 9 54 0.06796582594703204 [0 0 1 0 0 0 0 0 0 0 0 1 0 1 0 0 0 0 0 0 0 1 1 1 1 1 0 0 0 0 1]
64 9 55 0.06796582594703204 [0 0 1 0 0 0 0 0 0 0 0 1 0 1 0 0 0 0 0 0 0 1 1 1 1 1 0 0 0 0 1]
65 9 52 0.06796582594703204 [0 0 1 0 0 0 0 0 0 0 0 1 0 1 0 0 0 0 0 0 0 1 1 1 1 1 0 0 0 0 1]
66 9 54 0.06796582594703204 [0 0 1 0 0 0 0 0 0 0 0 1 0 1 0 0 0 0 0 0 0 1 1 1 1 1 0 0 0 0 1]
67 9 54 0.06796582594703204 [0 0 1 0 0 0 0 0 0 0 0 1 0 1 0 0 0 0 0 0 0 1 1 1 1 1 0 0 0 0 1]
68 9 51 0.06796582594703204 [0 0 1 0 0 0 0 0 0 0 0 1 0 1 0 0 0 0 0 0 0 1 1 1 1 1 0 0 0 0 1]
69 9 53 0.06796582594703204 [0 0 1 0 0 0 0 0 0 0 0 1 0 1 0 0 0 0 0 0 0 1 1 1 1 1 0 0 0 0 1]
70 9 53 0.06796582594703204 [0 0 1 0 0 0 0 0 0 0 0 1 0 1 0 0 0 0 0 0 0 1 1 1 1 1 0 0 0 0 1]
71 9 51 0.06796582594703204 [0 0 1 0 0 0 0 0 0 0 0 1 0 1 0 0 0 0 0 0 0 1 1 1 1 1 0 0 0 0 1]
72 9 55 0.06796582594703204 [0 0 1 0 0 0 0 0 0 0 0 1 0 1 0 0 0 0 0 0 0 1 1 1 1 1 0 0 0 0 1]
73 9 52 0.06796582594703204 [0 0 1 0 0 0 0 0 0 0 0 1 0 1 0 0 0 0 0 0 0 1 1 1 1 1 0 0 0 0 1]
74 9 51 0.06796582594703204 [0 0 1 0 0 0 0 0 0 0 0 1 0 1 0 0 0 0 0 0 0 1 1 1 1 1 0 0 0 0 1]
75 9 52 0.06796582594703204 [0 0 1 0 0 0 0 0 0 0 0 1 0 1 0 0 0 0 0 0 0 1 1 1 1 1 0 0 0 0 1]
76 9 50 0.06796582594703204 [0 0 1 0 0 0 0 0 0 0 0 1 0 1 0 0 0 0 0 0 0 1 1 1 1 1 0 0 0 0 1]
77 9 54 0.06796582594703204 [0 0 1 0 0 0 0 0 0 0 0 1 0 1 0 0 0 0 0 0 0 1 1 1 1 1 0 0 0 0 1]
78 9 54 0.06796582594703204 [0 0 1 0 0 0 0 0 0 0 0 1 0 1 0 0 0 0 0 0 0 1 1 1 1 1 0 0 0 0 1]
79 9 54 0.06796582594703204 [0 0 1 0 0 0 0 0 0 0 0 1 0 1 0 0 0 0 0 0 0 1 1 1 1 1 0 0 0 0 1]
80 9 54 0.06796582594703204 [0 0 1 0 0 0 0 0 0 0 0 1 0 1 0 0 0 0 0 0 0 1 1 1 1 1 0 0 0 0 1]
81 9 54 0.06796582594703204 [0 0 1 0 0 0 0 0 0 0 0 1 0 1 0 0 0 0 0 0 0 1 1 1 1 1 0 0 0 0 1]
82 9 53 0.06796582594703204 [0 0 1 0 0 0 0 0 0 0 0 1 0 1 0 0 0 0 0 0 0 1 1 1 1 1 0 0 0 0 1]
83 9 53 0.06796582594703204 [0 0 1 0 0 0 0 0 0 0 0 1 0 1 0 0 0 0 0 0 0 1 1 1 1 1 0 0 0 0 1]
84 9 50 0.06796582594703204 [0 0 1 0 0 0 0 0 0 0 0 1 0 1 0 0 0 0 0 0 0 1 1 1 1 1 0 0 0 0 1]
85 9 52 0.06796582594703204 [0 0 1 0 0 0 0 0 0 0 0 1 0 1 0 0 0 0 0 0 0 1 1 1 1 1 0 0 0 0 1]
86 9 55 0.06796582594703204 [0 0 1 0 0 0 0 0 0 0 0 1 0 1 0 0 0 0 0 0 0 1 1 1 1 1 0 0 0 0 1]
87 9 52 0.06796582594703204 [0 0 1 0 0 0 0 0 0 0 0 1 0 1 0 0 0 0 0 0 0 1 1 1 1 1 0 0 0 0 1]
88 9 53 0.06796582594703204 [0 0 1 0 0 0 0 0 0 0 0 1 0 1 0 0 0 0 0 0 0 1 1 1 1 1 0 0 0 0 1]
89 9 52 0.06796582594703204 [0 0 1 0 0 0 0 0 0 0 0 1 0 1 0 0 0 0 0 0 0 1 1 1 1 1 0 0 0 0 1]
90 9 53 0.06796582594703204 [0 0 1 0 0 0 0 0 0 0 0 1 0 1 0 0 0 0 0 0 0 1 1 1 1 1 0 0 0 0 1]
91 9 54 0.06796582594703204 [0 0 1 0 0 0 0 0 0 0 0 1 0 1 0 0 0 0 0 0 0 1 1 1 1 1 0 0 0 0 1]
92 9 55 0.06796582594703204 [0 0 1 0 0 0 0 0 0 0 0 1 0 1 0 0 0 0 0 0 0 1 1 1 1 1 0 0 0 0 1]
93 9 51 0.06796582594703204 [0 0 1 0 0 0 0 0 0 0 0 1 0 1 0 0 0 0 0 0 0 1 1 1 1 1 0 0 0 0 1]
94 9 53 0.06796582594703204 [0 0 1 0 0 0 0 0 0 0 0 1 0 1 0 0 0 0 0 0 0 1 1 1 1 1 0 0 0 0 1]
95 9 51 0.06796582594703204 [0 0 1 0 0 0 0 0 0 0 0 1 0 1 0 0 0 0 0 0 0 1 1 1 1 1 0 0 0 0 1]
96 9 52 0.06796582594703204 [0 0 1 0 0 0 0 0 0 0 0 1 0 1 0 0 0 0 0 0 0 1 1 1 1 1 0 0 0 0 1]
97 9 54 0.06796582594703204 [0 0 1 0 0 0 0 0 0 0 0 1 0 1 0 0 0 0 0 0 0 1 1 1 1 1 0 0 0 0 1]
98 9 53 0.06796582594703204 [0 0 1 0 0 0 0 0 0 0 0 1 0 1 0 0 0 0 0 0 0 1 1 1 1 1 0 0 0 0 1]
99 9 52 0.06796582594703204 [0 0 1 0 0 0 0 0 0 0 0 1 0 1 0 0 0 0 0 0 0 1 1 1 1 1 0 0 0 0 1]
100 9 51 0.06796582594703204 [0 0 1 0 0 0 0 0 0 0 0 1 0 1 0 0 0 0 0 0 0 1 1 1 1 1 0 0 0 0 1]
101 9 55 0.06796582594703204 [0 0 1 0 0 0 0 0 0 0 0 1 0 1 0 0 0 0 0 0 0 1 1 1 1 1 0 0 0 0 1]
102 9 51 0.06796582594703204 [0 0 1 0 0 0 0 0 0 0 0 1 0 1 0 0 0 0 0 0 0 1 1 1 1 1 0 0 0 0 1]
103 9 51 0.06796582594703204 [0 0 1 0 0 0 0 0 0 0 0 1 0 1 0 0 0 0 0 0 0 1 1 1 1 1 0 0 0 0 1]
104 9 51 0.06796582594703204 [0 0 1 0 0 0 0 0 0 0 0 1 0 1 0 0 0 0 0 0 0 1 1 1 1 1 0 0 0 0 1]
105 9 54 0.06796582594703204 [0 0 1 0 0 0 0 0 0 0 0 1 0 1 0 0 0 0 0 0 0 1 1 1 1 1 0 0 0 0 1]
106 9 53 0.06796582594703204 [0 0 1 0 0 0 0 0 0 0 0 1 0 1 0 0 0 0 0 0 0 1 1 1 1 1 0 0 0 0 1]
107 9 57 0.06796582594703204 [0 0 1 0 0 0 0 0 0 0 0 1 0 1 0 0 0 0 0 0 0 1 1 1 1 1 0 0 0 0 1]
108 9 53 0.06796582594703204 [0 0 1 0 0 0 0 0 0 0 0 1 0 1 0 0 0 0 0 0 0 1 1 1 1 1 0 0 0 0 1]
109 9 51 0.06796582594703204 [0 0 1 0 0 0 0 0 0 0 0 1 0 1 0 0 0 0 0 0 0 1 1 1 1 1 0 0 0 0 1]
110 9 54 0.06796582594703204 [0 0 1 0 0 0 0 0 0 0 0 1 0 1 0 0 0 0 0 0 0 1 1 1 1 1 0 0 0 0 1]
111 9 53 0.06796582594703204 [0 0 1 0 0 0 0 0 0 0 0 1 0 1 0 0 0 0 0 0 0 1 1 1 1 1 0 0 0 0 1]
112 9 54 0.06796582594703204 [0 0 1 0 0 0 0 0 0 0 0 1 0 1 0 0 0 0 0 0 0 1 1 1 1 1 0 0 0 0 1]
113 9 54 0.06796582594703204 [0 0 1 0 0 0 0 0 0 0 0 1 0 1 0 0 0 0 0 0 0 1 1 1 1 1 0 0 0 0 1]
114 9 52 0.06796582594703204 [0 0 1 0 0 0 0 0 0 0 0 1 0 1 0 0 0 0 0 0 0 1 1 1 1 1 0 0 0 0 1]
115 9 54 0.06796582594703204 [0 0 1 0 0 0 0 0 0 0 0 1 0 1 0 0 0 0 0 0 0 1 1 1 1 1 0 0 0 0 1]
116 9 53 0.06796582594703204 [0 0 1 0 0 0 0 0 0 0 0 1 0 1 0 0 0 0 0 0 0 1 1 1 1 1 0 0 0 0 1]
117 9 54 0.06796582594703204 [0 0 1 0 0 0 0 0 0 0 0 1 0 1 0 0 0 0 0 0 0 1 1 1 1 1 0 0 0 0 1]
118 9 54 0.06796582594703204 [0 0 1 0 0 0 0 0 0 0 0 1 0 1 0 0 0 0 0 0 0 1 1 1 1 1 0 0 0 0 1]
119 9 51 0.06796582594703204 [0 0 1 0 0 0 0 0 0 0 0 1 0 1 0 0 0 0 0 0 0 1 1 1 1 1 0 0 0 0 1]
120 9 55 0.06796582594703204 [0 0 1 0 0 0 0 0 0 0 0 1 0 1 0 0 0 0 0 0 0 1 1 1 1 1 0 0 0 0 1]
121 9 55 0.06796582594703204 [0 0 1 0 0 0 0 0 0 0 0 1 0 1 0 0 0 0 0 0 0 1 1 1 1 1 0 0 0 0 1]
122 9 54 0.06796582594703204 [0 0 1 0 0 0 0 0 0 0 0 1 0 1 0 0 0 0 0 0 0 1 1 1 1 1 0 0 0 0 1]
123 9 51 0.06796582594703204 [0 0 1 0 0 0 0 0 0 0 0 1 0 1 0 0 0 0 0 0 0 1 1 1 1 1 0 0 0 0 1]
124 9 54 0.06796582594703204 [0 0 1 0 0 0 0 0 0 0 0 1 0 1 0 0 0 0 0 0 0 1 1 1 1 1 0 0 0 0 1]
125 9 52 0.06796582594703204 [0 0 1 0 0 0 0 0 0 0 0 1 0 1 0 0 0 0 0 0 0 1 1 1 1 1 0 0 0 0 1]
126 9 53 0.06796582594703204 [0 0 1 0 0 0 0 0 0 0 0 1 0 1 0 0 0 0 0 0 0 1 1 1 1 1 0 0 0 0 1]
127 9 59 0.06796582594703204 [0 0 1 0 0 0 0 0 0 0 0 1 0 1 0 0 0 0 0 0 0 1 1 1 1 1 0 0 0 0 1]
128 9 57 0.06796582594703204 [0 0 1 0 0 0 0 0 0 0 0 1 0 1 0 0 0 0 0 0 0 1 1 1 1 1 0 0 0 0 1]
129 9 51 0.06796582594703204 [0 0 1 0 0 0 0 0 0 0 0 1 0 1 0 0 0 0 0 0 0 1 1 1 1 1 0 0 0 0 1]
130 9 53 0.06796582594703204 [0 0 1 0 0 0 0 0 0 0 0 1 0 1 0 0 0 0 0 0 0 1 1 1 1 1 0 0 0 0 1]
131 9 52 0.06796582594703204 [0 0 1 0 0 0 0 0 0 0 0 1 0 1 0 0 0 0 0 0 0 1 1 1 1 1 0 0 0 0 1]
132 9 53 0.06796582594703204 [0 0 1 0 0 0 0 0 0 0 0 1 0 1 0 0 0 0 0 0 0 1 1 1 1 1 0 0 0 0 1]
133 9 50 0.06796582594703204 [0 0 1 0 0 0 0 0 0 0 0 1 0 1 0 0 0 0 0 0 0 1 1 1 1 1 0 0 0 0 1]
134 9 53 0.06796582594703204 [0 0 1 0 0 0 0 0 0 0 0 1 0 1 0 0 0 0 0 0 0 1 1 1 1 1 0 0 0 0 1]
135 9 52 0.06796582594703204 [0 0 1 0 0 0 0 0 0 0 0 1 0 1 0 0 0 0 0 0 0 1 1 1 1 1 0 0 0 0 1]
136 9 52 0.06796582594703204 [0 0 1 0 0 0 0 0 0 0 0 1 0 1 0 0 0 0 0 0 0 1 1 1 1 1 0 0 0 0 1]
137 9 52 0.06796582594703204 [0 0 1 0 0 0 0 0 0 0 0 1 0 1 0 0 0 0 0 0 0 1 1 1 1 1 0 0 0 0 1]
138 9 50 0.06796582594703204 [0 0 1 0 0 0 0 0 0 0 0 1 0 1 0 0 0 0 0 0 0 1 1 1 1 1 0 0 0 0 1]
139 9 53 0.06796582594703204 [0 0 1 0 0 0 0 0 0 0 0 1 0 1 0 0 0 0 0 0 0 1 1 1 1 1 0 0 0 0 1]
140 9 53 0.06796582594703204 [0 0 1 0 0 0 0 0 0 0 0 1 0 1 0 0 0 0 0 0 0 1 1 1 1 1 0 0 0 0 1]
141 9 51 0.06796582594703204 [0 0 1 0 0 0 0 0 0 0 0 1 0 1 0 0 0 0 0 0 0 1 1 1 1 1 0 0 0 0 1]
142 9 51 0.06796582594703204 [0 0 1 0 0 0 0 0 0 0 0 1 0 1 0 0 0 0 0 0 0 1 1 1 1 1 0 0 0 0 1]
143 9 51 0.06796582594703204 [0 0 1 0 0 0 0 0 0 0 0 1 0 1 0 0 0 0 0 0 0 1 1 1 1 1 0 0 0 0 1]
144 9 56 0.06796582594703204 [0 0 1 0 0 0 0 0 0 0 0 1 0 1 0 0 0 0 0 0 0 1 1 1 1 1 0 0 0 0 1]
145 9 53 0.06796582594703204 [0 0 1 0 0 0 0 0 0 0 0 1 0 1 0 0 0 0 0 0 0 1 1 1 1 1 0 0 0 0 1]
146 9 52 0.06796582594703204 [0 0 1 0 0 0 0 0 0 0 0 1 0 1 0 0 0 0 0 0 0 1 1 1 1 1 0 0 0 0 1]
147 9 52 0.06796582594703204 [0 0 1 0 0 0 0 0 0 0 0 1 0 1 0 0 0 0 0 0 0 1 1 1 1 1 0 0 0 0 1]
148 9 53 0.06796582594703204 [0 0 1 0 0 0 0 0 0 0 0 1 0 1 0 0 0 0 0 0 0 1 1 1 1 1 0 0 0 0 1]
149 9 52 0.06796582594703204 [0 0 1 0 0 0 0 0 0 0 0 1 0 1 0 0 0 0 0 0 0 1 1 1 1 1 0 0 0 0 1]
150 9 53 0.06796582594703204 [0 0 1 0 0 0 0 0 0 0 0 1 0 1 0 0 0 0 0 0 0 1 1 1 1 1 0 0 0 0 1]
