0 7 100 0.01176470588235301 [1 1 1 1 0 0 1 0 0 1 0 0 1]
1 8 99 0.0039215686274509665 [1 0 1 1 1 0 1 0 1 1 0 0 1]
2 8 96 0.0039215686274509665 [1 0 1 1 1 0 1 0 1 1 0 0 1]
3 7 95 0.0038910505836575737 [1 0 1 1 0 0 1 0 1 1 0 0 1]
4 7 93 0.0038910505836575737 [1 0 1 1 0 0 1 0 1 1 0 0 1]
5 7 92 0.0038910505836575737 [1 0 1 1 0 0 1 0 1 1 0 0 1]
6 7 87 0.0038910505836575737 [1 0 1 1 0 0 1 0 1 1 0 0 1]
7 7 90 0.0038910505836575737 [1 0 1 1 0 0 1 0 1 1 0 0 1]
8 7 86 0.0038910505836575737 [1 0 1 1 0 0 1 0 1 1 0 0 1]
9 7 82 0.0038910505836575737 [1 0 1 1 0 0 1 0 1 1 0 0 1]
10 7 87 0.0038910505836575737 [1 0 1 1 0 0 1 0 1 1 0 0 1]
11 7 77 0.0038910505836575737 [1 0 1 1 0 0 1 0 1 1 0 0 1]
12 7 85 0.0038910505836575737 [1 0 1 1 0 0 1 0 1 1 0 0 1]
13 7 79 0.0038910505836575737 [1 0 1 1 0 0 1 0 1 1 0 0 1]
14 7 83 0.0038910505836575737 [1 0 1 1 0 0 1 0 1 1 0 0 1]
15 7 88 0.0038910505836575737 [1 0 1 1 0 0 1 0 1 1 0 0 1]
16 7 79 0.0038910505836575737 [1 0 1 1 0 0 1 0 1 1 0 0 1]
17 7 75 0.0038910505836575737 [1 0 1 1 0 0 1 0 1 1 0 0 1]
18 7 76 0.0038910505836575737 [1 0 1 1 0 0 1 0 1 1 0 0 1]
19 7 70 0.0038910505836575737 [1 0 1 1 0 0 1 0 1 1 0 0 1]
20 7 73 0.0038910505836575737 [1 0 1 1 0 0 1 0 1 1 0 0 1]
21 7 73 0.0038910505836575737 [1 0 1 1 0 0 1 0 1 1 0 0 1]
22 7 72 0.0038910505836575737 [1 0 1 1 0 0 1 0 1 1 0 0 1]
23 7 71 0.0038910505836575737 [1 0 1 1 0 0 1 0 1 1 0 0 1]
24 7 69 0.0038910505836575737 [1 0 1 1 0 0 1 0 1 1 0 0 1]
25 7 62 0.0038910505836575737 [1 0 1 1 0 0 1 0 1 1 0 0 1]
26 7 64 0.0038910505836575737 [1 0 1 1 0 0 1 0 1 1 0 0 1]
27 7 67 0.0038910505836575737 [1 0 1 1 0 0 1 0 1 1 0 0 1]
28 7 69 0.0038910505836575737 [1 0 1 1 0 0 1 0 1 1 0 0 1]
29 7 66 0.0038910505836575737 [1 0 1 1 0 0 1 0 1 1 0 0 1]
30 7 61 0.0038910505836575737 [1 0 1 1 0 0 1 0 1 1 0 0 1]
31 7 63 0.0038910505836575737 [1 0 1 1 0 0 1 0 1 1 0 0 1]
32 7 59 0.0038910505836575737 [1 0 1 1 0 0 1 0 1 1 0 0 1]
33 7 66 0.0038910505836575737 [1 0 1 1 0 0 1 0 1 1 0 0 1]
34 7 48 0.0038910505836575737 [1 0 1 1 0 0 1 0 1 1 0 0 1]
35 7 55 0.0038910505836575737 [1 0 1 1 0 0 1 0 1 1 0 0 1]
36 7 57 0.0038910505836575737 [1 0 1 1 0 0 1 0 1 1 0 0 1]
37 7 54 0.0038910505836575737 [1 0 1 1 0 0 1 0 1 1 0 0 1]
38 7 52 0.0038910505836575737 [1 0 1 1 0 0 1 0 1 1 0 0 1]
39 7 52 0.0038910505836575737 [1 0 1 1 0 0 1 0 1 1 0 0 1]
40 7 49 0.0038910505836575737 [1 0 1 1 0 0 1 0 1 1 0 0 1]
41 7 51 0.0038910505836575737 [1 0 1 1 0 0 1 0 1 1 0 0 1]
42 7 54 0.0038910505836575737 [1 0 1 1 0 0 1 0 1 1 0 0 1]
43 7 49 0.0038910505836575737 [1 0 1 1 0 0 1 0 1 1 0 0 1]
44 7 40 0.0038910505836575737 [1 0 1 1 0 0 1 0 1 1 0 0 1]
45 7 58 0.0038910505836575737 [1 0 1 1 0 0 1 0 1 1 0 0 1]
46 7 54 0.0038910505836575737 [1 0 1 1 0 0 1 0 1 1 0 0 1]
47 7 46 0.0038910505836575737 [1 0 1 1 0 0 1 0 1 1 0 0 1]
48 7 44 0.0038910505836575737 [1 0 1 1 0 0 1 0 1 1 0 0 1]
49 7 49 0.0038910505836575737 [1 0 1 1 0 0 1 0 1 1 0 0 1]
50 7 57 0.0038910505836575737 [1 0 1 1 0 0 1 0 1 1 0 0 1]
51 7 34 0.0038910505836575737 [1 0 1 1 0 0 1 0 1 1 0 0 1]
52 7 51 0.0038910505836575737 [1 0 1 1 0 0 1 0 1 1 0 0 1]
53 7 47 0.0038910505836575737 [1 0 1 1 0 0 1 0 1 1 0 0 1]
54 7 44 0.0038910505836575737 [1 0 1 1 0 0 1 0 1 1 0 0 1]
55 7 39 0.0038910505836575737 [1 0 1 1 0 0 1 0 1 1 0 0 1]
56 7 40 0.0038910505836575737 [1 0 1 1 0 0 1 0 1 1 0 0 1]
57 7 53 0.0038910505836575737 [1 0 1 1 0 0 1 0 1 1 0 0 1]
58 7 34 0.0038910505836575737 [1 0 1 1 0 0 1 0 1 1 0 0 1]
59 7 40 0.0038910505836575737 [1 0 1 1 0 0 1 0 1 1 0 0 1]
60 7 30 0.0038910505836575737 [1 0 1 1 0 0 1 0 1 1 0 0 1]
61 7 38 0.0038910505836575737 [1 0 1 1 0 0 1 0 1 1 0 0 1]
62 7 44 0.0038910505836575737 [1 0 1 1 0 0 1 0 1 1 0 0 1]
63 7 44 0.0038910505836575737 [1 0 1 1 0 0 1 0 1 1 0 0 1]
64 7 39 0.0038910505836575737 [1 0 1 1 0 0 1 0 1 1 0 0 1]
65 7 38 0.0038910505836575737 [1 0 1 1 0 0 1 0 1 1 0 0 1]
66 7 37 0.0038910505836575737 [1 0 1 1 0 0 1 0 1 1 0 0 1]
67 7 44 0.0038910505836575737 [1 0 1 1 0 0 1 0 1 1 0 0 1]
68 7 32 0.0038910505836575737 [1 0 1 1 0 0 1 0 1 1 0 0 1]
69 7 40 0.0038910505836575737 [1 0 1 1 0 0 1 0 1 1 0 0 1]
70 7 40 0.0038910505836575737 [1 0 1 1 0 0 1 0 1 1 0 0 1]
71 7 40 0.0038910505836575737 [1 0 1 1 0 0 1 0 1 1 0 0 1]
72 7 35 0.0038910505836575737 [1 0 1 1 0 0 1 0 1 1 0 0 1]
73 7 39 0.0038910505836575737 [1 0 1 1 0 0 1 0 1 1 0 0 1]
74 7 35 0.0038910505836575737 [1 0 1 1 0 0 1 0 1 1 0 0 1]
75 7 29 0.0038910505836575737 [1 0 1 1 0 0 1 0 1 1 0 0 1]
76 7 29 0.0038910505836575737 [1 0 1 1 0 0 1 0 1 1 0 0 1]
77 7 39 0.0038910505836575737 [1 0 1 1 0 0 1 0 1 1 0 0 1]
78 7 25 0.0038910505836575737 [1 0 1 1 0 0 1 0 1 1 0 0 1]
79 7 28 0.0038910505836575737 [1 0 1 1 0 0 1 0 1 1 0 0 1]
80 7 29 0.0038910505836575737 [1 0 1 1 0 0 1 0 1 1 0 0 1]
81 7 34 0.0038910505836575737 [1 0 1 1 0 0 1 0 1 1 0 0 1]
82 7 26 0.0038910505836575737 [1 0 1 1 0 0 1 0 1 1 0 0 1]
83 7 27 0.0038910505836575737 [1 0 1 1 0 0 1 0 1 1 0 0 1]
84 7 24 0.0038910505836575737 [1 0 1 1 0 0 1 0 1 1 0 0 1]
85 7 28 0.0038910505836575737 [1 0 1 1 0 0 1 0 1 1 0 0 1]
86 7 35 0.0038910505836575737 [1 0 1 1 0 0 1 0 1 1 0 0 1]
87 7 19 0.0038910505836575737 [1 0 1 1 0 0 1 0 1 1 0 0 1]
88 7 19 0.0038910505836575737 [1 0 1 1 0 0 1 0 1 1 0 0 1]
89 7 27 0.0038910505836575737 [1 0 1 1 0 0 1 0 1 1 0 0 1]
90 7 31 0.0038910505836575737 [1 0 1 1 0 0 1 0 1 1 0 0 1]
91 7 28 0.0038910505836575737 [1 0 1 1 0 0 1 0 1 1 0 0 1]
92 7 28 0.0038910505836575737 [1 0 1 1 0 0 1 0 1 1 0 0 1]
93 7 29 0.0038910505836575737 [1 0 1 1 0 0 1 0 1 1 0 0 1]
94 7 27 0.0038910505836575737 [1 0 1 1 0 0 1 0 1 1 0 0 1]
95 7 24 0.0038910505836575737 [1 0 1 1 0 0 1 0 1 1 0 0 1]
96 7 35 0.0038910505836575737 [1 0 1 1 0 0 1 0 1 1 0 0 1]
97 7 25 0.0038910505836575737 [1 0 1 1 0 0 1 0 1 1 0 0 1]
98 7 31 0.0038910505836575737 [1 0 1 1 0 0 1 0 1 1 0 0 1]
99 7 22 0.0038910505836575737 [1 0 1 1 0 0 1 0 1 1 0 0 1]
100 7 24 0.0038910505836575737 [1 0 1 1 0 0 1 0 1 1 0 0 1]
101 7 27 0.0038910505836575737 [1 0 1 1 0 0 1 0 1 1 0 0 1]
102 7 21 0.0038910505836575737 [1 0 1 1 0 0 1 0 1 1 0 0 1]
103 7 29 0.0038910505836575737 [1 0 1 1 0 0 1 0 1 1 0 0 1]
104 7 19 0.0038910505836575737 [1 0 1 1 0 0 1 0 1 1 0 0 1]
105 7 24 0.0038910505836575737 [1 0 1 1 0 0 1 0 1 1 0 0 1]
106 7 28 0.0038910505836575737 [1 0 1 1 0 0 1 0 1 1 0 0 1]
107 7 12 0.0038910505836575737 [1 0 1 1 0 0 1 0 1 1 0 0 1]
108 7 20 0.0038910505836575737 [1 0 1 1 0 0 1 0 1 1 0 0 1]
109 7 29 0.0038910505836575737 [1 0 1 1 0 0 1 0 1 1 0 0 1]
110 7 19 0.0038910505836575737 [1 0 1 1 0 0 1 0 1 1 0 0 1]
111 7 23 0.0038910505836575737 [1 0 1 1 0 0 1 0 1 1 0 0 1]
112 7 21 0.0038910505836575737 [1 0 1 1 0 0 1 0 1 1 0 0 1]
113 7 20 0.0038910505836575737 [1 0 1 1 0 0 1 0 1 1 0 0 1]
114 7 18 0.0038910505836575737 [1 0 1 1 0 0 1 0 1 1 0 0 1]
115 7 24 0.0038910505836575737 [1 0 1 1 0 0 1 0 1 1 0 0 1]
116 7 21 0.0038910505836575737 [1 0 1 1 0 0 1 0 1 1 0 0 1]
117 7 13 0.0038910505836575737 [1 0 1 1 0 0 1 0 1 1 0 0 1]
118 7 18 0.0038910505836575737 [1 0 1 1 0 0 1 0 1 1 0 0 1]
119 7 21 0.0038910505836575737 [1 0 1 1 0 0 1 0 1 1 0 0 1]
120 7 29 0.0038910505836575737 [1 0 1 1 0 0 1 0 1 1 0 0 1]
121 7 26 0.0038910505836575737 [1 0 1 1 0 0 1 0 1 1 0 0 1]
122 7 19 0.0038910505836575737 [1 0 1 1 0 0 1 0 1 1 0 0 1]
123 7 17 0.0038910505836575737 [1 0 1 1 0 0 1 0 1 1 0 0 1]
124 7 23 0.0038910505836575737 [1 0 1 1 0 0 1 0 1 1 0 0 1]
125 7 26 0.0038910505836575737 [1 0 1 1 0 0 1 0 1 1 0 0 1]
126 7 20 0.0038910505836575737 [1 0 1 1 0 0 1 0 1 1 0 0 1]
127 7 27 0.0038910505836575737 [1 0 1 1 0 0 1 0 1 1 0 0 1]
128 7 13 0.0038910505836575737 [1 0 1 1 0 0 1 0 1 1 0 0 1]
129 7 21 0.0038910505836575737 [1 0 1 1 0 0 1 0 1 1 0 0 1]
130 7 11 0.0038910505836575737 [1 0 1 1 0 0 1 0 1 1 0 0 1]
131 7 11 0.0038910505836575737 [1 0 1 1 0 0 1 0 1 1 0 0 1]
132 7 16 0.0038910505836575737 [1 0 1 1 0 0 1 0 1 1 0 0 1]
133 7 23 0.0038910505836575737 [1 0 1 1 0 0 1 0 1 1 0 0 1]
134 7 15 0.0038910505836575737 [1 0 1 1 0 0 1 0 1 1 0 0 1]
135 7 12 0.0038910505836575737 [1 0 1 1 0 0 1 0 1 1 0 0 1]
136 7 14 0.0038910505836575737 [1 0 1 1 0 0 1 0 1 1 0 0 1]
137 7 16 0.0038910505836575737 [1 0 1 1 0 0 1 0 1 1 0 0 1]
138 7 14 0.0038910505836575737 [1 0 1 1 0 0 1 0 1 1 0 0 1]
139 7 14 0.0038910505836575737 [1 0 1 1 0 0 1 0 1 1 0 0 1]
140 7 15 0.0038910505836575737 [1 0 1 1 0 0 1 0 1 1 0 0 1]
141 7 10 0.0038910505836575737 [1 0 1 1 0 0 1 0 1 1 0 0 1]
142 7 22 0.0038910505836575737 [1 0 1 1 0 0 1 0 1 1 0 0 1]
143 7 11 0.0038910505836575737 [1 0 1 1 0 0 1 0 1 1 0 0 1]
144 7 13 0.0038910505836575737 [1 0 1 1 0 0 1 0 1 1 0 0 1]
145 7 18 0.0038910505836575737 [1 0 1 1 0 0 1 0 1 1 0 0 1]
146 7 10 0.0038910505836575737 [1 0 1 1 0 0 1 0 1 1 0 0 1]
147 7 24 0.0038910505836575737 [1 0 1 1 0 0 1 0 1 1 0 0 1]
148 7 16 0.0038910505836575737 [1 0 1 1 0 0 1 0 1 1 0 0 1]
149 7 11 0.0038910505836575737 [1 0 1 1 0 0 1 0 1 1 0 0 1]
150 7 21 0.0038910505836575737 [1 0 1 1 0 0 1 0 1 1 0 0 1]
