0 28 100 0.26961226330027044 [1 1 1 0 0 0 1 1 0 0 0 0 0 0 0 0 1 0 0 1 1 1 0 0 0 1 0 1 0 0 0 1 1 0 0 0 1
 1 0 0 0 0 1 1 0 1 1 1 1 0 1 1 1 1 1 1 0 1 0 0]
1 28 40 0.26961226330027044 [1 1 1 0 0 0 1 1 0 0 0 0 0 0 0 0 1 0 0 1 1 1 0 0 0 1 0 1 0 0 0 1 1 0 0 0 1
 1 0 0 0 0 1 1 0 1 1 1 1 0 1 1 1 1 1 1 0 1 0 0]
2 28 24 0.26961226330027044 [1 1 1 0 0 0 1 1 0 0 0 0 0 0 0 0 1 0 0 1 1 1 0 0 0 1 0 1 0 0 0 1 1 0 0 0 1
 1 0 0 0 0 1 1 0 1 1 1 1 0 1 1 1 1 1 1 0 1 0 0]
3 28 14 0.26961226330027044 [1 1 1 0 0 0 1 1 0 0 0 0 0 0 0 0 1 0 0 1 1 1 0 0 0 1 0 1 0 0 0 1 1 0 0 0 1
 1 0 0 0 0 1 1 0 1 1 1 1 0 1 1 1 1 1 1 0 1 0 0]
4 36 11 0.2616937224048069 [1 0 0 1 0 0 0 1 1 1 0 1 1 0 1 1 0 1 0 0 0 1 0 0 1 1 0 1 0 1 0 1 1 1 1 1 0
 1 1 1 1 0 0 1 1 1 0 1 1 0 1 0 1 1 1 0 1 0 1 1]
5 36 8 0.2616937224048069 [1 0 0 1 0 0 0 1 1 1 0 1 1 0 1 1 0 1 0 0 0 1 0 0 1 1 0 1 0 1 0 1 1 1 1 1 0
 1 1 1 1 0 0 1 1 1 0 1 1 0 1 0 1 1 1 0 1 0 1 1]
6 36 6 0.2616937224048069 [1 0 0 1 0 0 0 1 1 1 0 1 1 0 1 1 0 1 0 0 0 1 0 0 1 1 0 1 0 1 0 1 1 1 1 1 0
 1 1 1 1 0 0 1 1 1 0 1 1 0 1 0 1 1 1 0 1 0 1 1]
7 36 8 0.2616937224048069 [1 0 0 1 0 0 0 1 1 1 0 1 1 0 1 1 0 1 0 0 0 1 0 0 1 1 0 1 0 1 0 1 1 1 1 1 0
 1 1 1 1 0 0 1 1 1 0 1 1 0 1 0 1 1 1 0 1 0 1 1]
8 36 8 0.2616937224048069 [1 0 0 1 0 0 0 1 1 1 0 1 1 0 1 1 0 1 0 0 0 1 0 0 1 1 0 1 0 1 0 1 1 1 1 1 0
 1 1 1 1 0 0 1 1 1 0 1 1 0 1 0 1 1 1 0 1 0 1 1]
9 36 1 0.2616937224048069 [1 0 0 1 0 0 0 1 1 1 0 1 1 0 1 1 0 1 0 0 0 1 0 0 1 1 0 1 0 1 0 1 1 1 1 1 0
 1 1 1 1 0 0 1 1 1 0 1 1 0 1 0 1 1 1 0 1 0 1 1]
10 36 6 0.2616937224048069 [1 0 0 1 0 0 0 1 1 1 0 1 1 0 1 1 0 1 0 0 0 1 0 0 1 1 0 1 0 1 0 1 1 1 1 1 0
 1 1 1 1 0 0 1 1 1 0 1 1 0 1 0 1 1 1 0 1 0 1 1]
11 36 3 0.2616937224048069 [1 0 0 1 0 0 0 1 1 1 0 1 1 0 1 1 0 1 0 0 0 1 0 0 1 1 0 1 0 1 0 1 1 1 1 1 0
 1 1 1 1 0 0 1 1 1 0 1 1 0 1 0 1 1 1 0 1 0 1 1]
12 36 2 0.2616937224048069 [1 0 0 1 0 0 0 1 1 1 0 1 1 0 1 1 0 1 0 0 0 1 0 0 1 1 0 1 0 1 0 1 1 1 1 1 0
 1 1 1 1 0 0 1 1 1 0 1 1 0 1 0 1 1 1 0 1 0 1 1]
13 36 1 0.2616937224048069 [1 0 0 1 0 0 0 1 1 1 0 1 1 0 1 1 0 1 0 0 0 1 0 0 1 1 0 1 0 1 0 1 1 1 1 1 0
 1 1 1 1 0 0 1 1 1 0 1 1 0 1 0 1 1 1 0 1 0 1 1]
14 36 2 0.2616937224048069 [1 0 0 1 0 0 0 1 1 1 0 1 1 0 1 1 0 1 0 0 0 1 0 0 1 1 0 1 0 1 0 1 1 1 1 1 0
 1 1 1 1 0 0 1 1 1 0 1 1 0 1 0 1 1 1 0 1 0 1 1]
15 35 2 0.25876902713434813 [1 0 0 1 0 0 0 1 1 1 0 1 1 0 1 1 0 0 0 0 0 1 0 0 1 1 0 1 0 1 0 1 1 1 1 1 0
 1 1 1 0 0 0 1 1 1 0 1 1 0 1 0 1 1 1 0 1 1 1 1]
16 35 1 0.25876902713434813 [1 0 0 1 0 0 0 1 1 1 0 1 1 0 1 1 0 0 0 0 0 1 0 0 1 1 0 1 0 1 0 1 1 1 1 1 0
 1 1 1 0 0 0 1 1 1 0 1 1 0 1 0 1 1 1 0 1 1 1 1]
17 35 1 0.25876902713434813 [1 0 0 1 0 0 0 1 1 1 0 1 1 0 1 1 0 0 0 0 0 1 0 0 1 1 0 1 0 1 0 1 1 1 1 1 0
 1 1 1 0 0 0 1 1 1 0 1 1 0 1 0 1 1 1 0 1 1 1 1]
18 35 0 0.25876902713434813 [1 0 0 1 0 0 0 1 1 1 0 1 1 0 1 1 0 0 0 0 0 1 0 0 1 1 0 1 0 1 0 1 1 1 1 1 0
 1 1 1 0 0 0 1 1 1 0 1 1 0 1 0 1 1 1 0 1 1 1 1]
19 35 0 0.25876902713434813 [1 0 0 1 0 0 0 1 1 1 0 1 1 0 1 1 0 0 0 0 0 1 0 0 1 1 0 1 0 1 0 1 1 1 1 1 0
 1 1 1 0 0 0 1 1 1 0 1 1 0 1 0 1 1 1 0 1 1 1 1]
20 35 0 0.25876902713434813 [1 0 0 1 0 0 0 1 1 1 0 1 1 0 1 1 0 0 0 0 0 1 0 0 1 1 0 1 0 1 0 1 1 1 1 1 0
 1 1 1 0 0 0 1 1 1 0 1 1 0 1 0 1 1 1 0 1 1 1 1]
21 35 0 0.25876902713434813 [1 0 0 1 0 0 0 1 1 1 0 1 1 0 1 1 0 0 0 0 0 1 0 0 1 1 0 1 0 1 0 1 1 1 1 1 0
 1 1 1 0 0 0 1 1 1 0 1 1 0 1 0 1 1 1 0 1 1 1 1]
22 35 0 0.25876902713434813 [1 0 0 1 0 0 0 1 1 1 0 1 1 0 1 1 0 0 0 0 0 1 0 0 1 1 0 1 0 1 0 1 1 1 1 1 0
 1 1 1 0 0 0 1 1 1 0 1 1 0 1 0 1 1 1 0 1 1 1 1]
23 35 0 0.25876902713434813 [1 0 0 1 0 0 0 1 1 1 0 1 1 0 1 1 0 0 0 0 0 1 0 0 1 1 0 1 0 1 0 1 1 1 1 1 0
 1 1 1 0 0 0 1 1 1 0 1 1 0 1 0 1 1 1 0 1 1 1 1]
24 35 0 0.25876902713434813 [1 0 0 1 0 0 0 1 1 1 0 1 1 0 1 1 0 0 0 0 0 1 0 0 1 1 0 1 0 1 0 1 1 1 1 1 0
 1 1 1 0 0 0 1 1 1 0 1 1 0 1 0 1 1 1 0 1 1 1 1]
25 35 0 0.25876902713434813 [1 0 0 1 0 0 0 1 1 1 0 1 1 0 1 1 0 0 0 0 0 1 0 0 1 1 0 1 0 1 0 1 1 1 1 1 0
 1 1 1 0 0 0 1 1 1 0 1 1 0 1 0 1 1 1 0 1 1 1 1]
26 35 0 0.25876902713434813 [1 0 0 1 0 0 0 1 1 1 0 1 1 0 1 1 0 0 0 0 0 1 0 0 1 1 0 1 0 1 0 1 1 1 1 1 0
 1 1 1 0 0 0 1 1 1 0 1 1 0 1 0 1 1 1 0 1 1 1 1]
27 35 0 0.25876902713434813 [1 0 0 1 0 0 0 1 1 1 0 1 1 0 1 1 0 0 0 0 0 1 0 0 1 1 0 1 0 1 0 1 1 1 1 1 0
 1 1 1 0 0 0 1 1 1 0 1 1 0 1 0 1 1 1 0 1 1 1 1]
28 35 0 0.25876902713434813 [1 0 0 1 0 0 0 1 1 1 0 1 1 0 1 1 0 0 0 0 0 1 0 0 1 1 0 1 0 1 0 1 1 1 1 1 0
 1 1 1 0 0 0 1 1 1 0 1 1 0 1 0 1 1 1 0 1 1 1 1]
29 35 0 0.25876902713434813 [1 0 0 1 0 0 0 1 1 1 0 1 1 0 1 1 0 0 0 0 0 1 0 0 1 1 0 1 0 1 0 1 1 1 1 1 0
 1 1 1 0 0 0 1 1 1 0 1 1 0 1 0 1 1 1 0 1 1 1 1]
30 35 0 0.25876902713434813 [1 0 0 1 0 0 0 1 1 1 0 1 1 0 1 1 0 0 0 0 0 1 0 0 1 1 0 1 0 1 0 1 1 1 1 1 0
 1 1 1 0 0 0 1 1 1 0 1 1 0 1 0 1 1 1 0 1 1 1 1]
31 35 0 0.25876902713434813 [1 0 0 1 0 0 0 1 1 1 0 1 1 0 1 1 0 0 0 0 0 1 0 0 1 1 0 1 0 1 0 1 1 1 1 1 0
 1 1 1 0 0 0 1 1 1 0 1 1 0 1 0 1 1 1 0 1 1 1 1]
32 35 0 0.25876902713434813 [1 0 0 1 0 0 0 1 1 1 0 1 1 0 1 1 0 0 0 0 0 1 0 0 1 1 0 1 0 1 0 1 1 1 1 1 0
 1 1 1 0 0 0 1 1 1 0 1 1 0 1 0 1 1 1 0 1 1 1 1]
33 35 0 0.25876902713434813 [1 0 0 1 0 0 0 1 1 1 0 1 1 0 1 1 0 0 0 0 0 1 0 0 1 1 0 1 0 1 0 1 1 1 1 1 0
 1 1 1 0 0 0 1 1 1 0 1 1 0 1 0 1 1 1 0 1 1 1 1]
34 35 0 0.25876902713434813 [1 0 0 1 0 0 0 1 1 1 0 1 1 0 1 1 0 0 0 0 0 1 0 0 1 1 0 1 0 1 0 1 1 1 1 1 0
 1 1 1 0 0 0 1 1 1 0 1 1 0 1 0 1 1 1 0 1 1 1 1]
35 35 0 0.25876902713434813 [1 0 0 1 0 0 0 1 1 1 0 1 1 0 1 1 0 0 0 0 0 1 0 0 1 1 0 1 0 1 0 1 1 1 1 1 0
 1 1 1 0 0 0 1 1 1 0 1 1 0 1 0 1 1 1 0 1 1 1 1]
36 35 0 0.25876902713434813 [1 0 0 1 0 0 0 1 1 1 0 1 1 0 1 1 0 0 0 0 0 1 0 0 1 1 0 1 0 1 0 1 1 1 1 1 0
 1 1 1 0 0 0 1 1 1 0 1 1 0 1 0 1 1 1 0 1 1 1 1]
37 35 0 0.25876902713434813 [1 0 0 1 0 0 0 1 1 1 0 1 1 0 1 1 0 0 0 0 0 1 0 0 1 1 0 1 0 1 0 1 1 1 1 1 0
 1 1 1 0 0 0 1 1 1 0 1 1 0 1 0 1 1 1 0 1 1 1 1]
38 35 0 0.25876902713434813 [1 0 0 1 0 0 0 1 1 1 0 1 1 0 1 1 0 0 0 0 0 1 0 0 1 1 0 1 0 1 0 1 1 1 1 1 0
 1 1 1 0 0 0 1 1 1 0 1 1 0 1 0 1 1 1 0 1 1 1 1]
39 35 0 0.25876902713434813 [1 0 0 1 0 0 0 1 1 1 0 1 1 0 1 1 0 0 0 0 0 1 0 0 1 1 0 1 0 1 0 1 1 1 1 1 0
 1 1 1 0 0 0 1 1 1 0 1 1 0 1 0 1 1 1 0 1 1 1 1]
40 35 0 0.25876902713434813 [1 0 0 1 0 0 0 1 1 1 0 1 1 0 1 1 0 0 0 0 0 1 0 0 1 1 0 1 0 1 0 1 1 1 1 1 0
 1 1 1 0 0 0 1 1 1 0 1 1 0 1 0 1 1 1 0 1 1 1 1]
41 35 0 0.25876902713434813 [1 0 0 1 0 0 0 1 1 1 0 1 1 0 1 1 0 0 0 0 0 1 0 0 1 1 0 1 0 1 0 1 1 1 1 1 0
 1 1 1 0 0 0 1 1 1 0 1 1 0 1 0 1 1 1 0 1 1 1 1]
42 35 0 0.25876902713434813 [1 0 0 1 0 0 0 1 1 1 0 1 1 0 1 1 0 0 0 0 0 1 0 0 1 1 0 1 0 1 0 1 1 1 1 1 0
 1 1 1 0 0 0 1 1 1 0 1 1 0 1 0 1 1 1 0 1 1 1 1]
43 35 0 0.25876902713434813 [1 0 0 1 0 0 0 1 1 1 0 1 1 0 1 1 0 0 0 0 0 1 0 0 1 1 0 1 0 1 0 1 1 1 1 1 0
 1 1 1 0 0 0 1 1 1 0 1 1 0 1 0 1 1 1 0 1 1 1 1]
44 35 0 0.25876902713434813 [1 0 0 1 0 0 0 1 1 1 0 1 1 0 1 1 0 0 0 0 0 1 0 0 1 1 0 1 0 1 0 1 1 1 1 1 0
 1 1 1 0 0 0 1 1 1 0 1 1 0 1 0 1 1 1 0 1 1 1 1]
45 35 0 0.25876902713434813 [1 0 0 1 0 0 0 1 1 1 0 1 1 0 1 1 0 0 0 0 0 1 0 0 1 1 0 1 0 1 0 1 1 1 1 1 0
 1 1 1 0 0 0 1 1 1 0 1 1 0 1 0 1 1 1 0 1 1 1 1]
46 35 0 0.25876902713434813 [1 0 0 1 0 0 0 1 1 1 0 1 1 0 1 1 0 0 0 0 0 1 0 0 1 1 0 1 0 1 0 1 1 1 1 1 0
 1 1 1 0 0 0 1 1 1 0 1 1 0 1 0 1 1 1 0 1 1 1 1]
47 35 0 0.25876902713434813 [1 0 0 1 0 0 0 1 1 1 0 1 1 0 1 1 0 0 0 0 0 1 0 0 1 1 0 1 0 1 0 1 1 1 1 1 0
 1 1 1 0 0 0 1 1 1 0 1 1 0 1 0 1 1 1 0 1 1 1 1]
48 35 0 0.25876902713434813 [1 0 0 1 0 0 0 1 1 1 0 1 1 0 1 1 0 0 0 0 0 1 0 0 1 1 0 1 0 1 0 1 1 1 1 1 0
 1 1 1 0 0 0 1 1 1 0 1 1 0 1 0 1 1 1 0 1 1 1 1]
49 35 0 0.25876902713434813 [1 0 0 1 0 0 0 1 1 1 0 1 1 0 1 1 0 0 0 0 0 1 0 0 1 1 0 1 0 1 0 1 1 1 1 1 0
 1 1 1 0 0 0 1 1 1 0 1 1 0 1 0 1 1 1 0 1 1 1 1]
50 35 0 0.25876902713434813 [1 0 0 1 0 0 0 1 1 1 0 1 1 0 1 1 0 0 0 0 0 1 0 0 1 1 0 1 0 1 0 1 1 1 1 1 0
 1 1 1 0 0 0 1 1 1 0 1 1 0 1 0 1 1 1 0 1 1 1 1]
51 35 0 0.25876902713434813 [1 0 0 1 0 0 0 1 1 1 0 1 1 0 1 1 0 0 0 0 0 1 0 0 1 1 0 1 0 1 0 1 1 1 1 1 0
 1 1 1 0 0 0 1 1 1 0 1 1 0 1 0 1 1 1 0 1 1 1 1]
52 35 0 0.25876902713434813 [1 0 0 1 0 0 0 1 1 1 0 1 1 0 1 1 0 0 0 0 0 1 0 0 1 1 0 1 0 1 0 1 1 1 1 1 0
 1 1 1 0 0 0 1 1 1 0 1 1 0 1 0 1 1 1 0 1 1 1 1]
53 35 0 0.25876902713434813 [1 0 0 1 0 0 0 1 1 1 0 1 1 0 1 1 0 0 0 0 0 1 0 0 1 1 0 1 0 1 0 1 1 1 1 1 0
 1 1 1 0 0 0 1 1 1 0 1 1 0 1 0 1 1 1 0 1 1 1 1]
54 35 0 0.25876902713434813 [1 0 0 1 0 0 0 1 1 1 0 1 1 0 1 1 0 0 0 0 0 1 0 0 1 1 0 1 0 1 0 1 1 1 1 1 0
 1 1 1 0 0 0 1 1 1 0 1 1 0 1 0 1 1 1 0 1 1 1 1]
55 35 0 0.25876902713434813 [1 0 0 1 0 0 0 1 1 1 0 1 1 0 1 1 0 0 0 0 0 1 0 0 1 1 0 1 0 1 0 1 1 1 1 1 0
 1 1 1 0 0 0 1 1 1 0 1 1 0 1 0 1 1 1 0 1 1 1 1]
56 35 0 0.25876902713434813 [1 0 0 1 0 0 0 1 1 1 0 1 1 0 1 1 0 0 0 0 0 1 0 0 1 1 0 1 0 1 0 1 1 1 1 1 0
 1 1 1 0 0 0 1 1 1 0 1 1 0 1 0 1 1 1 0 1 1 1 1]
57 35 0 0.25876902713434813 [1 0 0 1 0 0 0 1 1 1 0 1 1 0 1 1 0 0 0 0 0 1 0 0 1 1 0 1 0 1 0 1 1 1 1 1 0
 1 1 1 0 0 0 1 1 1 0 1 1 0 1 0 1 1 1 0 1 1 1 1]
58 35 0 0.25876902713434813 [1 0 0 1 0 0 0 1 1 1 0 1 1 0 1 1 0 0 0 0 0 1 0 0 1 1 0 1 0 1 0 1 1 1 1 1 0
 1 1 1 0 0 0 1 1 1 0 1 1 0 1 0 1 1 1 0 1 1 1 1]
59 35 0 0.25876902713434813 [1 0 0 1 0 0 0 1 1 1 0 1 1 0 1 1 0 0 0 0 0 1 0 0 1 1 0 1 0 1 0 1 1 1 1 1 0
 1 1 1 0 0 0 1 1 1 0 1 1 0 1 0 1 1 1 0 1 1 1 1]
60 35 0 0.25876902713434813 [1 0 0 1 0 0 0 1 1 1 0 1 1 0 1 1 0 0 0 0 0 1 0 0 1 1 0 1 0 1 0 1 1 1 1 1 0
 1 1 1 0 0 0 1 1 1 0 1 1 0 1 0 1 1 1 0 1 1 1 1]
61 35 0 0.25876902713434813 [1 0 0 1 0 0 0 1 1 1 0 1 1 0 1 1 0 0 0 0 0 1 0 0 1 1 0 1 0 1 0 1 1 1 1 1 0
 1 1 1 0 0 0 1 1 1 0 1 1 0 1 0 1 1 1 0 1 1 1 1]
62 35 0 0.25876902713434813 [1 0 0 1 0 0 0 1 1 1 0 1 1 0 1 1 0 0 0 0 0 1 0 0 1 1 0 1 0 1 0 1 1 1 1 1 0
 1 1 1 0 0 0 1 1 1 0 1 1 0 1 0 1 1 1 0 1 1 1 1]
63 35 0 0.25876902713434813 [1 0 0 1 0 0 0 1 1 1 0 1 1 0 1 1 0 0 0 0 0 1 0 0 1 1 0 1 0 1 0 1 1 1 1 1 0
 1 1 1 0 0 0 1 1 1 0 1 1 0 1 0 1 1 1 0 1 1 1 1]
64 35 0 0.25876902713434813 [1 0 0 1 0 0 0 1 1 1 0 1 1 0 1 1 0 0 0 0 0 1 0 0 1 1 0 1 0 1 0 1 1 1 1 1 0
 1 1 1 0 0 0 1 1 1 0 1 1 0 1 0 1 1 1 0 1 1 1 1]
65 35 0 0.25876902713434813 [1 0 0 1 0 0 0 1 1 1 0 1 1 0 1 1 0 0 0 0 0 1 0 0 1 1 0 1 0 1 0 1 1 1 1 1 0
 1 1 1 0 0 0 1 1 1 0 1 1 0 1 0 1 1 1 0 1 1 1 1]
66 35 0 0.25876902713434813 [1 0 0 1 0 0 0 1 1 1 0 1 1 0 1 1 0 0 0 0 0 1 0 0 1 1 0 1 0 1 0 1 1 1 1 1 0
 1 1 1 0 0 0 1 1 1 0 1 1 0 1 0 1 1 1 0 1 1 1 1]
67 35 0 0.25876902713434813 [1 0 0 1 0 0 0 1 1 1 0 1 1 0 1 1 0 0 0 0 0 1 0 0 1 1 0 1 0 1 0 1 1 1 1 1 0
 1 1 1 0 0 0 1 1 1 0 1 1 0 1 0 1 1 1 0 1 1 1 1]
68 35 0 0.25876902713434813 [1 0 0 1 0 0 0 1 1 1 0 1 1 0 1 1 0 0 0 0 0 1 0 0 1 1 0 1 0 1 0 1 1 1 1 1 0
 1 1 1 0 0 0 1 1 1 0 1 1 0 1 0 1 1 1 0 1 1 1 1]
69 35 0 0.25876902713434813 [1 0 0 1 0 0 0 1 1 1 0 1 1 0 1 1 0 0 0 0 0 1 0 0 1 1 0 1 0 1 0 1 1 1 1 1 0
 1 1 1 0 0 0 1 1 1 0 1 1 0 1 0 1 1 1 0 1 1 1 1]
70 35 0 0.25876902713434813 [1 0 0 1 0 0 0 1 1 1 0 1 1 0 1 1 0 0 0 0 0 1 0 0 1 1 0 1 0 1 0 1 1 1 1 1 0
 1 1 1 0 0 0 1 1 1 0 1 1 0 1 0 1 1 1 0 1 1 1 1]
71 35 0 0.25876902713434813 [1 0 0 1 0 0 0 1 1 1 0 1 1 0 1 1 0 0 0 0 0 1 0 0 1 1 0 1 0 1 0 1 1 1 1 1 0
 1 1 1 0 0 0 1 1 1 0 1 1 0 1 0 1 1 1 0 1 1 1 1]
72 35 0 0.25876902713434813 [1 0 0 1 0 0 0 1 1 1 0 1 1 0 1 1 0 0 0 0 0 1 0 0 1 1 0 1 0 1 0 1 1 1 1 1 0
 1 1 1 0 0 0 1 1 1 0 1 1 0 1 0 1 1 1 0 1 1 1 1]
73 35 0 0.25876902713434813 [1 0 0 1 0 0 0 1 1 1 0 1 1 0 1 1 0 0 0 0 0 1 0 0 1 1 0 1 0 1 0 1 1 1 1 1 0
 1 1 1 0 0 0 1 1 1 0 1 1 0 1 0 1 1 1 0 1 1 1 1]
74 35 0 0.25876902713434813 [1 0 0 1 0 0 0 1 1 1 0 1 1 0 1 1 0 0 0 0 0 1 0 0 1 1 0 1 0 1 0 1 1 1 1 1 0
 1 1 1 0 0 0 1 1 1 0 1 1 0 1 0 1 1 1 0 1 1 1 1]
75 35 0 0.25876902713434813 [1 0 0 1 0 0 0 1 1 1 0 1 1 0 1 1 0 0 0 0 0 1 0 0 1 1 0 1 0 1 0 1 1 1 1 1 0
 1 1 1 0 0 0 1 1 1 0 1 1 0 1 0 1 1 1 0 1 1 1 1]
76 35 0 0.25876902713434813 [1 0 0 1 0 0 0 1 1 1 0 1 1 0 1 1 0 0 0 0 0 1 0 0 1 1 0 1 0 1 0 1 1 1 1 1 0
 1 1 1 0 0 0 1 1 1 0 1 1 0 1 0 1 1 1 0 1 1 1 1]
77 35 0 0.25876902713434813 [1 0 0 1 0 0 0 1 1 1 0 1 1 0 1 1 0 0 0 0 0 1 0 0 1 1 0 1 0 1 0 1 1 1 1 1 0
 1 1 1 0 0 0 1 1 1 0 1 1 0 1 0 1 1 1 0 1 1 1 1]
78 35 0 0.25876902713434813 [1 0 0 1 0 0 0 1 1 1 0 1 1 0 1 1 0 0 0 0 0 1 0 0 1 1 0 1 0 1 0 1 1 1 1 1 0
 1 1 1 0 0 0 1 1 1 0 1 1 0 1 0 1 1 1 0 1 1 1 1]
79 35 0 0.25876902713434813 [1 0 0 1 0 0 0 1 1 1 0 1 1 0 1 1 0 0 0 0 0 1 0 0 1 1 0 1 0 1 0 1 1 1 1 1 0
 1 1 1 0 0 0 1 1 1 0 1 1 0 1 0 1 1 1 0 1 1 1 1]
80 35 0 0.25876902713434813 [1 0 0 1 0 0 0 1 1 1 0 1 1 0 1 1 0 0 0 0 0 1 0 0 1 1 0 1 0 1 0 1 1 1 1 1 0
 1 1 1 0 0 0 1 1 1 0 1 1 0 1 0 1 1 1 0 1 1 1 1]
81 35 0 0.25876902713434813 [1 0 0 1 0 0 0 1 1 1 0 1 1 0 1 1 0 0 0 0 0 1 0 0 1 1 0 1 0 1 0 1 1 1 1 1 0
 1 1 1 0 0 0 1 1 1 0 1 1 0 1 0 1 1 1 0 1 1 1 1]
82 35 0 0.25876902713434813 [1 0 0 1 0 0 0 1 1 1 0 1 1 0 1 1 0 0 0 0 0 1 0 0 1 1 0 1 0 1 0 1 1 1 1 1 0
 1 1 1 0 0 0 1 1 1 0 1 1 0 1 0 1 1 1 0 1 1 1 1]
83 35 0 0.25876902713434813 [1 0 0 1 0 0 0 1 1 1 0 1 1 0 1 1 0 0 0 0 0 1 0 0 1 1 0 1 0 1 0 1 1 1 1 1 0
 1 1 1 0 0 0 1 1 1 0 1 1 0 1 0 1 1 1 0 1 1 1 1]
84 35 0 0.25876902713434813 [1 0 0 1 0 0 0 1 1 1 0 1 1 0 1 1 0 0 0 0 0 1 0 0 1 1 0 1 0 1 0 1 1 1 1 1 0
 1 1 1 0 0 0 1 1 1 0 1 1 0 1 0 1 1 1 0 1 1 1 1]
85 35 0 0.25876902713434813 [1 0 0 1 0 0 0 1 1 1 0 1 1 0 1 1 0 0 0 0 0 1 0 0 1 1 0 1 0 1 0 1 1 1 1 1 0
 1 1 1 0 0 0 1 1 1 0 1 1 0 1 0 1 1 1 0 1 1 1 1]
86 35 0 0.25876902713434813 [1 0 0 1 0 0 0 1 1 1 0 1 1 0 1 1 0 0 0 0 0 1 0 0 1 1 0 1 0 1 0 1 1 1 1 1 0
 1 1 1 0 0 0 1 1 1 0 1 1 0 1 0 1 1 1 0 1 1 1 1]
87 35 0 0.25876902713434813 [1 0 0 1 0 0 0 1 1 1 0 1 1 0 1 1 0 0 0 0 0 1 0 0 1 1 0 1 0 1 0 1 1 1 1 1 0
 1 1 1 0 0 0 1 1 1 0 1 1 0 1 0 1 1 1 0 1 1 1 1]
88 35 0 0.25876902713434813 [1 0 0 1 0 0 0 1 1 1 0 1 1 0 1 1 0 0 0 0 0 1 0 0 1 1 0 1 0 1 0 1 1 1 1 1 0
 1 1 1 0 0 0 1 1 1 0 1 1 0 1 0 1 1 1 0 1 1 1 1]
89 35 0 0.25876902713434813 [1 0 0 1 0 0 0 1 1 1 0 1 1 0 1 1 0 0 0 0 0 1 0 0 1 1 0 1 0 1 0 1 1 1 1 1 0
 1 1 1 0 0 0 1 1 1 0 1 1 0 1 0 1 1 1 0 1 1 1 1]
90 35 0 0.25876902713434813 [1 0 0 1 0 0 0 1 1 1 0 1 1 0 1 1 0 0 0 0 0 1 0 0 1 1 0 1 0 1 0 1 1 1 1 1 0
 1 1 1 0 0 0 1 1 1 0 1 1 0 1 0 1 1 1 0 1 1 1 1]
91 35 0 0.25876902713434813 [1 0 0 1 0 0 0 1 1 1 0 1 1 0 1 1 0 0 0 0 0 1 0 0 1 1 0 1 0 1 0 1 1 1 1 1 0
 1 1 1 0 0 0 1 1 1 0 1 1 0 1 0 1 1 1 0 1 1 1 1]
92 35 0 0.25876902713434813 [1 0 0 1 0 0 0 1 1 1 0 1 1 0 1 1 0 0 0 0 0 1 0 0 1 1 0 1 0 1 0 1 1 1 1 1 0
 1 1 1 0 0 0 1 1 1 0 1 1 0 1 0 1 1 1 0 1 1 1 1]
93 35 0 0.25876902713434813 [1 0 0 1 0 0 0 1 1 1 0 1 1 0 1 1 0 0 0 0 0 1 0 0 1 1 0 1 0 1 0 1 1 1 1 1 0
 1 1 1 0 0 0 1 1 1 0 1 1 0 1 0 1 1 1 0 1 1 1 1]
94 35 0 0.25876902713434813 [1 0 0 1 0 0 0 1 1 1 0 1 1 0 1 1 0 0 0 0 0 1 0 0 1 1 0 1 0 1 0 1 1 1 1 1 0
 1 1 1 0 0 0 1 1 1 0 1 1 0 1 0 1 1 1 0 1 1 1 1]
95 35 0 0.25876902713434813 [1 0 0 1 0 0 0 1 1 1 0 1 1 0 1 1 0 0 0 0 0 1 0 0 1 1 0 1 0 1 0 1 1 1 1 1 0
 1 1 1 0 0 0 1 1 1 0 1 1 0 1 0 1 1 1 0 1 1 1 1]
96 35 0 0.25876902713434813 [1 0 0 1 0 0 0 1 1 1 0 1 1 0 1 1 0 0 0 0 0 1 0 0 1 1 0 1 0 1 0 1 1 1 1 1 0
 1 1 1 0 0 0 1 1 1 0 1 1 0 1 0 1 1 1 0 1 1 1 1]
97 35 0 0.25876902713434813 [1 0 0 1 0 0 0 1 1 1 0 1 1 0 1 1 0 0 0 0 0 1 0 0 1 1 0 1 0 1 0 1 1 1 1 1 0
 1 1 1 0 0 0 1 1 1 0 1 1 0 1 0 1 1 1 0 1 1 1 1]
98 35 0 0.25876902713434813 [1 0 0 1 0 0 0 1 1 1 0 1 1 0 1 1 0 0 0 0 0 1 0 0 1 1 0 1 0 1 0 1 1 1 1 1 0
 1 1 1 0 0 0 1 1 1 0 1 1 0 1 0 1 1 1 0 1 1 1 1]
99 35 0 0.25876902713434813 [1 0 0 1 0 0 0 1 1 1 0 1 1 0 1 1 0 0 0 0 0 1 0 0 1 1 0 1 0 1 0 1 1 1 1 1 0
 1 1 1 0 0 0 1 1 1 0 1 1 0 1 0 1 1 1 0 1 1 1 1]
100 35 0 0.25876902713434813 [1 0 0 1 0 0 0 1 1 1 0 1 1 0 1 1 0 0 0 0 0 1 0 0 1 1 0 1 0 1 0 1 1 1 1 1 0
 1 1 1 0 0 0 1 1 1 0 1 1 0 1 0 1 1 1 0 1 1 1 1]
101 35 0 0.25876902713434813 [1 0 0 1 0 0 0 1 1 1 0 1 1 0 1 1 0 0 0 0 0 1 0 0 1 1 0 1 0 1 0 1 1 1 1 1 0
 1 1 1 0 0 0 1 1 1 0 1 1 0 1 0 1 1 1 0 1 1 1 1]
102 35 0 0.25876902713434813 [1 0 0 1 0 0 0 1 1 1 0 1 1 0 1 1 0 0 0 0 0 1 0 0 1 1 0 1 0 1 0 1 1 1 1 1 0
 1 1 1 0 0 0 1 1 1 0 1 1 0 1 0 1 1 1 0 1 1 1 1]
103 35 0 0.25876902713434813 [1 0 0 1 0 0 0 1 1 1 0 1 1 0 1 1 0 0 0 0 0 1 0 0 1 1 0 1 0 1 0 1 1 1 1 1 0
 1 1 1 0 0 0 1 1 1 0 1 1 0 1 0 1 1 1 0 1 1 1 1]
104 35 0 0.25876902713434813 [1 0 0 1 0 0 0 1 1 1 0 1 1 0 1 1 0 0 0 0 0 1 0 0 1 1 0 1 0 1 0 1 1 1 1 1 0
 1 1 1 0 0 0 1 1 1 0 1 1 0 1 0 1 1 1 0 1 1 1 1]
105 35 0 0.25876902713434813 [1 0 0 1 0 0 0 1 1 1 0 1 1 0 1 1 0 0 0 0 0 1 0 0 1 1 0 1 0 1 0 1 1 1 1 1 0
 1 1 1 0 0 0 1 1 1 0 1 1 0 1 0 1 1 1 0 1 1 1 1]
106 35 0 0.25876902713434813 [1 0 0 1 0 0 0 1 1 1 0 1 1 0 1 1 0 0 0 0 0 1 0 0 1 1 0 1 0 1 0 1 1 1 1 1 0
 1 1 1 0 0 0 1 1 1 0 1 1 0 1 0 1 1 1 0 1 1 1 1]
107 35 0 0.25876902713434813 [1 0 0 1 0 0 0 1 1 1 0 1 1 0 1 1 0 0 0 0 0 1 0 0 1 1 0 1 0 1 0 1 1 1 1 1 0
 1 1 1 0 0 0 1 1 1 0 1 1 0 1 0 1 1 1 0 1 1 1 1]
108 35 0 0.25876902713434813 [1 0 0 1 0 0 0 1 1 1 0 1 1 0 1 1 0 0 0 0 0 1 0 0 1 1 0 1 0 1 0 1 1 1 1 1 0
 1 1 1 0 0 0 1 1 1 0 1 1 0 1 0 1 1 1 0 1 1 1 1]
109 35 0 0.25876902713434813 [1 0 0 1 0 0 0 1 1 1 0 1 1 0 1 1 0 0 0 0 0 1 0 0 1 1 0 1 0 1 0 1 1 1 1 1 0
 1 1 1 0 0 0 1 1 1 0 1 1 0 1 0 1 1 1 0 1 1 1 1]
110 35 0 0.25876902713434813 [1 0 0 1 0 0 0 1 1 1 0 1 1 0 1 1 0 0 0 0 0 1 0 0 1 1 0 1 0 1 0 1 1 1 1 1 0
 1 1 1 0 0 0 1 1 1 0 1 1 0 1 0 1 1 1 0 1 1 1 1]
111 35 0 0.25876902713434813 [1 0 0 1 0 0 0 1 1 1 0 1 1 0 1 1 0 0 0 0 0 1 0 0 1 1 0 1 0 1 0 1 1 1 1 1 0
 1 1 1 0 0 0 1 1 1 0 1 1 0 1 0 1 1 1 0 1 1 1 1]
112 35 0 0.25876902713434813 [1 0 0 1 0 0 0 1 1 1 0 1 1 0 1 1 0 0 0 0 0 1 0 0 1 1 0 1 0 1 0 1 1 1 1 1 0
 1 1 1 0 0 0 1 1 1 0 1 1 0 1 0 1 1 1 0 1 1 1 1]
113 35 0 0.25876902713434813 [1 0 0 1 0 0 0 1 1 1 0 1 1 0 1 1 0 0 0 0 0 1 0 0 1 1 0 1 0 1 0 1 1 1 1 1 0
 1 1 1 0 0 0 1 1 1 0 1 1 0 1 0 1 1 1 0 1 1 1 1]
114 35 0 0.25876902713434813 [1 0 0 1 0 0 0 1 1 1 0 1 1 0 1 1 0 0 0 0 0 1 0 0 1 1 0 1 0 1 0 1 1 1 1 1 0
 1 1 1 0 0 0 1 1 1 0 1 1 0 1 0 1 1 1 0 1 1 1 1]
115 35 0 0.25876902713434813 [1 0 0 1 0 0 0 1 1 1 0 1 1 0 1 1 0 0 0 0 0 1 0 0 1 1 0 1 0 1 0 1 1 1 1 1 0
 1 1 1 0 0 0 1 1 1 0 1 1 0 1 0 1 1 1 0 1 1 1 1]
116 35 0 0.25876902713434813 [1 0 0 1 0 0 0 1 1 1 0 1 1 0 1 1 0 0 0 0 0 1 0 0 1 1 0 1 0 1 0 1 1 1 1 1 0
 1 1 1 0 0 0 1 1 1 0 1 1 0 1 0 1 1 1 0 1 1 1 1]
117 35 0 0.25876902713434813 [1 0 0 1 0 0 0 1 1 1 0 1 1 0 1 1 0 0 0 0 0 1 0 0 1 1 0 1 0 1 0 1 1 1 1 1 0
 1 1 1 0 0 0 1 1 1 0 1 1 0 1 0 1 1 1 0 1 1 1 1]
118 35 0 0.25876902713434813 [1 0 0 1 0 0 0 1 1 1 0 1 1 0 1 1 0 0 0 0 0 1 0 0 1 1 0 1 0 1 0 1 1 1 1 1 0
 1 1 1 0 0 0 1 1 1 0 1 1 0 1 0 1 1 1 0 1 1 1 1]
119 35 0 0.25876902713434813 [1 0 0 1 0 0 0 1 1 1 0 1 1 0 1 1 0 0 0 0 0 1 0 0 1 1 0 1 0 1 0 1 1 1 1 1 0
 1 1 1 0 0 0 1 1 1 0 1 1 0 1 0 1 1 1 0 1 1 1 1]
120 35 0 0.25876902713434813 [1 0 0 1 0 0 0 1 1 1 0 1 1 0 1 1 0 0 0 0 0 1 0 0 1 1 0 1 0 1 0 1 1 1 1 1 0
 1 1 1 0 0 0 1 1 1 0 1 1 0 1 0 1 1 1 0 1 1 1 1]
121 35 0 0.25876902713434813 [1 0 0 1 0 0 0 1 1 1 0 1 1 0 1 1 0 0 0 0 0 1 0 0 1 1 0 1 0 1 0 1 1 1 1 1 0
 1 1 1 0 0 0 1 1 1 0 1 1 0 1 0 1 1 1 0 1 1 1 1]
122 35 0 0.25876902713434813 [1 0 0 1 0 0 0 1 1 1 0 1 1 0 1 1 0 0 0 0 0 1 0 0 1 1 0 1 0 1 0 1 1 1 1 1 0
 1 1 1 0 0 0 1 1 1 0 1 1 0 1 0 1 1 1 0 1 1 1 1]
123 35 0 0.25876902713434813 [1 0 0 1 0 0 0 1 1 1 0 1 1 0 1 1 0 0 0 0 0 1 0 0 1 1 0 1 0 1 0 1 1 1 1 1 0
 1 1 1 0 0 0 1 1 1 0 1 1 0 1 0 1 1 1 0 1 1 1 1]
124 35 0 0.25876902713434813 [1 0 0 1 0 0 0 1 1 1 0 1 1 0 1 1 0 0 0 0 0 1 0 0 1 1 0 1 0 1 0 1 1 1 1 1 0
 1 1 1 0 0 0 1 1 1 0 1 1 0 1 0 1 1 1 0 1 1 1 1]
125 35 0 0.25876902713434813 [1 0 0 1 0 0 0 1 1 1 0 1 1 0 1 1 0 0 0 0 0 1 0 0 1 1 0 1 0 1 0 1 1 1 1 1 0
 1 1 1 0 0 0 1 1 1 0 1 1 0 1 0 1 1 1 0 1 1 1 1]
126 35 0 0.25876902713434813 [1 0 0 1 0 0 0 1 1 1 0 1 1 0 1 1 0 0 0 0 0 1 0 0 1 1 0 1 0 1 0 1 1 1 1 1 0
 1 1 1 0 0 0 1 1 1 0 1 1 0 1 0 1 1 1 0 1 1 1 1]
127 35 0 0.25876902713434813 [1 0 0 1 0 0 0 1 1 1 0 1 1 0 1 1 0 0 0 0 0 1 0 0 1 1 0 1 0 1 0 1 1 1 1 1 0
 1 1 1 0 0 0 1 1 1 0 1 1 0 1 0 1 1 1 0 1 1 1 1]
128 35 0 0.25876902713434813 [1 0 0 1 0 0 0 1 1 1 0 1 1 0 1 1 0 0 0 0 0 1 0 0 1 1 0 1 0 1 0 1 1 1 1 1 0
 1 1 1 0 0 0 1 1 1 0 1 1 0 1 0 1 1 1 0 1 1 1 1]
129 35 0 0.25876902713434813 [1 0 0 1 0 0 0 1 1 1 0 1 1 0 1 1 0 0 0 0 0 1 0 0 1 1 0 1 0 1 0 1 1 1 1 1 0
 1 1 1 0 0 0 1 1 1 0 1 1 0 1 0 1 1 1 0 1 1 1 1]
130 35 0 0.25876902713434813 [1 0 0 1 0 0 0 1 1 1 0 1 1 0 1 1 0 0 0 0 0 1 0 0 1 1 0 1 0 1 0 1 1 1 1 1 0
 1 1 1 0 0 0 1 1 1 0 1 1 0 1 0 1 1 1 0 1 1 1 1]
131 35 0 0.25876902713434813 [1 0 0 1 0 0 0 1 1 1 0 1 1 0 1 1 0 0 0 0 0 1 0 0 1 1 0 1 0 1 0 1 1 1 1 1 0
 1 1 1 0 0 0 1 1 1 0 1 1 0 1 0 1 1 1 0 1 1 1 1]
132 35 0 0.25876902713434813 [1 0 0 1 0 0 0 1 1 1 0 1 1 0 1 1 0 0 0 0 0 1 0 0 1 1 0 1 0 1 0 1 1 1 1 1 0
 1 1 1 0 0 0 1 1 1 0 1 1 0 1 0 1 1 1 0 1 1 1 1]
133 35 0 0.25876902713434813 [1 0 0 1 0 0 0 1 1 1 0 1 1 0 1 1 0 0 0 0 0 1 0 0 1 1 0 1 0 1 0 1 1 1 1 1 0
 1 1 1 0 0 0 1 1 1 0 1 1 0 1 0 1 1 1 0 1 1 1 1]
134 35 0 0.25876902713434813 [1 0 0 1 0 0 0 1 1 1 0 1 1 0 1 1 0 0 0 0 0 1 0 0 1 1 0 1 0 1 0 1 1 1 1 1 0
 1 1 1 0 0 0 1 1 1 0 1 1 0 1 0 1 1 1 0 1 1 1 1]
135 35 0 0.25876902713434813 [1 0 0 1 0 0 0 1 1 1 0 1 1 0 1 1 0 0 0 0 0 1 0 0 1 1 0 1 0 1 0 1 1 1 1 1 0
 1 1 1 0 0 0 1 1 1 0 1 1 0 1 0 1 1 1 0 1 1 1 1]
136 35 0 0.25876902713434813 [1 0 0 1 0 0 0 1 1 1 0 1 1 0 1 1 0 0 0 0 0 1 0 0 1 1 0 1 0 1 0 1 1 1 1 1 0
 1 1 1 0 0 0 1 1 1 0 1 1 0 1 0 1 1 1 0 1 1 1 1]
137 35 0 0.25876902713434813 [1 0 0 1 0 0 0 1 1 1 0 1 1 0 1 1 0 0 0 0 0 1 0 0 1 1 0 1 0 1 0 1 1 1 1 1 0
 1 1 1 0 0 0 1 1 1 0 1 1 0 1 0 1 1 1 0 1 1 1 1]
138 35 0 0.25876902713434813 [1 0 0 1 0 0 0 1 1 1 0 1 1 0 1 1 0 0 0 0 0 1 0 0 1 1 0 1 0 1 0 1 1 1 1 1 0
 1 1 1 0 0 0 1 1 1 0 1 1 0 1 0 1 1 1 0 1 1 1 1]
139 35 0 0.25876902713434813 [1 0 0 1 0 0 0 1 1 1 0 1 1 0 1 1 0 0 0 0 0 1 0 0 1 1 0 1 0 1 0 1 1 1 1 1 0
 1 1 1 0 0 0 1 1 1 0 1 1 0 1 0 1 1 1 0 1 1 1 1]
140 35 0 0.25876902713434813 [1 0 0 1 0 0 0 1 1 1 0 1 1 0 1 1 0 0 0 0 0 1 0 0 1 1 0 1 0 1 0 1 1 1 1 1 0
 1 1 1 0 0 0 1 1 1 0 1 1 0 1 0 1 1 1 0 1 1 1 1]
141 35 0 0.25876902713434813 [1 0 0 1 0 0 0 1 1 1 0 1 1 0 1 1 0 0 0 0 0 1 0 0 1 1 0 1 0 1 0 1 1 1 1 1 0
 1 1 1 0 0 0 1 1 1 0 1 1 0 1 0 1 1 1 0 1 1 1 1]
142 35 0 0.25876902713434813 [1 0 0 1 0 0 0 1 1 1 0 1 1 0 1 1 0 0 0 0 0 1 0 0 1 1 0 1 0 1 0 1 1 1 1 1 0
 1 1 1 0 0 0 1 1 1 0 1 1 0 1 0 1 1 1 0 1 1 1 1]
143 35 0 0.25876902713434813 [1 0 0 1 0 0 0 1 1 1 0 1 1 0 1 1 0 0 0 0 0 1 0 0 1 1 0 1 0 1 0 1 1 1 1 1 0
 1 1 1 0 0 0 1 1 1 0 1 1 0 1 0 1 1 1 0 1 1 1 1]
144 35 0 0.25876902713434813 [1 0 0 1 0 0 0 1 1 1 0 1 1 0 1 1 0 0 0 0 0 1 0 0 1 1 0 1 0 1 0 1 1 1 1 1 0
 1 1 1 0 0 0 1 1 1 0 1 1 0 1 0 1 1 1 0 1 1 1 1]
145 35 0 0.25876902713434813 [1 0 0 1 0 0 0 1 1 1 0 1 1 0 1 1 0 0 0 0 0 1 0 0 1 1 0 1 0 1 0 1 1 1 1 1 0
 1 1 1 0 0 0 1 1 1 0 1 1 0 1 0 1 1 1 0 1 1 1 1]
146 35 0 0.25876902713434813 [1 0 0 1 0 0 0 1 1 1 0 1 1 0 1 1 0 0 0 0 0 1 0 0 1 1 0 1 0 1 0 1 1 1 1 1 0
 1 1 1 0 0 0 1 1 1 0 1 1 0 1 0 1 1 1 0 1 1 1 1]
147 35 0 0.25876902713434813 [1 0 0 1 0 0 0 1 1 1 0 1 1 0 1 1 0 0 0 0 0 1 0 0 1 1 0 1 0 1 0 1 1 1 1 1 0
 1 1 1 0 0 0 1 1 1 0 1 1 0 1 0 1 1 1 0 1 1 1 1]
148 35 0 0.25876902713434813 [1 0 0 1 0 0 0 1 1 1 0 1 1 0 1 1 0 0 0 0 0 1 0 0 1 1 0 1 0 1 0 1 1 1 1 1 0
 1 1 1 0 0 0 1 1 1 0 1 1 0 1 0 1 1 1 0 1 1 1 1]
149 35 0 0.25876902713434813 [1 0 0 1 0 0 0 1 1 1 0 1 1 0 1 1 0 0 0 0 0 1 0 0 1 1 0 1 0 1 0 1 1 1 1 1 0
 1 1 1 0 0 0 1 1 1 0 1 1 0 1 0 1 1 1 0 1 1 1 1]
150 35 0 0.25876902713434813 [1 0 0 1 0 0 0 1 1 1 0 1 1 0 1 1 0 0 0 0 0 1 0 0 1 1 0 1 0 1 0 1 1 1 1 1 0
 1 1 1 0 0 0 1 1 1 0 1 1 0 1 0 1 1 1 0 1 1 1 1]
