0 30 100 0.2758445430827092 [1 0 0 0 1 0 0 1 1 0 1 1 0 0 1 0 0 0 1 0 1 1 0 1 1 0 1 1 0 0 0 1 0 0 1 1 0
 1 1 1 1 0 0 0 1 1 0 0 1 1 0 0 0 1 1 1 1 1 0 0]
1 45 38 0.2735833193206658 [1 1 1 1 0 1 1 1 1 1 0 1 0 1 1 1 0 1 0 0 0 0 1 1 1 1 1 1 0 1 1 1 1 1 0 1 1
 1 1 1 1 1 0 1 1 1 0 1 1 0 0 1 1 1 1 1 1 1 0 1]
2 45 20 0.2735833193206658 [1 1 1 1 0 1 1 1 1 1 0 1 0 1 1 1 0 1 0 0 0 0 1 1 1 1 1 1 0 1 1 1 1 1 0 1 1
 1 1 1 1 1 0 1 1 1 0 1 1 0 0 1 1 1 1 1 1 1 0 1]
3 45 18 0.2735833193206658 [1 1 1 1 0 1 1 1 1 1 0 1 0 1 1 1 0 1 0 0 0 0 1 1 1 1 1 1 0 1 1 1 1 1 0 1 1
 1 1 1 1 1 0 1 1 1 0 1 1 0 0 1 1 1 1 1 1 1 0 1]
4 45 10 0.2735833193206658 [1 1 1 1 0 1 1 1 1 1 0 1 0 1 1 1 0 1 0 0 0 0 1 1 1 1 1 1 0 1 1 1 1 1 0 1 1
 1 1 1 1 1 0 1 1 1 0 1 1 0 0 1 1 1 1 1 1 1 0 1]
5 34 11 0.27058192544918214 [1 1 0 1 0 1 0 0 1 1 1 0 0 0 0 0 1 0 1 0 0 1 0 1 0 1 1 0 0 0 0 0 1 1 1 1 1
 1 1 1 0 0 0 1 1 1 1 1 1 0 0 1 1 1 1 1 1 1 0 0]
6 34 5 0.27058192544918214 [1 1 0 1 0 1 0 0 1 1 1 0 0 0 0 0 1 0 1 0 0 1 0 1 0 1 1 0 0 0 0 0 1 1 1 1 1
 1 1 1 0 0 0 1 1 1 1 1 1 0 0 1 1 1 1 1 1 1 0 0]
7 34 4 0.27058192544918214 [1 1 0 1 0 1 0 0 1 1 1 0 0 0 0 0 1 0 1 0 0 1 0 1 0 1 1 0 0 0 0 0 1 1 1 1 1
 1 1 1 0 0 0 1 1 1 1 1 1 0 0 1 1 1 1 1 1 1 0 0]
8 34 10 0.27058192544918214 [1 1 0 1 0 1 0 0 1 1 1 0 0 0 0 0 1 0 1 0 0 1 0 1 0 1 1 0 0 0 0 0 1 1 1 1 1
 1 1 1 0 0 0 1 1 1 1 1 1 0 0 1 1 1 1 1 1 1 0 0]
9 34 2 0.27058192544918214 [1 1 0 1 0 1 0 0 1 1 1 0 0 0 0 0 1 0 1 0 0 1 0 1 0 1 1 0 0 0 0 0 1 1 1 1 1
 1 1 1 0 0 0 1 1 1 1 1 1 0 0 1 1 1 1 1 1 1 0 0]
10 32 5 0.26569599681602596 [1 1 0 1 0 1 0 0 1 0 1 0 0 0 0 0 0 0 1 0 0 0 1 1 1 1 1 1 0 0 0 0 1 1 1 1 1
 1 1 1 1 0 0 0 1 1 0 0 1 0 0 1 1 1 1 1 1 1 0 0]
11 32 5 0.26569599681602596 [1 1 0 1 0 1 0 0 1 0 1 0 0 0 0 0 0 0 1 0 0 0 1 1 1 1 1 1 0 0 0 0 1 1 1 1 1
 1 1 1 1 0 0 0 1 1 0 0 1 0 0 1 1 1 1 1 1 1 0 0]
12 32 0 0.26569599681602596 [1 1 0 1 0 1 0 0 1 0 1 0 0 0 0 0 0 0 1 0 0 0 1 1 1 1 1 1 0 0 0 0 1 1 1 1 1
 1 1 1 1 0 0 0 1 1 0 0 1 0 0 1 1 1 1 1 1 1 0 0]
13 32 2 0.26569599681602596 [1 1 0 1 0 1 0 0 1 0 1 0 0 0 0 0 0 0 1 0 0 0 1 1 1 1 1 1 0 0 0 0 1 1 1 1 1
 1 1 1 1 0 0 0 1 1 0 0 1 0 0 1 1 1 1 1 1 1 0 0]
14 32 3 0.26569599681602596 [1 1 0 1 0 1 0 0 1 0 1 0 0 0 0 0 0 0 1 0 0 0 1 1 1 1 1 1 0 0 0 0 1 1 1 1 1
 1 1 1 1 0 0 0 1 1 0 0 1 0 0 1 1 1 1 1 1 1 0 0]
15 32 3 0.26569599681602596 [1 1 0 1 0 1 0 0 1 0 1 0 0 0 0 0 0 0 1 0 0 0 1 1 1 1 1 1 0 0 0 0 1 1 1 1 1
 1 1 1 1 0 0 0 1 1 0 0 1 0 0 1 1 1 1 1 1 1 0 0]
16 32 0 0.26569599681602596 [1 1 0 1 0 1 0 0 1 0 1 0 0 0 0 0 0 0 1 0 0 0 1 1 1 1 1 1 0 0 0 0 1 1 1 1 1
 1 1 1 1 0 0 0 1 1 0 0 1 0 0 1 1 1 1 1 1 1 0 0]
17 32 0 0.26569599681602596 [1 1 0 1 0 1 0 0 1 0 1 0 0 0 0 0 0 0 1 0 0 0 1 1 1 1 1 1 0 0 0 0 1 1 1 1 1
 1 1 1 1 0 0 0 1 1 0 0 1 0 0 1 1 1 1 1 1 1 0 0]
18 35 1 0.2535446478273683 [1 1 0 1 0 1 0 0 1 1 1 0 0 0 0 0 0 0 1 0 0 0 1 1 1 1 1 1 0 0 0 0 1 1 1 1 1
 1 1 1 1 0 0 1 1 1 0 1 1 0 0 1 1 1 1 1 1 1 0 0]
19 35 2 0.2535446478273683 [1 1 0 1 0 1 0 0 1 1 1 0 0 0 0 0 0 0 1 0 0 0 1 1 1 1 1 1 0 0 0 0 1 1 1 1 1
 1 1 1 1 0 0 1 1 1 0 1 1 0 0 1 1 1 1 1 1 1 0 0]
20 35 1 0.2535446478273683 [1 1 0 1 0 1 0 0 1 1 1 0 0 0 0 0 0 0 1 0 0 0 1 1 1 1 1 1 0 0 0 0 1 1 1 1 1
 1 1 1 1 0 0 1 1 1 0 1 1 0 0 1 1 1 1 1 1 1 0 0]
21 35 1 0.2535446478273683 [1 1 0 1 0 1 0 0 1 1 1 0 0 0 0 0 0 0 1 0 0 0 1 1 1 1 1 1 0 0 0 0 1 1 1 1 1
 1 1 1 1 0 0 1 1 1 0 1 1 0 0 1 1 1 1 1 1 1 0 0]
22 35 1 0.2535446478273683 [1 1 0 1 0 1 0 0 1 1 1 0 0 0 0 0 0 0 1 0 0 0 1 1 1 1 1 1 0 0 0 0 1 1 1 1 1
 1 1 1 1 0 0 1 1 1 0 1 1 0 0 1 1 1 1 1 1 1 0 0]
23 35 0 0.2535446478273683 [1 1 0 1 0 1 0 0 1 1 1 0 0 0 0 0 0 0 1 0 0 0 1 1 1 1 1 1 0 0 0 0 1 1 1 1 1
 1 1 1 1 0 0 1 1 1 0 1 1 0 0 1 1 1 1 1 1 1 0 0]
24 35 1 0.2535446478273683 [1 1 0 1 0 1 0 0 1 1 1 0 0 0 0 0 0 0 1 0 0 0 1 1 1 1 1 1 0 0 0 0 1 1 1 1 1
 1 1 1 1 0 0 1 1 1 0 1 1 0 0 1 1 1 1 1 1 1 0 0]
25 35 0 0.2535446478273683 [1 1 0 1 0 1 0 0 1 1 1 0 0 0 0 0 0 0 1 0 0 0 1 1 1 1 1 1 0 0 0 0 1 1 1 1 1
 1 1 1 1 0 0 1 1 1 0 1 1 0 0 1 1 1 1 1 1 1 0 0]
26 35 0 0.2535446478273683 [1 1 0 1 0 1 0 0 1 1 1 0 0 0 0 0 0 0 1 0 0 0 1 1 1 1 1 1 0 0 0 0 1 1 1 1 1
 1 1 1 1 0 0 1 1 1 0 1 1 0 0 1 1 1 1 1 1 1 0 0]
27 35 0 0.2535446478273683 [1 1 0 1 0 1 0 0 1 1 1 0 0 0 0 0 0 0 1 0 0 0 1 1 1 1 1 1 0 0 0 0 1 1 1 1 1
 1 1 1 1 0 0 1 1 1 0 1 1 0 0 1 1 1 1 1 1 1 0 0]
28 35 0 0.2535446478273683 [1 1 0 1 0 1 0 0 1 1 1 0 0 0 0 0 0 0 1 0 0 0 1 1 1 1 1 1 0 0 0 0 1 1 1 1 1
 1 1 1 1 0 0 1 1 1 0 1 1 0 0 1 1 1 1 1 1 1 0 0]
29 35 0 0.2535446478273683 [1 1 0 1 0 1 0 0 1 1 1 0 0 0 0 0 0 0 1 0 0 0 1 1 1 1 1 1 0 0 0 0 1 1 1 1 1
 1 1 1 1 0 0 1 1 1 0 1 1 0 0 1 1 1 1 1 1 1 0 0]
30 35 0 0.2535446478273683 [1 1 0 1 0 1 0 0 1 1 1 0 0 0 0 0 0 0 1 0 0 0 1 1 1 1 1 1 0 0 0 0 1 1 1 1 1
 1 1 1 1 0 0 1 1 1 0 1 1 0 0 1 1 1 1 1 1 1 0 0]
31 35 0 0.2535446478273683 [1 1 0 1 0 1 0 0 1 1 1 0 0 0 0 0 0 0 1 0 0 0 1 1 1 1 1 1 0 0 0 0 1 1 1 1 1
 1 1 1 1 0 0 1 1 1 0 1 1 0 0 1 1 1 1 1 1 1 0 0]
32 35 0 0.2535446478273683 [1 1 0 1 0 1 0 0 1 1 1 0 0 0 0 0 0 0 1 0 0 0 1 1 1 1 1 1 0 0 0 0 1 1 1 1 1
 1 1 1 1 0 0 1 1 1 0 1 1 0 0 1 1 1 1 1 1 1 0 0]
33 35 0 0.2535446478273683 [1 1 0 1 0 1 0 0 1 1 1 0 0 0 0 0 0 0 1 0 0 0 1 1 1 1 1 1 0 0 0 0 1 1 1 1 1
 1 1 1 1 0 0 1 1 1 0 1 1 0 0 1 1 1 1 1 1 1 0 0]
34 35 0 0.2535446478273683 [1 1 0 1 0 1 0 0 1 1 1 0 0 0 0 0 0 0 1 0 0 0 1 1 1 1 1 1 0 0 0 0 1 1 1 1 1
 1 1 1 1 0 0 1 1 1 0 1 1 0 0 1 1 1 1 1 1 1 0 0]
35 35 0 0.2535446478273683 [1 1 0 1 0 1 0 0 1 1 1 0 0 0 0 0 0 0 1 0 0 0 1 1 1 1 1 1 0 0 0 0 1 1 1 1 1
 1 1 1 1 0 0 1 1 1 0 1 1 0 0 1 1 1 1 1 1 1 0 0]
36 35 0 0.2535446478273683 [1 1 0 1 0 1 0 0 1 1 1 0 0 0 0 0 0 0 1 0 0 0 1 1 1 1 1 1 0 0 0 0 1 1 1 1 1
 1 1 1 1 0 0 1 1 1 0 1 1 0 0 1 1 1 1 1 1 1 0 0]
37 35 0 0.2535446478273683 [1 1 0 1 0 1 0 0 1 1 1 0 0 0 0 0 0 0 1 0 0 0 1 1 1 1 1 1 0 0 0 0 1 1 1 1 1
 1 1 1 1 0 0 1 1 1 0 1 1 0 0 1 1 1 1 1 1 1 0 0]
38 35 0 0.2535446478273683 [1 1 0 1 0 1 0 0 1 1 1 0 0 0 0 0 0 0 1 0 0 0 1 1 1 1 1 1 0 0 0 0 1 1 1 1 1
 1 1 1 1 0 0 1 1 1 0 1 1 0 0 1 1 1 1 1 1 1 0 0]
39 35 0 0.2535446478273683 [1 1 0 1 0 1 0 0 1 1 1 0 0 0 0 0 0 0 1 0 0 0 1 1 1 1 1 1 0 0 0 0 1 1 1 1 1
 1 1 1 1 0 0 1 1 1 0 1 1 0 0 1 1 1 1 1 1 1 0 0]
40 35 0 0.2535446478273683 [1 1 0 1 0 1 0 0 1 1 1 0 0 0 0 0 0 0 1 0 0 0 1 1 1 1 1 1 0 0 0 0 1 1 1 1 1
 1 1 1 1 0 0 1 1 1 0 1 1 0 0 1 1 1 1 1 1 1 0 0]
41 35 0 0.2535446478273683 [1 1 0 1 0 1 0 0 1 1 1 0 0 0 0 0 0 0 1 0 0 0 1 1 1 1 1 1 0 0 0 0 1 1 1 1 1
 1 1 1 1 0 0 1 1 1 0 1 1 0 0 1 1 1 1 1 1 1 0 0]
42 35 0 0.2535446478273683 [1 1 0 1 0 1 0 0 1 1 1 0 0 0 0 0 0 0 1 0 0 0 1 1 1 1 1 1 0 0 0 0 1 1 1 1 1
 1 1 1 1 0 0 1 1 1 0 1 1 0 0 1 1 1 1 1 1 1 0 0]
43 35 0 0.2535446478273683 [1 1 0 1 0 1 0 0 1 1 1 0 0 0 0 0 0 0 1 0 0 0 1 1 1 1 1 1 0 0 0 0 1 1 1 1 1
 1 1 1 1 0 0 1 1 1 0 1 1 0 0 1 1 1 1 1 1 1 0 0]
44 35 0 0.2535446478273683 [1 1 0 1 0 1 0 0 1 1 1 0 0 0 0 0 0 0 1 0 0 0 1 1 1 1 1 1 0 0 0 0 1 1 1 1 1
 1 1 1 1 0 0 1 1 1 0 1 1 0 0 1 1 1 1 1 1 1 0 0]
45 35 0 0.2535446478273683 [1 1 0 1 0 1 0 0 1 1 1 0 0 0 0 0 0 0 1 0 0 0 1 1 1 1 1 1 0 0 0 0 1 1 1 1 1
 1 1 1 1 0 0 1 1 1 0 1 1 0 0 1 1 1 1 1 1 1 0 0]
46 35 0 0.2535446478273683 [1 1 0 1 0 1 0 0 1 1 1 0 0 0 0 0 0 0 1 0 0 0 1 1 1 1 1 1 0 0 0 0 1 1 1 1 1
 1 1 1 1 0 0 1 1 1 0 1 1 0 0 1 1 1 1 1 1 1 0 0]
47 35 0 0.2535446478273683 [1 1 0 1 0 1 0 0 1 1 1 0 0 0 0 0 0 0 1 0 0 0 1 1 1 1 1 1 0 0 0 0 1 1 1 1 1
 1 1 1 1 0 0 1 1 1 0 1 1 0 0 1 1 1 1 1 1 1 0 0]
48 35 0 0.2535446478273683 [1 1 0 1 0 1 0 0 1 1 1 0 0 0 0 0 0 0 1 0 0 0 1 1 1 1 1 1 0 0 0 0 1 1 1 1 1
 1 1 1 1 0 0 1 1 1 0 1 1 0 0 1 1 1 1 1 1 1 0 0]
49 35 0 0.2535446478273683 [1 1 0 1 0 1 0 0 1 1 1 0 0 0 0 0 0 0 1 0 0 0 1 1 1 1 1 1 0 0 0 0 1 1 1 1 1
 1 1 1 1 0 0 1 1 1 0 1 1 0 0 1 1 1 1 1 1 1 0 0]
50 35 0 0.2535446478273683 [1 1 0 1 0 1 0 0 1 1 1 0 0 0 0 0 0 0 1 0 0 0 1 1 1 1 1 1 0 0 0 0 1 1 1 1 1
 1 1 1 1 0 0 1 1 1 0 1 1 0 0 1 1 1 1 1 1 1 0 0]
51 35 0 0.2535446478273683 [1 1 0 1 0 1 0 0 1 1 1 0 0 0 0 0 0 0 1 0 0 0 1 1 1 1 1 1 0 0 0 0 1 1 1 1 1
 1 1 1 1 0 0 1 1 1 0 1 1 0 0 1 1 1 1 1 1 1 0 0]
52 35 0 0.2535446478273683 [1 1 0 1 0 1 0 0 1 1 1 0 0 0 0 0 0 0 1 0 0 0 1 1 1 1 1 1 0 0 0 0 1 1 1 1 1
 1 1 1 1 0 0 1 1 1 0 1 1 0 0 1 1 1 1 1 1 1 0 0]
53 35 0 0.2535446478273683 [1 1 0 1 0 1 0 0 1 1 1 0 0 0 0 0 0 0 1 0 0 0 1 1 1 1 1 1 0 0 0 0 1 1 1 1 1
 1 1 1 1 0 0 1 1 1 0 1 1 0 0 1 1 1 1 1 1 1 0 0]
54 35 0 0.2535446478273683 [1 1 0 1 0 1 0 0 1 1 1 0 0 0 0 0 0 0 1 0 0 0 1 1 1 1 1 1 0 0 0 0 1 1 1 1 1
 1 1 1 1 0 0 1 1 1 0 1 1 0 0 1 1 1 1 1 1 1 0 0]
55 35 0 0.2535446478273683 [1 1 0 1 0 1 0 0 1 1 1 0 0 0 0 0 0 0 1 0 0 0 1 1 1 1 1 1 0 0 0 0 1 1 1 1 1
 1 1 1 1 0 0 1 1 1 0 1 1 0 0 1 1 1 1 1 1 1 0 0]
56 35 0 0.2535446478273683 [1 1 0 1 0 1 0 0 1 1 1 0 0 0 0 0 0 0 1 0 0 0 1 1 1 1 1 1 0 0 0 0 1 1 1 1 1
 1 1 1 1 0 0 1 1 1 0 1 1 0 0 1 1 1 1 1 1 1 0 0]
57 35 0 0.2535446478273683 [1 1 0 1 0 1 0 0 1 1 1 0 0 0 0 0 0 0 1 0 0 0 1 1 1 1 1 1 0 0 0 0 1 1 1 1 1
 1 1 1 1 0 0 1 1 1 0 1 1 0 0 1 1 1 1 1 1 1 0 0]
58 35 0 0.2535446478273683 [1 1 0 1 0 1 0 0 1 1 1 0 0 0 0 0 0 0 1 0 0 0 1 1 1 1 1 1 0 0 0 0 1 1 1 1 1
 1 1 1 1 0 0 1 1 1 0 1 1 0 0 1 1 1 1 1 1 1 0 0]
59 35 0 0.2535446478273683 [1 1 0 1 0 1 0 0 1 1 1 0 0 0 0 0 0 0 1 0 0 0 1 1 1 1 1 1 0 0 0 0 1 1 1 1 1
 1 1 1 1 0 0 1 1 1 0 1 1 0 0 1 1 1 1 1 1 1 0 0]
60 35 0 0.2535446478273683 [1 1 0 1 0 1 0 0 1 1 1 0 0 0 0 0 0 0 1 0 0 0 1 1 1 1 1 1 0 0 0 0 1 1 1 1 1
 1 1 1 1 0 0 1 1 1 0 1 1 0 0 1 1 1 1 1 1 1 0 0]
61 35 0 0.2535446478273683 [1 1 0 1 0 1 0 0 1 1 1 0 0 0 0 0 0 0 1 0 0 0 1 1 1 1 1 1 0 0 0 0 1 1 1 1 1
 1 1 1 1 0 0 1 1 1 0 1 1 0 0 1 1 1 1 1 1 1 0 0]
62 35 0 0.2535446478273683 [1 1 0 1 0 1 0 0 1 1 1 0 0 0 0 0 0 0 1 0 0 0 1 1 1 1 1 1 0 0 0 0 1 1 1 1 1
 1 1 1 1 0 0 1 1 1 0 1 1 0 0 1 1 1 1 1 1 1 0 0]
63 35 0 0.2535446478273683 [1 1 0 1 0 1 0 0 1 1 1 0 0 0 0 0 0 0 1 0 0 0 1 1 1 1 1 1 0 0 0 0 1 1 1 1 1
 1 1 1 1 0 0 1 1 1 0 1 1 0 0 1 1 1 1 1 1 1 0 0]
64 35 0 0.2535446478273683 [1 1 0 1 0 1 0 0 1 1 1 0 0 0 0 0 0 0 1 0 0 0 1 1 1 1 1 1 0 0 0 0 1 1 1 1 1
 1 1 1 1 0 0 1 1 1 0 1 1 0 0 1 1 1 1 1 1 1 0 0]
65 35 0 0.2535446478273683 [1 1 0 1 0 1 0 0 1 1 1 0 0 0 0 0 0 0 1 0 0 0 1 1 1 1 1 1 0 0 0 0 1 1 1 1 1
 1 1 1 1 0 0 1 1 1 0 1 1 0 0 1 1 1 1 1 1 1 0 0]
66 35 0 0.2535446478273683 [1 1 0 1 0 1 0 0 1 1 1 0 0 0 0 0 0 0 1 0 0 0 1 1 1 1 1 1 0 0 0 0 1 1 1 1 1
 1 1 1 1 0 0 1 1 1 0 1 1 0 0 1 1 1 1 1 1 1 0 0]
67 35 0 0.2535446478273683 [1 1 0 1 0 1 0 0 1 1 1 0 0 0 0 0 0 0 1 0 0 0 1 1 1 1 1 1 0 0 0 0 1 1 1 1 1
 1 1 1 1 0 0 1 1 1 0 1 1 0 0 1 1 1 1 1 1 1 0 0]
68 35 0 0.2535446478273683 [1 1 0 1 0 1 0 0 1 1 1 0 0 0 0 0 0 0 1 0 0 0 1 1 1 1 1 1 0 0 0 0 1 1 1 1 1
 1 1 1 1 0 0 1 1 1 0 1 1 0 0 1 1 1 1 1 1 1 0 0]
69 35 0 0.2535446478273683 [1 1 0 1 0 1 0 0 1 1 1 0 0 0 0 0 0 0 1 0 0 0 1 1 1 1 1 1 0 0 0 0 1 1 1 1 1
 1 1 1 1 0 0 1 1 1 0 1 1 0 0 1 1 1 1 1 1 1 0 0]
70 35 0 0.2535446478273683 [1 1 0 1 0 1 0 0 1 1 1 0 0 0 0 0 0 0 1 0 0 0 1 1 1 1 1 1 0 0 0 0 1 1 1 1 1
 1 1 1 1 0 0 1 1 1 0 1 1 0 0 1 1 1 1 1 1 1 0 0]
71 35 0 0.2535446478273683 [1 1 0 1 0 1 0 0 1 1 1 0 0 0 0 0 0 0 1 0 0 0 1 1 1 1 1 1 0 0 0 0 1 1 1 1 1
 1 1 1 1 0 0 1 1 1 0 1 1 0 0 1 1 1 1 1 1 1 0 0]
72 35 0 0.2535446478273683 [1 1 0 1 0 1 0 0 1 1 1 0 0 0 0 0 0 0 1 0 0 0 1 1 1 1 1 1 0 0 0 0 1 1 1 1 1
 1 1 1 1 0 0 1 1 1 0 1 1 0 0 1 1 1 1 1 1 1 0 0]
73 35 0 0.2535446478273683 [1 1 0 1 0 1 0 0 1 1 1 0 0 0 0 0 0 0 1 0 0 0 1 1 1 1 1 1 0 0 0 0 1 1 1 1 1
 1 1 1 1 0 0 1 1 1 0 1 1 0 0 1 1 1 1 1 1 1 0 0]
74 35 0 0.2535446478273683 [1 1 0 1 0 1 0 0 1 1 1 0 0 0 0 0 0 0 1 0 0 0 1 1 1 1 1 1 0 0 0 0 1 1 1 1 1
 1 1 1 1 0 0 1 1 1 0 1 1 0 0 1 1 1 1 1 1 1 0 0]
75 35 0 0.2535446478273683 [1 1 0 1 0 1 0 0 1 1 1 0 0 0 0 0 0 0 1 0 0 0 1 1 1 1 1 1 0 0 0 0 1 1 1 1 1
 1 1 1 1 0 0 1 1 1 0 1 1 0 0 1 1 1 1 1 1 1 0 0]
76 35 0 0.2535446478273683 [1 1 0 1 0 1 0 0 1 1 1 0 0 0 0 0 0 0 1 0 0 0 1 1 1 1 1 1 0 0 0 0 1 1 1 1 1
 1 1 1 1 0 0 1 1 1 0 1 1 0 0 1 1 1 1 1 1 1 0 0]
77 35 0 0.2535446478273683 [1 1 0 1 0 1 0 0 1 1 1 0 0 0 0 0 0 0 1 0 0 0 1 1 1 1 1 1 0 0 0 0 1 1 1 1 1
 1 1 1 1 0 0 1 1 1 0 1 1 0 0 1 1 1 1 1 1 1 0 0]
78 35 0 0.2535446478273683 [1 1 0 1 0 1 0 0 1 1 1 0 0 0 0 0 0 0 1 0 0 0 1 1 1 1 1 1 0 0 0 0 1 1 1 1 1
 1 1 1 1 0 0 1 1 1 0 1 1 0 0 1 1 1 1 1 1 1 0 0]
79 35 0 0.2535446478273683 [1 1 0 1 0 1 0 0 1 1 1 0 0 0 0 0 0 0 1 0 0 0 1 1 1 1 1 1 0 0 0 0 1 1 1 1 1
 1 1 1 1 0 0 1 1 1 0 1 1 0 0 1 1 1 1 1 1 1 0 0]
80 35 0 0.2535446478273683 [1 1 0 1 0 1 0 0 1 1 1 0 0 0 0 0 0 0 1 0 0 0 1 1 1 1 1 1 0 0 0 0 1 1 1 1 1
 1 1 1 1 0 0 1 1 1 0 1 1 0 0 1 1 1 1 1 1 1 0 0]
81 35 0 0.2535446478273683 [1 1 0 1 0 1 0 0 1 1 1 0 0 0 0 0 0 0 1 0 0 0 1 1 1 1 1 1 0 0 0 0 1 1 1 1 1
 1 1 1 1 0 0 1 1 1 0 1 1 0 0 1 1 1 1 1 1 1 0 0]
82 35 0 0.2535446478273683 [1 1 0 1 0 1 0 0 1 1 1 0 0 0 0 0 0 0 1 0 0 0 1 1 1 1 1 1 0 0 0 0 1 1 1 1 1
 1 1 1 1 0 0 1 1 1 0 1 1 0 0 1 1 1 1 1 1 1 0 0]
83 35 0 0.2535446478273683 [1 1 0 1 0 1 0 0 1 1 1 0 0 0 0 0 0 0 1 0 0 0 1 1 1 1 1 1 0 0 0 0 1 1 1 1 1
 1 1 1 1 0 0 1 1 1 0 1 1 0 0 1 1 1 1 1 1 1 0 0]
84 35 0 0.2535446478273683 [1 1 0 1 0 1 0 0 1 1 1 0 0 0 0 0 0 0 1 0 0 0 1 1 1 1 1 1 0 0 0 0 1 1 1 1 1
 1 1 1 1 0 0 1 1 1 0 1 1 0 0 1 1 1 1 1 1 1 0 0]
85 35 0 0.2535446478273683 [1 1 0 1 0 1 0 0 1 1 1 0 0 0 0 0 0 0 1 0 0 0 1 1 1 1 1 1 0 0 0 0 1 1 1 1 1
 1 1 1 1 0 0 1 1 1 0 1 1 0 0 1 1 1 1 1 1 1 0 0]
86 35 0 0.2535446478273683 [1 1 0 1 0 1 0 0 1 1 1 0 0 0 0 0 0 0 1 0 0 0 1 1 1 1 1 1 0 0 0 0 1 1 1 1 1
 1 1 1 1 0 0 1 1 1 0 1 1 0 0 1 1 1 1 1 1 1 0 0]
87 35 0 0.2535446478273683 [1 1 0 1 0 1 0 0 1 1 1 0 0 0 0 0 0 0 1 0 0 0 1 1 1 1 1 1 0 0 0 0 1 1 1 1 1
 1 1 1 1 0 0 1 1 1 0 1 1 0 0 1 1 1 1 1 1 1 0 0]
88 35 0 0.2535446478273683 [1 1 0 1 0 1 0 0 1 1 1 0 0 0 0 0 0 0 1 0 0 0 1 1 1 1 1 1 0 0 0 0 1 1 1 1 1
 1 1 1 1 0 0 1 1 1 0 1 1 0 0 1 1 1 1 1 1 1 0 0]
89 35 0 0.2535446478273683 [1 1 0 1 0 1 0 0 1 1 1 0 0 0 0 0 0 0 1 0 0 0 1 1 1 1 1 1 0 0 0 0 1 1 1 1 1
 1 1 1 1 0 0 1 1 1 0 1 1 0 0 1 1 1 1 1 1 1 0 0]
90 35 0 0.2535446478273683 [1 1 0 1 0 1 0 0 1 1 1 0 0 0 0 0 0 0 1 0 0 0 1 1 1 1 1 1 0 0 0 0 1 1 1 1 1
 1 1 1 1 0 0 1 1 1 0 1 1 0 0 1 1 1 1 1 1 1 0 0]
91 35 0 0.2535446478273683 [1 1 0 1 0 1 0 0 1 1 1 0 0 0 0 0 0 0 1 0 0 0 1 1 1 1 1 1 0 0 0 0 1 1 1 1 1
 1 1 1 1 0 0 1 1 1 0 1 1 0 0 1 1 1 1 1 1 1 0 0]
92 35 0 0.2535446478273683 [1 1 0 1 0 1 0 0 1 1 1 0 0 0 0 0 0 0 1 0 0 0 1 1 1 1 1 1 0 0 0 0 1 1 1 1 1
 1 1 1 1 0 0 1 1 1 0 1 1 0 0 1 1 1 1 1 1 1 0 0]
93 35 0 0.2535446478273683 [1 1 0 1 0 1 0 0 1 1 1 0 0 0 0 0 0 0 1 0 0 0 1 1 1 1 1 1 0 0 0 0 1 1 1 1 1
 1 1 1 1 0 0 1 1 1 0 1 1 0 0 1 1 1 1 1 1 1 0 0]
94 35 0 0.2535446478273683 [1 1 0 1 0 1 0 0 1 1 1 0 0 0 0 0 0 0 1 0 0 0 1 1 1 1 1 1 0 0 0 0 1 1 1 1 1
 1 1 1 1 0 0 1 1 1 0 1 1 0 0 1 1 1 1 1 1 1 0 0]
95 35 0 0.2535446478273683 [1 1 0 1 0 1 0 0 1 1 1 0 0 0 0 0 0 0 1 0 0 0 1 1 1 1 1 1 0 0 0 0 1 1 1 1 1
 1 1 1 1 0 0 1 1 1 0 1 1 0 0 1 1 1 1 1 1 1 0 0]
96 35 0 0.2535446478273683 [1 1 0 1 0 1 0 0 1 1 1 0 0 0 0 0 0 0 1 0 0 0 1 1 1 1 1 1 0 0 0 0 1 1 1 1 1
 1 1 1 1 0 0 1 1 1 0 1 1 0 0 1 1 1 1 1 1 1 0 0]
97 35 0 0.2535446478273683 [1 1 0 1 0 1 0 0 1 1 1 0 0 0 0 0 0 0 1 0 0 0 1 1 1 1 1 1 0 0 0 0 1 1 1 1 1
 1 1 1 1 0 0 1 1 1 0 1 1 0 0 1 1 1 1 1 1 1 0 0]
98 35 0 0.2535446478273683 [1 1 0 1 0 1 0 0 1 1 1 0 0 0 0 0 0 0 1 0 0 0 1 1 1 1 1 1 0 0 0 0 1 1 1 1 1
 1 1 1 1 0 0 1 1 1 0 1 1 0 0 1 1 1 1 1 1 1 0 0]
99 35 0 0.2535446478273683 [1 1 0 1 0 1 0 0 1 1 1 0 0 0 0 0 0 0 1 0 0 0 1 1 1 1 1 1 0 0 0 0 1 1 1 1 1
 1 1 1 1 0 0 1 1 1 0 1 1 0 0 1 1 1 1 1 1 1 0 0]
100 35 0 0.2535446478273683 [1 1 0 1 0 1 0 0 1 1 1 0 0 0 0 0 0 0 1 0 0 0 1 1 1 1 1 1 0 0 0 0 1 1 1 1 1
 1 1 1 1 0 0 1 1 1 0 1 1 0 0 1 1 1 1 1 1 1 0 0]
101 35 0 0.2535446478273683 [1 1 0 1 0 1 0 0 1 1 1 0 0 0 0 0 0 0 1 0 0 0 1 1 1 1 1 1 0 0 0 0 1 1 1 1 1
 1 1 1 1 0 0 1 1 1 0 1 1 0 0 1 1 1 1 1 1 1 0 0]
102 35 0 0.2535446478273683 [1 1 0 1 0 1 0 0 1 1 1 0 0 0 0 0 0 0 1 0 0 0 1 1 1 1 1 1 0 0 0 0 1 1 1 1 1
 1 1 1 1 0 0 1 1 1 0 1 1 0 0 1 1 1 1 1 1 1 0 0]
103 35 0 0.2535446478273683 [1 1 0 1 0 1 0 0 1 1 1 0 0 0 0 0 0 0 1 0 0 0 1 1 1 1 1 1 0 0 0 0 1 1 1 1 1
 1 1 1 1 0 0 1 1 1 0 1 1 0 0 1 1 1 1 1 1 1 0 0]
104 35 0 0.2535446478273683 [1 1 0 1 0 1 0 0 1 1 1 0 0 0 0 0 0 0 1 0 0 0 1 1 1 1 1 1 0 0 0 0 1 1 1 1 1
 1 1 1 1 0 0 1 1 1 0 1 1 0 0 1 1 1 1 1 1 1 0 0]
105 35 0 0.2535446478273683 [1 1 0 1 0 1 0 0 1 1 1 0 0 0 0 0 0 0 1 0 0 0 1 1 1 1 1 1 0 0 0 0 1 1 1 1 1
 1 1 1 1 0 0 1 1 1 0 1 1 0 0 1 1 1 1 1 1 1 0 0]
106 35 0 0.2535446478273683 [1 1 0 1 0 1 0 0 1 1 1 0 0 0 0 0 0 0 1 0 0 0 1 1 1 1 1 1 0 0 0 0 1 1 1 1 1
 1 1 1 1 0 0 1 1 1 0 1 1 0 0 1 1 1 1 1 1 1 0 0]
107 35 0 0.2535446478273683 [1 1 0 1 0 1 0 0 1 1 1 0 0 0 0 0 0 0 1 0 0 0 1 1 1 1 1 1 0 0 0 0 1 1 1 1 1
 1 1 1 1 0 0 1 1 1 0 1 1 0 0 1 1 1 1 1 1 1 0 0]
108 35 0 0.2535446478273683 [1 1 0 1 0 1 0 0 1 1 1 0 0 0 0 0 0 0 1 0 0 0 1 1 1 1 1 1 0 0 0 0 1 1 1 1 1
 1 1 1 1 0 0 1 1 1 0 1 1 0 0 1 1 1 1 1 1 1 0 0]
109 35 0 0.2535446478273683 [1 1 0 1 0 1 0 0 1 1 1 0 0 0 0 0 0 0 1 0 0 0 1 1 1 1 1 1 0 0 0 0 1 1 1 1 1
 1 1 1 1 0 0 1 1 1 0 1 1 0 0 1 1 1 1 1 1 1 0 0]
110 35 0 0.2535446478273683 [1 1 0 1 0 1 0 0 1 1 1 0 0 0 0 0 0 0 1 0 0 0 1 1 1 1 1 1 0 0 0 0 1 1 1 1 1
 1 1 1 1 0 0 1 1 1 0 1 1 0 0 1 1 1 1 1 1 1 0 0]
111 35 0 0.2535446478273683 [1 1 0 1 0 1 0 0 1 1 1 0 0 0 0 0 0 0 1 0 0 0 1 1 1 1 1 1 0 0 0 0 1 1 1 1 1
 1 1 1 1 0 0 1 1 1 0 1 1 0 0 1 1 1 1 1 1 1 0 0]
112 35 0 0.2535446478273683 [1 1 0 1 0 1 0 0 1 1 1 0 0 0 0 0 0 0 1 0 0 0 1 1 1 1 1 1 0 0 0 0 1 1 1 1 1
 1 1 1 1 0 0 1 1 1 0 1 1 0 0 1 1 1 1 1 1 1 0 0]
113 35 0 0.2535446478273683 [1 1 0 1 0 1 0 0 1 1 1 0 0 0 0 0 0 0 1 0 0 0 1 1 1 1 1 1 0 0 0 0 1 1 1 1 1
 1 1 1 1 0 0 1 1 1 0 1 1 0 0 1 1 1 1 1 1 1 0 0]
114 35 0 0.2535446478273683 [1 1 0 1 0 1 0 0 1 1 1 0 0 0 0 0 0 0 1 0 0 0 1 1 1 1 1 1 0 0 0 0 1 1 1 1 1
 1 1 1 1 0 0 1 1 1 0 1 1 0 0 1 1 1 1 1 1 1 0 0]
115 35 0 0.2535446478273683 [1 1 0 1 0 1 0 0 1 1 1 0 0 0 0 0 0 0 1 0 0 0 1 1 1 1 1 1 0 0 0 0 1 1 1 1 1
 1 1 1 1 0 0 1 1 1 0 1 1 0 0 1 1 1 1 1 1 1 0 0]
116 35 0 0.2535446478273683 [1 1 0 1 0 1 0 0 1 1 1 0 0 0 0 0 0 0 1 0 0 0 1 1 1 1 1 1 0 0 0 0 1 1 1 1 1
 1 1 1 1 0 0 1 1 1 0 1 1 0 0 1 1 1 1 1 1 1 0 0]
117 35 0 0.2535446478273683 [1 1 0 1 0 1 0 0 1 1 1 0 0 0 0 0 0 0 1 0 0 0 1 1 1 1 1 1 0 0 0 0 1 1 1 1 1
 1 1 1 1 0 0 1 1 1 0 1 1 0 0 1 1 1 1 1 1 1 0 0]
118 35 0 0.2535446478273683 [1 1 0 1 0 1 0 0 1 1 1 0 0 0 0 0 0 0 1 0 0 0 1 1 1 1 1 1 0 0 0 0 1 1 1 1 1
 1 1 1 1 0 0 1 1 1 0 1 1 0 0 1 1 1 1 1 1 1 0 0]
119 35 0 0.2535446478273683 [1 1 0 1 0 1 0 0 1 1 1 0 0 0 0 0 0 0 1 0 0 0 1 1 1 1 1 1 0 0 0 0 1 1 1 1 1
 1 1 1 1 0 0 1 1 1 0 1 1 0 0 1 1 1 1 1 1 1 0 0]
120 35 0 0.2535446478273683 [1 1 0 1 0 1 0 0 1 1 1 0 0 0 0 0 0 0 1 0 0 0 1 1 1 1 1 1 0 0 0 0 1 1 1 1 1
 1 1 1 1 0 0 1 1 1 0 1 1 0 0 1 1 1 1 1 1 1 0 0]
121 35 0 0.2535446478273683 [1 1 0 1 0 1 0 0 1 1 1 0 0 0 0 0 0 0 1 0 0 0 1 1 1 1 1 1 0 0 0 0 1 1 1 1 1
 1 1 1 1 0 0 1 1 1 0 1 1 0 0 1 1 1 1 1 1 1 0 0]
122 35 0 0.2535446478273683 [1 1 0 1 0 1 0 0 1 1 1 0 0 0 0 0 0 0 1 0 0 0 1 1 1 1 1 1 0 0 0 0 1 1 1 1 1
 1 1 1 1 0 0 1 1 1 0 1 1 0 0 1 1 1 1 1 1 1 0 0]
123 35 0 0.2535446478273683 [1 1 0 1 0 1 0 0 1 1 1 0 0 0 0 0 0 0 1 0 0 0 1 1 1 1 1 1 0 0 0 0 1 1 1 1 1
 1 1 1 1 0 0 1 1 1 0 1 1 0 0 1 1 1 1 1 1 1 0 0]
124 35 0 0.2535446478273683 [1 1 0 1 0 1 0 0 1 1 1 0 0 0 0 0 0 0 1 0 0 0 1 1 1 1 1 1 0 0 0 0 1 1 1 1 1
 1 1 1 1 0 0 1 1 1 0 1 1 0 0 1 1 1 1 1 1 1 0 0]
125 35 0 0.2535446478273683 [1 1 0 1 0 1 0 0 1 1 1 0 0 0 0 0 0 0 1 0 0 0 1 1 1 1 1 1 0 0 0 0 1 1 1 1 1
 1 1 1 1 0 0 1 1 1 0 1 1 0 0 1 1 1 1 1 1 1 0 0]
126 35 0 0.2535446478273683 [1 1 0 1 0 1 0 0 1 1 1 0 0 0 0 0 0 0 1 0 0 0 1 1 1 1 1 1 0 0 0 0 1 1 1 1 1
 1 1 1 1 0 0 1 1 1 0 1 1 0 0 1 1 1 1 1 1 1 0 0]
127 35 0 0.2535446478273683 [1 1 0 1 0 1 0 0 1 1 1 0 0 0 0 0 0 0 1 0 0 0 1 1 1 1 1 1 0 0 0 0 1 1 1 1 1
 1 1 1 1 0 0 1 1 1 0 1 1 0 0 1 1 1 1 1 1 1 0 0]
128 35 0 0.2535446478273683 [1 1 0 1 0 1 0 0 1 1 1 0 0 0 0 0 0 0 1 0 0 0 1 1 1 1 1 1 0 0 0 0 1 1 1 1 1
 1 1 1 1 0 0 1 1 1 0 1 1 0 0 1 1 1 1 1 1 1 0 0]
129 35 0 0.2535446478273683 [1 1 0 1 0 1 0 0 1 1 1 0 0 0 0 0 0 0 1 0 0 0 1 1 1 1 1 1 0 0 0 0 1 1 1 1 1
 1 1 1 1 0 0 1 1 1 0 1 1 0 0 1 1 1 1 1 1 1 0 0]
130 35 0 0.2535446478273683 [1 1 0 1 0 1 0 0 1 1 1 0 0 0 0 0 0 0 1 0 0 0 1 1 1 1 1 1 0 0 0 0 1 1 1 1 1
 1 1 1 1 0 0 1 1 1 0 1 1 0 0 1 1 1 1 1 1 1 0 0]
131 35 0 0.2535446478273683 [1 1 0 1 0 1 0 0 1 1 1 0 0 0 0 0 0 0 1 0 0 0 1 1 1 1 1 1 0 0 0 0 1 1 1 1 1
 1 1 1 1 0 0 1 1 1 0 1 1 0 0 1 1 1 1 1 1 1 0 0]
132 35 0 0.2535446478273683 [1 1 0 1 0 1 0 0 1 1 1 0 0 0 0 0 0 0 1 0 0 0 1 1 1 1 1 1 0 0 0 0 1 1 1 1 1
 1 1 1 1 0 0 1 1 1 0 1 1 0 0 1 1 1 1 1 1 1 0 0]
133 35 0 0.2535446478273683 [1 1 0 1 0 1 0 0 1 1 1 0 0 0 0 0 0 0 1 0 0 0 1 1 1 1 1 1 0 0 0 0 1 1 1 1 1
 1 1 1 1 0 0 1 1 1 0 1 1 0 0 1 1 1 1 1 1 1 0 0]
134 35 0 0.2535446478273683 [1 1 0 1 0 1 0 0 1 1 1 0 0 0 0 0 0 0 1 0 0 0 1 1 1 1 1 1 0 0 0 0 1 1 1 1 1
 1 1 1 1 0 0 1 1 1 0 1 1 0 0 1 1 1 1 1 1 1 0 0]
135 35 0 0.2535446478273683 [1 1 0 1 0 1 0 0 1 1 1 0 0 0 0 0 0 0 1 0 0 0 1 1 1 1 1 1 0 0 0 0 1 1 1 1 1
 1 1 1 1 0 0 1 1 1 0 1 1 0 0 1 1 1 1 1 1 1 0 0]
136 35 0 0.2535446478273683 [1 1 0 1 0 1 0 0 1 1 1 0 0 0 0 0 0 0 1 0 0 0 1 1 1 1 1 1 0 0 0 0 1 1 1 1 1
 1 1 1 1 0 0 1 1 1 0 1 1 0 0 1 1 1 1 1 1 1 0 0]
137 35 0 0.2535446478273683 [1 1 0 1 0 1 0 0 1 1 1 0 0 0 0 0 0 0 1 0 0 0 1 1 1 1 1 1 0 0 0 0 1 1 1 1 1
 1 1 1 1 0 0 1 1 1 0 1 1 0 0 1 1 1 1 1 1 1 0 0]
138 35 0 0.2535446478273683 [1 1 0 1 0 1 0 0 1 1 1 0 0 0 0 0 0 0 1 0 0 0 1 1 1 1 1 1 0 0 0 0 1 1 1 1 1
 1 1 1 1 0 0 1 1 1 0 1 1 0 0 1 1 1 1 1 1 1 0 0]
139 35 0 0.2535446478273683 [1 1 0 1 0 1 0 0 1 1 1 0 0 0 0 0 0 0 1 0 0 0 1 1 1 1 1 1 0 0 0 0 1 1 1 1 1
 1 1 1 1 0 0 1 1 1 0 1 1 0 0 1 1 1 1 1 1 1 0 0]
140 35 0 0.2535446478273683 [1 1 0 1 0 1 0 0 1 1 1 0 0 0 0 0 0 0 1 0 0 0 1 1 1 1 1 1 0 0 0 0 1 1 1 1 1
 1 1 1 1 0 0 1 1 1 0 1 1 0 0 1 1 1 1 1 1 1 0 0]
141 35 0 0.2535446478273683 [1 1 0 1 0 1 0 0 1 1 1 0 0 0 0 0 0 0 1 0 0 0 1 1 1 1 1 1 0 0 0 0 1 1 1 1 1
 1 1 1 1 0 0 1 1 1 0 1 1 0 0 1 1 1 1 1 1 1 0 0]
142 35 0 0.2535446478273683 [1 1 0 1 0 1 0 0 1 1 1 0 0 0 0 0 0 0 1 0 0 0 1 1 1 1 1 1 0 0 0 0 1 1 1 1 1
 1 1 1 1 0 0 1 1 1 0 1 1 0 0 1 1 1 1 1 1 1 0 0]
143 35 0 0.2535446478273683 [1 1 0 1 0 1 0 0 1 1 1 0 0 0 0 0 0 0 1 0 0 0 1 1 1 1 1 1 0 0 0 0 1 1 1 1 1
 1 1 1 1 0 0 1 1 1 0 1 1 0 0 1 1 1 1 1 1 1 0 0]
144 35 0 0.2535446478273683 [1 1 0 1 0 1 0 0 1 1 1 0 0 0 0 0 0 0 1 0 0 0 1 1 1 1 1 1 0 0 0 0 1 1 1 1 1
 1 1 1 1 0 0 1 1 1 0 1 1 0 0 1 1 1 1 1 1 1 0 0]
145 35 0 0.2535446478273683 [1 1 0 1 0 1 0 0 1 1 1 0 0 0 0 0 0 0 1 0 0 0 1 1 1 1 1 1 0 0 0 0 1 1 1 1 1
 1 1 1 1 0 0 1 1 1 0 1 1 0 0 1 1 1 1 1 1 1 0 0]
146 35 0 0.2535446478273683 [1 1 0 1 0 1 0 0 1 1 1 0 0 0 0 0 0 0 1 0 0 0 1 1 1 1 1 1 0 0 0 0 1 1 1 1 1
 1 1 1 1 0 0 1 1 1 0 1 1 0 0 1 1 1 1 1 1 1 0 0]
147 35 0 0.2535446478273683 [1 1 0 1 0 1 0 0 1 1 1 0 0 0 0 0 0 0 1 0 0 0 1 1 1 1 1 1 0 0 0 0 1 1 1 1 1
 1 1 1 1 0 0 1 1 1 0 1 1 0 0 1 1 1 1 1 1 1 0 0]
148 35 0 0.2535446478273683 [1 1 0 1 0 1 0 0 1 1 1 0 0 0 0 0 0 0 1 0 0 0 1 1 1 1 1 1 0 0 0 0 1 1 1 1 1
 1 1 1 1 0 0 1 1 1 0 1 1 0 0 1 1 1 1 1 1 1 0 0]
149 35 0 0.2535446478273683 [1 1 0 1 0 1 0 0 1 1 1 0 0 0 0 0 0 0 1 0 0 0 1 1 1 1 1 1 0 0 0 0 1 1 1 1 1
 1 1 1 1 0 0 1 1 1 0 1 1 0 0 1 1 1 1 1 1 1 0 0]
150 35 0 0.2535446478273683 [1 1 0 1 0 1 0 0 1 1 1 0 0 0 0 0 0 0 1 0 0 0 1 1 1 1 1 1 0 0 0 0 1 1 1 1 1
 1 1 1 1 0 0 1 1 1 0 1 1 0 0 1 1 1 1 1 1 1 0 0]
