0 36 100 0.2735833193206658 [0 1 0 0 1 1 1 1 0 1 0 0 1 0 0 1 1 1 0 0 0 1 0 0 1 0 0 1 1 0 0 1 0 1 1 1 1
 0 1 1 0 1 1 0 1 1 1 1 0 0 1 1 0 1 1 1 1 1 1 1]
1 36 39 0.2735833193206658 [0 1 0 0 1 1 1 1 0 1 0 0 1 0 0 1 1 1 0 0 0 1 0 0 1 0 0 1 1 0 0 1 0 1 1 1 1
 0 1 1 0 1 1 0 1 1 1 1 0 0 1 1 0 1 1 1 1 1 1 1]
2 36 28 0.2735833193206658 [0 1 0 0 1 1 1 1 0 1 0 0 1 0 0 1 1 1 0 0 0 1 0 0 1 0 0 1 1 0 0 1 0 1 1 1 1
 0 1 1 0 1 1 0 1 1 1 1 0 0 1 1 0 1 1 1 1 1 1 1]
3 39 9 0.27266635395027805 [0 1 0 1 1 1 1 1 0 1 0 0 1 0 0 1 1 1 0 0 0 1 0 0 1 1 1 1 1 0 0 1 0 1 1 1 1
 0 1 1 0 1 1 0 1 1 1 1 0 0 1 1 0 1 1 1 1 1 1 1]
4 39 15 0.27266635395027805 [0 1 0 1 1 1 1 1 0 1 0 0 1 0 0 1 1 1 0 0 0 1 0 0 1 1 1 1 1 0 0 1 0 1 1 1 1
 0 1 1 0 1 1 0 1 1 1 1 0 0 1 1 0 1 1 1 1 1 1 1]
5 39 7 0.27266635395027805 [0 1 0 1 1 1 1 1 0 1 0 0 1 0 0 1 1 1 0 0 0 1 0 0 1 1 1 1 1 0 0 1 0 1 1 1 1
 0 1 1 0 1 1 0 1 1 1 1 0 0 1 1 0 1 1 1 1 1 1 1]
6 31 8 0.27058192544918214 [0 1 0 1 1 1 0 0 1 0 1 1 0 0 0 1 0 1 0 0 1 0 1 1 0 0 1 1 1 1 0 0 0 0 1 1 0
 0 1 0 1 1 0 0 1 0 1 0 0 0 1 1 1 1 1 1 1 1 0 0]
7 31 5 0.27058192544918214 [0 1 0 1 1 1 0 0 1 0 1 1 0 0 0 1 0 1 0 0 1 0 1 1 0 0 1 1 1 1 0 0 0 0 1 1 0
 0 1 0 1 1 0 0 1 0 1 0 0 0 1 1 1 1 1 1 1 1 0 0]
8 31 3 0.27058192544918214 [0 1 0 1 1 1 0 0 1 0 1 1 0 0 0 1 0 1 0 0 1 0 1 1 0 0 1 1 1 1 0 0 0 0 1 1 0
 0 1 0 1 1 0 0 1 0 1 0 0 0 1 1 1 1 1 1 1 1 0 0]
9 31 2 0.27058192544918214 [0 1 0 1 1 1 0 0 1 0 1 1 0 0 0 1 0 1 0 0 1 0 1 1 0 0 1 1 1 1 0 0 0 0 1 1 0
 0 1 0 1 1 0 0 1 0 1 0 0 0 1 1 1 1 1 1 1 1 0 0]
10 31 2 0.27058192544918214 [0 1 0 1 1 1 0 0 1 0 1 1 0 0 0 1 0 1 0 0 1 0 1 1 0 0 1 1 1 1 0 0 0 0 1 1 0
 0 1 0 1 1 0 0 1 0 1 0 0 0 1 1 1 1 1 1 1 1 0 0]
11 40 3 0.26463731432758286 [0 1 0 1 0 1 1 1 1 0 1 1 1 0 0 1 0 1 0 0 1 1 1 1 1 0 1 1 1 0 0 0 0 1 1 1 1
 0 1 1 1 1 0 0 1 1 1 1 0 0 1 1 1 1 1 1 1 1 1 0]
12 40 0 0.26463731432758286 [0 1 0 1 0 1 1 1 1 0 1 1 1 0 0 1 0 1 0 0 1 1 1 1 1 0 1 1 1 0 0 0 0 1 1 1 1
 0 1 1 1 1 0 0 1 1 1 1 0 0 1 1 1 1 1 1 1 1 1 0]
13 40 6 0.26463731432758286 [0 1 0 1 0 1 1 1 1 0 1 1 1 0 0 1 0 1 0 0 1 1 1 1 1 0 1 1 1 0 0 0 0 1 1 1 1
 0 1 1 1 1 0 0 1 1 1 1 0 0 1 1 1 1 1 1 1 1 1 0]
14 40 1 0.26463731432758286 [0 1 0 1 0 1 1 1 1 0 1 1 1 0 0 1 0 1 0 0 1 1 1 1 1 0 1 1 1 0 0 0 0 1 1 1 1
 0 1 1 1 1 0 0 1 1 1 1 0 0 1 1 1 1 1 1 1 1 1 0]
15 40 3 0.26463731432758286 [0 1 0 1 0 1 1 1 1 0 1 1 1 0 0 1 0 1 0 0 1 1 1 1 1 0 1 1 1 0 0 0 0 1 1 1 1
 0 1 1 1 1 0 0 1 1 1 1 0 0 1 1 1 1 1 1 1 1 1 0]
16 40 0 0.26463731432758286 [0 1 0 1 0 1 1 1 1 0 1 1 1 0 0 1 0 1 0 0 1 1 1 1 1 0 1 1 1 0 0 0 0 1 1 1 1
 0 1 1 1 1 0 0 1 1 1 1 0 0 1 1 1 1 1 1 1 1 1 0]
17 40 1 0.26463731432758286 [0 1 0 1 0 1 1 1 1 0 1 1 1 0 0 1 0 1 0 0 1 1 1 1 1 0 1 1 1 0 0 0 0 1 1 1 1
 0 1 1 1 1 0 0 1 1 1 1 0 0 1 1 1 1 1 1 1 1 1 0]
18 40 0 0.26463731432758286 [0 1 0 1 0 1 1 1 1 0 1 1 1 0 0 1 0 1 0 0 1 1 1 1 1 0 1 1 1 0 0 0 0 1 1 1 1
 0 1 1 1 1 0 0 1 1 1 1 0 0 1 1 1 1 1 1 1 1 1 0]
19 40 1 0.26463731432758286 [0 1 0 1 0 1 1 1 1 0 1 1 1 0 0 1 0 1 0 0 1 1 1 1 1 0 1 1 1 0 0 0 0 1 1 1 1
 0 1 1 1 1 0 0 1 1 1 1 0 0 1 1 1 1 1 1 1 1 1 0]
20 40 0 0.26463731432758286 [0 1 0 1 0 1 1 1 1 0 1 1 1 0 0 1 0 1 0 0 1 1 1 1 1 0 1 1 1 0 0 0 0 1 1 1 1
 0 1 1 1 1 0 0 1 1 1 1 0 0 1 1 1 1 1 1 1 1 1 0]
21 40 0 0.26463731432758286 [0 1 0 1 0 1 1 1 1 0 1 1 1 0 0 1 0 1 0 0 1 1 1 1 1 0 1 1 1 0 0 0 0 1 1 1 1
 0 1 1 1 1 0 0 1 1 1 1 0 0 1 1 1 1 1 1 1 1 1 0]
22 40 0 0.26463731432758286 [0 1 0 1 0 1 1 1 1 0 1 1 1 0 0 1 0 1 0 0 1 1 1 1 1 0 1 1 1 0 0 0 0 1 1 1 1
 0 1 1 1 1 0 0 1 1 1 1 0 0 1 1 1 1 1 1 1 1 1 0]
23 40 0 0.26463731432758286 [0 1 0 1 0 1 1 1 1 0 1 1 1 0 0 1 0 1 0 0 1 1 1 1 1 0 1 1 1 0 0 0 0 1 1 1 1
 0 1 1 1 1 0 0 1 1 1 1 0 0 1 1 1 1 1 1 1 1 1 0]
24 40 0 0.26463731432758286 [0 1 0 1 0 1 1 1 1 0 1 1 1 0 0 1 0 1 0 0 1 1 1 1 1 0 1 1 1 0 0 0 0 1 1 1 1
 0 1 1 1 1 0 0 1 1 1 1 0 0 1 1 1 1 1 1 1 1 1 0]
25 40 0 0.26463731432758286 [0 1 0 1 0 1 1 1 1 0 1 1 1 0 0 1 0 1 0 0 1 1 1 1 1 0 1 1 1 0 0 0 0 1 1 1 1
 0 1 1 1 1 0 0 1 1 1 1 0 0 1 1 1 1 1 1 1 1 1 0]
26 40 0 0.26463731432758286 [0 1 0 1 0 1 1 1 1 0 1 1 1 0 0 1 0 1 0 0 1 1 1 1 1 0 1 1 1 0 0 0 0 1 1 1 1
 0 1 1 1 1 0 0 1 1 1 1 0 0 1 1 1 1 1 1 1 1 1 0]
27 40 0 0.26463731432758286 [0 1 0 1 0 1 1 1 1 0 1 1 1 0 0 1 0 1 0 0 1 1 1 1 1 0 1 1 1 0 0 0 0 1 1 1 1
 0 1 1 1 1 0 0 1 1 1 1 0 0 1 1 1 1 1 1 1 1 1 0]
28 40 0 0.26463731432758286 [0 1 0 1 0 1 1 1 1 0 1 1 1 0 0 1 0 1 0 0 1 1 1 1 1 0 1 1 1 0 0 0 0 1 1 1 1
 0 1 1 1 1 0 0 1 1 1 1 0 0 1 1 1 1 1 1 1 1 1 0]
29 40 0 0.26463731432758286 [0 1 0 1 0 1 1 1 1 0 1 1 1 0 0 1 0 1 0 0 1 1 1 1 1 0 1 1 1 0 0 0 0 1 1 1 1
 0 1 1 1 1 0 0 1 1 1 1 0 0 1 1 1 1 1 1 1 1 1 0]
30 40 0 0.26463731432758286 [0 1 0 1 0 1 1 1 1 0 1 1 1 0 0 1 0 1 0 0 1 1 1 1 1 0 1 1 1 0 0 0 0 1 1 1 1
 0 1 1 1 1 0 0 1 1 1 1 0 0 1 1 1 1 1 1 1 1 1 0]
31 40 0 0.26463731432758286 [0 1 0 1 0 1 1 1 1 0 1 1 1 0 0 1 0 1 0 0 1 1 1 1 1 0 1 1 1 0 0 0 0 1 1 1 1
 0 1 1 1 1 0 0 1 1 1 1 0 0 1 1 1 1 1 1 1 1 1 0]
32 40 0 0.26463731432758286 [0 1 0 1 0 1 1 1 1 0 1 1 1 0 0 1 0 1 0 0 1 1 1 1 1 0 1 1 1 0 0 0 0 1 1 1 1
 0 1 1 1 1 0 0 1 1 1 1 0 0 1 1 1 1 1 1 1 1 1 0]
33 40 0 0.26463731432758286 [0 1 0 1 0 1 1 1 1 0 1 1 1 0 0 1 0 1 0 0 1 1 1 1 1 0 1 1 1 0 0 0 0 1 1 1 1
 0 1 1 1 1 0 0 1 1 1 1 0 0 1 1 1 1 1 1 1 1 1 0]
34 40 0 0.26463731432758286 [0 1 0 1 0 1 1 1 1 0 1 1 1 0 0 1 0 1 0 0 1 1 1 1 1 0 1 1 1 0 0 0 0 1 1 1 1
 0 1 1 1 1 0 0 1 1 1 1 0 0 1 1 1 1 1 1 1 1 1 0]
35 40 0 0.26463731432758286 [0 1 0 1 0 1 1 1 1 0 1 1 1 0 0 1 0 1 0 0 1 1 1 1 1 0 1 1 1 0 0 0 0 1 1 1 1
 0 1 1 1 1 0 0 1 1 1 1 0 0 1 1 1 1 1 1 1 1 1 0]
36 40 0 0.26463731432758286 [0 1 0 1 0 1 1 1 1 0 1 1 1 0 0 1 0 1 0 0 1 1 1 1 1 0 1 1 1 0 0 0 0 1 1 1 1
 0 1 1 1 1 0 0 1 1 1 1 0 0 1 1 1 1 1 1 1 1 1 0]
37 40 0 0.26463731432758286 [0 1 0 1 0 1 1 1 1 0 1 1 1 0 0 1 0 1 0 0 1 1 1 1 1 0 1 1 1 0 0 0 0 1 1 1 1
 0 1 1 1 1 0 0 1 1 1 1 0 0 1 1 1 1 1 1 1 1 1 0]
38 40 0 0.26463731432758286 [0 1 0 1 0 1 1 1 1 0 1 1 1 0 0 1 0 1 0 0 1 1 1 1 1 0 1 1 1 0 0 0 0 1 1 1 1
 0 1 1 1 1 0 0 1 1 1 1 0 0 1 1 1 1 1 1 1 1 1 0]
39 40 0 0.26463731432758286 [0 1 0 1 0 1 1 1 1 0 1 1 1 0 0 1 0 1 0 0 1 1 1 1 1 0 1 1 1 0 0 0 0 1 1 1 1
 0 1 1 1 1 0 0 1 1 1 1 0 0 1 1 1 1 1 1 1 1 1 0]
40 40 0 0.26463731432758286 [0 1 0 1 0 1 1 1 1 0 1 1 1 0 0 1 0 1 0 0 1 1 1 1 1 0 1 1 1 0 0 0 0 1 1 1 1
 0 1 1 1 1 0 0 1 1 1 1 0 0 1 1 1 1 1 1 1 1 1 0]
41 40 0 0.26463731432758286 [0 1 0 1 0 1 1 1 1 0 1 1 1 0 0 1 0 1 0 0 1 1 1 1 1 0 1 1 1 0 0 0 0 1 1 1 1
 0 1 1 1 1 0 0 1 1 1 1 0 0 1 1 1 1 1 1 1 1 1 0]
42 40 0 0.26463731432758286 [0 1 0 1 0 1 1 1 1 0 1 1 1 0 0 1 0 1 0 0 1 1 1 1 1 0 1 1 1 0 0 0 0 1 1 1 1
 0 1 1 1 1 0 0 1 1 1 1 0 0 1 1 1 1 1 1 1 1 1 0]
43 40 0 0.26463731432758286 [0 1 0 1 0 1 1 1 1 0 1 1 1 0 0 1 0 1 0 0 1 1 1 1 1 0 1 1 1 0 0 0 0 1 1 1 1
 0 1 1 1 1 0 0 1 1 1 1 0 0 1 1 1 1 1 1 1 1 1 0]
44 40 0 0.26463731432758286 [0 1 0 1 0 1 1 1 1 0 1 1 1 0 0 1 0 1 0 0 1 1 1 1 1 0 1 1 1 0 0 0 0 1 1 1 1
 0 1 1 1 1 0 0 1 1 1 1 0 0 1 1 1 1 1 1 1 1 1 0]
45 40 0 0.26463731432758286 [0 1 0 1 0 1 1 1 1 0 1 1 1 0 0 1 0 1 0 0 1 1 1 1 1 0 1 1 1 0 0 0 0 1 1 1 1
 0 1 1 1 1 0 0 1 1 1 1 0 0 1 1 1 1 1 1 1 1 1 0]
46 40 0 0.26463731432758286 [0 1 0 1 0 1 1 1 1 0 1 1 1 0 0 1 0 1 0 0 1 1 1 1 1 0 1 1 1 0 0 0 0 1 1 1 1
 0 1 1 1 1 0 0 1 1 1 1 0 0 1 1 1 1 1 1 1 1 1 0]
47 40 0 0.26463731432758286 [0 1 0 1 0 1 1 1 1 0 1 1 1 0 0 1 0 1 0 0 1 1 1 1 1 0 1 1 1 0 0 0 0 1 1 1 1
 0 1 1 1 1 0 0 1 1 1 1 0 0 1 1 1 1 1 1 1 1 1 0]
48 40 0 0.26463731432758286 [0 1 0 1 0 1 1 1 1 0 1 1 1 0 0 1 0 1 0 0 1 1 1 1 1 0 1 1 1 0 0 0 0 1 1 1 1
 0 1 1 1 1 0 0 1 1 1 1 0 0 1 1 1 1 1 1 1 1 1 0]
49 40 0 0.26463731432758286 [0 1 0 1 0 1 1 1 1 0 1 1 1 0 0 1 0 1 0 0 1 1 1 1 1 0 1 1 1 0 0 0 0 1 1 1 1
 0 1 1 1 1 0 0 1 1 1 1 0 0 1 1 1 1 1 1 1 1 1 0]
50 40 0 0.26463731432758286 [0 1 0 1 0 1 1 1 1 0 1 1 1 0 0 1 0 1 0 0 1 1 1 1 1 0 1 1 1 0 0 0 0 1 1 1 1
 0 1 1 1 1 0 0 1 1 1 1 0 0 1 1 1 1 1 1 1 1 1 0]
51 40 0 0.26463731432758286 [0 1 0 1 0 1 1 1 1 0 1 1 1 0 0 1 0 1 0 0 1 1 1 1 1 0 1 1 1 0 0 0 0 1 1 1 1
 0 1 1 1 1 0 0 1 1 1 1 0 0 1 1 1 1 1 1 1 1 1 0]
52 40 0 0.26463731432758286 [0 1 0 1 0 1 1 1 1 0 1 1 1 0 0 1 0 1 0 0 1 1 1 1 1 0 1 1 1 0 0 0 0 1 1 1 1
 0 1 1 1 1 0 0 1 1 1 1 0 0 1 1 1 1 1 1 1 1 1 0]
53 40 0 0.26463731432758286 [0 1 0 1 0 1 1 1 1 0 1 1 1 0 0 1 0 1 0 0 1 1 1 1 1 0 1 1 1 0 0 0 0 1 1 1 1
 0 1 1 1 1 0 0 1 1 1 1 0 0 1 1 1 1 1 1 1 1 1 0]
54 40 0 0.26463731432758286 [0 1 0 1 0 1 1 1 1 0 1 1 1 0 0 1 0 1 0 0 1 1 1 1 1 0 1 1 1 0 0 0 0 1 1 1 1
 0 1 1 1 1 0 0 1 1 1 1 0 0 1 1 1 1 1 1 1 1 1 0]
55 40 0 0.26463731432758286 [0 1 0 1 0 1 1 1 1 0 1 1 1 0 0 1 0 1 0 0 1 1 1 1 1 0 1 1 1 0 0 0 0 1 1 1 1
 0 1 1 1 1 0 0 1 1 1 1 0 0 1 1 1 1 1 1 1 1 1 0]
56 40 0 0.26463731432758286 [0 1 0 1 0 1 1 1 1 0 1 1 1 0 0 1 0 1 0 0 1 1 1 1 1 0 1 1 1 0 0 0 0 1 1 1 1
 0 1 1 1 1 0 0 1 1 1 1 0 0 1 1 1 1 1 1 1 1 1 0]
57 40 0 0.26463731432758286 [0 1 0 1 0 1 1 1 1 0 1 1 1 0 0 1 0 1 0 0 1 1 1 1 1 0 1 1 1 0 0 0 0 1 1 1 1
 0 1 1 1 1 0 0 1 1 1 1 0 0 1 1 1 1 1 1 1 1 1 0]
58 40 0 0.26463731432758286 [0 1 0 1 0 1 1 1 1 0 1 1 1 0 0 1 0 1 0 0 1 1 1 1 1 0 1 1 1 0 0 0 0 1 1 1 1
 0 1 1 1 1 0 0 1 1 1 1 0 0 1 1 1 1 1 1 1 1 1 0]
59 40 0 0.26463731432758286 [0 1 0 1 0 1 1 1 1 0 1 1 1 0 0 1 0 1 0 0 1 1 1 1 1 0 1 1 1 0 0 0 0 1 1 1 1
 0 1 1 1 1 0 0 1 1 1 1 0 0 1 1 1 1 1 1 1 1 1 0]
60 40 0 0.26463731432758286 [0 1 0 1 0 1 1 1 1 0 1 1 1 0 0 1 0 1 0 0 1 1 1 1 1 0 1 1 1 0 0 0 0 1 1 1 1
 0 1 1 1 1 0 0 1 1 1 1 0 0 1 1 1 1 1 1 1 1 1 0]
61 40 0 0.26463731432758286 [0 1 0 1 0 1 1 1 1 0 1 1 1 0 0 1 0 1 0 0 1 1 1 1 1 0 1 1 1 0 0 0 0 1 1 1 1
 0 1 1 1 1 0 0 1 1 1 1 0 0 1 1 1 1 1 1 1 1 1 0]
62 40 0 0.26463731432758286 [0 1 0 1 0 1 1 1 1 0 1 1 1 0 0 1 0 1 0 0 1 1 1 1 1 0 1 1 1 0 0 0 0 1 1 1 1
 0 1 1 1 1 0 0 1 1 1 1 0 0 1 1 1 1 1 1 1 1 1 0]
63 40 0 0.26463731432758286 [0 1 0 1 0 1 1 1 1 0 1 1 1 0 0 1 0 1 0 0 1 1 1 1 1 0 1 1 1 0 0 0 0 1 1 1 1
 0 1 1 1 1 0 0 1 1 1 1 0 0 1 1 1 1 1 1 1 1 1 0]
64 40 0 0.26463731432758286 [0 1 0 1 0 1 1 1 1 0 1 1 1 0 0 1 0 1 0 0 1 1 1 1 1 0 1 1 1 0 0 0 0 1 1 1 1
 0 1 1 1 1 0 0 1 1 1 1 0 0 1 1 1 1 1 1 1 1 1 0]
65 40 0 0.26463731432758286 [0 1 0 1 0 1 1 1 1 0 1 1 1 0 0 1 0 1 0 0 1 1 1 1 1 0 1 1 1 0 0 0 0 1 1 1 1
 0 1 1 1 1 0 0 1 1 1 1 0 0 1 1 1 1 1 1 1 1 1 0]
66 40 0 0.26463731432758286 [0 1 0 1 0 1 1 1 1 0 1 1 1 0 0 1 0 1 0 0 1 1 1 1 1 0 1 1 1 0 0 0 0 1 1 1 1
 0 1 1 1 1 0 0 1 1 1 1 0 0 1 1 1 1 1 1 1 1 1 0]
67 40 0 0.26463731432758286 [0 1 0 1 0 1 1 1 1 0 1 1 1 0 0 1 0 1 0 0 1 1 1 1 1 0 1 1 1 0 0 0 0 1 1 1 1
 0 1 1 1 1 0 0 1 1 1 1 0 0 1 1 1 1 1 1 1 1 1 0]
68 40 0 0.26463731432758286 [0 1 0 1 0 1 1 1 1 0 1 1 1 0 0 1 0 1 0 0 1 1 1 1 1 0 1 1 1 0 0 0 0 1 1 1 1
 0 1 1 1 1 0 0 1 1 1 1 0 0 1 1 1 1 1 1 1 1 1 0]
69 40 0 0.26463731432758286 [0 1 0 1 0 1 1 1 1 0 1 1 1 0 0 1 0 1 0 0 1 1 1 1 1 0 1 1 1 0 0 0 0 1 1 1 1
 0 1 1 1 1 0 0 1 1 1 1 0 0 1 1 1 1 1 1 1 1 1 0]
70 40 0 0.26463731432758286 [0 1 0 1 0 1 1 1 1 0 1 1 1 0 0 1 0 1 0 0 1 1 1 1 1 0 1 1 1 0 0 0 0 1 1 1 1
 0 1 1 1 1 0 0 1 1 1 1 0 0 1 1 1 1 1 1 1 1 1 0]
71 40 0 0.26463731432758286 [0 1 0 1 0 1 1 1 1 0 1 1 1 0 0 1 0 1 0 0 1 1 1 1 1 0 1 1 1 0 0 0 0 1 1 1 1
 0 1 1 1 1 0 0 1 1 1 1 0 0 1 1 1 1 1 1 1 1 1 0]
72 40 0 0.26463731432758286 [0 1 0 1 0 1 1 1 1 0 1 1 1 0 0 1 0 1 0 0 1 1 1 1 1 0 1 1 1 0 0 0 0 1 1 1 1
 0 1 1 1 1 0 0 1 1 1 1 0 0 1 1 1 1 1 1 1 1 1 0]
73 40 0 0.26463731432758286 [0 1 0 1 0 1 1 1 1 0 1 1 1 0 0 1 0 1 0 0 1 1 1 1 1 0 1 1 1 0 0 0 0 1 1 1 1
 0 1 1 1 1 0 0 1 1 1 1 0 0 1 1 1 1 1 1 1 1 1 0]
74 40 0 0.26463731432758286 [0 1 0 1 0 1 1 1 1 0 1 1 1 0 0 1 0 1 0 0 1 1 1 1 1 0 1 1 1 0 0 0 0 1 1 1 1
 0 1 1 1 1 0 0 1 1 1 1 0 0 1 1 1 1 1 1 1 1 1 0]
75 40 0 0.26463731432758286 [0 1 0 1 0 1 1 1 1 0 1 1 1 0 0 1 0 1 0 0 1 1 1 1 1 0 1 1 1 0 0 0 0 1 1 1 1
 0 1 1 1 1 0 0 1 1 1 1 0 0 1 1 1 1 1 1 1 1 1 0]
76 40 0 0.26463731432758286 [0 1 0 1 0 1 1 1 1 0 1 1 1 0 0 1 0 1 0 0 1 1 1 1 1 0 1 1 1 0 0 0 0 1 1 1 1
 0 1 1 1 1 0 0 1 1 1 1 0 0 1 1 1 1 1 1 1 1 1 0]
77 40 0 0.26463731432758286 [0 1 0 1 0 1 1 1 1 0 1 1 1 0 0 1 0 1 0 0 1 1 1 1 1 0 1 1 1 0 0 0 0 1 1 1 1
 0 1 1 1 1 0 0 1 1 1 1 0 0 1 1 1 1 1 1 1 1 1 0]
78 40 0 0.26463731432758286 [0 1 0 1 0 1 1 1 1 0 1 1 1 0 0 1 0 1 0 0 1 1 1 1 1 0 1 1 1 0 0 0 0 1 1 1 1
 0 1 1 1 1 0 0 1 1 1 1 0 0 1 1 1 1 1 1 1 1 1 0]
79 40 0 0.26463731432758286 [0 1 0 1 0 1 1 1 1 0 1 1 1 0 0 1 0 1 0 0 1 1 1 1 1 0 1 1 1 0 0 0 0 1 1 1 1
 0 1 1 1 1 0 0 1 1 1 1 0 0 1 1 1 1 1 1 1 1 1 0]
80 40 0 0.26463731432758286 [0 1 0 1 0 1 1 1 1 0 1 1 1 0 0 1 0 1 0 0 1 1 1 1 1 0 1 1 1 0 0 0 0 1 1 1 1
 0 1 1 1 1 0 0 1 1 1 1 0 0 1 1 1 1 1 1 1 1 1 0]
81 40 0 0.26463731432758286 [0 1 0 1 0 1 1 1 1 0 1 1 1 0 0 1 0 1 0 0 1 1 1 1 1 0 1 1 1 0 0 0 0 1 1 1 1
 0 1 1 1 1 0 0 1 1 1 1 0 0 1 1 1 1 1 1 1 1 1 0]
82 40 0 0.26463731432758286 [0 1 0 1 0 1 1 1 1 0 1 1 1 0 0 1 0 1 0 0 1 1 1 1 1 0 1 1 1 0 0 0 0 1 1 1 1
 0 1 1 1 1 0 0 1 1 1 1 0 0 1 1 1 1 1 1 1 1 1 0]
83 40 0 0.26463731432758286 [0 1 0 1 0 1 1 1 1 0 1 1 1 0 0 1 0 1 0 0 1 1 1 1 1 0 1 1 1 0 0 0 0 1 1 1 1
 0 1 1 1 1 0 0 1 1 1 1 0 0 1 1 1 1 1 1 1 1 1 0]
84 40 0 0.26463731432758286 [0 1 0 1 0 1 1 1 1 0 1 1 1 0 0 1 0 1 0 0 1 1 1 1 1 0 1 1 1 0 0 0 0 1 1 1 1
 0 1 1 1 1 0 0 1 1 1 1 0 0 1 1 1 1 1 1 1 1 1 0]
85 40 0 0.26463731432758286 [0 1 0 1 0 1 1 1 1 0 1 1 1 0 0 1 0 1 0 0 1 1 1 1 1 0 1 1 1 0 0 0 0 1 1 1 1
 0 1 1 1 1 0 0 1 1 1 1 0 0 1 1 1 1 1 1 1 1 1 0]
86 40 0 0.26463731432758286 [0 1 0 1 0 1 1 1 1 0 1 1 1 0 0 1 0 1 0 0 1 1 1 1 1 0 1 1 1 0 0 0 0 1 1 1 1
 0 1 1 1 1 0 0 1 1 1 1 0 0 1 1 1 1 1 1 1 1 1 0]
87 40 0 0.26463731432758286 [0 1 0 1 0 1 1 1 1 0 1 1 1 0 0 1 0 1 0 0 1 1 1 1 1 0 1 1 1 0 0 0 0 1 1 1 1
 0 1 1 1 1 0 0 1 1 1 1 0 0 1 1 1 1 1 1 1 1 1 0]
88 40 0 0.26463731432758286 [0 1 0 1 0 1 1 1 1 0 1 1 1 0 0 1 0 1 0 0 1 1 1 1 1 0 1 1 1 0 0 0 0 1 1 1 1
 0 1 1 1 1 0 0 1 1 1 1 0 0 1 1 1 1 1 1 1 1 1 0]
89 40 0 0.26463731432758286 [0 1 0 1 0 1 1 1 1 0 1 1 1 0 0 1 0 1 0 0 1 1 1 1 1 0 1 1 1 0 0 0 0 1 1 1 1
 0 1 1 1 1 0 0 1 1 1 1 0 0 1 1 1 1 1 1 1 1 1 0]
90 40 0 0.26463731432758286 [0 1 0 1 0 1 1 1 1 0 1 1 1 0 0 1 0 1 0 0 1 1 1 1 1 0 1 1 1 0 0 0 0 1 1 1 1
 0 1 1 1 1 0 0 1 1 1 1 0 0 1 1 1 1 1 1 1 1 1 0]
91 40 0 0.26463731432758286 [0 1 0 1 0 1 1 1 1 0 1 1 1 0 0 1 0 1 0 0 1 1 1 1 1 0 1 1 1 0 0 0 0 1 1 1 1
 0 1 1 1 1 0 0 1 1 1 1 0 0 1 1 1 1 1 1 1 1 1 0]
92 40 0 0.26463731432758286 [0 1 0 1 0 1 1 1 1 0 1 1 1 0 0 1 0 1 0 0 1 1 1 1 1 0 1 1 1 0 0 0 0 1 1 1 1
 0 1 1 1 1 0 0 1 1 1 1 0 0 1 1 1 1 1 1 1 1 1 0]
93 40 0 0.26463731432758286 [0 1 0 1 0 1 1 1 1 0 1 1 1 0 0 1 0 1 0 0 1 1 1 1 1 0 1 1 1 0 0 0 0 1 1 1 1
 0 1 1 1 1 0 0 1 1 1 1 0 0 1 1 1 1 1 1 1 1 1 0]
94 40 0 0.26463731432758286 [0 1 0 1 0 1 1 1 1 0 1 1 1 0 0 1 0 1 0 0 1 1 1 1 1 0 1 1 1 0 0 0 0 1 1 1 1
 0 1 1 1 1 0 0 1 1 1 1 0 0 1 1 1 1 1 1 1 1 1 0]
95 40 0 0.26463731432758286 [0 1 0 1 0 1 1 1 1 0 1 1 1 0 0 1 0 1 0 0 1 1 1 1 1 0 1 1 1 0 0 0 0 1 1 1 1
 0 1 1 1 1 0 0 1 1 1 1 0 0 1 1 1 1 1 1 1 1 1 0]
96 40 0 0.26463731432758286 [0 1 0 1 0 1 1 1 1 0 1 1 1 0 0 1 0 1 0 0 1 1 1 1 1 0 1 1 1 0 0 0 0 1 1 1 1
 0 1 1 1 1 0 0 1 1 1 1 0 0 1 1 1 1 1 1 1 1 1 0]
97 40 0 0.26463731432758286 [0 1 0 1 0 1 1 1 1 0 1 1 1 0 0 1 0 1 0 0 1 1 1 1 1 0 1 1 1 0 0 0 0 1 1 1 1
 0 1 1 1 1 0 0 1 1 1 1 0 0 1 1 1 1 1 1 1 1 1 0]
98 40 0 0.26463731432758286 [0 1 0 1 0 1 1 1 1 0 1 1 1 0 0 1 0 1 0 0 1 1 1 1 1 0 1 1 1 0 0 0 0 1 1 1 1
 0 1 1 1 1 0 0 1 1 1 1 0 0 1 1 1 1 1 1 1 1 1 0]
99 40 0 0.26463731432758286 [0 1 0 1 0 1 1 1 1 0 1 1 1 0 0 1 0 1 0 0 1 1 1 1 1 0 1 1 1 0 0 0 0 1 1 1 1
 0 1 1 1 1 0 0 1 1 1 1 0 0 1 1 1 1 1 1 1 1 1 0]
100 40 0 0.26463731432758286 [0 1 0 1 0 1 1 1 1 0 1 1 1 0 0 1 0 1 0 0 1 1 1 1 1 0 1 1 1 0 0 0 0 1 1 1 1
 0 1 1 1 1 0 0 1 1 1 1 0 0 1 1 1 1 1 1 1 1 1 0]
101 40 0 0.26463731432758286 [0 1 0 1 0 1 1 1 1 0 1 1 1 0 0 1 0 1 0 0 1 1 1 1 1 0 1 1 1 0 0 0 0 1 1 1 1
 0 1 1 1 1 0 0 1 1 1 1 0 0 1 1 1 1 1 1 1 1 1 0]
102 40 0 0.26463731432758286 [0 1 0 1 0 1 1 1 1 0 1 1 1 0 0 1 0 1 0 0 1 1 1 1 1 0 1 1 1 0 0 0 0 1 1 1 1
 0 1 1 1 1 0 0 1 1 1 1 0 0 1 1 1 1 1 1 1 1 1 0]
103 40 0 0.26463731432758286 [0 1 0 1 0 1 1 1 1 0 1 1 1 0 0 1 0 1 0 0 1 1 1 1 1 0 1 1 1 0 0 0 0 1 1 1 1
 0 1 1 1 1 0 0 1 1 1 1 0 0 1 1 1 1 1 1 1 1 1 0]
104 40 0 0.26463731432758286 [0 1 0 1 0 1 1 1 1 0 1 1 1 0 0 1 0 1 0 0 1 1 1 1 1 0 1 1 1 0 0 0 0 1 1 1 1
 0 1 1 1 1 0 0 1 1 1 1 0 0 1 1 1 1 1 1 1 1 1 0]
105 40 0 0.26463731432758286 [0 1 0 1 0 1 1 1 1 0 1 1 1 0 0 1 0 1 0 0 1 1 1 1 1 0 1 1 1 0 0 0 0 1 1 1 1
 0 1 1 1 1 0 0 1 1 1 1 0 0 1 1 1 1 1 1 1 1 1 0]
106 40 0 0.26463731432758286 [0 1 0 1 0 1 1 1 1 0 1 1 1 0 0 1 0 1 0 0 1 1 1 1 1 0 1 1 1 0 0 0 0 1 1 1 1
 0 1 1 1 1 0 0 1 1 1 1 0 0 1 1 1 1 1 1 1 1 1 0]
107 40 0 0.26463731432758286 [0 1 0 1 0 1 1 1 1 0 1 1 1 0 0 1 0 1 0 0 1 1 1 1 1 0 1 1 1 0 0 0 0 1 1 1 1
 0 1 1 1 1 0 0 1 1 1 1 0 0 1 1 1 1 1 1 1 1 1 0]
108 40 0 0.26463731432758286 [0 1 0 1 0 1 1 1 1 0 1 1 1 0 0 1 0 1 0 0 1 1 1 1 1 0 1 1 1 0 0 0 0 1 1 1 1
 0 1 1 1 1 0 0 1 1 1 1 0 0 1 1 1 1 1 1 1 1 1 0]
109 40 0 0.26463731432758286 [0 1 0 1 0 1 1 1 1 0 1 1 1 0 0 1 0 1 0 0 1 1 1 1 1 0 1 1 1 0 0 0 0 1 1 1 1
 0 1 1 1 1 0 0 1 1 1 1 0 0 1 1 1 1 1 1 1 1 1 0]
110 40 0 0.26463731432758286 [0 1 0 1 0 1 1 1 1 0 1 1 1 0 0 1 0 1 0 0 1 1 1 1 1 0 1 1 1 0 0 0 0 1 1 1 1
 0 1 1 1 1 0 0 1 1 1 1 0 0 1 1 1 1 1 1 1 1 1 0]
111 40 0 0.26463731432758286 [0 1 0 1 0 1 1 1 1 0 1 1 1 0 0 1 0 1 0 0 1 1 1 1 1 0 1 1 1 0 0 0 0 1 1 1 1
 0 1 1 1 1 0 0 1 1 1 1 0 0 1 1 1 1 1 1 1 1 1 0]
112 40 0 0.26463731432758286 [0 1 0 1 0 1 1 1 1 0 1 1 1 0 0 1 0 1 0 0 1 1 1 1 1 0 1 1 1 0 0 0 0 1 1 1 1
 0 1 1 1 1 0 0 1 1 1 1 0 0 1 1 1 1 1 1 1 1 1 0]
113 40 0 0.26463731432758286 [0 1 0 1 0 1 1 1 1 0 1 1 1 0 0 1 0 1 0 0 1 1 1 1 1 0 1 1 1 0 0 0 0 1 1 1 1
 0 1 1 1 1 0 0 1 1 1 1 0 0 1 1 1 1 1 1 1 1 1 0]
114 40 0 0.26463731432758286 [0 1 0 1 0 1 1 1 1 0 1 1 1 0 0 1 0 1 0 0 1 1 1 1 1 0 1 1 1 0 0 0 0 1 1 1 1
 0 1 1 1 1 0 0 1 1 1 1 0 0 1 1 1 1 1 1 1 1 1 0]
115 40 0 0.26463731432758286 [0 1 0 1 0 1 1 1 1 0 1 1 1 0 0 1 0 1 0 0 1 1 1 1 1 0 1 1 1 0 0 0 0 1 1 1 1
 0 1 1 1 1 0 0 1 1 1 1 0 0 1 1 1 1 1 1 1 1 1 0]
116 40 0 0.26463731432758286 [0 1 0 1 0 1 1 1 1 0 1 1 1 0 0 1 0 1 0 0 1 1 1 1 1 0 1 1 1 0 0 0 0 1 1 1 1
 0 1 1 1 1 0 0 1 1 1 1 0 0 1 1 1 1 1 1 1 1 1 0]
117 40 0 0.26463731432758286 [0 1 0 1 0 1 1 1 1 0 1 1 1 0 0 1 0 1 0 0 1 1 1 1 1 0 1 1 1 0 0 0 0 1 1 1 1
 0 1 1 1 1 0 0 1 1 1 1 0 0 1 1 1 1 1 1 1 1 1 0]
118 40 0 0.26463731432758286 [0 1 0 1 0 1 1 1 1 0 1 1 1 0 0 1 0 1 0 0 1 1 1 1 1 0 1 1 1 0 0 0 0 1 1 1 1
 0 1 1 1 1 0 0 1 1 1 1 0 0 1 1 1 1 1 1 1 1 1 0]
119 40 0 0.26463731432758286 [0 1 0 1 0 1 1 1 1 0 1 1 1 0 0 1 0 1 0 0 1 1 1 1 1 0 1 1 1 0 0 0 0 1 1 1 1
 0 1 1 1 1 0 0 1 1 1 1 0 0 1 1 1 1 1 1 1 1 1 0]
120 40 0 0.26463731432758286 [0 1 0 1 0 1 1 1 1 0 1 1 1 0 0 1 0 1 0 0 1 1 1 1 1 0 1 1 1 0 0 0 0 1 1 1 1
 0 1 1 1 1 0 0 1 1 1 1 0 0 1 1 1 1 1 1 1 1 1 0]
121 40 0 0.26463731432758286 [0 1 0 1 0 1 1 1 1 0 1 1 1 0 0 1 0 1 0 0 1 1 1 1 1 0 1 1 1 0 0 0 0 1 1 1 1
 0 1 1 1 1 0 0 1 1 1 1 0 0 1 1 1 1 1 1 1 1 1 0]
122 40 0 0.26463731432758286 [0 1 0 1 0 1 1 1 1 0 1 1 1 0 0 1 0 1 0 0 1 1 1 1 1 0 1 1 1 0 0 0 0 1 1 1 1
 0 1 1 1 1 0 0 1 1 1 1 0 0 1 1 1 1 1 1 1 1 1 0]
123 40 0 0.26463731432758286 [0 1 0 1 0 1 1 1 1 0 1 1 1 0 0 1 0 1 0 0 1 1 1 1 1 0 1 1 1 0 0 0 0 1 1 1 1
 0 1 1 1 1 0 0 1 1 1 1 0 0 1 1 1 1 1 1 1 1 1 0]
124 40 0 0.26463731432758286 [0 1 0 1 0 1 1 1 1 0 1 1 1 0 0 1 0 1 0 0 1 1 1 1 1 0 1 1 1 0 0 0 0 1 1 1 1
 0 1 1 1 1 0 0 1 1 1 1 0 0 1 1 1 1 1 1 1 1 1 0]
125 40 0 0.26463731432758286 [0 1 0 1 0 1 1 1 1 0 1 1 1 0 0 1 0 1 0 0 1 1 1 1 1 0 1 1 1 0 0 0 0 1 1 1 1
 0 1 1 1 1 0 0 1 1 1 1 0 0 1 1 1 1 1 1 1 1 1 0]
126 40 0 0.26463731432758286 [0 1 0 1 0 1 1 1 1 0 1 1 1 0 0 1 0 1 0 0 1 1 1 1 1 0 1 1 1 0 0 0 0 1 1 1 1
 0 1 1 1 1 0 0 1 1 1 1 0 0 1 1 1 1 1 1 1 1 1 0]
127 40 0 0.26463731432758286 [0 1 0 1 0 1 1 1 1 0 1 1 1 0 0 1 0 1 0 0 1 1 1 1 1 0 1 1 1 0 0 0 0 1 1 1 1
 0 1 1 1 1 0 0 1 1 1 1 0 0 1 1 1 1 1 1 1 1 1 0]
128 40 0 0.26463731432758286 [0 1 0 1 0 1 1 1 1 0 1 1 1 0 0 1 0 1 0 0 1 1 1 1 1 0 1 1 1 0 0 0 0 1 1 1 1
 0 1 1 1 1 0 0 1 1 1 1 0 0 1 1 1 1 1 1 1 1 1 0]
129 40 0 0.26463731432758286 [0 1 0 1 0 1 1 1 1 0 1 1 1 0 0 1 0 1 0 0 1 1 1 1 1 0 1 1 1 0 0 0 0 1 1 1 1
 0 1 1 1 1 0 0 1 1 1 1 0 0 1 1 1 1 1 1 1 1 1 0]
130 40 0 0.26463731432758286 [0 1 0 1 0 1 1 1 1 0 1 1 1 0 0 1 0 1 0 0 1 1 1 1 1 0 1 1 1 0 0 0 0 1 1 1 1
 0 1 1 1 1 0 0 1 1 1 1 0 0 1 1 1 1 1 1 1 1 1 0]
131 40 0 0.26463731432758286 [0 1 0 1 0 1 1 1 1 0 1 1 1 0 0 1 0 1 0 0 1 1 1 1 1 0 1 1 1 0 0 0 0 1 1 1 1
 0 1 1 1 1 0 0 1 1 1 1 0 0 1 1 1 1 1 1 1 1 1 0]
132 40 0 0.26463731432758286 [0 1 0 1 0 1 1 1 1 0 1 1 1 0 0 1 0 1 0 0 1 1 1 1 1 0 1 1 1 0 0 0 0 1 1 1 1
 0 1 1 1 1 0 0 1 1 1 1 0 0 1 1 1 1 1 1 1 1 1 0]
133 40 0 0.26463731432758286 [0 1 0 1 0 1 1 1 1 0 1 1 1 0 0 1 0 1 0 0 1 1 1 1 1 0 1 1 1 0 0 0 0 1 1 1 1
 0 1 1 1 1 0 0 1 1 1 1 0 0 1 1 1 1 1 1 1 1 1 0]
134 40 0 0.26463731432758286 [0 1 0 1 0 1 1 1 1 0 1 1 1 0 0 1 0 1 0 0 1 1 1 1 1 0 1 1 1 0 0 0 0 1 1 1 1
 0 1 1 1 1 0 0 1 1 1 1 0 0 1 1 1 1 1 1 1 1 1 0]
135 40 0 0.26463731432758286 [0 1 0 1 0 1 1 1 1 0 1 1 1 0 0 1 0 1 0 0 1 1 1 1 1 0 1 1 1 0 0 0 0 1 1 1 1
 0 1 1 1 1 0 0 1 1 1 1 0 0 1 1 1 1 1 1 1 1 1 0]
136 40 0 0.26463731432758286 [0 1 0 1 0 1 1 1 1 0 1 1 1 0 0 1 0 1 0 0 1 1 1 1 1 0 1 1 1 0 0 0 0 1 1 1 1
 0 1 1 1 1 0 0 1 1 1 1 0 0 1 1 1 1 1 1 1 1 1 0]
137 40 0 0.26463731432758286 [0 1 0 1 0 1 1 1 1 0 1 1 1 0 0 1 0 1 0 0 1 1 1 1 1 0 1 1 1 0 0 0 0 1 1 1 1
 0 1 1 1 1 0 0 1 1 1 1 0 0 1 1 1 1 1 1 1 1 1 0]
138 40 0 0.26463731432758286 [0 1 0 1 0 1 1 1 1 0 1 1 1 0 0 1 0 1 0 0 1 1 1 1 1 0 1 1 1 0 0 0 0 1 1 1 1
 0 1 1 1 1 0 0 1 1 1 1 0 0 1 1 1 1 1 1 1 1 1 0]
139 40 0 0.26463731432758286 [0 1 0 1 0 1 1 1 1 0 1 1 1 0 0 1 0 1 0 0 1 1 1 1 1 0 1 1 1 0 0 0 0 1 1 1 1
 0 1 1 1 1 0 0 1 1 1 1 0 0 1 1 1 1 1 1 1 1 1 0]
140 40 0 0.26463731432758286 [0 1 0 1 0 1 1 1 1 0 1 1 1 0 0 1 0 1 0 0 1 1 1 1 1 0 1 1 1 0 0 0 0 1 1 1 1
 0 1 1 1 1 0 0 1 1 1 1 0 0 1 1 1 1 1 1 1 1 1 0]
141 40 0 0.26463731432758286 [0 1 0 1 0 1 1 1 1 0 1 1 1 0 0 1 0 1 0 0 1 1 1 1 1 0 1 1 1 0 0 0 0 1 1 1 1
 0 1 1 1 1 0 0 1 1 1 1 0 0 1 1 1 1 1 1 1 1 1 0]
142 40 0 0.26463731432758286 [0 1 0 1 0 1 1 1 1 0 1 1 1 0 0 1 0 1 0 0 1 1 1 1 1 0 1 1 1 0 0 0 0 1 1 1 1
 0 1 1 1 1 0 0 1 1 1 1 0 0 1 1 1 1 1 1 1 1 1 0]
143 40 0 0.26463731432758286 [0 1 0 1 0 1 1 1 1 0 1 1 1 0 0 1 0 1 0 0 1 1 1 1 1 0 1 1 1 0 0 0 0 1 1 1 1
 0 1 1 1 1 0 0 1 1 1 1 0 0 1 1 1 1 1 1 1 1 1 0]
144 40 0 0.26463731432758286 [0 1 0 1 0 1 1 1 1 0 1 1 1 0 0 1 0 1 0 0 1 1 1 1 1 0 1 1 1 0 0 0 0 1 1 1 1
 0 1 1 1 1 0 0 1 1 1 1 0 0 1 1 1 1 1 1 1 1 1 0]
145 40 0 0.26463731432758286 [0 1 0 1 0 1 1 1 1 0 1 1 1 0 0 1 0 1 0 0 1 1 1 1 1 0 1 1 1 0 0 0 0 1 1 1 1
 0 1 1 1 1 0 0 1 1 1 1 0 0 1 1 1 1 1 1 1 1 1 0]
146 40 0 0.26463731432758286 [0 1 0 1 0 1 1 1 1 0 1 1 1 0 0 1 0 1 0 0 1 1 1 1 1 0 1 1 1 0 0 0 0 1 1 1 1
 0 1 1 1 1 0 0 1 1 1 1 0 0 1 1 1 1 1 1 1 1 1 0]
147 40 0 0.26463731432758286 [0 1 0 1 0 1 1 1 1 0 1 1 1 0 0 1 0 1 0 0 1 1 1 1 1 0 1 1 1 0 0 0 0 1 1 1 1
 0 1 1 1 1 0 0 1 1 1 1 0 0 1 1 1 1 1 1 1 1 1 0]
148 40 0 0.26463731432758286 [0 1 0 1 0 1 1 1 1 0 1 1 1 0 0 1 0 1 0 0 1 1 1 1 1 0 1 1 1 0 0 0 0 1 1 1 1
 0 1 1 1 1 0 0 1 1 1 1 0 0 1 1 1 1 1 1 1 1 1 0]
149 40 0 0.26463731432758286 [0 1 0 1 0 1 1 1 1 0 1 1 1 0 0 1 0 1 0 0 1 1 1 1 1 0 1 1 1 0 0 0 0 1 1 1 1
 0 1 1 1 1 0 0 1 1 1 1 0 0 1 1 1 1 1 1 1 1 1 0]
150 40 0 0.26463731432758286 [0 1 0 1 0 1 1 1 1 0 1 1 1 0 0 1 0 1 0 0 1 1 1 1 1 0 1 1 1 0 0 0 0 1 1 1 1
 0 1 1 1 1 0 0 1 1 1 1 0 0 1 1 1 1 1 1 1 1 1 0]
