0 28 100 0.2700710270306661 [0 0 1 1 1 0 0 1 1 1 1 1 0 0 0 0 0 1 0 0 1 1 1 0 0 0 0 0 0 1 0 0 1 1 0 0 1
 0 0 0 1 0 0 1 1 1 0 1 1 0 0 1 0 1 1 0 1 1 1 0]
1 28 38 0.2700710270306661 [0 0 1 1 1 0 0 1 1 1 1 1 0 0 0 0 0 1 0 0 1 1 1 0 0 0 0 0 0 1 0 0 1 1 0 0 1
 0 0 0 1 0 0 1 1 1 0 1 1 0 0 1 0 1 1 0 1 1 1 0]
2 33 22 0.2635630620167899 [1 1 1 0 0 1 0 0 1 0 0 0 0 1 0 0 1 0 0 0 1 0 1 0 1 1 1 0 1 1 1 1 1 0 1 1 0
 1 1 0 0 0 0 0 1 0 1 1 0 1 1 1 1 1 1 1 0 1 1 0]
3 33 14 0.2635630620167899 [1 1 1 0 0 1 0 0 1 0 0 0 0 1 0 0 1 0 0 0 1 0 1 0 1 1 1 0 1 1 1 1 1 0 1 1 0
 1 1 0 0 0 0 0 1 0 1 1 0 1 1 1 1 1 1 1 0 1 1 0]
4 33 10 0.2635630620167899 [1 1 1 0 0 1 0 0 1 0 0 0 0 1 0 0 1 0 0 0 1 0 1 0 1 1 1 0 1 1 1 1 1 0 1 1 0
 1 1 0 0 0 0 0 1 0 1 1 0 1 1 1 1 1 1 1 0 1 1 0]
5 33 11 0.2635630620167899 [1 1 1 0 0 1 0 0 1 0 0 0 0 1 0 0 1 0 0 0 1 0 1 0 1 1 1 0 1 1 1 1 1 0 1 1 0
 1 1 0 0 0 0 0 1 0 1 1 0 1 1 1 1 1 1 1 0 1 1 0]
6 33 9 0.2635630620167899 [1 1 1 0 0 1 0 0 1 0 0 0 0 1 0 0 1 0 0 0 1 0 1 0 1 1 1 0 1 1 1 1 1 0 1 1 0
 1 1 0 0 0 0 0 1 0 1 1 0 1 1 1 1 1 1 1 0 1 1 0]
7 33 1 0.2635630620167899 [1 1 1 0 0 1 0 0 1 0 0 0 0 1 0 0 1 0 0 0 1 0 1 0 1 1 1 0 1 1 1 1 1 0 1 1 0
 1 1 0 0 0 0 0 1 0 1 1 0 1 1 1 1 1 1 1 0 1 1 0]
8 33 3 0.2635630620167899 [1 1 1 0 0 1 0 0 1 0 0 0 0 1 0 0 1 0 0 0 1 0 1 0 1 1 1 0 1 1 1 1 1 0 1 1 0
 1 1 0 0 0 0 0 1 0 1 1 0 1 1 1 1 1 1 1 0 1 1 0]
9 27 7 0.2556541092527739 [0 1 1 1 0 0 0 1 0 0 1 0 0 0 0 0 0 1 0 0 1 1 1 0 0 0 1 0 1 1 0 0 1 1 0 1 1
 0 0 0 1 0 0 0 1 1 0 1 0 0 0 1 1 1 1 0 1 1 1 0]
10 27 4 0.2556541092527739 [0 1 1 1 0 0 0 1 0 0 1 0 0 0 0 0 0 1 0 0 1 1 1 0 0 0 1 0 1 1 0 0 1 1 0 1 1
 0 0 0 1 0 0 0 1 1 0 1 0 0 0 1 1 1 1 0 1 1 1 0]
11 27 5 0.242560865644725 [1 1 1 1 0 1 0 0 0 0 1 0 0 0 0 0 0 1 0 0 1 1 1 0 0 0 1 0 1 0 0 0 1 1 0 1 1
 1 0 0 1 0 0 0 1 0 0 1 0 0 0 1 1 1 1 0 1 1 1 0]
12 27 3 0.242560865644725 [1 1 1 1 0 1 0 0 0 0 1 0 0 0 0 0 0 1 0 0 1 1 1 0 0 0 1 0 1 0 0 0 1 1 0 1 1
 1 0 0 1 0 0 0 1 0 0 1 0 0 0 1 1 1 1 0 1 1 1 0]
13 27 2 0.242560865644725 [1 1 1 1 0 1 0 0 0 0 1 0 0 0 0 0 0 1 0 0 1 1 1 0 0 0 1 0 1 0 0 0 1 1 0 1 1
 1 0 0 1 0 0 0 1 0 0 1 0 0 0 1 1 1 1 0 1 1 1 0]
14 27 1 0.242560865644725 [1 1 1 1 0 1 0 0 0 0 1 0 0 0 0 0 0 1 0 0 1 1 1 0 0 0 1 0 1 0 0 0 1 1 0 1 1
 1 0 0 1 0 0 0 1 0 0 1 0 0 0 1 1 1 1 0 1 1 1 0]
15 27 2 0.242560865644725 [1 1 1 1 0 1 0 0 0 0 1 0 0 0 0 0 0 1 0 0 1 1 1 0 0 0 1 0 1 0 0 0 1 1 0 1 1
 1 0 0 1 0 0 0 1 0 0 1 0 0 0 1 1 1 1 0 1 1 1 0]
16 27 0 0.242560865644725 [1 1 1 1 0 1 0 0 0 0 1 0 0 0 0 0 0 1 0 0 1 1 1 0 0 0 1 0 1 0 0 0 1 1 0 1 1
 1 0 0 1 0 0 0 1 0 0 1 0 0 0 1 1 1 1 0 1 1 1 0]
17 27 1 0.242560865644725 [1 1 1 1 0 1 0 0 0 0 1 0 0 0 0 0 0 1 0 0 1 1 1 0 0 0 1 0 1 0 0 0 1 1 0 1 1
 1 0 0 1 0 0 0 1 0 0 1 0 0 0 1 1 1 1 0 1 1 1 0]
18 27 0 0.242560865644725 [1 1 1 1 0 1 0 0 0 0 1 0 0 0 0 0 0 1 0 0 1 1 1 0 0 0 1 0 1 0 0 0 1 1 0 1 1
 1 0 0 1 0 0 0 1 0 0 1 0 0 0 1 1 1 1 0 1 1 1 0]
19 27 1 0.242560865644725 [1 1 1 1 0 1 0 0 0 0 1 0 0 0 0 0 0 1 0 0 1 1 1 0 0 0 1 0 1 0 0 0 1 1 0 1 1
 1 0 0 1 0 0 0 1 0 0 1 0 0 0 1 1 1 1 0 1 1 1 0]
20 27 0 0.242560865644725 [1 1 1 1 0 1 0 0 0 0 1 0 0 0 0 0 0 1 0 0 1 1 1 0 0 0 1 0 1 0 0 0 1 1 0 1 1
 1 0 0 1 0 0 0 1 0 0 1 0 0 0 1 1 1 1 0 1 1 1 0]
21 27 0 0.242560865644725 [1 1 1 1 0 1 0 0 0 0 1 0 0 0 0 0 0 1 0 0 1 1 1 0 0 0 1 0 1 0 0 0 1 1 0 1 1
 1 0 0 1 0 0 0 1 0 0 1 0 0 0 1 1 1 1 0 1 1 1 0]
22 27 1 0.242560865644725 [1 1 1 1 0 1 0 0 0 0 1 0 0 0 0 0 0 1 0 0 1 1 1 0 0 0 1 0 1 0 0 0 1 1 0 1 1
 1 0 0 1 0 0 0 1 0 0 1 0 0 0 1 1 1 1 0 1 1 1 0]
23 27 0 0.242560865644725 [1 1 1 1 0 1 0 0 0 0 1 0 0 0 0 0 0 1 0 0 1 1 1 0 0 0 1 0 1 0 0 0 1 1 0 1 1
 1 0 0 1 0 0 0 1 0 0 1 0 0 0 1 1 1 1 0 1 1 1 0]
24 27 0 0.242560865644725 [1 1 1 1 0 1 0 0 0 0 1 0 0 0 0 0 0 1 0 0 1 1 1 0 0 0 1 0 1 0 0 0 1 1 0 1 1
 1 0 0 1 0 0 0 1 0 0 1 0 0 0 1 1 1 1 0 1 1 1 0]
25 27 0 0.242560865644725 [1 1 1 1 0 1 0 0 0 0 1 0 0 0 0 0 0 1 0 0 1 1 1 0 0 0 1 0 1 0 0 0 1 1 0 1 1
 1 0 0 1 0 0 0 1 0 0 1 0 0 0 1 1 1 1 0 1 1 1 0]
26 27 0 0.242560865644725 [1 1 1 1 0 1 0 0 0 0 1 0 0 0 0 0 0 1 0 0 1 1 1 0 0 0 1 0 1 0 0 0 1 1 0 1 1
 1 0 0 1 0 0 0 1 0 0 1 0 0 0 1 1 1 1 0 1 1 1 0]
27 27 0 0.242560865644725 [1 1 1 1 0 1 0 0 0 0 1 0 0 0 0 0 0 1 0 0 1 1 1 0 0 0 1 0 1 0 0 0 1 1 0 1 1
 1 0 0 1 0 0 0 1 0 0 1 0 0 0 1 1 1 1 0 1 1 1 0]
28 27 0 0.242560865644725 [1 1 1 1 0 1 0 0 0 0 1 0 0 0 0 0 0 1 0 0 1 1 1 0 0 0 1 0 1 0 0 0 1 1 0 1 1
 1 0 0 1 0 0 0 1 0 0 1 0 0 0 1 1 1 1 0 1 1 1 0]
29 27 0 0.242560865644725 [1 1 1 1 0 1 0 0 0 0 1 0 0 0 0 0 0 1 0 0 1 1 1 0 0 0 1 0 1 0 0 0 1 1 0 1 1
 1 0 0 1 0 0 0 1 0 0 1 0 0 0 1 1 1 1 0 1 1 1 0]
30 27 0 0.242560865644725 [1 1 1 1 0 1 0 0 0 0 1 0 0 0 0 0 0 1 0 0 1 1 1 0 0 0 1 0 1 0 0 0 1 1 0 1 1
 1 0 0 1 0 0 0 1 0 0 1 0 0 0 1 1 1 1 0 1 1 1 0]
31 27 0 0.242560865644725 [1 1 1 1 0 1 0 0 0 0 1 0 0 0 0 0 0 1 0 0 1 1 1 0 0 0 1 0 1 0 0 0 1 1 0 1 1
 1 0 0 1 0 0 0 1 0 0 1 0 0 0 1 1 1 1 0 1 1 1 0]
32 27 0 0.242560865644725 [1 1 1 1 0 1 0 0 0 0 1 0 0 0 0 0 0 1 0 0 1 1 1 0 0 0 1 0 1 0 0 0 1 1 0 1 1
 1 0 0 1 0 0 0 1 0 0 1 0 0 0 1 1 1 1 0 1 1 1 0]
33 27 0 0.242560865644725 [1 1 1 1 0 1 0 0 0 0 1 0 0 0 0 0 0 1 0 0 1 1 1 0 0 0 1 0 1 0 0 0 1 1 0 1 1
 1 0 0 1 0 0 0 1 0 0 1 0 0 0 1 1 1 1 0 1 1 1 0]
34 27 0 0.242560865644725 [1 1 1 1 0 1 0 0 0 0 1 0 0 0 0 0 0 1 0 0 1 1 1 0 0 0 1 0 1 0 0 0 1 1 0 1 1
 1 0 0 1 0 0 0 1 0 0 1 0 0 0 1 1 1 1 0 1 1 1 0]
35 27 0 0.242560865644725 [1 1 1 1 0 1 0 0 0 0 1 0 0 0 0 0 0 1 0 0 1 1 1 0 0 0 1 0 1 0 0 0 1 1 0 1 1
 1 0 0 1 0 0 0 1 0 0 1 0 0 0 1 1 1 1 0 1 1 1 0]
36 27 0 0.242560865644725 [1 1 1 1 0 1 0 0 0 0 1 0 0 0 0 0 0 1 0 0 1 1 1 0 0 0 1 0 1 0 0 0 1 1 0 1 1
 1 0 0 1 0 0 0 1 0 0 1 0 0 0 1 1 1 1 0 1 1 1 0]
37 27 0 0.242560865644725 [1 1 1 1 0 1 0 0 0 0 1 0 0 0 0 0 0 1 0 0 1 1 1 0 0 0 1 0 1 0 0 0 1 1 0 1 1
 1 0 0 1 0 0 0 1 0 0 1 0 0 0 1 1 1 1 0 1 1 1 0]
38 27 0 0.242560865644725 [1 1 1 1 0 1 0 0 0 0 1 0 0 0 0 0 0 1 0 0 1 1 1 0 0 0 1 0 1 0 0 0 1 1 0 1 1
 1 0 0 1 0 0 0 1 0 0 1 0 0 0 1 1 1 1 0 1 1 1 0]
39 27 0 0.242560865644725 [1 1 1 1 0 1 0 0 0 0 1 0 0 0 0 0 0 1 0 0 1 1 1 0 0 0 1 0 1 0 0 0 1 1 0 1 1
 1 0 0 1 0 0 0 1 0 0 1 0 0 0 1 1 1 1 0 1 1 1 0]
40 27 0 0.242560865644725 [1 1 1 1 0 1 0 0 0 0 1 0 0 0 0 0 0 1 0 0 1 1 1 0 0 0 1 0 1 0 0 0 1 1 0 1 1
 1 0 0 1 0 0 0 1 0 0 1 0 0 0 1 1 1 1 0 1 1 1 0]
41 27 0 0.242560865644725 [1 1 1 1 0 1 0 0 0 0 1 0 0 0 0 0 0 1 0 0 1 1 1 0 0 0 1 0 1 0 0 0 1 1 0 1 1
 1 0 0 1 0 0 0 1 0 0 1 0 0 0 1 1 1 1 0 1 1 1 0]
42 27 0 0.242560865644725 [1 1 1 1 0 1 0 0 0 0 1 0 0 0 0 0 0 1 0 0 1 1 1 0 0 0 1 0 1 0 0 0 1 1 0 1 1
 1 0 0 1 0 0 0 1 0 0 1 0 0 0 1 1 1 1 0 1 1 1 0]
43 27 0 0.242560865644725 [1 1 1 1 0 1 0 0 0 0 1 0 0 0 0 0 0 1 0 0 1 1 1 0 0 0 1 0 1 0 0 0 1 1 0 1 1
 1 0 0 1 0 0 0 1 0 0 1 0 0 0 1 1 1 1 0 1 1 1 0]
44 27 0 0.242560865644725 [1 1 1 1 0 1 0 0 0 0 1 0 0 0 0 0 0 1 0 0 1 1 1 0 0 0 1 0 1 0 0 0 1 1 0 1 1
 1 0 0 1 0 0 0 1 0 0 1 0 0 0 1 1 1 1 0 1 1 1 0]
45 27 0 0.242560865644725 [1 1 1 1 0 1 0 0 0 0 1 0 0 0 0 0 0 1 0 0 1 1 1 0 0 0 1 0 1 0 0 0 1 1 0 1 1
 1 0 0 1 0 0 0 1 0 0 1 0 0 0 1 1 1 1 0 1 1 1 0]
46 27 0 0.242560865644725 [1 1 1 1 0 1 0 0 0 0 1 0 0 0 0 0 0 1 0 0 1 1 1 0 0 0 1 0 1 0 0 0 1 1 0 1 1
 1 0 0 1 0 0 0 1 0 0 1 0 0 0 1 1 1 1 0 1 1 1 0]
47 27 0 0.242560865644725 [1 1 1 1 0 1 0 0 0 0 1 0 0 0 0 0 0 1 0 0 1 1 1 0 0 0 1 0 1 0 0 0 1 1 0 1 1
 1 0 0 1 0 0 0 1 0 0 1 0 0 0 1 1 1 1 0 1 1 1 0]
48 27 0 0.242560865644725 [1 1 1 1 0 1 0 0 0 0 1 0 0 0 0 0 0 1 0 0 1 1 1 0 0 0 1 0 1 0 0 0 1 1 0 1 1
 1 0 0 1 0 0 0 1 0 0 1 0 0 0 1 1 1 1 0 1 1 1 0]
49 27 0 0.242560865644725 [1 1 1 1 0 1 0 0 0 0 1 0 0 0 0 0 0 1 0 0 1 1 1 0 0 0 1 0 1 0 0 0 1 1 0 1 1
 1 0 0 1 0 0 0 1 0 0 1 0 0 0 1 1 1 1 0 1 1 1 0]
50 27 0 0.242560865644725 [1 1 1 1 0 1 0 0 0 0 1 0 0 0 0 0 0 1 0 0 1 1 1 0 0 0 1 0 1 0 0 0 1 1 0 1 1
 1 0 0 1 0 0 0 1 0 0 1 0 0 0 1 1 1 1 0 1 1 1 0]
51 27 0 0.242560865644725 [1 1 1 1 0 1 0 0 0 0 1 0 0 0 0 0 0 1 0 0 1 1 1 0 0 0 1 0 1 0 0 0 1 1 0 1 1
 1 0 0 1 0 0 0 1 0 0 1 0 0 0 1 1 1 1 0 1 1 1 0]
52 27 0 0.242560865644725 [1 1 1 1 0 1 0 0 0 0 1 0 0 0 0 0 0 1 0 0 1 1 1 0 0 0 1 0 1 0 0 0 1 1 0 1 1
 1 0 0 1 0 0 0 1 0 0 1 0 0 0 1 1 1 1 0 1 1 1 0]
53 27 0 0.242560865644725 [1 1 1 1 0 1 0 0 0 0 1 0 0 0 0 0 0 1 0 0 1 1 1 0 0 0 1 0 1 0 0 0 1 1 0 1 1
 1 0 0 1 0 0 0 1 0 0 1 0 0 0 1 1 1 1 0 1 1 1 0]
54 27 0 0.242560865644725 [1 1 1 1 0 1 0 0 0 0 1 0 0 0 0 0 0 1 0 0 1 1 1 0 0 0 1 0 1 0 0 0 1 1 0 1 1
 1 0 0 1 0 0 0 1 0 0 1 0 0 0 1 1 1 1 0 1 1 1 0]
55 27 0 0.242560865644725 [1 1 1 1 0 1 0 0 0 0 1 0 0 0 0 0 0 1 0 0 1 1 1 0 0 0 1 0 1 0 0 0 1 1 0 1 1
 1 0 0 1 0 0 0 1 0 0 1 0 0 0 1 1 1 1 0 1 1 1 0]
56 27 0 0.242560865644725 [1 1 1 1 0 1 0 0 0 0 1 0 0 0 0 0 0 1 0 0 1 1 1 0 0 0 1 0 1 0 0 0 1 1 0 1 1
 1 0 0 1 0 0 0 1 0 0 1 0 0 0 1 1 1 1 0 1 1 1 0]
57 27 0 0.242560865644725 [1 1 1 1 0 1 0 0 0 0 1 0 0 0 0 0 0 1 0 0 1 1 1 0 0 0 1 0 1 0 0 0 1 1 0 1 1
 1 0 0 1 0 0 0 1 0 0 1 0 0 0 1 1 1 1 0 1 1 1 0]
58 27 0 0.242560865644725 [1 1 1 1 0 1 0 0 0 0 1 0 0 0 0 0 0 1 0 0 1 1 1 0 0 0 1 0 1 0 0 0 1 1 0 1 1
 1 0 0 1 0 0 0 1 0 0 1 0 0 0 1 1 1 1 0 1 1 1 0]
59 27 0 0.242560865644725 [1 1 1 1 0 1 0 0 0 0 1 0 0 0 0 0 0 1 0 0 1 1 1 0 0 0 1 0 1 0 0 0 1 1 0 1 1
 1 0 0 1 0 0 0 1 0 0 1 0 0 0 1 1 1 1 0 1 1 1 0]
60 27 0 0.242560865644725 [1 1 1 1 0 1 0 0 0 0 1 0 0 0 0 0 0 1 0 0 1 1 1 0 0 0 1 0 1 0 0 0 1 1 0 1 1
 1 0 0 1 0 0 0 1 0 0 1 0 0 0 1 1 1 1 0 1 1 1 0]
61 27 0 0.242560865644725 [1 1 1 1 0 1 0 0 0 0 1 0 0 0 0 0 0 1 0 0 1 1 1 0 0 0 1 0 1 0 0 0 1 1 0 1 1
 1 0 0 1 0 0 0 1 0 0 1 0 0 0 1 1 1 1 0 1 1 1 0]
62 27 0 0.242560865644725 [1 1 1 1 0 1 0 0 0 0 1 0 0 0 0 0 0 1 0 0 1 1 1 0 0 0 1 0 1 0 0 0 1 1 0 1 1
 1 0 0 1 0 0 0 1 0 0 1 0 0 0 1 1 1 1 0 1 1 1 0]
63 27 0 0.242560865644725 [1 1 1 1 0 1 0 0 0 0 1 0 0 0 0 0 0 1 0 0 1 1 1 0 0 0 1 0 1 0 0 0 1 1 0 1 1
 1 0 0 1 0 0 0 1 0 0 1 0 0 0 1 1 1 1 0 1 1 1 0]
64 27 0 0.242560865644725 [1 1 1 1 0 1 0 0 0 0 1 0 0 0 0 0 0 1 0 0 1 1 1 0 0 0 1 0 1 0 0 0 1 1 0 1 1
 1 0 0 1 0 0 0 1 0 0 1 0 0 0 1 1 1 1 0 1 1 1 0]
65 27 0 0.242560865644725 [1 1 1 1 0 1 0 0 0 0 1 0 0 0 0 0 0 1 0 0 1 1 1 0 0 0 1 0 1 0 0 0 1 1 0 1 1
 1 0 0 1 0 0 0 1 0 0 1 0 0 0 1 1 1 1 0 1 1 1 0]
66 27 0 0.242560865644725 [1 1 1 1 0 1 0 0 0 0 1 0 0 0 0 0 0 1 0 0 1 1 1 0 0 0 1 0 1 0 0 0 1 1 0 1 1
 1 0 0 1 0 0 0 1 0 0 1 0 0 0 1 1 1 1 0 1 1 1 0]
67 27 0 0.242560865644725 [1 1 1 1 0 1 0 0 0 0 1 0 0 0 0 0 0 1 0 0 1 1 1 0 0 0 1 0 1 0 0 0 1 1 0 1 1
 1 0 0 1 0 0 0 1 0 0 1 0 0 0 1 1 1 1 0 1 1 1 0]
68 27 0 0.242560865644725 [1 1 1 1 0 1 0 0 0 0 1 0 0 0 0 0 0 1 0 0 1 1 1 0 0 0 1 0 1 0 0 0 1 1 0 1 1
 1 0 0 1 0 0 0 1 0 0 1 0 0 0 1 1 1 1 0 1 1 1 0]
69 27 0 0.242560865644725 [1 1 1 1 0 1 0 0 0 0 1 0 0 0 0 0 0 1 0 0 1 1 1 0 0 0 1 0 1 0 0 0 1 1 0 1 1
 1 0 0 1 0 0 0 1 0 0 1 0 0 0 1 1 1 1 0 1 1 1 0]
70 27 0 0.242560865644725 [1 1 1 1 0 1 0 0 0 0 1 0 0 0 0 0 0 1 0 0 1 1 1 0 0 0 1 0 1 0 0 0 1 1 0 1 1
 1 0 0 1 0 0 0 1 0 0 1 0 0 0 1 1 1 1 0 1 1 1 0]
71 27 0 0.242560865644725 [1 1 1 1 0 1 0 0 0 0 1 0 0 0 0 0 0 1 0 0 1 1 1 0 0 0 1 0 1 0 0 0 1 1 0 1 1
 1 0 0 1 0 0 0 1 0 0 1 0 0 0 1 1 1 1 0 1 1 1 0]
72 27 0 0.242560865644725 [1 1 1 1 0 1 0 0 0 0 1 0 0 0 0 0 0 1 0 0 1 1 1 0 0 0 1 0 1 0 0 0 1 1 0 1 1
 1 0 0 1 0 0 0 1 0 0 1 0 0 0 1 1 1 1 0 1 1 1 0]
73 27 0 0.242560865644725 [1 1 1 1 0 1 0 0 0 0 1 0 0 0 0 0 0 1 0 0 1 1 1 0 0 0 1 0 1 0 0 0 1 1 0 1 1
 1 0 0 1 0 0 0 1 0 0 1 0 0 0 1 1 1 1 0 1 1 1 0]
74 27 0 0.242560865644725 [1 1 1 1 0 1 0 0 0 0 1 0 0 0 0 0 0 1 0 0 1 1 1 0 0 0 1 0 1 0 0 0 1 1 0 1 1
 1 0 0 1 0 0 0 1 0 0 1 0 0 0 1 1 1 1 0 1 1 1 0]
75 27 0 0.242560865644725 [1 1 1 1 0 1 0 0 0 0 1 0 0 0 0 0 0 1 0 0 1 1 1 0 0 0 1 0 1 0 0 0 1 1 0 1 1
 1 0 0 1 0 0 0 1 0 0 1 0 0 0 1 1 1 1 0 1 1 1 0]
76 27 0 0.242560865644725 [1 1 1 1 0 1 0 0 0 0 1 0 0 0 0 0 0 1 0 0 1 1 1 0 0 0 1 0 1 0 0 0 1 1 0 1 1
 1 0 0 1 0 0 0 1 0 0 1 0 0 0 1 1 1 1 0 1 1 1 0]
77 27 0 0.242560865644725 [1 1 1 1 0 1 0 0 0 0 1 0 0 0 0 0 0 1 0 0 1 1 1 0 0 0 1 0 1 0 0 0 1 1 0 1 1
 1 0 0 1 0 0 0 1 0 0 1 0 0 0 1 1 1 1 0 1 1 1 0]
78 27 0 0.242560865644725 [1 1 1 1 0 1 0 0 0 0 1 0 0 0 0 0 0 1 0 0 1 1 1 0 0 0 1 0 1 0 0 0 1 1 0 1 1
 1 0 0 1 0 0 0 1 0 0 1 0 0 0 1 1 1 1 0 1 1 1 0]
79 27 0 0.242560865644725 [1 1 1 1 0 1 0 0 0 0 1 0 0 0 0 0 0 1 0 0 1 1 1 0 0 0 1 0 1 0 0 0 1 1 0 1 1
 1 0 0 1 0 0 0 1 0 0 1 0 0 0 1 1 1 1 0 1 1 1 0]
80 27 0 0.242560865644725 [1 1 1 1 0 1 0 0 0 0 1 0 0 0 0 0 0 1 0 0 1 1 1 0 0 0 1 0 1 0 0 0 1 1 0 1 1
 1 0 0 1 0 0 0 1 0 0 1 0 0 0 1 1 1 1 0 1 1 1 0]
81 27 0 0.242560865644725 [1 1 1 1 0 1 0 0 0 0 1 0 0 0 0 0 0 1 0 0 1 1 1 0 0 0 1 0 1 0 0 0 1 1 0 1 1
 1 0 0 1 0 0 0 1 0 0 1 0 0 0 1 1 1 1 0 1 1 1 0]
82 27 0 0.242560865644725 [1 1 1 1 0 1 0 0 0 0 1 0 0 0 0 0 0 1 0 0 1 1 1 0 0 0 1 0 1 0 0 0 1 1 0 1 1
 1 0 0 1 0 0 0 1 0 0 1 0 0 0 1 1 1 1 0 1 1 1 0]
83 27 0 0.242560865644725 [1 1 1 1 0 1 0 0 0 0 1 0 0 0 0 0 0 1 0 0 1 1 1 0 0 0 1 0 1 0 0 0 1 1 0 1 1
 1 0 0 1 0 0 0 1 0 0 1 0 0 0 1 1 1 1 0 1 1 1 0]
84 27 0 0.242560865644725 [1 1 1 1 0 1 0 0 0 0 1 0 0 0 0 0 0 1 0 0 1 1 1 0 0 0 1 0 1 0 0 0 1 1 0 1 1
 1 0 0 1 0 0 0 1 0 0 1 0 0 0 1 1 1 1 0 1 1 1 0]
85 27 0 0.242560865644725 [1 1 1 1 0 1 0 0 0 0 1 0 0 0 0 0 0 1 0 0 1 1 1 0 0 0 1 0 1 0 0 0 1 1 0 1 1
 1 0 0 1 0 0 0 1 0 0 1 0 0 0 1 1 1 1 0 1 1 1 0]
86 27 0 0.242560865644725 [1 1 1 1 0 1 0 0 0 0 1 0 0 0 0 0 0 1 0 0 1 1 1 0 0 0 1 0 1 0 0 0 1 1 0 1 1
 1 0 0 1 0 0 0 1 0 0 1 0 0 0 1 1 1 1 0 1 1 1 0]
87 27 0 0.242560865644725 [1 1 1 1 0 1 0 0 0 0 1 0 0 0 0 0 0 1 0 0 1 1 1 0 0 0 1 0 1 0 0 0 1 1 0 1 1
 1 0 0 1 0 0 0 1 0 0 1 0 0 0 1 1 1 1 0 1 1 1 0]
88 27 0 0.242560865644725 [1 1 1 1 0 1 0 0 0 0 1 0 0 0 0 0 0 1 0 0 1 1 1 0 0 0 1 0 1 0 0 0 1 1 0 1 1
 1 0 0 1 0 0 0 1 0 0 1 0 0 0 1 1 1 1 0 1 1 1 0]
89 27 0 0.242560865644725 [1 1 1 1 0 1 0 0 0 0 1 0 0 0 0 0 0 1 0 0 1 1 1 0 0 0 1 0 1 0 0 0 1 1 0 1 1
 1 0 0 1 0 0 0 1 0 0 1 0 0 0 1 1 1 1 0 1 1 1 0]
90 27 0 0.242560865644725 [1 1 1 1 0 1 0 0 0 0 1 0 0 0 0 0 0 1 0 0 1 1 1 0 0 0 1 0 1 0 0 0 1 1 0 1 1
 1 0 0 1 0 0 0 1 0 0 1 0 0 0 1 1 1 1 0 1 1 1 0]
91 27 0 0.242560865644725 [1 1 1 1 0 1 0 0 0 0 1 0 0 0 0 0 0 1 0 0 1 1 1 0 0 0 1 0 1 0 0 0 1 1 0 1 1
 1 0 0 1 0 0 0 1 0 0 1 0 0 0 1 1 1 1 0 1 1 1 0]
92 27 0 0.242560865644725 [1 1 1 1 0 1 0 0 0 0 1 0 0 0 0 0 0 1 0 0 1 1 1 0 0 0 1 0 1 0 0 0 1 1 0 1 1
 1 0 0 1 0 0 0 1 0 0 1 0 0 0 1 1 1 1 0 1 1 1 0]
93 27 0 0.242560865644725 [1 1 1 1 0 1 0 0 0 0 1 0 0 0 0 0 0 1 0 0 1 1 1 0 0 0 1 0 1 0 0 0 1 1 0 1 1
 1 0 0 1 0 0 0 1 0 0 1 0 0 0 1 1 1 1 0 1 1 1 0]
94 27 0 0.242560865644725 [1 1 1 1 0 1 0 0 0 0 1 0 0 0 0 0 0 1 0 0 1 1 1 0 0 0 1 0 1 0 0 0 1 1 0 1 1
 1 0 0 1 0 0 0 1 0 0 1 0 0 0 1 1 1 1 0 1 1 1 0]
95 27 0 0.242560865644725 [1 1 1 1 0 1 0 0 0 0 1 0 0 0 0 0 0 1 0 0 1 1 1 0 0 0 1 0 1 0 0 0 1 1 0 1 1
 1 0 0 1 0 0 0 1 0 0 1 0 0 0 1 1 1 1 0 1 1 1 0]
96 27 0 0.242560865644725 [1 1 1 1 0 1 0 0 0 0 1 0 0 0 0 0 0 1 0 0 1 1 1 0 0 0 1 0 1 0 0 0 1 1 0 1 1
 1 0 0 1 0 0 0 1 0 0 1 0 0 0 1 1 1 1 0 1 1 1 0]
97 27 0 0.242560865644725 [1 1 1 1 0 1 0 0 0 0 1 0 0 0 0 0 0 1 0 0 1 1 1 0 0 0 1 0 1 0 0 0 1 1 0 1 1
 1 0 0 1 0 0 0 1 0 0 1 0 0 0 1 1 1 1 0 1 1 1 0]
98 27 0 0.242560865644725 [1 1 1 1 0 1 0 0 0 0 1 0 0 0 0 0 0 1 0 0 1 1 1 0 0 0 1 0 1 0 0 0 1 1 0 1 1
 1 0 0 1 0 0 0 1 0 0 1 0 0 0 1 1 1 1 0 1 1 1 0]
99 27 0 0.242560865644725 [1 1 1 1 0 1 0 0 0 0 1 0 0 0 0 0 0 1 0 0 1 1 1 0 0 0 1 0 1 0 0 0 1 1 0 1 1
 1 0 0 1 0 0 0 1 0 0 1 0 0 0 1 1 1 1 0 1 1 1 0]
100 27 0 0.242560865644725 [1 1 1 1 0 1 0 0 0 0 1 0 0 0 0 0 0 1 0 0 1 1 1 0 0 0 1 0 1 0 0 0 1 1 0 1 1
 1 0 0 1 0 0 0 1 0 0 1 0 0 0 1 1 1 1 0 1 1 1 0]
101 27 0 0.242560865644725 [1 1 1 1 0 1 0 0 0 0 1 0 0 0 0 0 0 1 0 0 1 1 1 0 0 0 1 0 1 0 0 0 1 1 0 1 1
 1 0 0 1 0 0 0 1 0 0 1 0 0 0 1 1 1 1 0 1 1 1 0]
102 27 0 0.242560865644725 [1 1 1 1 0 1 0 0 0 0 1 0 0 0 0 0 0 1 0 0 1 1 1 0 0 0 1 0 1 0 0 0 1 1 0 1 1
 1 0 0 1 0 0 0 1 0 0 1 0 0 0 1 1 1 1 0 1 1 1 0]
103 27 0 0.242560865644725 [1 1 1 1 0 1 0 0 0 0 1 0 0 0 0 0 0 1 0 0 1 1 1 0 0 0 1 0 1 0 0 0 1 1 0 1 1
 1 0 0 1 0 0 0 1 0 0 1 0 0 0 1 1 1 1 0 1 1 1 0]
104 27 0 0.242560865644725 [1 1 1 1 0 1 0 0 0 0 1 0 0 0 0 0 0 1 0 0 1 1 1 0 0 0 1 0 1 0 0 0 1 1 0 1 1
 1 0 0 1 0 0 0 1 0 0 1 0 0 0 1 1 1 1 0 1 1 1 0]
105 27 0 0.242560865644725 [1 1 1 1 0 1 0 0 0 0 1 0 0 0 0 0 0 1 0 0 1 1 1 0 0 0 1 0 1 0 0 0 1 1 0 1 1
 1 0 0 1 0 0 0 1 0 0 1 0 0 0 1 1 1 1 0 1 1 1 0]
106 27 0 0.242560865644725 [1 1 1 1 0 1 0 0 0 0 1 0 0 0 0 0 0 1 0 0 1 1 1 0 0 0 1 0 1 0 0 0 1 1 0 1 1
 1 0 0 1 0 0 0 1 0 0 1 0 0 0 1 1 1 1 0 1 1 1 0]
107 27 0 0.242560865644725 [1 1 1 1 0 1 0 0 0 0 1 0 0 0 0 0 0 1 0 0 1 1 1 0 0 0 1 0 1 0 0 0 1 1 0 1 1
 1 0 0 1 0 0 0 1 0 0 1 0 0 0 1 1 1 1 0 1 1 1 0]
108 27 0 0.242560865644725 [1 1 1 1 0 1 0 0 0 0 1 0 0 0 0 0 0 1 0 0 1 1 1 0 0 0 1 0 1 0 0 0 1 1 0 1 1
 1 0 0 1 0 0 0 1 0 0 1 0 0 0 1 1 1 1 0 1 1 1 0]
109 27 0 0.242560865644725 [1 1 1 1 0 1 0 0 0 0 1 0 0 0 0 0 0 1 0 0 1 1 1 0 0 0 1 0 1 0 0 0 1 1 0 1 1
 1 0 0 1 0 0 0 1 0 0 1 0 0 0 1 1 1 1 0 1 1 1 0]
110 27 0 0.242560865644725 [1 1 1 1 0 1 0 0 0 0 1 0 0 0 0 0 0 1 0 0 1 1 1 0 0 0 1 0 1 0 0 0 1 1 0 1 1
 1 0 0 1 0 0 0 1 0 0 1 0 0 0 1 1 1 1 0 1 1 1 0]
111 27 0 0.242560865644725 [1 1 1 1 0 1 0 0 0 0 1 0 0 0 0 0 0 1 0 0 1 1 1 0 0 0 1 0 1 0 0 0 1 1 0 1 1
 1 0 0 1 0 0 0 1 0 0 1 0 0 0 1 1 1 1 0 1 1 1 0]
112 27 0 0.242560865644725 [1 1 1 1 0 1 0 0 0 0 1 0 0 0 0 0 0 1 0 0 1 1 1 0 0 0 1 0 1 0 0 0 1 1 0 1 1
 1 0 0 1 0 0 0 1 0 0 1 0 0 0 1 1 1 1 0 1 1 1 0]
113 27 0 0.242560865644725 [1 1 1 1 0 1 0 0 0 0 1 0 0 0 0 0 0 1 0 0 1 1 1 0 0 0 1 0 1 0 0 0 1 1 0 1 1
 1 0 0 1 0 0 0 1 0 0 1 0 0 0 1 1 1 1 0 1 1 1 0]
114 27 0 0.242560865644725 [1 1 1 1 0 1 0 0 0 0 1 0 0 0 0 0 0 1 0 0 1 1 1 0 0 0 1 0 1 0 0 0 1 1 0 1 1
 1 0 0 1 0 0 0 1 0 0 1 0 0 0 1 1 1 1 0 1 1 1 0]
115 27 0 0.242560865644725 [1 1 1 1 0 1 0 0 0 0 1 0 0 0 0 0 0 1 0 0 1 1 1 0 0 0 1 0 1 0 0 0 1 1 0 1 1
 1 0 0 1 0 0 0 1 0 0 1 0 0 0 1 1 1 1 0 1 1 1 0]
116 27 0 0.242560865644725 [1 1 1 1 0 1 0 0 0 0 1 0 0 0 0 0 0 1 0 0 1 1 1 0 0 0 1 0 1 0 0 0 1 1 0 1 1
 1 0 0 1 0 0 0 1 0 0 1 0 0 0 1 1 1 1 0 1 1 1 0]
117 27 0 0.242560865644725 [1 1 1 1 0 1 0 0 0 0 1 0 0 0 0 0 0 1 0 0 1 1 1 0 0 0 1 0 1 0 0 0 1 1 0 1 1
 1 0 0 1 0 0 0 1 0 0 1 0 0 0 1 1 1 1 0 1 1 1 0]
118 27 0 0.242560865644725 [1 1 1 1 0 1 0 0 0 0 1 0 0 0 0 0 0 1 0 0 1 1 1 0 0 0 1 0 1 0 0 0 1 1 0 1 1
 1 0 0 1 0 0 0 1 0 0 1 0 0 0 1 1 1 1 0 1 1 1 0]
119 27 0 0.242560865644725 [1 1 1 1 0 1 0 0 0 0 1 0 0 0 0 0 0 1 0 0 1 1 1 0 0 0 1 0 1 0 0 0 1 1 0 1 1
 1 0 0 1 0 0 0 1 0 0 1 0 0 0 1 1 1 1 0 1 1 1 0]
120 27 0 0.242560865644725 [1 1 1 1 0 1 0 0 0 0 1 0 0 0 0 0 0 1 0 0 1 1 1 0 0 0 1 0 1 0 0 0 1 1 0 1 1
 1 0 0 1 0 0 0 1 0 0 1 0 0 0 1 1 1 1 0 1 1 1 0]
121 27 0 0.242560865644725 [1 1 1 1 0 1 0 0 0 0 1 0 0 0 0 0 0 1 0 0 1 1 1 0 0 0 1 0 1 0 0 0 1 1 0 1 1
 1 0 0 1 0 0 0 1 0 0 1 0 0 0 1 1 1 1 0 1 1 1 0]
122 27 0 0.242560865644725 [1 1 1 1 0 1 0 0 0 0 1 0 0 0 0 0 0 1 0 0 1 1 1 0 0 0 1 0 1 0 0 0 1 1 0 1 1
 1 0 0 1 0 0 0 1 0 0 1 0 0 0 1 1 1 1 0 1 1 1 0]
123 27 0 0.242560865644725 [1 1 1 1 0 1 0 0 0 0 1 0 0 0 0 0 0 1 0 0 1 1 1 0 0 0 1 0 1 0 0 0 1 1 0 1 1
 1 0 0 1 0 0 0 1 0 0 1 0 0 0 1 1 1 1 0 1 1 1 0]
124 27 0 0.242560865644725 [1 1 1 1 0 1 0 0 0 0 1 0 0 0 0 0 0 1 0 0 1 1 1 0 0 0 1 0 1 0 0 0 1 1 0 1 1
 1 0 0 1 0 0 0 1 0 0 1 0 0 0 1 1 1 1 0 1 1 1 0]
125 27 0 0.242560865644725 [1 1 1 1 0 1 0 0 0 0 1 0 0 0 0 0 0 1 0 0 1 1 1 0 0 0 1 0 1 0 0 0 1 1 0 1 1
 1 0 0 1 0 0 0 1 0 0 1 0 0 0 1 1 1 1 0 1 1 1 0]
126 27 0 0.242560865644725 [1 1 1 1 0 1 0 0 0 0 1 0 0 0 0 0 0 1 0 0 1 1 1 0 0 0 1 0 1 0 0 0 1 1 0 1 1
 1 0 0 1 0 0 0 1 0 0 1 0 0 0 1 1 1 1 0 1 1 1 0]
127 27 0 0.242560865644725 [1 1 1 1 0 1 0 0 0 0 1 0 0 0 0 0 0 1 0 0 1 1 1 0 0 0 1 0 1 0 0 0 1 1 0 1 1
 1 0 0 1 0 0 0 1 0 0 1 0 0 0 1 1 1 1 0 1 1 1 0]
128 27 0 0.242560865644725 [1 1 1 1 0 1 0 0 0 0 1 0 0 0 0 0 0 1 0 0 1 1 1 0 0 0 1 0 1 0 0 0 1 1 0 1 1
 1 0 0 1 0 0 0 1 0 0 1 0 0 0 1 1 1 1 0 1 1 1 0]
129 27 0 0.242560865644725 [1 1 1 1 0 1 0 0 0 0 1 0 0 0 0 0 0 1 0 0 1 1 1 0 0 0 1 0 1 0 0 0 1 1 0 1 1
 1 0 0 1 0 0 0 1 0 0 1 0 0 0 1 1 1 1 0 1 1 1 0]
130 27 0 0.242560865644725 [1 1 1 1 0 1 0 0 0 0 1 0 0 0 0 0 0 1 0 0 1 1 1 0 0 0 1 0 1 0 0 0 1 1 0 1 1
 1 0 0 1 0 0 0 1 0 0 1 0 0 0 1 1 1 1 0 1 1 1 0]
131 27 0 0.242560865644725 [1 1 1 1 0 1 0 0 0 0 1 0 0 0 0 0 0 1 0 0 1 1 1 0 0 0 1 0 1 0 0 0 1 1 0 1 1
 1 0 0 1 0 0 0 1 0 0 1 0 0 0 1 1 1 1 0 1 1 1 0]
132 27 0 0.242560865644725 [1 1 1 1 0 1 0 0 0 0 1 0 0 0 0 0 0 1 0 0 1 1 1 0 0 0 1 0 1 0 0 0 1 1 0 1 1
 1 0 0 1 0 0 0 1 0 0 1 0 0 0 1 1 1 1 0 1 1 1 0]
133 27 0 0.242560865644725 [1 1 1 1 0 1 0 0 0 0 1 0 0 0 0 0 0 1 0 0 1 1 1 0 0 0 1 0 1 0 0 0 1 1 0 1 1
 1 0 0 1 0 0 0 1 0 0 1 0 0 0 1 1 1 1 0 1 1 1 0]
134 27 0 0.242560865644725 [1 1 1 1 0 1 0 0 0 0 1 0 0 0 0 0 0 1 0 0 1 1 1 0 0 0 1 0 1 0 0 0 1 1 0 1 1
 1 0 0 1 0 0 0 1 0 0 1 0 0 0 1 1 1 1 0 1 1 1 0]
135 27 0 0.242560865644725 [1 1 1 1 0 1 0 0 0 0 1 0 0 0 0 0 0 1 0 0 1 1 1 0 0 0 1 0 1 0 0 0 1 1 0 1 1
 1 0 0 1 0 0 0 1 0 0 1 0 0 0 1 1 1 1 0 1 1 1 0]
136 27 0 0.242560865644725 [1 1 1 1 0 1 0 0 0 0 1 0 0 0 0 0 0 1 0 0 1 1 1 0 0 0 1 0 1 0 0 0 1 1 0 1 1
 1 0 0 1 0 0 0 1 0 0 1 0 0 0 1 1 1 1 0 1 1 1 0]
137 27 0 0.242560865644725 [1 1 1 1 0 1 0 0 0 0 1 0 0 0 0 0 0 1 0 0 1 1 1 0 0 0 1 0 1 0 0 0 1 1 0 1 1
 1 0 0 1 0 0 0 1 0 0 1 0 0 0 1 1 1 1 0 1 1 1 0]
138 27 0 0.242560865644725 [1 1 1 1 0 1 0 0 0 0 1 0 0 0 0 0 0 1 0 0 1 1 1 0 0 0 1 0 1 0 0 0 1 1 0 1 1
 1 0 0 1 0 0 0 1 0 0 1 0 0 0 1 1 1 1 0 1 1 1 0]
139 27 0 0.242560865644725 [1 1 1 1 0 1 0 0 0 0 1 0 0 0 0 0 0 1 0 0 1 1 1 0 0 0 1 0 1 0 0 0 1 1 0 1 1
 1 0 0 1 0 0 0 1 0 0 1 0 0 0 1 1 1 1 0 1 1 1 0]
140 27 0 0.242560865644725 [1 1 1 1 0 1 0 0 0 0 1 0 0 0 0 0 0 1 0 0 1 1 1 0 0 0 1 0 1 0 0 0 1 1 0 1 1
 1 0 0 1 0 0 0 1 0 0 1 0 0 0 1 1 1 1 0 1 1 1 0]
141 27 0 0.242560865644725 [1 1 1 1 0 1 0 0 0 0 1 0 0 0 0 0 0 1 0 0 1 1 1 0 0 0 1 0 1 0 0 0 1 1 0 1 1
 1 0 0 1 0 0 0 1 0 0 1 0 0 0 1 1 1 1 0 1 1 1 0]
142 27 0 0.242560865644725 [1 1 1 1 0 1 0 0 0 0 1 0 0 0 0 0 0 1 0 0 1 1 1 0 0 0 1 0 1 0 0 0 1 1 0 1 1
 1 0 0 1 0 0 0 1 0 0 1 0 0 0 1 1 1 1 0 1 1 1 0]
143 27 0 0.242560865644725 [1 1 1 1 0 1 0 0 0 0 1 0 0 0 0 0 0 1 0 0 1 1 1 0 0 0 1 0 1 0 0 0 1 1 0 1 1
 1 0 0 1 0 0 0 1 0 0 1 0 0 0 1 1 1 1 0 1 1 1 0]
144 27 0 0.242560865644725 [1 1 1 1 0 1 0 0 0 0 1 0 0 0 0 0 0 1 0 0 1 1 1 0 0 0 1 0 1 0 0 0 1 1 0 1 1
 1 0 0 1 0 0 0 1 0 0 1 0 0 0 1 1 1 1 0 1 1 1 0]
145 27 0 0.242560865644725 [1 1 1 1 0 1 0 0 0 0 1 0 0 0 0 0 0 1 0 0 1 1 1 0 0 0 1 0 1 0 0 0 1 1 0 1 1
 1 0 0 1 0 0 0 1 0 0 1 0 0 0 1 1 1 1 0 1 1 1 0]
146 27 0 0.242560865644725 [1 1 1 1 0 1 0 0 0 0 1 0 0 0 0 0 0 1 0 0 1 1 1 0 0 0 1 0 1 0 0 0 1 1 0 1 1
 1 0 0 1 0 0 0 1 0 0 1 0 0 0 1 1 1 1 0 1 1 1 0]
147 27 0 0.242560865644725 [1 1 1 1 0 1 0 0 0 0 1 0 0 0 0 0 0 1 0 0 1 1 1 0 0 0 1 0 1 0 0 0 1 1 0 1 1
 1 0 0 1 0 0 0 1 0 0 1 0 0 0 1 1 1 1 0 1 1 1 0]
148 27 0 0.242560865644725 [1 1 1 1 0 1 0 0 0 0 1 0 0 0 0 0 0 1 0 0 1 1 1 0 0 0 1 0 1 0 0 0 1 1 0 1 1
 1 0 0 1 0 0 0 1 0 0 1 0 0 0 1 1 1 1 0 1 1 1 0]
149 27 0 0.242560865644725 [1 1 1 1 0 1 0 0 0 0 1 0 0 0 0 0 0 1 0 0 1 1 1 0 0 0 1 0 1 0 0 0 1 1 0 1 1
 1 0 0 1 0 0 0 1 0 0 1 0 0 0 1 1 1 1 0 1 1 1 0]
150 27 0 0.242560865644725 [1 1 1 1 0 1 0 0 0 0 1 0 0 0 0 0 0 1 0 0 1 1 1 0 0 0 1 0 1 0 0 0 1 1 0 1 1
 1 0 0 1 0 0 0 1 0 0 1 0 0 0 1 1 1 1 0 1 1 1 0]
