0 27 100 0.2687638339258167 [0 0 0 1 0 1 1 1 0 0 1 0 0 0 0 1 0 1 0 0 1 1 0 0 1 0 0 1 0 0 0 0 0 1 0 1 1
 1 1 1 1 1 0 0 1 0 0 1 1 1 1 1 0 1 0 0 0 0 0 1]
1 27 32 0.2687638339258167 [0 0 0 1 0 1 1 1 0 0 1 0 0 0 0 1 0 1 0 0 1 1 0 0 1 0 0 1 0 0 0 0 0 1 0 1 1
 1 1 1 1 1 0 0 1 0 0 1 1 1 1 1 0 1 0 0 0 0 0 1]
2 27 25 0.2687638339258167 [0 0 0 1 0 1 1 1 0 0 1 0 0 0 0 1 0 1 0 0 1 1 0 0 1 0 0 1 0 0 0 0 0 1 0 1 1
 1 1 1 1 1 0 0 1 0 0 1 1 1 1 1 0 1 0 0 0 0 0 1]
3 27 12 0.2687638339258167 [0 0 0 1 0 1 1 1 0 0 1 0 0 0 0 1 0 1 0 0 1 1 0 0 1 0 0 1 0 0 0 0 0 1 0 1 1
 1 1 1 1 1 0 0 1 0 0 1 1 1 1 1 0 1 0 0 0 0 0 1]
4 27 7 0.2687638339258167 [0 0 0 1 0 1 1 1 0 0 1 0 0 0 0 1 0 1 0 0 1 1 0 0 1 0 0 1 0 0 0 0 0 1 0 1 1
 1 1 1 1 1 0 0 1 0 0 1 1 1 1 1 0 1 0 0 0 0 0 1]
5 27 7 0.2687638339258167 [0 0 0 1 0 1 1 1 0 0 1 0 0 0 0 1 0 1 0 0 1 1 0 0 1 0 0 1 0 0 0 0 0 1 0 1 1
 1 1 1 1 1 0 0 1 0 0 1 1 1 1 1 0 1 0 0 0 0 0 1]
6 40 6 0.2605675729311371 [1 1 0 1 1 1 1 1 0 1 1 0 0 0 0 0 1 0 0 0 1 0 1 1 1 1 0 1 1 1 0 0 0 1 1 1 1
 0 0 1 1 0 1 1 1 1 0 1 1 1 1 1 1 1 1 1 1 1 1 0]
7 40 4 0.2605675729311371 [1 1 0 1 1 1 1 1 0 1 1 0 0 0 0 0 1 0 0 0 1 0 1 1 1 1 0 1 1 1 0 0 0 1 1 1 1
 0 0 1 1 0 1 1 1 1 0 1 1 1 1 1 1 1 1 1 1 1 1 0]
8 40 5 0.2605675729311371 [1 1 0 1 1 1 1 1 0 1 1 0 0 0 0 0 1 0 0 0 1 0 1 1 1 1 0 1 1 1 0 0 0 1 1 1 1
 0 0 1 1 0 1 1 1 1 0 1 1 1 1 1 1 1 1 1 1 1 1 0]
9 40 7 0.2605675729311371 [1 1 0 1 1 1 1 1 0 1 1 0 0 0 0 0 1 0 0 0 1 0 1 1 1 1 0 1 1 1 0 0 0 1 1 1 1
 0 0 1 1 0 1 1 1 1 0 1 1 1 1 1 1 1 1 1 1 1 1 0]
10 40 1 0.2605675729311371 [1 1 0 1 1 1 1 1 0 1 1 0 0 0 0 0 1 0 0 0 1 0 1 1 1 1 0 1 1 1 0 0 0 1 1 1 1
 0 0 1 1 0 1 1 1 1 0 1 1 1 1 1 1 1 1 1 1 1 1 0]
11 36 7 0.2535446478273683 [1 0 0 0 1 1 1 1 0 1 1 0 0 0 0 0 0 1 0 0 1 0 1 0 1 0 0 1 1 0 0 0 0 1 1 1 1
 1 1 1 1 0 0 1 1 1 0 1 1 1 1 1 0 1 1 1 1 1 1 1]
12 36 1 0.2535446478273683 [1 0 0 0 1 1 1 1 0 1 1 0 0 0 0 0 0 1 0 0 1 0 1 0 1 0 0 1 1 0 0 0 0 1 1 1 1
 1 1 1 1 0 0 1 1 1 0 1 1 1 1 1 0 1 1 1 1 1 1 1]
13 36 1 0.2535446478273683 [1 0 0 0 1 1 1 1 0 1 1 0 0 0 0 0 0 1 0 0 1 0 1 0 1 0 0 1 1 0 0 0 0 1 1 1 1
 1 1 1 1 0 0 1 1 1 0 1 1 1 1 1 0 1 1 1 1 1 1 1]
14 36 1 0.2535446478273683 [1 0 0 0 1 1 1 1 0 1 1 0 0 0 0 0 0 1 0 0 1 0 1 0 1 0 0 1 1 0 0 0 0 1 1 1 1
 1 1 1 1 0 0 1 1 1 0 1 1 1 1 1 0 1 1 1 1 1 1 1]
15 36 1 0.2535446478273683 [1 0 0 0 1 1 1 1 0 1 1 0 0 0 0 0 0 1 0 0 1 0 1 0 1 0 0 1 1 0 0 0 0 1 1 1 1
 1 1 1 1 0 0 1 1 1 0 1 1 1 1 1 0 1 1 1 1 1 1 1]
16 36 1 0.2535446478273683 [1 0 0 0 1 1 1 1 0 1 1 0 0 0 0 0 0 1 0 0 1 0 1 0 1 0 0 1 1 0 0 0 0 1 1 1 1
 1 1 1 1 0 0 1 1 1 0 1 1 1 1 1 0 1 1 1 1 1 1 1]
17 36 0 0.2535446478273683 [1 0 0 0 1 1 1 1 0 1 1 0 0 0 0 0 0 1 0 0 1 0 1 0 1 0 0 1 1 0 0 0 0 1 1 1 1
 1 1 1 1 0 0 1 1 1 0 1 1 1 1 1 0 1 1 1 1 1 1 1]
18 36 0 0.2535446478273683 [1 0 0 0 1 1 1 1 0 1 1 0 0 0 0 0 0 1 0 0 1 0 1 0 1 0 0 1 1 0 0 0 0 1 1 1 1
 1 1 1 1 0 0 1 1 1 0 1 1 1 1 1 0 1 1 1 1 1 1 1]
19 36 0 0.2535446478273683 [1 0 0 0 1 1 1 1 0 1 1 0 0 0 0 0 0 1 0 0 1 0 1 0 1 0 0 1 1 0 0 0 0 1 1 1 1
 1 1 1 1 0 0 1 1 1 0 1 1 1 1 1 0 1 1 1 1 1 1 1]
20 36 0 0.2535446478273683 [1 0 0 0 1 1 1 1 0 1 1 0 0 0 0 0 0 1 0 0 1 0 1 0 1 0 0 1 1 0 0 0 0 1 1 1 1
 1 1 1 1 0 0 1 1 1 0 1 1 1 1 1 0 1 1 1 1 1 1 1]
21 36 1 0.2535446478273683 [1 0 0 0 1 1 1 1 0 1 1 0 0 0 0 0 0 1 0 0 1 0 1 0 1 0 0 1 1 0 0 0 0 1 1 1 1
 1 1 1 1 0 0 1 1 1 0 1 1 1 1 1 0 1 1 1 1 1 1 1]
22 36 1 0.2535446478273683 [1 0 0 0 1 1 1 1 0 1 1 0 0 0 0 0 0 1 0 0 1 0 1 0 1 0 0 1 1 0 0 0 0 1 1 1 1
 1 1 1 1 0 0 1 1 1 0 1 1 1 1 1 0 1 1 1 1 1 1 1]
23 36 0 0.2535446478273683 [1 0 0 0 1 1 1 1 0 1 1 0 0 0 0 0 0 1 0 0 1 0 1 0 1 0 0 1 1 0 0 0 0 1 1 1 1
 1 1 1 1 0 0 1 1 1 0 1 1 1 1 1 0 1 1 1 1 1 1 1]
24 36 0 0.2535446478273683 [1 0 0 0 1 1 1 1 0 1 1 0 0 0 0 0 0 1 0 0 1 0 1 0 1 0 0 1 1 0 0 0 0 1 1 1 1
 1 1 1 1 0 0 1 1 1 0 1 1 1 1 1 0 1 1 1 1 1 1 1]
25 36 0 0.2535446478273683 [1 0 0 0 1 1 1 1 0 1 1 0 0 0 0 0 0 1 0 0 1 0 1 0 1 0 0 1 1 0 0 0 0 1 1 1 1
 1 1 1 1 0 0 1 1 1 0 1 1 1 1 1 0 1 1 1 1 1 1 1]
26 36 0 0.2535446478273683 [1 0 0 0 1 1 1 1 0 1 1 0 0 0 0 0 0 1 0 0 1 0 1 0 1 0 0 1 1 0 0 0 0 1 1 1 1
 1 1 1 1 0 0 1 1 1 0 1 1 1 1 1 0 1 1 1 1 1 1 1]
27 36 0 0.2535446478273683 [1 0 0 0 1 1 1 1 0 1 1 0 0 0 0 0 0 1 0 0 1 0 1 0 1 0 0 1 1 0 0 0 0 1 1 1 1
 1 1 1 1 0 0 1 1 1 0 1 1 1 1 1 0 1 1 1 1 1 1 1]
28 36 0 0.2535446478273683 [1 0 0 0 1 1 1 1 0 1 1 0 0 0 0 0 0 1 0 0 1 0 1 0 1 0 0 1 1 0 0 0 0 1 1 1 1
 1 1 1 1 0 0 1 1 1 0 1 1 1 1 1 0 1 1 1 1 1 1 1]
29 36 0 0.2535446478273683 [1 0 0 0 1 1 1 1 0 1 1 0 0 0 0 0 0 1 0 0 1 0 1 0 1 0 0 1 1 0 0 0 0 1 1 1 1
 1 1 1 1 0 0 1 1 1 0 1 1 1 1 1 0 1 1 1 1 1 1 1]
30 36 0 0.2535446478273683 [1 0 0 0 1 1 1 1 0 1 1 0 0 0 0 0 0 1 0 0 1 0 1 0 1 0 0 1 1 0 0 0 0 1 1 1 1
 1 1 1 1 0 0 1 1 1 0 1 1 1 1 1 0 1 1 1 1 1 1 1]
31 36 0 0.2535446478273683 [1 0 0 0 1 1 1 1 0 1 1 0 0 0 0 0 0 1 0 0 1 0 1 0 1 0 0 1 1 0 0 0 0 1 1 1 1
 1 1 1 1 0 0 1 1 1 0 1 1 1 1 1 0 1 1 1 1 1 1 1]
32 36 0 0.2535446478273683 [1 0 0 0 1 1 1 1 0 1 1 0 0 0 0 0 0 1 0 0 1 0 1 0 1 0 0 1 1 0 0 0 0 1 1 1 1
 1 1 1 1 0 0 1 1 1 0 1 1 1 1 1 0 1 1 1 1 1 1 1]
33 36 0 0.2535446478273683 [1 0 0 0 1 1 1 1 0 1 1 0 0 0 0 0 0 1 0 0 1 0 1 0 1 0 0 1 1 0 0 0 0 1 1 1 1
 1 1 1 1 0 0 1 1 1 0 1 1 1 1 1 0 1 1 1 1 1 1 1]
34 36 0 0.2535446478273683 [1 0 0 0 1 1 1 1 0 1 1 0 0 0 0 0 0 1 0 0 1 0 1 0 1 0 0 1 1 0 0 0 0 1 1 1 1
 1 1 1 1 0 0 1 1 1 0 1 1 1 1 1 0 1 1 1 1 1 1 1]
35 36 0 0.2535446478273683 [1 0 0 0 1 1 1 1 0 1 1 0 0 0 0 0 0 1 0 0 1 0 1 0 1 0 0 1 1 0 0 0 0 1 1 1 1
 1 1 1 1 0 0 1 1 1 0 1 1 1 1 1 0 1 1 1 1 1 1 1]
36 36 0 0.2535446478273683 [1 0 0 0 1 1 1 1 0 1 1 0 0 0 0 0 0 1 0 0 1 0 1 0 1 0 0 1 1 0 0 0 0 1 1 1 1
 1 1 1 1 0 0 1 1 1 0 1 1 1 1 1 0 1 1 1 1 1 1 1]
37 36 0 0.2535446478273683 [1 0 0 0 1 1 1 1 0 1 1 0 0 0 0 0 0 1 0 0 1 0 1 0 1 0 0 1 1 0 0 0 0 1 1 1 1
 1 1 1 1 0 0 1 1 1 0 1 1 1 1 1 0 1 1 1 1 1 1 1]
38 36 0 0.2535446478273683 [1 0 0 0 1 1 1 1 0 1 1 0 0 0 0 0 0 1 0 0 1 0 1 0 1 0 0 1 1 0 0 0 0 1 1 1 1
 1 1 1 1 0 0 1 1 1 0 1 1 1 1 1 0 1 1 1 1 1 1 1]
39 36 0 0.2535446478273683 [1 0 0 0 1 1 1 1 0 1 1 0 0 0 0 0 0 1 0 0 1 0 1 0 1 0 0 1 1 0 0 0 0 1 1 1 1
 1 1 1 1 0 0 1 1 1 0 1 1 1 1 1 0 1 1 1 1 1 1 1]
40 36 0 0.2535446478273683 [1 0 0 0 1 1 1 1 0 1 1 0 0 0 0 0 0 1 0 0 1 0 1 0 1 0 0 1 1 0 0 0 0 1 1 1 1
 1 1 1 1 0 0 1 1 1 0 1 1 1 1 1 0 1 1 1 1 1 1 1]
41 36 0 0.2535446478273683 [1 0 0 0 1 1 1 1 0 1 1 0 0 0 0 0 0 1 0 0 1 0 1 0 1 0 0 1 1 0 0 0 0 1 1 1 1
 1 1 1 1 0 0 1 1 1 0 1 1 1 1 1 0 1 1 1 1 1 1 1]
42 36 0 0.2535446478273683 [1 0 0 0 1 1 1 1 0 1 1 0 0 0 0 0 0 1 0 0 1 0 1 0 1 0 0 1 1 0 0 0 0 1 1 1 1
 1 1 1 1 0 0 1 1 1 0 1 1 1 1 1 0 1 1 1 1 1 1 1]
43 36 0 0.2535446478273683 [1 0 0 0 1 1 1 1 0 1 1 0 0 0 0 0 0 1 0 0 1 0 1 0 1 0 0 1 1 0 0 0 0 1 1 1 1
 1 1 1 1 0 0 1 1 1 0 1 1 1 1 1 0 1 1 1 1 1 1 1]
44 36 0 0.2535446478273683 [1 0 0 0 1 1 1 1 0 1 1 0 0 0 0 0 0 1 0 0 1 0 1 0 1 0 0 1 1 0 0 0 0 1 1 1 1
 1 1 1 1 0 0 1 1 1 0 1 1 1 1 1 0 1 1 1 1 1 1 1]
45 36 0 0.2535446478273683 [1 0 0 0 1 1 1 1 0 1 1 0 0 0 0 0 0 1 0 0 1 0 1 0 1 0 0 1 1 0 0 0 0 1 1 1 1
 1 1 1 1 0 0 1 1 1 0 1 1 1 1 1 0 1 1 1 1 1 1 1]
46 36 0 0.2535446478273683 [1 0 0 0 1 1 1 1 0 1 1 0 0 0 0 0 0 1 0 0 1 0 1 0 1 0 0 1 1 0 0 0 0 1 1 1 1
 1 1 1 1 0 0 1 1 1 0 1 1 1 1 1 0 1 1 1 1 1 1 1]
47 36 0 0.2535446478273683 [1 0 0 0 1 1 1 1 0 1 1 0 0 0 0 0 0 1 0 0 1 0 1 0 1 0 0 1 1 0 0 0 0 1 1 1 1
 1 1 1 1 0 0 1 1 1 0 1 1 1 1 1 0 1 1 1 1 1 1 1]
48 36 0 0.2535446478273683 [1 0 0 0 1 1 1 1 0 1 1 0 0 0 0 0 0 1 0 0 1 0 1 0 1 0 0 1 1 0 0 0 0 1 1 1 1
 1 1 1 1 0 0 1 1 1 0 1 1 1 1 1 0 1 1 1 1 1 1 1]
49 36 0 0.2535446478273683 [1 0 0 0 1 1 1 1 0 1 1 0 0 0 0 0 0 1 0 0 1 0 1 0 1 0 0 1 1 0 0 0 0 1 1 1 1
 1 1 1 1 0 0 1 1 1 0 1 1 1 1 1 0 1 1 1 1 1 1 1]
50 36 0 0.2535446478273683 [1 0 0 0 1 1 1 1 0 1 1 0 0 0 0 0 0 1 0 0 1 0 1 0 1 0 0 1 1 0 0 0 0 1 1 1 1
 1 1 1 1 0 0 1 1 1 0 1 1 1 1 1 0 1 1 1 1 1 1 1]
51 36 0 0.2535446478273683 [1 0 0 0 1 1 1 1 0 1 1 0 0 0 0 0 0 1 0 0 1 0 1 0 1 0 0 1 1 0 0 0 0 1 1 1 1
 1 1 1 1 0 0 1 1 1 0 1 1 1 1 1 0 1 1 1 1 1 1 1]
52 36 0 0.2535446478273683 [1 0 0 0 1 1 1 1 0 1 1 0 0 0 0 0 0 1 0 0 1 0 1 0 1 0 0 1 1 0 0 0 0 1 1 1 1
 1 1 1 1 0 0 1 1 1 0 1 1 1 1 1 0 1 1 1 1 1 1 1]
53 36 0 0.2535446478273683 [1 0 0 0 1 1 1 1 0 1 1 0 0 0 0 0 0 1 0 0 1 0 1 0 1 0 0 1 1 0 0 0 0 1 1 1 1
 1 1 1 1 0 0 1 1 1 0 1 1 1 1 1 0 1 1 1 1 1 1 1]
54 36 0 0.2535446478273683 [1 0 0 0 1 1 1 1 0 1 1 0 0 0 0 0 0 1 0 0 1 0 1 0 1 0 0 1 1 0 0 0 0 1 1 1 1
 1 1 1 1 0 0 1 1 1 0 1 1 1 1 1 0 1 1 1 1 1 1 1]
55 36 0 0.2535446478273683 [1 0 0 0 1 1 1 1 0 1 1 0 0 0 0 0 0 1 0 0 1 0 1 0 1 0 0 1 1 0 0 0 0 1 1 1 1
 1 1 1 1 0 0 1 1 1 0 1 1 1 1 1 0 1 1 1 1 1 1 1]
56 36 0 0.2535446478273683 [1 0 0 0 1 1 1 1 0 1 1 0 0 0 0 0 0 1 0 0 1 0 1 0 1 0 0 1 1 0 0 0 0 1 1 1 1
 1 1 1 1 0 0 1 1 1 0 1 1 1 1 1 0 1 1 1 1 1 1 1]
57 36 0 0.2535446478273683 [1 0 0 0 1 1 1 1 0 1 1 0 0 0 0 0 0 1 0 0 1 0 1 0 1 0 0 1 1 0 0 0 0 1 1 1 1
 1 1 1 1 0 0 1 1 1 0 1 1 1 1 1 0 1 1 1 1 1 1 1]
58 36 0 0.2535446478273683 [1 0 0 0 1 1 1 1 0 1 1 0 0 0 0 0 0 1 0 0 1 0 1 0 1 0 0 1 1 0 0 0 0 1 1 1 1
 1 1 1 1 0 0 1 1 1 0 1 1 1 1 1 0 1 1 1 1 1 1 1]
59 36 0 0.2535446478273683 [1 0 0 0 1 1 1 1 0 1 1 0 0 0 0 0 0 1 0 0 1 0 1 0 1 0 0 1 1 0 0 0 0 1 1 1 1
 1 1 1 1 0 0 1 1 1 0 1 1 1 1 1 0 1 1 1 1 1 1 1]
60 36 0 0.2535446478273683 [1 0 0 0 1 1 1 1 0 1 1 0 0 0 0 0 0 1 0 0 1 0 1 0 1 0 0 1 1 0 0 0 0 1 1 1 1
 1 1 1 1 0 0 1 1 1 0 1 1 1 1 1 0 1 1 1 1 1 1 1]
61 36 0 0.2535446478273683 [1 0 0 0 1 1 1 1 0 1 1 0 0 0 0 0 0 1 0 0 1 0 1 0 1 0 0 1 1 0 0 0 0 1 1 1 1
 1 1 1 1 0 0 1 1 1 0 1 1 1 1 1 0 1 1 1 1 1 1 1]
62 36 0 0.2535446478273683 [1 0 0 0 1 1 1 1 0 1 1 0 0 0 0 0 0 1 0 0 1 0 1 0 1 0 0 1 1 0 0 0 0 1 1 1 1
 1 1 1 1 0 0 1 1 1 0 1 1 1 1 1 0 1 1 1 1 1 1 1]
63 36 0 0.2535446478273683 [1 0 0 0 1 1 1 1 0 1 1 0 0 0 0 0 0 1 0 0 1 0 1 0 1 0 0 1 1 0 0 0 0 1 1 1 1
 1 1 1 1 0 0 1 1 1 0 1 1 1 1 1 0 1 1 1 1 1 1 1]
64 36 0 0.2535446478273683 [1 0 0 0 1 1 1 1 0 1 1 0 0 0 0 0 0 1 0 0 1 0 1 0 1 0 0 1 1 0 0 0 0 1 1 1 1
 1 1 1 1 0 0 1 1 1 0 1 1 1 1 1 0 1 1 1 1 1 1 1]
65 36 0 0.2535446478273683 [1 0 0 0 1 1 1 1 0 1 1 0 0 0 0 0 0 1 0 0 1 0 1 0 1 0 0 1 1 0 0 0 0 1 1 1 1
 1 1 1 1 0 0 1 1 1 0 1 1 1 1 1 0 1 1 1 1 1 1 1]
66 36 0 0.2535446478273683 [1 0 0 0 1 1 1 1 0 1 1 0 0 0 0 0 0 1 0 0 1 0 1 0 1 0 0 1 1 0 0 0 0 1 1 1 1
 1 1 1 1 0 0 1 1 1 0 1 1 1 1 1 0 1 1 1 1 1 1 1]
67 36 0 0.2535446478273683 [1 0 0 0 1 1 1 1 0 1 1 0 0 0 0 0 0 1 0 0 1 0 1 0 1 0 0 1 1 0 0 0 0 1 1 1 1
 1 1 1 1 0 0 1 1 1 0 1 1 1 1 1 0 1 1 1 1 1 1 1]
68 36 0 0.2535446478273683 [1 0 0 0 1 1 1 1 0 1 1 0 0 0 0 0 0 1 0 0 1 0 1 0 1 0 0 1 1 0 0 0 0 1 1 1 1
 1 1 1 1 0 0 1 1 1 0 1 1 1 1 1 0 1 1 1 1 1 1 1]
69 36 0 0.2535446478273683 [1 0 0 0 1 1 1 1 0 1 1 0 0 0 0 0 0 1 0 0 1 0 1 0 1 0 0 1 1 0 0 0 0 1 1 1 1
 1 1 1 1 0 0 1 1 1 0 1 1 1 1 1 0 1 1 1 1 1 1 1]
70 36 0 0.2535446478273683 [1 0 0 0 1 1 1 1 0 1 1 0 0 0 0 0 0 1 0 0 1 0 1 0 1 0 0 1 1 0 0 0 0 1 1 1 1
 1 1 1 1 0 0 1 1 1 0 1 1 1 1 1 0 1 1 1 1 1 1 1]
71 36 0 0.2535446478273683 [1 0 0 0 1 1 1 1 0 1 1 0 0 0 0 0 0 1 0 0 1 0 1 0 1 0 0 1 1 0 0 0 0 1 1 1 1
 1 1 1 1 0 0 1 1 1 0 1 1 1 1 1 0 1 1 1 1 1 1 1]
72 36 0 0.2535446478273683 [1 0 0 0 1 1 1 1 0 1 1 0 0 0 0 0 0 1 0 0 1 0 1 0 1 0 0 1 1 0 0 0 0 1 1 1 1
 1 1 1 1 0 0 1 1 1 0 1 1 1 1 1 0 1 1 1 1 1 1 1]
73 36 0 0.2535446478273683 [1 0 0 0 1 1 1 1 0 1 1 0 0 0 0 0 0 1 0 0 1 0 1 0 1 0 0 1 1 0 0 0 0 1 1 1 1
 1 1 1 1 0 0 1 1 1 0 1 1 1 1 1 0 1 1 1 1 1 1 1]
74 36 0 0.2535446478273683 [1 0 0 0 1 1 1 1 0 1 1 0 0 0 0 0 0 1 0 0 1 0 1 0 1 0 0 1 1 0 0 0 0 1 1 1 1
 1 1 1 1 0 0 1 1 1 0 1 1 1 1 1 0 1 1 1 1 1 1 1]
75 36 0 0.2535446478273683 [1 0 0 0 1 1 1 1 0 1 1 0 0 0 0 0 0 1 0 0 1 0 1 0 1 0 0 1 1 0 0 0 0 1 1 1 1
 1 1 1 1 0 0 1 1 1 0 1 1 1 1 1 0 1 1 1 1 1 1 1]
76 36 0 0.2535446478273683 [1 0 0 0 1 1 1 1 0 1 1 0 0 0 0 0 0 1 0 0 1 0 1 0 1 0 0 1 1 0 0 0 0 1 1 1 1
 1 1 1 1 0 0 1 1 1 0 1 1 1 1 1 0 1 1 1 1 1 1 1]
77 36 0 0.2535446478273683 [1 0 0 0 1 1 1 1 0 1 1 0 0 0 0 0 0 1 0 0 1 0 1 0 1 0 0 1 1 0 0 0 0 1 1 1 1
 1 1 1 1 0 0 1 1 1 0 1 1 1 1 1 0 1 1 1 1 1 1 1]
78 36 0 0.2535446478273683 [1 0 0 0 1 1 1 1 0 1 1 0 0 0 0 0 0 1 0 0 1 0 1 0 1 0 0 1 1 0 0 0 0 1 1 1 1
 1 1 1 1 0 0 1 1 1 0 1 1 1 1 1 0 1 1 1 1 1 1 1]
79 36 0 0.2535446478273683 [1 0 0 0 1 1 1 1 0 1 1 0 0 0 0 0 0 1 0 0 1 0 1 0 1 0 0 1 1 0 0 0 0 1 1 1 1
 1 1 1 1 0 0 1 1 1 0 1 1 1 1 1 0 1 1 1 1 1 1 1]
80 36 0 0.2535446478273683 [1 0 0 0 1 1 1 1 0 1 1 0 0 0 0 0 0 1 0 0 1 0 1 0 1 0 0 1 1 0 0 0 0 1 1 1 1
 1 1 1 1 0 0 1 1 1 0 1 1 1 1 1 0 1 1 1 1 1 1 1]
81 36 0 0.2535446478273683 [1 0 0 0 1 1 1 1 0 1 1 0 0 0 0 0 0 1 0 0 1 0 1 0 1 0 0 1 1 0 0 0 0 1 1 1 1
 1 1 1 1 0 0 1 1 1 0 1 1 1 1 1 0 1 1 1 1 1 1 1]
82 36 0 0.2535446478273683 [1 0 0 0 1 1 1 1 0 1 1 0 0 0 0 0 0 1 0 0 1 0 1 0 1 0 0 1 1 0 0 0 0 1 1 1 1
 1 1 1 1 0 0 1 1 1 0 1 1 1 1 1 0 1 1 1 1 1 1 1]
83 36 0 0.2535446478273683 [1 0 0 0 1 1 1 1 0 1 1 0 0 0 0 0 0 1 0 0 1 0 1 0 1 0 0 1 1 0 0 0 0 1 1 1 1
 1 1 1 1 0 0 1 1 1 0 1 1 1 1 1 0 1 1 1 1 1 1 1]
84 36 0 0.2535446478273683 [1 0 0 0 1 1 1 1 0 1 1 0 0 0 0 0 0 1 0 0 1 0 1 0 1 0 0 1 1 0 0 0 0 1 1 1 1
 1 1 1 1 0 0 1 1 1 0 1 1 1 1 1 0 1 1 1 1 1 1 1]
85 36 0 0.2535446478273683 [1 0 0 0 1 1 1 1 0 1 1 0 0 0 0 0 0 1 0 0 1 0 1 0 1 0 0 1 1 0 0 0 0 1 1 1 1
 1 1 1 1 0 0 1 1 1 0 1 1 1 1 1 0 1 1 1 1 1 1 1]
86 36 0 0.2535446478273683 [1 0 0 0 1 1 1 1 0 1 1 0 0 0 0 0 0 1 0 0 1 0 1 0 1 0 0 1 1 0 0 0 0 1 1 1 1
 1 1 1 1 0 0 1 1 1 0 1 1 1 1 1 0 1 1 1 1 1 1 1]
87 36 0 0.2535446478273683 [1 0 0 0 1 1 1 1 0 1 1 0 0 0 0 0 0 1 0 0 1 0 1 0 1 0 0 1 1 0 0 0 0 1 1 1 1
 1 1 1 1 0 0 1 1 1 0 1 1 1 1 1 0 1 1 1 1 1 1 1]
88 36 0 0.2535446478273683 [1 0 0 0 1 1 1 1 0 1 1 0 0 0 0 0 0 1 0 0 1 0 1 0 1 0 0 1 1 0 0 0 0 1 1 1 1
 1 1 1 1 0 0 1 1 1 0 1 1 1 1 1 0 1 1 1 1 1 1 1]
89 36 0 0.2535446478273683 [1 0 0 0 1 1 1 1 0 1 1 0 0 0 0 0 0 1 0 0 1 0 1 0 1 0 0 1 1 0 0 0 0 1 1 1 1
 1 1 1 1 0 0 1 1 1 0 1 1 1 1 1 0 1 1 1 1 1 1 1]
90 36 0 0.2535446478273683 [1 0 0 0 1 1 1 1 0 1 1 0 0 0 0 0 0 1 0 0 1 0 1 0 1 0 0 1 1 0 0 0 0 1 1 1 1
 1 1 1 1 0 0 1 1 1 0 1 1 1 1 1 0 1 1 1 1 1 1 1]
91 36 0 0.2535446478273683 [1 0 0 0 1 1 1 1 0 1 1 0 0 0 0 0 0 1 0 0 1 0 1 0 1 0 0 1 1 0 0 0 0 1 1 1 1
 1 1 1 1 0 0 1 1 1 0 1 1 1 1 1 0 1 1 1 1 1 1 1]
92 36 0 0.2535446478273683 [1 0 0 0 1 1 1 1 0 1 1 0 0 0 0 0 0 1 0 0 1 0 1 0 1 0 0 1 1 0 0 0 0 1 1 1 1
 1 1 1 1 0 0 1 1 1 0 1 1 1 1 1 0 1 1 1 1 1 1 1]
93 36 0 0.2535446478273683 [1 0 0 0 1 1 1 1 0 1 1 0 0 0 0 0 0 1 0 0 1 0 1 0 1 0 0 1 1 0 0 0 0 1 1 1 1
 1 1 1 1 0 0 1 1 1 0 1 1 1 1 1 0 1 1 1 1 1 1 1]
94 36 0 0.2535446478273683 [1 0 0 0 1 1 1 1 0 1 1 0 0 0 0 0 0 1 0 0 1 0 1 0 1 0 0 1 1 0 0 0 0 1 1 1 1
 1 1 1 1 0 0 1 1 1 0 1 1 1 1 1 0 1 1 1 1 1 1 1]
95 36 0 0.2535446478273683 [1 0 0 0 1 1 1 1 0 1 1 0 0 0 0 0 0 1 0 0 1 0 1 0 1 0 0 1 1 0 0 0 0 1 1 1 1
 1 1 1 1 0 0 1 1 1 0 1 1 1 1 1 0 1 1 1 1 1 1 1]
96 36 0 0.2535446478273683 [1 0 0 0 1 1 1 1 0 1 1 0 0 0 0 0 0 1 0 0 1 0 1 0 1 0 0 1 1 0 0 0 0 1 1 1 1
 1 1 1 1 0 0 1 1 1 0 1 1 1 1 1 0 1 1 1 1 1 1 1]
97 36 0 0.2535446478273683 [1 0 0 0 1 1 1 1 0 1 1 0 0 0 0 0 0 1 0 0 1 0 1 0 1 0 0 1 1 0 0 0 0 1 1 1 1
 1 1 1 1 0 0 1 1 1 0 1 1 1 1 1 0 1 1 1 1 1 1 1]
98 36 0 0.2535446478273683 [1 0 0 0 1 1 1 1 0 1 1 0 0 0 0 0 0 1 0 0 1 0 1 0 1 0 0 1 1 0 0 0 0 1 1 1 1
 1 1 1 1 0 0 1 1 1 0 1 1 1 1 1 0 1 1 1 1 1 1 1]
99 36 0 0.2535446478273683 [1 0 0 0 1 1 1 1 0 1 1 0 0 0 0 0 0 1 0 0 1 0 1 0 1 0 0 1 1 0 0 0 0 1 1 1 1
 1 1 1 1 0 0 1 1 1 0 1 1 1 1 1 0 1 1 1 1 1 1 1]
100 36 0 0.2535446478273683 [1 0 0 0 1 1 1 1 0 1 1 0 0 0 0 0 0 1 0 0 1 0 1 0 1 0 0 1 1 0 0 0 0 1 1 1 1
 1 1 1 1 0 0 1 1 1 0 1 1 1 1 1 0 1 1 1 1 1 1 1]
101 36 0 0.2535446478273683 [1 0 0 0 1 1 1 1 0 1 1 0 0 0 0 0 0 1 0 0 1 0 1 0 1 0 0 1 1 0 0 0 0 1 1 1 1
 1 1 1 1 0 0 1 1 1 0 1 1 1 1 1 0 1 1 1 1 1 1 1]
102 36 0 0.2535446478273683 [1 0 0 0 1 1 1 1 0 1 1 0 0 0 0 0 0 1 0 0 1 0 1 0 1 0 0 1 1 0 0 0 0 1 1 1 1
 1 1 1 1 0 0 1 1 1 0 1 1 1 1 1 0 1 1 1 1 1 1 1]
103 36 0 0.2535446478273683 [1 0 0 0 1 1 1 1 0 1 1 0 0 0 0 0 0 1 0 0 1 0 1 0 1 0 0 1 1 0 0 0 0 1 1 1 1
 1 1 1 1 0 0 1 1 1 0 1 1 1 1 1 0 1 1 1 1 1 1 1]
104 36 0 0.2535446478273683 [1 0 0 0 1 1 1 1 0 1 1 0 0 0 0 0 0 1 0 0 1 0 1 0 1 0 0 1 1 0 0 0 0 1 1 1 1
 1 1 1 1 0 0 1 1 1 0 1 1 1 1 1 0 1 1 1 1 1 1 1]
105 36 0 0.2535446478273683 [1 0 0 0 1 1 1 1 0 1 1 0 0 0 0 0 0 1 0 0 1 0 1 0 1 0 0 1 1 0 0 0 0 1 1 1 1
 1 1 1 1 0 0 1 1 1 0 1 1 1 1 1 0 1 1 1 1 1 1 1]
106 36 0 0.2535446478273683 [1 0 0 0 1 1 1 1 0 1 1 0 0 0 0 0 0 1 0 0 1 0 1 0 1 0 0 1 1 0 0 0 0 1 1 1 1
 1 1 1 1 0 0 1 1 1 0 1 1 1 1 1 0 1 1 1 1 1 1 1]
107 36 0 0.2535446478273683 [1 0 0 0 1 1 1 1 0 1 1 0 0 0 0 0 0 1 0 0 1 0 1 0 1 0 0 1 1 0 0 0 0 1 1 1 1
 1 1 1 1 0 0 1 1 1 0 1 1 1 1 1 0 1 1 1 1 1 1 1]
108 36 0 0.2535446478273683 [1 0 0 0 1 1 1 1 0 1 1 0 0 0 0 0 0 1 0 0 1 0 1 0 1 0 0 1 1 0 0 0 0 1 1 1 1
 1 1 1 1 0 0 1 1 1 0 1 1 1 1 1 0 1 1 1 1 1 1 1]
109 36 0 0.2535446478273683 [1 0 0 0 1 1 1 1 0 1 1 0 0 0 0 0 0 1 0 0 1 0 1 0 1 0 0 1 1 0 0 0 0 1 1 1 1
 1 1 1 1 0 0 1 1 1 0 1 1 1 1 1 0 1 1 1 1 1 1 1]
110 36 0 0.2535446478273683 [1 0 0 0 1 1 1 1 0 1 1 0 0 0 0 0 0 1 0 0 1 0 1 0 1 0 0 1 1 0 0 0 0 1 1 1 1
 1 1 1 1 0 0 1 1 1 0 1 1 1 1 1 0 1 1 1 1 1 1 1]
111 36 0 0.2535446478273683 [1 0 0 0 1 1 1 1 0 1 1 0 0 0 0 0 0 1 0 0 1 0 1 0 1 0 0 1 1 0 0 0 0 1 1 1 1
 1 1 1 1 0 0 1 1 1 0 1 1 1 1 1 0 1 1 1 1 1 1 1]
112 36 0 0.2535446478273683 [1 0 0 0 1 1 1 1 0 1 1 0 0 0 0 0 0 1 0 0 1 0 1 0 1 0 0 1 1 0 0 0 0 1 1 1 1
 1 1 1 1 0 0 1 1 1 0 1 1 1 1 1 0 1 1 1 1 1 1 1]
113 36 0 0.2535446478273683 [1 0 0 0 1 1 1 1 0 1 1 0 0 0 0 0 0 1 0 0 1 0 1 0 1 0 0 1 1 0 0 0 0 1 1 1 1
 1 1 1 1 0 0 1 1 1 0 1 1 1 1 1 0 1 1 1 1 1 1 1]
114 36 0 0.2535446478273683 [1 0 0 0 1 1 1 1 0 1 1 0 0 0 0 0 0 1 0 0 1 0 1 0 1 0 0 1 1 0 0 0 0 1 1 1 1
 1 1 1 1 0 0 1 1 1 0 1 1 1 1 1 0 1 1 1 1 1 1 1]
115 36 0 0.2535446478273683 [1 0 0 0 1 1 1 1 0 1 1 0 0 0 0 0 0 1 0 0 1 0 1 0 1 0 0 1 1 0 0 0 0 1 1 1 1
 1 1 1 1 0 0 1 1 1 0 1 1 1 1 1 0 1 1 1 1 1 1 1]
116 36 0 0.2535446478273683 [1 0 0 0 1 1 1 1 0 1 1 0 0 0 0 0 0 1 0 0 1 0 1 0 1 0 0 1 1 0 0 0 0 1 1 1 1
 1 1 1 1 0 0 1 1 1 0 1 1 1 1 1 0 1 1 1 1 1 1 1]
117 36 0 0.2535446478273683 [1 0 0 0 1 1 1 1 0 1 1 0 0 0 0 0 0 1 0 0 1 0 1 0 1 0 0 1 1 0 0 0 0 1 1 1 1
 1 1 1 1 0 0 1 1 1 0 1 1 1 1 1 0 1 1 1 1 1 1 1]
118 36 0 0.2535446478273683 [1 0 0 0 1 1 1 1 0 1 1 0 0 0 0 0 0 1 0 0 1 0 1 0 1 0 0 1 1 0 0 0 0 1 1 1 1
 1 1 1 1 0 0 1 1 1 0 1 1 1 1 1 0 1 1 1 1 1 1 1]
119 36 0 0.2535446478273683 [1 0 0 0 1 1 1 1 0 1 1 0 0 0 0 0 0 1 0 0 1 0 1 0 1 0 0 1 1 0 0 0 0 1 1 1 1
 1 1 1 1 0 0 1 1 1 0 1 1 1 1 1 0 1 1 1 1 1 1 1]
120 36 0 0.2535446478273683 [1 0 0 0 1 1 1 1 0 1 1 0 0 0 0 0 0 1 0 0 1 0 1 0 1 0 0 1 1 0 0 0 0 1 1 1 1
 1 1 1 1 0 0 1 1 1 0 1 1 1 1 1 0 1 1 1 1 1 1 1]
121 36 0 0.2535446478273683 [1 0 0 0 1 1 1 1 0 1 1 0 0 0 0 0 0 1 0 0 1 0 1 0 1 0 0 1 1 0 0 0 0 1 1 1 1
 1 1 1 1 0 0 1 1 1 0 1 1 1 1 1 0 1 1 1 1 1 1 1]
122 36 0 0.2535446478273683 [1 0 0 0 1 1 1 1 0 1 1 0 0 0 0 0 0 1 0 0 1 0 1 0 1 0 0 1 1 0 0 0 0 1 1 1 1
 1 1 1 1 0 0 1 1 1 0 1 1 1 1 1 0 1 1 1 1 1 1 1]
123 36 0 0.2535446478273683 [1 0 0 0 1 1 1 1 0 1 1 0 0 0 0 0 0 1 0 0 1 0 1 0 1 0 0 1 1 0 0 0 0 1 1 1 1
 1 1 1 1 0 0 1 1 1 0 1 1 1 1 1 0 1 1 1 1 1 1 1]
124 36 0 0.2535446478273683 [1 0 0 0 1 1 1 1 0 1 1 0 0 0 0 0 0 1 0 0 1 0 1 0 1 0 0 1 1 0 0 0 0 1 1 1 1
 1 1 1 1 0 0 1 1 1 0 1 1 1 1 1 0 1 1 1 1 1 1 1]
125 36 0 0.2535446478273683 [1 0 0 0 1 1 1 1 0 1 1 0 0 0 0 0 0 1 0 0 1 0 1 0 1 0 0 1 1 0 0 0 0 1 1 1 1
 1 1 1 1 0 0 1 1 1 0 1 1 1 1 1 0 1 1 1 1 1 1 1]
126 36 0 0.2535446478273683 [1 0 0 0 1 1 1 1 0 1 1 0 0 0 0 0 0 1 0 0 1 0 1 0 1 0 0 1 1 0 0 0 0 1 1 1 1
 1 1 1 1 0 0 1 1 1 0 1 1 1 1 1 0 1 1 1 1 1 1 1]
127 36 0 0.2535446478273683 [1 0 0 0 1 1 1 1 0 1 1 0 0 0 0 0 0 1 0 0 1 0 1 0 1 0 0 1 1 0 0 0 0 1 1 1 1
 1 1 1 1 0 0 1 1 1 0 1 1 1 1 1 0 1 1 1 1 1 1 1]
128 36 0 0.2535446478273683 [1 0 0 0 1 1 1 1 0 1 1 0 0 0 0 0 0 1 0 0 1 0 1 0 1 0 0 1 1 0 0 0 0 1 1 1 1
 1 1 1 1 0 0 1 1 1 0 1 1 1 1 1 0 1 1 1 1 1 1 1]
129 36 0 0.2535446478273683 [1 0 0 0 1 1 1 1 0 1 1 0 0 0 0 0 0 1 0 0 1 0 1 0 1 0 0 1 1 0 0 0 0 1 1 1 1
 1 1 1 1 0 0 1 1 1 0 1 1 1 1 1 0 1 1 1 1 1 1 1]
130 36 0 0.2535446478273683 [1 0 0 0 1 1 1 1 0 1 1 0 0 0 0 0 0 1 0 0 1 0 1 0 1 0 0 1 1 0 0 0 0 1 1 1 1
 1 1 1 1 0 0 1 1 1 0 1 1 1 1 1 0 1 1 1 1 1 1 1]
131 36 0 0.2535446478273683 [1 0 0 0 1 1 1 1 0 1 1 0 0 0 0 0 0 1 0 0 1 0 1 0 1 0 0 1 1 0 0 0 0 1 1 1 1
 1 1 1 1 0 0 1 1 1 0 1 1 1 1 1 0 1 1 1 1 1 1 1]
132 36 0 0.2535446478273683 [1 0 0 0 1 1 1 1 0 1 1 0 0 0 0 0 0 1 0 0 1 0 1 0 1 0 0 1 1 0 0 0 0 1 1 1 1
 1 1 1 1 0 0 1 1 1 0 1 1 1 1 1 0 1 1 1 1 1 1 1]
133 36 0 0.2535446478273683 [1 0 0 0 1 1 1 1 0 1 1 0 0 0 0 0 0 1 0 0 1 0 1 0 1 0 0 1 1 0 0 0 0 1 1 1 1
 1 1 1 1 0 0 1 1 1 0 1 1 1 1 1 0 1 1 1 1 1 1 1]
134 36 0 0.2535446478273683 [1 0 0 0 1 1 1 1 0 1 1 0 0 0 0 0 0 1 0 0 1 0 1 0 1 0 0 1 1 0 0 0 0 1 1 1 1
 1 1 1 1 0 0 1 1 1 0 1 1 1 1 1 0 1 1 1 1 1 1 1]
135 36 0 0.2535446478273683 [1 0 0 0 1 1 1 1 0 1 1 0 0 0 0 0 0 1 0 0 1 0 1 0 1 0 0 1 1 0 0 0 0 1 1 1 1
 1 1 1 1 0 0 1 1 1 0 1 1 1 1 1 0 1 1 1 1 1 1 1]
136 36 0 0.2535446478273683 [1 0 0 0 1 1 1 1 0 1 1 0 0 0 0 0 0 1 0 0 1 0 1 0 1 0 0 1 1 0 0 0 0 1 1 1 1
 1 1 1 1 0 0 1 1 1 0 1 1 1 1 1 0 1 1 1 1 1 1 1]
137 36 0 0.2535446478273683 [1 0 0 0 1 1 1 1 0 1 1 0 0 0 0 0 0 1 0 0 1 0 1 0 1 0 0 1 1 0 0 0 0 1 1 1 1
 1 1 1 1 0 0 1 1 1 0 1 1 1 1 1 0 1 1 1 1 1 1 1]
138 36 0 0.2535446478273683 [1 0 0 0 1 1 1 1 0 1 1 0 0 0 0 0 0 1 0 0 1 0 1 0 1 0 0 1 1 0 0 0 0 1 1 1 1
 1 1 1 1 0 0 1 1 1 0 1 1 1 1 1 0 1 1 1 1 1 1 1]
139 36 0 0.2535446478273683 [1 0 0 0 1 1 1 1 0 1 1 0 0 0 0 0 0 1 0 0 1 0 1 0 1 0 0 1 1 0 0 0 0 1 1 1 1
 1 1 1 1 0 0 1 1 1 0 1 1 1 1 1 0 1 1 1 1 1 1 1]
140 36 0 0.2535446478273683 [1 0 0 0 1 1 1 1 0 1 1 0 0 0 0 0 0 1 0 0 1 0 1 0 1 0 0 1 1 0 0 0 0 1 1 1 1
 1 1 1 1 0 0 1 1 1 0 1 1 1 1 1 0 1 1 1 1 1 1 1]
141 36 0 0.2535446478273683 [1 0 0 0 1 1 1 1 0 1 1 0 0 0 0 0 0 1 0 0 1 0 1 0 1 0 0 1 1 0 0 0 0 1 1 1 1
 1 1 1 1 0 0 1 1 1 0 1 1 1 1 1 0 1 1 1 1 1 1 1]
142 36 0 0.2535446478273683 [1 0 0 0 1 1 1 1 0 1 1 0 0 0 0 0 0 1 0 0 1 0 1 0 1 0 0 1 1 0 0 0 0 1 1 1 1
 1 1 1 1 0 0 1 1 1 0 1 1 1 1 1 0 1 1 1 1 1 1 1]
143 36 0 0.2535446478273683 [1 0 0 0 1 1 1 1 0 1 1 0 0 0 0 0 0 1 0 0 1 0 1 0 1 0 0 1 1 0 0 0 0 1 1 1 1
 1 1 1 1 0 0 1 1 1 0 1 1 1 1 1 0 1 1 1 1 1 1 1]
144 36 0 0.2535446478273683 [1 0 0 0 1 1 1 1 0 1 1 0 0 0 0 0 0 1 0 0 1 0 1 0 1 0 0 1 1 0 0 0 0 1 1 1 1
 1 1 1 1 0 0 1 1 1 0 1 1 1 1 1 0 1 1 1 1 1 1 1]
145 36 0 0.2535446478273683 [1 0 0 0 1 1 1 1 0 1 1 0 0 0 0 0 0 1 0 0 1 0 1 0 1 0 0 1 1 0 0 0 0 1 1 1 1
 1 1 1 1 0 0 1 1 1 0 1 1 1 1 1 0 1 1 1 1 1 1 1]
146 36 0 0.2535446478273683 [1 0 0 0 1 1 1 1 0 1 1 0 0 0 0 0 0 1 0 0 1 0 1 0 1 0 0 1 1 0 0 0 0 1 1 1 1
 1 1 1 1 0 0 1 1 1 0 1 1 1 1 1 0 1 1 1 1 1 1 1]
147 36 0 0.2535446478273683 [1 0 0 0 1 1 1 1 0 1 1 0 0 0 0 0 0 1 0 0 1 0 1 0 1 0 0 1 1 0 0 0 0 1 1 1 1
 1 1 1 1 0 0 1 1 1 0 1 1 1 1 1 0 1 1 1 1 1 1 1]
148 36 0 0.2535446478273683 [1 0 0 0 1 1 1 1 0 1 1 0 0 0 0 0 0 1 0 0 1 0 1 0 1 0 0 1 1 0 0 0 0 1 1 1 1
 1 1 1 1 0 0 1 1 1 0 1 1 1 1 1 0 1 1 1 1 1 1 1]
149 36 0 0.2535446478273683 [1 0 0 0 1 1 1 1 0 1 1 0 0 0 0 0 0 1 0 0 1 0 1 0 1 0 0 1 1 0 0 0 0 1 1 1 1
 1 1 1 1 0 0 1 1 1 0 1 1 1 1 1 0 1 1 1 1 1 1 1]
150 36 0 0.2535446478273683 [1 0 0 0 1 1 1 1 0 1 1 0 0 0 0 0 0 1 0 0 1 0 1 0 1 0 0 1 1 0 0 0 0 1 1 1 1
 1 1 1 1 0 0 1 1 1 0 1 1 1 1 1 0 1 1 1 1 1 1 1]
