0 29 100 0.2635630620167899 [1 1 0 0 0 1 1 0 1 1 0 0 0 0 0 0 1 0 0 0 1 0 1 0 0 1 1 1 1 1 1 0 1 1 1 1 0
 1 0 1 0 0 0 0 1 1 1 1 0 0 0 0 0 1 0 0 0 1 1 1]
1 29 34 0.2635630620167899 [1 1 0 0 0 1 1 0 1 1 0 0 0 0 0 0 1 0 0 0 1 0 1 0 0 1 1 1 1 1 1 0 1 1 1 1 0
 1 0 1 0 0 0 0 1 1 1 1 0 0 0 0 0 1 0 0 0 1 1 1]
2 29 28 0.2635630620167899 [1 1 0 0 0 1 1 0 1 1 0 0 0 0 0 0 1 0 0 0 1 0 1 0 0 1 1 1 1 1 1 0 1 1 1 1 0
 1 0 1 0 0 0 0 1 1 1 1 0 0 0 0 0 1 0 0 0 1 1 1]
3 29 9 0.2635630620167899 [1 1 0 0 0 1 1 0 1 1 0 0 0 0 0 0 1 0 0 0 1 0 1 0 0 1 1 1 1 1 1 0 1 1 1 1 0
 1 0 1 0 0 0 0 1 1 1 1 0 0 0 0 0 1 0 0 0 1 1 1]
4 34 12 0.2605675729311371 [1 1 1 0 1 1 1 0 1 1 0 1 0 0 0 1 0 1 0 0 0 0 0 0 0 0 1 1 1 1 1 0 1 1 0 1 1
 0 1 0 1 0 0 1 1 1 1 0 0 0 1 1 1 1 1 1 0 1 0 1]
5 34 8 0.2605675729311371 [1 1 1 0 1 1 1 0 1 1 0 1 0 0 0 1 0 1 0 0 0 0 0 0 0 0 1 1 1 1 1 0 1 1 0 1 1
 0 1 0 1 0 0 1 1 1 1 0 0 0 1 1 1 1 1 1 0 1 0 1]
6 34 5 0.2605675729311371 [1 1 1 0 1 1 1 0 1 1 0 1 0 0 0 1 0 1 0 0 0 0 0 0 0 0 1 1 1 1 1 0 1 1 0 1 1
 0 1 0 1 0 0 1 1 1 1 0 0 0 1 1 1 1 1 1 0 1 0 1]
7 36 6 0.2575912432824503 [0 1 1 1 1 1 1 0 1 1 1 0 0 0 0 0 1 1 0 0 0 0 1 1 0 1 1 1 1 1 0 0 0 1 0 1 1
 0 0 1 0 1 0 1 1 1 1 1 1 0 0 1 1 1 1 1 0 1 1 0]
8 36 8 0.2575912432824503 [0 1 1 1 1 1 1 0 1 1 1 0 0 0 0 0 1 1 0 0 0 0 1 1 0 1 1 1 1 1 0 0 0 1 0 1 1
 0 0 1 0 1 0 1 1 1 1 1 1 0 0 1 1 1 1 1 0 1 1 0]
9 36 2 0.2575912432824503 [0 1 1 1 1 1 1 0 1 1 1 0 0 0 0 0 1 1 0 0 0 0 1 1 0 1 1 1 1 1 0 0 0 1 0 1 1
 0 0 1 0 1 0 1 1 1 1 1 1 0 0 1 1 1 1 1 0 1 1 0]
10 39 4 0.25055490272881564 [0 1 1 1 1 1 1 0 1 1 1 0 0 0 0 0 1 1 0 0 0 0 1 1 0 1 1 1 1 1 1 0 0 1 0 1 1
 0 0 1 0 1 0 1 1 1 1 1 1 0 1 1 1 1 1 1 0 1 1 1]
11 39 0 0.25055490272881564 [0 1 1 1 1 1 1 0 1 1 1 0 0 0 0 0 1 1 0 0 0 0 1 1 0 1 1 1 1 1 1 0 0 1 0 1 1
 0 0 1 0 1 0 1 1 1 1 1 1 0 1 1 1 1 1 1 0 1 1 1]
12 39 4 0.25055490272881564 [0 1 1 1 1 1 1 0 1 1 1 0 0 0 0 0 1 1 0 0 0 0 1 1 0 1 1 1 1 1 1 0 0 1 0 1 1
 0 0 1 0 1 0 1 1 1 1 1 1 0 1 1 1 1 1 1 0 1 1 1]
13 39 1 0.25055490272881564 [0 1 1 1 1 1 1 0 1 1 1 0 0 0 0 0 1 1 0 0 0 0 1 1 0 1 1 1 1 1 1 0 0 1 0 1 1
 0 0 1 0 1 0 1 1 1 1 1 1 0 1 1 1 1 1 1 0 1 1 1]
14 39 5 0.24955280189937235 [0 1 1 1 1 1 1 0 1 1 0 0 0 0 0 0 1 1 0 0 0 0 1 1 0 1 1 1 1 1 1 0 1 1 1 1 1
 0 0 1 0 1 0 1 1 1 1 1 1 0 0 1 1 1 1 1 0 1 1 1]
15 39 1 0.24955280189937235 [0 1 1 1 1 1 1 0 1 1 0 0 0 0 0 0 1 1 0 0 0 0 1 1 0 1 1 1 1 1 1 0 1 1 1 1 1
 0 0 1 0 1 0 1 1 1 1 1 1 0 0 1 1 1 1 1 0 1 1 1]
16 39 1 0.24955280189937235 [0 1 1 1 1 1 1 0 1 1 0 0 0 0 0 0 1 1 0 0 0 0 1 1 0 1 1 1 1 1 1 0 1 1 1 1 1
 0 0 1 0 1 0 1 1 1 1 1 1 0 0 1 1 1 1 1 0 1 1 1]
17 39 0 0.24955280189937235 [0 1 1 1 1 1 1 0 1 1 0 0 0 0 0 0 1 1 0 0 0 0 1 1 0 1 1 1 1 1 1 0 1 1 1 1 1
 0 0 1 0 1 0 1 1 1 1 1 1 0 0 1 1 1 1 1 0 1 1 1]
18 39 0 0.24955280189937235 [0 1 1 1 1 1 1 0 1 1 0 0 0 0 0 0 1 1 0 0 0 0 1 1 0 1 1 1 1 1 1 0 1 1 1 1 1
 0 0 1 0 1 0 1 1 1 1 1 1 0 0 1 1 1 1 1 0 1 1 1]
19 38 2 0.242560865644725 [0 1 1 1 1 1 1 0 1 1 0 0 0 0 0 0 1 1 0 0 0 0 1 1 0 1 1 1 1 1 1 0 1 1 0 1 1
 0 0 1 0 1 0 1 1 1 1 1 1 0 0 1 1 1 1 1 0 1 1 1]
20 38 0 0.242560865644725 [0 1 1 1 1 1 1 0 1 1 0 0 0 0 0 0 1 1 0 0 0 0 1 1 0 1 1 1 1 1 1 0 1 1 0 1 1
 0 0 1 0 1 0 1 1 1 1 1 1 0 0 1 1 1 1 1 0 1 1 1]
21 38 1 0.242560865644725 [0 1 1 1 1 1 1 0 1 1 0 0 0 0 0 0 1 1 0 0 0 0 1 1 0 1 1 1 1 1 1 0 1 1 0 1 1
 0 0 1 0 1 0 1 1 1 1 1 1 0 0 1 1 1 1 1 0 1 1 1]
22 38 0 0.242560865644725 [0 1 1 1 1 1 1 0 1 1 0 0 0 0 0 0 1 1 0 0 0 0 1 1 0 1 1 1 1 1 1 0 1 1 0 1 1
 0 0 1 0 1 0 1 1 1 1 1 1 0 0 1 1 1 1 1 0 1 1 1]
23 38 0 0.242560865644725 [0 1 1 1 1 1 1 0 1 1 0 0 0 0 0 0 1 1 0 0 0 0 1 1 0 1 1 1 1 1 1 0 1 1 0 1 1
 0 0 1 0 1 0 1 1 1 1 1 1 0 0 1 1 1 1 1 0 1 1 1]
24 38 0 0.242560865644725 [0 1 1 1 1 1 1 0 1 1 0 0 0 0 0 0 1 1 0 0 0 0 1 1 0 1 1 1 1 1 1 0 1 1 0 1 1
 0 0 1 0 1 0 1 1 1 1 1 1 0 0 1 1 1 1 1 0 1 1 1]
25 38 0 0.242560865644725 [0 1 1 1 1 1 1 0 1 1 0 0 0 0 0 0 1 1 0 0 0 0 1 1 0 1 1 1 1 1 1 0 1 1 0 1 1
 0 0 1 0 1 0 1 1 1 1 1 1 0 0 1 1 1 1 1 0 1 1 1]
26 38 0 0.242560865644725 [0 1 1 1 1 1 1 0 1 1 0 0 0 0 0 0 1 1 0 0 0 0 1 1 0 1 1 1 1 1 1 0 1 1 0 1 1
 0 0 1 0 1 0 1 1 1 1 1 1 0 0 1 1 1 1 1 0 1 1 1]
27 38 0 0.242560865644725 [0 1 1 1 1 1 1 0 1 1 0 0 0 0 0 0 1 1 0 0 0 0 1 1 0 1 1 1 1 1 1 0 1 1 0 1 1
 0 0 1 0 1 0 1 1 1 1 1 1 0 0 1 1 1 1 1 0 1 1 1]
28 38 0 0.242560865644725 [0 1 1 1 1 1 1 0 1 1 0 0 0 0 0 0 1 1 0 0 0 0 1 1 0 1 1 1 1 1 1 0 1 1 0 1 1
 0 0 1 0 1 0 1 1 1 1 1 1 0 0 1 1 1 1 1 0 1 1 1]
29 38 0 0.242560865644725 [0 1 1 1 1 1 1 0 1 1 0 0 0 0 0 0 1 1 0 0 0 0 1 1 0 1 1 1 1 1 1 0 1 1 0 1 1
 0 0 1 0 1 0 1 1 1 1 1 1 0 0 1 1 1 1 1 0 1 1 1]
30 38 0 0.242560865644725 [0 1 1 1 1 1 1 0 1 1 0 0 0 0 0 0 1 1 0 0 0 0 1 1 0 1 1 1 1 1 1 0 1 1 0 1 1
 0 0 1 0 1 0 1 1 1 1 1 1 0 0 1 1 1 1 1 0 1 1 1]
31 38 0 0.242560865644725 [0 1 1 1 1 1 1 0 1 1 0 0 0 0 0 0 1 1 0 0 0 0 1 1 0 1 1 1 1 1 1 0 1 1 0 1 1
 0 0 1 0 1 0 1 1 1 1 1 1 0 0 1 1 1 1 1 0 1 1 1]
32 38 0 0.242560865644725 [0 1 1 1 1 1 1 0 1 1 0 0 0 0 0 0 1 1 0 0 0 0 1 1 0 1 1 1 1 1 1 0 1 1 0 1 1
 0 0 1 0 1 0 1 1 1 1 1 1 0 0 1 1 1 1 1 0 1 1 1]
33 38 0 0.242560865644725 [0 1 1 1 1 1 1 0 1 1 0 0 0 0 0 0 1 1 0 0 0 0 1 1 0 1 1 1 1 1 1 0 1 1 0 1 1
 0 0 1 0 1 0 1 1 1 1 1 1 0 0 1 1 1 1 1 0 1 1 1]
34 38 0 0.242560865644725 [0 1 1 1 1 1 1 0 1 1 0 0 0 0 0 0 1 1 0 0 0 0 1 1 0 1 1 1 1 1 1 0 1 1 0 1 1
 0 0 1 0 1 0 1 1 1 1 1 1 0 0 1 1 1 1 1 0 1 1 1]
35 38 0 0.242560865644725 [0 1 1 1 1 1 1 0 1 1 0 0 0 0 0 0 1 1 0 0 0 0 1 1 0 1 1 1 1 1 1 0 1 1 0 1 1
 0 0 1 0 1 0 1 1 1 1 1 1 0 0 1 1 1 1 1 0 1 1 1]
36 38 0 0.242560865644725 [0 1 1 1 1 1 1 0 1 1 0 0 0 0 0 0 1 1 0 0 0 0 1 1 0 1 1 1 1 1 1 0 1 1 0 1 1
 0 0 1 0 1 0 1 1 1 1 1 1 0 0 1 1 1 1 1 0 1 1 1]
37 38 0 0.242560865644725 [0 1 1 1 1 1 1 0 1 1 0 0 0 0 0 0 1 1 0 0 0 0 1 1 0 1 1 1 1 1 1 0 1 1 0 1 1
 0 0 1 0 1 0 1 1 1 1 1 1 0 0 1 1 1 1 1 0 1 1 1]
38 38 0 0.242560865644725 [0 1 1 1 1 1 1 0 1 1 0 0 0 0 0 0 1 1 0 0 0 0 1 1 0 1 1 1 1 1 1 0 1 1 0 1 1
 0 0 1 0 1 0 1 1 1 1 1 1 0 0 1 1 1 1 1 0 1 1 1]
39 38 0 0.242560865644725 [0 1 1 1 1 1 1 0 1 1 0 0 0 0 0 0 1 1 0 0 0 0 1 1 0 1 1 1 1 1 1 0 1 1 0 1 1
 0 0 1 0 1 0 1 1 1 1 1 1 0 0 1 1 1 1 1 0 1 1 1]
40 38 0 0.242560865644725 [0 1 1 1 1 1 1 0 1 1 0 0 0 0 0 0 1 1 0 0 0 0 1 1 0 1 1 1 1 1 1 0 1 1 0 1 1
 0 0 1 0 1 0 1 1 1 1 1 1 0 0 1 1 1 1 1 0 1 1 1]
41 38 0 0.242560865644725 [0 1 1 1 1 1 1 0 1 1 0 0 0 0 0 0 1 1 0 0 0 0 1 1 0 1 1 1 1 1 1 0 1 1 0 1 1
 0 0 1 0 1 0 1 1 1 1 1 1 0 0 1 1 1 1 1 0 1 1 1]
42 38 0 0.242560865644725 [0 1 1 1 1 1 1 0 1 1 0 0 0 0 0 0 1 1 0 0 0 0 1 1 0 1 1 1 1 1 1 0 1 1 0 1 1
 0 0 1 0 1 0 1 1 1 1 1 1 0 0 1 1 1 1 1 0 1 1 1]
43 38 0 0.242560865644725 [0 1 1 1 1 1 1 0 1 1 0 0 0 0 0 0 1 1 0 0 0 0 1 1 0 1 1 1 1 1 1 0 1 1 0 1 1
 0 0 1 0 1 0 1 1 1 1 1 1 0 0 1 1 1 1 1 0 1 1 1]
44 38 0 0.242560865644725 [0 1 1 1 1 1 1 0 1 1 0 0 0 0 0 0 1 1 0 0 0 0 1 1 0 1 1 1 1 1 1 0 1 1 0 1 1
 0 0 1 0 1 0 1 1 1 1 1 1 0 0 1 1 1 1 1 0 1 1 1]
45 38 0 0.242560865644725 [0 1 1 1 1 1 1 0 1 1 0 0 0 0 0 0 1 1 0 0 0 0 1 1 0 1 1 1 1 1 1 0 1 1 0 1 1
 0 0 1 0 1 0 1 1 1 1 1 1 0 0 1 1 1 1 1 0 1 1 1]
46 38 0 0.242560865644725 [0 1 1 1 1 1 1 0 1 1 0 0 0 0 0 0 1 1 0 0 0 0 1 1 0 1 1 1 1 1 1 0 1 1 0 1 1
 0 0 1 0 1 0 1 1 1 1 1 1 0 0 1 1 1 1 1 0 1 1 1]
47 38 0 0.242560865644725 [0 1 1 1 1 1 1 0 1 1 0 0 0 0 0 0 1 1 0 0 0 0 1 1 0 1 1 1 1 1 1 0 1 1 0 1 1
 0 0 1 0 1 0 1 1 1 1 1 1 0 0 1 1 1 1 1 0 1 1 1]
48 38 0 0.242560865644725 [0 1 1 1 1 1 1 0 1 1 0 0 0 0 0 0 1 1 0 0 0 0 1 1 0 1 1 1 1 1 1 0 1 1 0 1 1
 0 0 1 0 1 0 1 1 1 1 1 1 0 0 1 1 1 1 1 0 1 1 1]
49 38 0 0.242560865644725 [0 1 1 1 1 1 1 0 1 1 0 0 0 0 0 0 1 1 0 0 0 0 1 1 0 1 1 1 1 1 1 0 1 1 0 1 1
 0 0 1 0 1 0 1 1 1 1 1 1 0 0 1 1 1 1 1 0 1 1 1]
50 38 0 0.242560865644725 [0 1 1 1 1 1 1 0 1 1 0 0 0 0 0 0 1 1 0 0 0 0 1 1 0 1 1 1 1 1 1 0 1 1 0 1 1
 0 0 1 0 1 0 1 1 1 1 1 1 0 0 1 1 1 1 1 0 1 1 1]
51 38 0 0.242560865644725 [0 1 1 1 1 1 1 0 1 1 0 0 0 0 0 0 1 1 0 0 0 0 1 1 0 1 1 1 1 1 1 0 1 1 0 1 1
 0 0 1 0 1 0 1 1 1 1 1 1 0 0 1 1 1 1 1 0 1 1 1]
52 38 0 0.242560865644725 [0 1 1 1 1 1 1 0 1 1 0 0 0 0 0 0 1 1 0 0 0 0 1 1 0 1 1 1 1 1 1 0 1 1 0 1 1
 0 0 1 0 1 0 1 1 1 1 1 1 0 0 1 1 1 1 1 0 1 1 1]
53 38 0 0.242560865644725 [0 1 1 1 1 1 1 0 1 1 0 0 0 0 0 0 1 1 0 0 0 0 1 1 0 1 1 1 1 1 1 0 1 1 0 1 1
 0 0 1 0 1 0 1 1 1 1 1 1 0 0 1 1 1 1 1 0 1 1 1]
54 38 0 0.242560865644725 [0 1 1 1 1 1 1 0 1 1 0 0 0 0 0 0 1 1 0 0 0 0 1 1 0 1 1 1 1 1 1 0 1 1 0 1 1
 0 0 1 0 1 0 1 1 1 1 1 1 0 0 1 1 1 1 1 0 1 1 1]
55 38 0 0.242560865644725 [0 1 1 1 1 1 1 0 1 1 0 0 0 0 0 0 1 1 0 0 0 0 1 1 0 1 1 1 1 1 1 0 1 1 0 1 1
 0 0 1 0 1 0 1 1 1 1 1 1 0 0 1 1 1 1 1 0 1 1 1]
56 38 0 0.242560865644725 [0 1 1 1 1 1 1 0 1 1 0 0 0 0 0 0 1 1 0 0 0 0 1 1 0 1 1 1 1 1 1 0 1 1 0 1 1
 0 0 1 0 1 0 1 1 1 1 1 1 0 0 1 1 1 1 1 0 1 1 1]
57 38 0 0.242560865644725 [0 1 1 1 1 1 1 0 1 1 0 0 0 0 0 0 1 1 0 0 0 0 1 1 0 1 1 1 1 1 1 0 1 1 0 1 1
 0 0 1 0 1 0 1 1 1 1 1 1 0 0 1 1 1 1 1 0 1 1 1]
58 38 0 0.242560865644725 [0 1 1 1 1 1 1 0 1 1 0 0 0 0 0 0 1 1 0 0 0 0 1 1 0 1 1 1 1 1 1 0 1 1 0 1 1
 0 0 1 0 1 0 1 1 1 1 1 1 0 0 1 1 1 1 1 0 1 1 1]
59 38 0 0.242560865644725 [0 1 1 1 1 1 1 0 1 1 0 0 0 0 0 0 1 1 0 0 0 0 1 1 0 1 1 1 1 1 1 0 1 1 0 1 1
 0 0 1 0 1 0 1 1 1 1 1 1 0 0 1 1 1 1 1 0 1 1 1]
60 38 0 0.242560865644725 [0 1 1 1 1 1 1 0 1 1 0 0 0 0 0 0 1 1 0 0 0 0 1 1 0 1 1 1 1 1 1 0 1 1 0 1 1
 0 0 1 0 1 0 1 1 1 1 1 1 0 0 1 1 1 1 1 0 1 1 1]
61 38 0 0.242560865644725 [0 1 1 1 1 1 1 0 1 1 0 0 0 0 0 0 1 1 0 0 0 0 1 1 0 1 1 1 1 1 1 0 1 1 0 1 1
 0 0 1 0 1 0 1 1 1 1 1 1 0 0 1 1 1 1 1 0 1 1 1]
62 38 0 0.242560865644725 [0 1 1 1 1 1 1 0 1 1 0 0 0 0 0 0 1 1 0 0 0 0 1 1 0 1 1 1 1 1 1 0 1 1 0 1 1
 0 0 1 0 1 0 1 1 1 1 1 1 0 0 1 1 1 1 1 0 1 1 1]
63 38 0 0.242560865644725 [0 1 1 1 1 1 1 0 1 1 0 0 0 0 0 0 1 1 0 0 0 0 1 1 0 1 1 1 1 1 1 0 1 1 0 1 1
 0 0 1 0 1 0 1 1 1 1 1 1 0 0 1 1 1 1 1 0 1 1 1]
64 38 0 0.242560865644725 [0 1 1 1 1 1 1 0 1 1 0 0 0 0 0 0 1 1 0 0 0 0 1 1 0 1 1 1 1 1 1 0 1 1 0 1 1
 0 0 1 0 1 0 1 1 1 1 1 1 0 0 1 1 1 1 1 0 1 1 1]
65 38 0 0.242560865644725 [0 1 1 1 1 1 1 0 1 1 0 0 0 0 0 0 1 1 0 0 0 0 1 1 0 1 1 1 1 1 1 0 1 1 0 1 1
 0 0 1 0 1 0 1 1 1 1 1 1 0 0 1 1 1 1 1 0 1 1 1]
66 38 0 0.242560865644725 [0 1 1 1 1 1 1 0 1 1 0 0 0 0 0 0 1 1 0 0 0 0 1 1 0 1 1 1 1 1 1 0 1 1 0 1 1
 0 0 1 0 1 0 1 1 1 1 1 1 0 0 1 1 1 1 1 0 1 1 1]
67 38 0 0.242560865644725 [0 1 1 1 1 1 1 0 1 1 0 0 0 0 0 0 1 1 0 0 0 0 1 1 0 1 1 1 1 1 1 0 1 1 0 1 1
 0 0 1 0 1 0 1 1 1 1 1 1 0 0 1 1 1 1 1 0 1 1 1]
68 38 0 0.242560865644725 [0 1 1 1 1 1 1 0 1 1 0 0 0 0 0 0 1 1 0 0 0 0 1 1 0 1 1 1 1 1 1 0 1 1 0 1 1
 0 0 1 0 1 0 1 1 1 1 1 1 0 0 1 1 1 1 1 0 1 1 1]
69 38 0 0.242560865644725 [0 1 1 1 1 1 1 0 1 1 0 0 0 0 0 0 1 1 0 0 0 0 1 1 0 1 1 1 1 1 1 0 1 1 0 1 1
 0 0 1 0 1 0 1 1 1 1 1 1 0 0 1 1 1 1 1 0 1 1 1]
70 38 0 0.242560865644725 [0 1 1 1 1 1 1 0 1 1 0 0 0 0 0 0 1 1 0 0 0 0 1 1 0 1 1 1 1 1 1 0 1 1 0 1 1
 0 0 1 0 1 0 1 1 1 1 1 1 0 0 1 1 1 1 1 0 1 1 1]
71 38 0 0.242560865644725 [0 1 1 1 1 1 1 0 1 1 0 0 0 0 0 0 1 1 0 0 0 0 1 1 0 1 1 1 1 1 1 0 1 1 0 1 1
 0 0 1 0 1 0 1 1 1 1 1 1 0 0 1 1 1 1 1 0 1 1 1]
72 38 0 0.242560865644725 [0 1 1 1 1 1 1 0 1 1 0 0 0 0 0 0 1 1 0 0 0 0 1 1 0 1 1 1 1 1 1 0 1 1 0 1 1
 0 0 1 0 1 0 1 1 1 1 1 1 0 0 1 1 1 1 1 0 1 1 1]
73 38 0 0.242560865644725 [0 1 1 1 1 1 1 0 1 1 0 0 0 0 0 0 1 1 0 0 0 0 1 1 0 1 1 1 1 1 1 0 1 1 0 1 1
 0 0 1 0 1 0 1 1 1 1 1 1 0 0 1 1 1 1 1 0 1 1 1]
74 38 0 0.242560865644725 [0 1 1 1 1 1 1 0 1 1 0 0 0 0 0 0 1 1 0 0 0 0 1 1 0 1 1 1 1 1 1 0 1 1 0 1 1
 0 0 1 0 1 0 1 1 1 1 1 1 0 0 1 1 1 1 1 0 1 1 1]
75 38 0 0.242560865644725 [0 1 1 1 1 1 1 0 1 1 0 0 0 0 0 0 1 1 0 0 0 0 1 1 0 1 1 1 1 1 1 0 1 1 0 1 1
 0 0 1 0 1 0 1 1 1 1 1 1 0 0 1 1 1 1 1 0 1 1 1]
76 38 0 0.242560865644725 [0 1 1 1 1 1 1 0 1 1 0 0 0 0 0 0 1 1 0 0 0 0 1 1 0 1 1 1 1 1 1 0 1 1 0 1 1
 0 0 1 0 1 0 1 1 1 1 1 1 0 0 1 1 1 1 1 0 1 1 1]
77 38 0 0.242560865644725 [0 1 1 1 1 1 1 0 1 1 0 0 0 0 0 0 1 1 0 0 0 0 1 1 0 1 1 1 1 1 1 0 1 1 0 1 1
 0 0 1 0 1 0 1 1 1 1 1 1 0 0 1 1 1 1 1 0 1 1 1]
78 38 0 0.242560865644725 [0 1 1 1 1 1 1 0 1 1 0 0 0 0 0 0 1 1 0 0 0 0 1 1 0 1 1 1 1 1 1 0 1 1 0 1 1
 0 0 1 0 1 0 1 1 1 1 1 1 0 0 1 1 1 1 1 0 1 1 1]
79 38 0 0.242560865644725 [0 1 1 1 1 1 1 0 1 1 0 0 0 0 0 0 1 1 0 0 0 0 1 1 0 1 1 1 1 1 1 0 1 1 0 1 1
 0 0 1 0 1 0 1 1 1 1 1 1 0 0 1 1 1 1 1 0 1 1 1]
80 38 0 0.242560865644725 [0 1 1 1 1 1 1 0 1 1 0 0 0 0 0 0 1 1 0 0 0 0 1 1 0 1 1 1 1 1 1 0 1 1 0 1 1
 0 0 1 0 1 0 1 1 1 1 1 1 0 0 1 1 1 1 1 0 1 1 1]
81 38 0 0.242560865644725 [0 1 1 1 1 1 1 0 1 1 0 0 0 0 0 0 1 1 0 0 0 0 1 1 0 1 1 1 1 1 1 0 1 1 0 1 1
 0 0 1 0 1 0 1 1 1 1 1 1 0 0 1 1 1 1 1 0 1 1 1]
82 38 0 0.242560865644725 [0 1 1 1 1 1 1 0 1 1 0 0 0 0 0 0 1 1 0 0 0 0 1 1 0 1 1 1 1 1 1 0 1 1 0 1 1
 0 0 1 0 1 0 1 1 1 1 1 1 0 0 1 1 1 1 1 0 1 1 1]
83 38 0 0.242560865644725 [0 1 1 1 1 1 1 0 1 1 0 0 0 0 0 0 1 1 0 0 0 0 1 1 0 1 1 1 1 1 1 0 1 1 0 1 1
 0 0 1 0 1 0 1 1 1 1 1 1 0 0 1 1 1 1 1 0 1 1 1]
84 38 0 0.242560865644725 [0 1 1 1 1 1 1 0 1 1 0 0 0 0 0 0 1 1 0 0 0 0 1 1 0 1 1 1 1 1 1 0 1 1 0 1 1
 0 0 1 0 1 0 1 1 1 1 1 1 0 0 1 1 1 1 1 0 1 1 1]
85 38 0 0.242560865644725 [0 1 1 1 1 1 1 0 1 1 0 0 0 0 0 0 1 1 0 0 0 0 1 1 0 1 1 1 1 1 1 0 1 1 0 1 1
 0 0 1 0 1 0 1 1 1 1 1 1 0 0 1 1 1 1 1 0 1 1 1]
86 38 0 0.242560865644725 [0 1 1 1 1 1 1 0 1 1 0 0 0 0 0 0 1 1 0 0 0 0 1 1 0 1 1 1 1 1 1 0 1 1 0 1 1
 0 0 1 0 1 0 1 1 1 1 1 1 0 0 1 1 1 1 1 0 1 1 1]
87 38 0 0.242560865644725 [0 1 1 1 1 1 1 0 1 1 0 0 0 0 0 0 1 1 0 0 0 0 1 1 0 1 1 1 1 1 1 0 1 1 0 1 1
 0 0 1 0 1 0 1 1 1 1 1 1 0 0 1 1 1 1 1 0 1 1 1]
88 38 0 0.242560865644725 [0 1 1 1 1 1 1 0 1 1 0 0 0 0 0 0 1 1 0 0 0 0 1 1 0 1 1 1 1 1 1 0 1 1 0 1 1
 0 0 1 0 1 0 1 1 1 1 1 1 0 0 1 1 1 1 1 0 1 1 1]
89 38 0 0.242560865644725 [0 1 1 1 1 1 1 0 1 1 0 0 0 0 0 0 1 1 0 0 0 0 1 1 0 1 1 1 1 1 1 0 1 1 0 1 1
 0 0 1 0 1 0 1 1 1 1 1 1 0 0 1 1 1 1 1 0 1 1 1]
90 38 0 0.242560865644725 [0 1 1 1 1 1 1 0 1 1 0 0 0 0 0 0 1 1 0 0 0 0 1 1 0 1 1 1 1 1 1 0 1 1 0 1 1
 0 0 1 0 1 0 1 1 1 1 1 1 0 0 1 1 1 1 1 0 1 1 1]
91 38 0 0.242560865644725 [0 1 1 1 1 1 1 0 1 1 0 0 0 0 0 0 1 1 0 0 0 0 1 1 0 1 1 1 1 1 1 0 1 1 0 1 1
 0 0 1 0 1 0 1 1 1 1 1 1 0 0 1 1 1 1 1 0 1 1 1]
92 38 0 0.242560865644725 [0 1 1 1 1 1 1 0 1 1 0 0 0 0 0 0 1 1 0 0 0 0 1 1 0 1 1 1 1 1 1 0 1 1 0 1 1
 0 0 1 0 1 0 1 1 1 1 1 1 0 0 1 1 1 1 1 0 1 1 1]
93 38 0 0.242560865644725 [0 1 1 1 1 1 1 0 1 1 0 0 0 0 0 0 1 1 0 0 0 0 1 1 0 1 1 1 1 1 1 0 1 1 0 1 1
 0 0 1 0 1 0 1 1 1 1 1 1 0 0 1 1 1 1 1 0 1 1 1]
94 38 0 0.242560865644725 [0 1 1 1 1 1 1 0 1 1 0 0 0 0 0 0 1 1 0 0 0 0 1 1 0 1 1 1 1 1 1 0 1 1 0 1 1
 0 0 1 0 1 0 1 1 1 1 1 1 0 0 1 1 1 1 1 0 1 1 1]
95 38 0 0.242560865644725 [0 1 1 1 1 1 1 0 1 1 0 0 0 0 0 0 1 1 0 0 0 0 1 1 0 1 1 1 1 1 1 0 1 1 0 1 1
 0 0 1 0 1 0 1 1 1 1 1 1 0 0 1 1 1 1 1 0 1 1 1]
96 38 0 0.242560865644725 [0 1 1 1 1 1 1 0 1 1 0 0 0 0 0 0 1 1 0 0 0 0 1 1 0 1 1 1 1 1 1 0 1 1 0 1 1
 0 0 1 0 1 0 1 1 1 1 1 1 0 0 1 1 1 1 1 0 1 1 1]
97 38 0 0.242560865644725 [0 1 1 1 1 1 1 0 1 1 0 0 0 0 0 0 1 1 0 0 0 0 1 1 0 1 1 1 1 1 1 0 1 1 0 1 1
 0 0 1 0 1 0 1 1 1 1 1 1 0 0 1 1 1 1 1 0 1 1 1]
98 38 0 0.242560865644725 [0 1 1 1 1 1 1 0 1 1 0 0 0 0 0 0 1 1 0 0 0 0 1 1 0 1 1 1 1 1 1 0 1 1 0 1 1
 0 0 1 0 1 0 1 1 1 1 1 1 0 0 1 1 1 1 1 0 1 1 1]
99 38 0 0.242560865644725 [0 1 1 1 1 1 1 0 1 1 0 0 0 0 0 0 1 1 0 0 0 0 1 1 0 1 1 1 1 1 1 0 1 1 0 1 1
 0 0 1 0 1 0 1 1 1 1 1 1 0 0 1 1 1 1 1 0 1 1 1]
100 38 0 0.242560865644725 [0 1 1 1 1 1 1 0 1 1 0 0 0 0 0 0 1 1 0 0 0 0 1 1 0 1 1 1 1 1 1 0 1 1 0 1 1
 0 0 1 0 1 0 1 1 1 1 1 1 0 0 1 1 1 1 1 0 1 1 1]
101 38 0 0.242560865644725 [0 1 1 1 1 1 1 0 1 1 0 0 0 0 0 0 1 1 0 0 0 0 1 1 0 1 1 1 1 1 1 0 1 1 0 1 1
 0 0 1 0 1 0 1 1 1 1 1 1 0 0 1 1 1 1 1 0 1 1 1]
102 38 0 0.242560865644725 [0 1 1 1 1 1 1 0 1 1 0 0 0 0 0 0 1 1 0 0 0 0 1 1 0 1 1 1 1 1 1 0 1 1 0 1 1
 0 0 1 0 1 0 1 1 1 1 1 1 0 0 1 1 1 1 1 0 1 1 1]
103 38 0 0.242560865644725 [0 1 1 1 1 1 1 0 1 1 0 0 0 0 0 0 1 1 0 0 0 0 1 1 0 1 1 1 1 1 1 0 1 1 0 1 1
 0 0 1 0 1 0 1 1 1 1 1 1 0 0 1 1 1 1 1 0 1 1 1]
104 38 0 0.242560865644725 [0 1 1 1 1 1 1 0 1 1 0 0 0 0 0 0 1 1 0 0 0 0 1 1 0 1 1 1 1 1 1 0 1 1 0 1 1
 0 0 1 0 1 0 1 1 1 1 1 1 0 0 1 1 1 1 1 0 1 1 1]
105 38 0 0.242560865644725 [0 1 1 1 1 1 1 0 1 1 0 0 0 0 0 0 1 1 0 0 0 0 1 1 0 1 1 1 1 1 1 0 1 1 0 1 1
 0 0 1 0 1 0 1 1 1 1 1 1 0 0 1 1 1 1 1 0 1 1 1]
106 38 0 0.242560865644725 [0 1 1 1 1 1 1 0 1 1 0 0 0 0 0 0 1 1 0 0 0 0 1 1 0 1 1 1 1 1 1 0 1 1 0 1 1
 0 0 1 0 1 0 1 1 1 1 1 1 0 0 1 1 1 1 1 0 1 1 1]
107 38 0 0.242560865644725 [0 1 1 1 1 1 1 0 1 1 0 0 0 0 0 0 1 1 0 0 0 0 1 1 0 1 1 1 1 1 1 0 1 1 0 1 1
 0 0 1 0 1 0 1 1 1 1 1 1 0 0 1 1 1 1 1 0 1 1 1]
108 38 0 0.242560865644725 [0 1 1 1 1 1 1 0 1 1 0 0 0 0 0 0 1 1 0 0 0 0 1 1 0 1 1 1 1 1 1 0 1 1 0 1 1
 0 0 1 0 1 0 1 1 1 1 1 1 0 0 1 1 1 1 1 0 1 1 1]
109 38 0 0.242560865644725 [0 1 1 1 1 1 1 0 1 1 0 0 0 0 0 0 1 1 0 0 0 0 1 1 0 1 1 1 1 1 1 0 1 1 0 1 1
 0 0 1 0 1 0 1 1 1 1 1 1 0 0 1 1 1 1 1 0 1 1 1]
110 38 0 0.242560865644725 [0 1 1 1 1 1 1 0 1 1 0 0 0 0 0 0 1 1 0 0 0 0 1 1 0 1 1 1 1 1 1 0 1 1 0 1 1
 0 0 1 0 1 0 1 1 1 1 1 1 0 0 1 1 1 1 1 0 1 1 1]
111 38 0 0.242560865644725 [0 1 1 1 1 1 1 0 1 1 0 0 0 0 0 0 1 1 0 0 0 0 1 1 0 1 1 1 1 1 1 0 1 1 0 1 1
 0 0 1 0 1 0 1 1 1 1 1 1 0 0 1 1 1 1 1 0 1 1 1]
112 38 0 0.242560865644725 [0 1 1 1 1 1 1 0 1 1 0 0 0 0 0 0 1 1 0 0 0 0 1 1 0 1 1 1 1 1 1 0 1 1 0 1 1
 0 0 1 0 1 0 1 1 1 1 1 1 0 0 1 1 1 1 1 0 1 1 1]
113 38 0 0.242560865644725 [0 1 1 1 1 1 1 0 1 1 0 0 0 0 0 0 1 1 0 0 0 0 1 1 0 1 1 1 1 1 1 0 1 1 0 1 1
 0 0 1 0 1 0 1 1 1 1 1 1 0 0 1 1 1 1 1 0 1 1 1]
114 38 0 0.242560865644725 [0 1 1 1 1 1 1 0 1 1 0 0 0 0 0 0 1 1 0 0 0 0 1 1 0 1 1 1 1 1 1 0 1 1 0 1 1
 0 0 1 0 1 0 1 1 1 1 1 1 0 0 1 1 1 1 1 0 1 1 1]
115 38 0 0.242560865644725 [0 1 1 1 1 1 1 0 1 1 0 0 0 0 0 0 1 1 0 0 0 0 1 1 0 1 1 1 1 1 1 0 1 1 0 1 1
 0 0 1 0 1 0 1 1 1 1 1 1 0 0 1 1 1 1 1 0 1 1 1]
116 38 0 0.242560865644725 [0 1 1 1 1 1 1 0 1 1 0 0 0 0 0 0 1 1 0 0 0 0 1 1 0 1 1 1 1 1 1 0 1 1 0 1 1
 0 0 1 0 1 0 1 1 1 1 1 1 0 0 1 1 1 1 1 0 1 1 1]
117 38 0 0.242560865644725 [0 1 1 1 1 1 1 0 1 1 0 0 0 0 0 0 1 1 0 0 0 0 1 1 0 1 1 1 1 1 1 0 1 1 0 1 1
 0 0 1 0 1 0 1 1 1 1 1 1 0 0 1 1 1 1 1 0 1 1 1]
118 38 0 0.242560865644725 [0 1 1 1 1 1 1 0 1 1 0 0 0 0 0 0 1 1 0 0 0 0 1 1 0 1 1 1 1 1 1 0 1 1 0 1 1
 0 0 1 0 1 0 1 1 1 1 1 1 0 0 1 1 1 1 1 0 1 1 1]
119 38 0 0.242560865644725 [0 1 1 1 1 1 1 0 1 1 0 0 0 0 0 0 1 1 0 0 0 0 1 1 0 1 1 1 1 1 1 0 1 1 0 1 1
 0 0 1 0 1 0 1 1 1 1 1 1 0 0 1 1 1 1 1 0 1 1 1]
120 38 0 0.242560865644725 [0 1 1 1 1 1 1 0 1 1 0 0 0 0 0 0 1 1 0 0 0 0 1 1 0 1 1 1 1 1 1 0 1 1 0 1 1
 0 0 1 0 1 0 1 1 1 1 1 1 0 0 1 1 1 1 1 0 1 1 1]
121 38 0 0.242560865644725 [0 1 1 1 1 1 1 0 1 1 0 0 0 0 0 0 1 1 0 0 0 0 1 1 0 1 1 1 1 1 1 0 1 1 0 1 1
 0 0 1 0 1 0 1 1 1 1 1 1 0 0 1 1 1 1 1 0 1 1 1]
122 38 0 0.242560865644725 [0 1 1 1 1 1 1 0 1 1 0 0 0 0 0 0 1 1 0 0 0 0 1 1 0 1 1 1 1 1 1 0 1 1 0 1 1
 0 0 1 0 1 0 1 1 1 1 1 1 0 0 1 1 1 1 1 0 1 1 1]
123 38 0 0.242560865644725 [0 1 1 1 1 1 1 0 1 1 0 0 0 0 0 0 1 1 0 0 0 0 1 1 0 1 1 1 1 1 1 0 1 1 0 1 1
 0 0 1 0 1 0 1 1 1 1 1 1 0 0 1 1 1 1 1 0 1 1 1]
124 38 0 0.242560865644725 [0 1 1 1 1 1 1 0 1 1 0 0 0 0 0 0 1 1 0 0 0 0 1 1 0 1 1 1 1 1 1 0 1 1 0 1 1
 0 0 1 0 1 0 1 1 1 1 1 1 0 0 1 1 1 1 1 0 1 1 1]
125 38 0 0.242560865644725 [0 1 1 1 1 1 1 0 1 1 0 0 0 0 0 0 1 1 0 0 0 0 1 1 0 1 1 1 1 1 1 0 1 1 0 1 1
 0 0 1 0 1 0 1 1 1 1 1 1 0 0 1 1 1 1 1 0 1 1 1]
126 38 0 0.242560865644725 [0 1 1 1 1 1 1 0 1 1 0 0 0 0 0 0 1 1 0 0 0 0 1 1 0 1 1 1 1 1 1 0 1 1 0 1 1
 0 0 1 0 1 0 1 1 1 1 1 1 0 0 1 1 1 1 1 0 1 1 1]
127 38 0 0.242560865644725 [0 1 1 1 1 1 1 0 1 1 0 0 0 0 0 0 1 1 0 0 0 0 1 1 0 1 1 1 1 1 1 0 1 1 0 1 1
 0 0 1 0 1 0 1 1 1 1 1 1 0 0 1 1 1 1 1 0 1 1 1]
128 38 0 0.242560865644725 [0 1 1 1 1 1 1 0 1 1 0 0 0 0 0 0 1 1 0 0 0 0 1 1 0 1 1 1 1 1 1 0 1 1 0 1 1
 0 0 1 0 1 0 1 1 1 1 1 1 0 0 1 1 1 1 1 0 1 1 1]
129 38 0 0.242560865644725 [0 1 1 1 1 1 1 0 1 1 0 0 0 0 0 0 1 1 0 0 0 0 1 1 0 1 1 1 1 1 1 0 1 1 0 1 1
 0 0 1 0 1 0 1 1 1 1 1 1 0 0 1 1 1 1 1 0 1 1 1]
130 38 0 0.242560865644725 [0 1 1 1 1 1 1 0 1 1 0 0 0 0 0 0 1 1 0 0 0 0 1 1 0 1 1 1 1 1 1 0 1 1 0 1 1
 0 0 1 0 1 0 1 1 1 1 1 1 0 0 1 1 1 1 1 0 1 1 1]
131 38 0 0.242560865644725 [0 1 1 1 1 1 1 0 1 1 0 0 0 0 0 0 1 1 0 0 0 0 1 1 0 1 1 1 1 1 1 0 1 1 0 1 1
 0 0 1 0 1 0 1 1 1 1 1 1 0 0 1 1 1 1 1 0 1 1 1]
132 38 0 0.242560865644725 [0 1 1 1 1 1 1 0 1 1 0 0 0 0 0 0 1 1 0 0 0 0 1 1 0 1 1 1 1 1 1 0 1 1 0 1 1
 0 0 1 0 1 0 1 1 1 1 1 1 0 0 1 1 1 1 1 0 1 1 1]
133 38 0 0.242560865644725 [0 1 1 1 1 1 1 0 1 1 0 0 0 0 0 0 1 1 0 0 0 0 1 1 0 1 1 1 1 1 1 0 1 1 0 1 1
 0 0 1 0 1 0 1 1 1 1 1 1 0 0 1 1 1 1 1 0 1 1 1]
134 38 0 0.242560865644725 [0 1 1 1 1 1 1 0 1 1 0 0 0 0 0 0 1 1 0 0 0 0 1 1 0 1 1 1 1 1 1 0 1 1 0 1 1
 0 0 1 0 1 0 1 1 1 1 1 1 0 0 1 1 1 1 1 0 1 1 1]
135 38 0 0.242560865644725 [0 1 1 1 1 1 1 0 1 1 0 0 0 0 0 0 1 1 0 0 0 0 1 1 0 1 1 1 1 1 1 0 1 1 0 1 1
 0 0 1 0 1 0 1 1 1 1 1 1 0 0 1 1 1 1 1 0 1 1 1]
136 38 0 0.242560865644725 [0 1 1 1 1 1 1 0 1 1 0 0 0 0 0 0 1 1 0 0 0 0 1 1 0 1 1 1 1 1 1 0 1 1 0 1 1
 0 0 1 0 1 0 1 1 1 1 1 1 0 0 1 1 1 1 1 0 1 1 1]
137 38 0 0.242560865644725 [0 1 1 1 1 1 1 0 1 1 0 0 0 0 0 0 1 1 0 0 0 0 1 1 0 1 1 1 1 1 1 0 1 1 0 1 1
 0 0 1 0 1 0 1 1 1 1 1 1 0 0 1 1 1 1 1 0 1 1 1]
138 38 0 0.242560865644725 [0 1 1 1 1 1 1 0 1 1 0 0 0 0 0 0 1 1 0 0 0 0 1 1 0 1 1 1 1 1 1 0 1 1 0 1 1
 0 0 1 0 1 0 1 1 1 1 1 1 0 0 1 1 1 1 1 0 1 1 1]
139 38 0 0.242560865644725 [0 1 1 1 1 1 1 0 1 1 0 0 0 0 0 0 1 1 0 0 0 0 1 1 0 1 1 1 1 1 1 0 1 1 0 1 1
 0 0 1 0 1 0 1 1 1 1 1 1 0 0 1 1 1 1 1 0 1 1 1]
140 38 0 0.242560865644725 [0 1 1 1 1 1 1 0 1 1 0 0 0 0 0 0 1 1 0 0 0 0 1 1 0 1 1 1 1 1 1 0 1 1 0 1 1
 0 0 1 0 1 0 1 1 1 1 1 1 0 0 1 1 1 1 1 0 1 1 1]
141 38 0 0.242560865644725 [0 1 1 1 1 1 1 0 1 1 0 0 0 0 0 0 1 1 0 0 0 0 1 1 0 1 1 1 1 1 1 0 1 1 0 1 1
 0 0 1 0 1 0 1 1 1 1 1 1 0 0 1 1 1 1 1 0 1 1 1]
142 38 0 0.242560865644725 [0 1 1 1 1 1 1 0 1 1 0 0 0 0 0 0 1 1 0 0 0 0 1 1 0 1 1 1 1 1 1 0 1 1 0 1 1
 0 0 1 0 1 0 1 1 1 1 1 1 0 0 1 1 1 1 1 0 1 1 1]
143 38 0 0.242560865644725 [0 1 1 1 1 1 1 0 1 1 0 0 0 0 0 0 1 1 0 0 0 0 1 1 0 1 1 1 1 1 1 0 1 1 0 1 1
 0 0 1 0 1 0 1 1 1 1 1 1 0 0 1 1 1 1 1 0 1 1 1]
144 38 0 0.242560865644725 [0 1 1 1 1 1 1 0 1 1 0 0 0 0 0 0 1 1 0 0 0 0 1 1 0 1 1 1 1 1 1 0 1 1 0 1 1
 0 0 1 0 1 0 1 1 1 1 1 1 0 0 1 1 1 1 1 0 1 1 1]
145 38 0 0.242560865644725 [0 1 1 1 1 1 1 0 1 1 0 0 0 0 0 0 1 1 0 0 0 0 1 1 0 1 1 1 1 1 1 0 1 1 0 1 1
 0 0 1 0 1 0 1 1 1 1 1 1 0 0 1 1 1 1 1 0 1 1 1]
146 38 0 0.242560865644725 [0 1 1 1 1 1 1 0 1 1 0 0 0 0 0 0 1 1 0 0 0 0 1 1 0 1 1 1 1 1 1 0 1 1 0 1 1
 0 0 1 0 1 0 1 1 1 1 1 1 0 0 1 1 1 1 1 0 1 1 1]
147 38 0 0.242560865644725 [0 1 1 1 1 1 1 0 1 1 0 0 0 0 0 0 1 1 0 0 0 0 1 1 0 1 1 1 1 1 1 0 1 1 0 1 1
 0 0 1 0 1 0 1 1 1 1 1 1 0 0 1 1 1 1 1 0 1 1 1]
148 38 0 0.242560865644725 [0 1 1 1 1 1 1 0 1 1 0 0 0 0 0 0 1 1 0 0 0 0 1 1 0 1 1 1 1 1 1 0 1 1 0 1 1
 0 0 1 0 1 0 1 1 1 1 1 1 0 0 1 1 1 1 1 0 1 1 1]
149 38 0 0.242560865644725 [0 1 1 1 1 1 1 0 1 1 0 0 0 0 0 0 1 1 0 0 0 0 1 1 0 1 1 1 1 1 1 0 1 1 0 1 1
 0 0 1 0 1 0 1 1 1 1 1 1 0 0 1 1 1 1 1 0 1 1 1]
150 38 0 0.242560865644725 [0 1 1 1 1 1 1 0 1 1 0 0 0 0 0 0 1 1 0 0 0 0 1 1 0 1 1 1 1 1 1 0 1 1 0 1 1
 0 0 1 0 1 0 1 1 1 1 1 1 0 0 1 1 1 1 1 0 1 1 1]
