0 35 100 0.26961226330027044 [1 1 0 1 0 1 1 0 0 1 0 0 1 0 0 1 0 0 0 0 1 0 1 1 0 0 1 1 0 0 0 1 1 1 1 0 1
 0 1 1 1 1 1 1 1 1 1 1 0 0 1 1 0 1 0 1 1 1 0 1]
1 35 33 0.26961226330027044 [1 1 0 1 0 1 1 0 0 1 0 0 1 0 0 1 0 0 0 0 1 0 1 1 0 0 1 1 0 0 0 1 1 1 1 0 1
 0 1 1 1 1 1 1 1 1 1 1 0 0 1 1 0 1 0 1 1 1 0 1]
2 35 19 0.26961226330027044 [1 1 0 1 0 1 1 0 0 1 0 0 1 0 0 1 0 0 0 0 1 0 1 1 0 0 1 1 0 0 0 1 1 1 1 0 1
 0 1 1 1 1 1 1 1 1 1 1 0 0 1 1 0 1 0 1 1 1 0 1]
3 35 13 0.26961226330027044 [1 1 0 1 0 1 1 0 0 1 0 0 1 0 0 1 0 0 0 0 1 0 1 1 0 0 1 1 0 0 0 1 1 1 1 0 1
 0 1 1 1 1 1 1 1 1 1 1 0 0 1 1 0 1 0 1 1 1 0 1]
4 35 6 0.26961226330027044 [1 1 0 1 0 1 1 0 0 1 0 0 1 0 0 1 0 0 0 0 1 0 1 1 0 0 1 1 0 0 0 1 1 1 1 0 1
 0 1 1 1 1 1 1 1 1 1 1 0 0 1 1 0 1 0 1 1 1 0 1]
5 35 11 0.26961226330027044 [1 1 0 1 0 1 1 0 0 1 0 0 1 0 0 1 0 0 0 0 1 0 1 1 0 0 1 1 0 0 0 1 1 1 1 0 1
 0 1 1 1 1 1 1 1 1 1 1 0 0 1 1 0 1 0 1 1 1 0 1]
6 35 9 0.26961226330027044 [1 1 0 1 0 1 1 0 0 1 0 0 1 0 0 1 0 0 0 0 1 0 1 1 0 0 1 1 0 0 0 1 1 1 1 0 1
 0 1 1 1 1 1 1 1 1 1 1 0 0 1 1 0 1 0 1 1 1 0 1]
7 35 4 0.26961226330027044 [1 1 0 1 0 1 1 0 0 1 0 0 1 0 0 1 0 0 0 0 1 0 1 1 0 0 1 1 0 0 0 1 1 1 1 0 1
 0 1 1 1 1 1 1 1 1 1 1 0 0 1 1 0 1 0 1 1 1 0 1]
8 35 5 0.26961226330027044 [1 1 0 1 0 1 1 0 0 1 0 0 1 0 0 1 0 0 0 0 1 0 1 1 0 0 1 1 0 0 0 1 1 1 1 0 1
 0 1 1 1 1 1 1 1 1 1 1 0 0 1 1 0 1 0 1 1 1 0 1]
9 40 2 0.26657789613848193 [1 1 0 1 0 1 1 0 0 1 0 0 1 0 1 0 0 0 0 0 1 1 1 1 0 0 1 1 1 0 0 1 1 1 1 1 1
 1 1 1 1 1 1 1 1 1 1 1 0 0 1 1 0 1 1 1 1 1 0 1]
10 40 5 0.26657789613848193 [1 1 0 1 0 1 1 0 0 1 0 0 1 0 1 0 0 0 0 0 1 1 1 1 0 0 1 1 1 0 0 1 1 1 1 1 1
 1 1 1 1 1 1 1 1 1 1 1 0 0 1 1 0 1 1 1 1 1 0 1]
11 41 8 0.2525938009787928 [1 1 0 1 0 1 1 0 0 1 0 0 1 0 1 0 0 0 0 0 1 1 1 1 0 0 1 1 1 0 0 1 1 1 1 1 1
 1 1 1 1 1 1 1 1 1 1 1 0 0 1 1 1 1 1 1 1 1 0 1]
12 41 5 0.2525938009787928 [1 1 0 1 0 1 1 0 0 1 0 0 1 0 1 0 0 0 0 0 1 1 1 1 0 0 1 1 1 0 0 1 1 1 1 1 1
 1 1 1 1 1 1 1 1 1 1 1 0 0 1 1 1 1 1 1 1 1 0 1]
13 41 3 0.2525938009787928 [1 1 0 1 0 1 1 0 0 1 0 0 1 0 1 0 0 0 0 0 1 1 1 1 0 0 1 1 1 0 0 1 1 1 1 1 1
 1 1 1 1 1 1 1 1 1 1 1 0 0 1 1 1 1 1 1 1 1 0 1]
14 41 0 0.2525938009787928 [1 1 0 1 0 1 1 0 0 1 0 0 1 0 1 0 0 0 0 0 1 1 1 1 0 0 1 1 1 0 0 1 1 1 1 1 1
 1 1 1 1 1 1 1 1 1 1 1 0 0 1 1 1 1 1 1 1 1 0 1]
15 41 0 0.2525938009787928 [1 1 0 1 0 1 1 0 0 1 0 0 1 0 1 0 0 0 0 0 1 1 1 1 0 0 1 1 1 0 0 1 1 1 1 1 1
 1 1 1 1 1 1 1 1 1 1 1 0 0 1 1 1 1 1 1 1 1 0 1]
16 41 1 0.2525938009787928 [1 1 0 1 0 1 1 0 0 1 0 0 1 0 1 0 0 0 0 0 1 1 1 1 0 0 1 1 1 0 0 1 1 1 1 1 1
 1 1 1 1 1 1 1 1 1 1 1 0 0 1 1 1 1 1 1 1 1 0 1]
17 41 0 0.2525938009787928 [1 1 0 1 0 1 1 0 0 1 0 0 1 0 1 0 0 0 0 0 1 1 1 1 0 0 1 1 1 0 0 1 1 1 1 1 1
 1 1 1 1 1 1 1 1 1 1 1 0 0 1 1 1 1 1 1 1 1 0 1]
18 41 1 0.2525938009787928 [1 1 0 1 0 1 1 0 0 1 0 0 1 0 1 0 0 0 0 0 1 1 1 1 0 0 1 1 1 0 0 1 1 1 1 1 1
 1 1 1 1 1 1 1 1 1 1 1 0 0 1 1 1 1 1 1 1 1 0 1]
19 41 0 0.2525938009787928 [1 1 0 1 0 1 1 0 0 1 0 0 1 0 1 0 0 0 0 0 1 1 1 1 0 0 1 1 1 0 0 1 1 1 1 1 1
 1 1 1 1 1 1 1 1 1 1 1 0 0 1 1 1 1 1 1 1 1 0 1]
20 41 0 0.2525938009787928 [1 1 0 1 0 1 1 0 0 1 0 0 1 0 1 0 0 0 0 0 1 1 1 1 0 0 1 1 1 0 0 1 1 1 1 1 1
 1 1 1 1 1 1 1 1 1 1 1 0 0 1 1 1 1 1 1 1 1 0 1]
21 41 1 0.2525938009787928 [1 1 0 1 0 1 1 0 0 1 0 0 1 0 1 0 0 0 0 0 1 1 1 1 0 0 1 1 1 0 0 1 1 1 1 1 1
 1 1 1 1 1 1 1 1 1 1 1 0 0 1 1 1 1 1 1 1 1 0 1]
22 41 0 0.2525938009787928 [1 1 0 1 0 1 1 0 0 1 0 0 1 0 1 0 0 0 0 0 1 1 1 1 0 0 1 1 1 0 0 1 1 1 1 1 1
 1 1 1 1 1 1 1 1 1 1 1 0 0 1 1 1 1 1 1 1 1 0 1]
23 41 0 0.2525938009787928 [1 1 0 1 0 1 1 0 0 1 0 0 1 0 1 0 0 0 0 0 1 1 1 1 0 0 1 1 1 0 0 1 1 1 1 1 1
 1 1 1 1 1 1 1 1 1 1 1 0 0 1 1 1 1 1 1 1 1 0 1]
24 41 0 0.2525938009787928 [1 1 0 1 0 1 1 0 0 1 0 0 1 0 1 0 0 0 0 0 1 1 1 1 0 0 1 1 1 0 0 1 1 1 1 1 1
 1 1 1 1 1 1 1 1 1 1 1 0 0 1 1 1 1 1 1 1 1 0 1]
25 41 0 0.2525938009787928 [1 1 0 1 0 1 1 0 0 1 0 0 1 0 1 0 0 0 0 0 1 1 1 1 0 0 1 1 1 0 0 1 1 1 1 1 1
 1 1 1 1 1 1 1 1 1 1 1 0 0 1 1 1 1 1 1 1 1 0 1]
26 41 0 0.2525938009787928 [1 1 0 1 0 1 1 0 0 1 0 0 1 0 1 0 0 0 0 0 1 1 1 1 0 0 1 1 1 0 0 1 1 1 1 1 1
 1 1 1 1 1 1 1 1 1 1 1 0 0 1 1 1 1 1 1 1 1 0 1]
27 41 0 0.2525938009787928 [1 1 0 1 0 1 1 0 0 1 0 0 1 0 1 0 0 0 0 0 1 1 1 1 0 0 1 1 1 0 0 1 1 1 1 1 1
 1 1 1 1 1 1 1 1 1 1 1 0 0 1 1 1 1 1 1 1 1 0 1]
28 41 0 0.2525938009787928 [1 1 0 1 0 1 1 0 0 1 0 0 1 0 1 0 0 0 0 0 1 1 1 1 0 0 1 1 1 0 0 1 1 1 1 1 1
 1 1 1 1 1 1 1 1 1 1 1 0 0 1 1 1 1 1 1 1 1 0 1]
29 41 0 0.2525938009787928 [1 1 0 1 0 1 1 0 0 1 0 0 1 0 1 0 0 0 0 0 1 1 1 1 0 0 1 1 1 0 0 1 1 1 1 1 1
 1 1 1 1 1 1 1 1 1 1 1 0 0 1 1 1 1 1 1 1 1 0 1]
30 41 0 0.2525938009787928 [1 1 0 1 0 1 1 0 0 1 0 0 1 0 1 0 0 0 0 0 1 1 1 1 0 0 1 1 1 0 0 1 1 1 1 1 1
 1 1 1 1 1 1 1 1 1 1 1 0 0 1 1 1 1 1 1 1 1 0 1]
31 41 0 0.2525938009787928 [1 1 0 1 0 1 1 0 0 1 0 0 1 0 1 0 0 0 0 0 1 1 1 1 0 0 1 1 1 0 0 1 1 1 1 1 1
 1 1 1 1 1 1 1 1 1 1 1 0 0 1 1 1 1 1 1 1 1 0 1]
32 41 0 0.2525938009787928 [1 1 0 1 0 1 1 0 0 1 0 0 1 0 1 0 0 0 0 0 1 1 1 1 0 0 1 1 1 0 0 1 1 1 1 1 1
 1 1 1 1 1 1 1 1 1 1 1 0 0 1 1 1 1 1 1 1 1 0 1]
33 41 0 0.2525938009787928 [1 1 0 1 0 1 1 0 0 1 0 0 1 0 1 0 0 0 0 0 1 1 1 1 0 0 1 1 1 0 0 1 1 1 1 1 1
 1 1 1 1 1 1 1 1 1 1 1 0 0 1 1 1 1 1 1 1 1 0 1]
34 41 0 0.2525938009787928 [1 1 0 1 0 1 1 0 0 1 0 0 1 0 1 0 0 0 0 0 1 1 1 1 0 0 1 1 1 0 0 1 1 1 1 1 1
 1 1 1 1 1 1 1 1 1 1 1 0 0 1 1 1 1 1 1 1 1 0 1]
35 41 0 0.2525938009787928 [1 1 0 1 0 1 1 0 0 1 0 0 1 0 1 0 0 0 0 0 1 1 1 1 0 0 1 1 1 0 0 1 1 1 1 1 1
 1 1 1 1 1 1 1 1 1 1 1 0 0 1 1 1 1 1 1 1 1 0 1]
36 41 0 0.2525938009787928 [1 1 0 1 0 1 1 0 0 1 0 0 1 0 1 0 0 0 0 0 1 1 1 1 0 0 1 1 1 0 0 1 1 1 1 1 1
 1 1 1 1 1 1 1 1 1 1 1 0 0 1 1 1 1 1 1 1 1 0 1]
37 41 0 0.2525938009787928 [1 1 0 1 0 1 1 0 0 1 0 0 1 0 1 0 0 0 0 0 1 1 1 1 0 0 1 1 1 0 0 1 1 1 1 1 1
 1 1 1 1 1 1 1 1 1 1 1 0 0 1 1 1 1 1 1 1 1 0 1]
38 41 0 0.2525938009787928 [1 1 0 1 0 1 1 0 0 1 0 0 1 0 1 0 0 0 0 0 1 1 1 1 0 0 1 1 1 0 0 1 1 1 1 1 1
 1 1 1 1 1 1 1 1 1 1 1 0 0 1 1 1 1 1 1 1 1 0 1]
39 41 0 0.2525938009787928 [1 1 0 1 0 1 1 0 0 1 0 0 1 0 1 0 0 0 0 0 1 1 1 1 0 0 1 1 1 0 0 1 1 1 1 1 1
 1 1 1 1 1 1 1 1 1 1 1 0 0 1 1 1 1 1 1 1 1 0 1]
40 41 0 0.2525938009787928 [1 1 0 1 0 1 1 0 0 1 0 0 1 0 1 0 0 0 0 0 1 1 1 1 0 0 1 1 1 0 0 1 1 1 1 1 1
 1 1 1 1 1 1 1 1 1 1 1 0 0 1 1 1 1 1 1 1 1 0 1]
41 41 0 0.2525938009787928 [1 1 0 1 0 1 1 0 0 1 0 0 1 0 1 0 0 0 0 0 1 1 1 1 0 0 1 1 1 0 0 1 1 1 1 1 1
 1 1 1 1 1 1 1 1 1 1 1 0 0 1 1 1 1 1 1 1 1 0 1]
42 41 0 0.2525938009787928 [1 1 0 1 0 1 1 0 0 1 0 0 1 0 1 0 0 0 0 0 1 1 1 1 0 0 1 1 1 0 0 1 1 1 1 1 1
 1 1 1 1 1 1 1 1 1 1 1 0 0 1 1 1 1 1 1 1 1 0 1]
43 41 0 0.2525938009787928 [1 1 0 1 0 1 1 0 0 1 0 0 1 0 1 0 0 0 0 0 1 1 1 1 0 0 1 1 1 0 0 1 1 1 1 1 1
 1 1 1 1 1 1 1 1 1 1 1 0 0 1 1 1 1 1 1 1 1 0 1]
44 41 0 0.2525938009787928 [1 1 0 1 0 1 1 0 0 1 0 0 1 0 1 0 0 0 0 0 1 1 1 1 0 0 1 1 1 0 0 1 1 1 1 1 1
 1 1 1 1 1 1 1 1 1 1 1 0 0 1 1 1 1 1 1 1 1 0 1]
45 41 0 0.2525938009787928 [1 1 0 1 0 1 1 0 0 1 0 0 1 0 1 0 0 0 0 0 1 1 1 1 0 0 1 1 1 0 0 1 1 1 1 1 1
 1 1 1 1 1 1 1 1 1 1 1 0 0 1 1 1 1 1 1 1 1 0 1]
46 41 0 0.2525938009787928 [1 1 0 1 0 1 1 0 0 1 0 0 1 0 1 0 0 0 0 0 1 1 1 1 0 0 1 1 1 0 0 1 1 1 1 1 1
 1 1 1 1 1 1 1 1 1 1 1 0 0 1 1 1 1 1 1 1 1 0 1]
47 41 0 0.2525938009787928 [1 1 0 1 0 1 1 0 0 1 0 0 1 0 1 0 0 0 0 0 1 1 1 1 0 0 1 1 1 0 0 1 1 1 1 1 1
 1 1 1 1 1 1 1 1 1 1 1 0 0 1 1 1 1 1 1 1 1 0 1]
48 41 0 0.2525938009787928 [1 1 0 1 0 1 1 0 0 1 0 0 1 0 1 0 0 0 0 0 1 1 1 1 0 0 1 1 1 0 0 1 1 1 1 1 1
 1 1 1 1 1 1 1 1 1 1 1 0 0 1 1 1 1 1 1 1 1 0 1]
49 41 0 0.2525938009787928 [1 1 0 1 0 1 1 0 0 1 0 0 1 0 1 0 0 0 0 0 1 1 1 1 0 0 1 1 1 0 0 1 1 1 1 1 1
 1 1 1 1 1 1 1 1 1 1 1 0 0 1 1 1 1 1 1 1 1 0 1]
50 41 0 0.2525938009787928 [1 1 0 1 0 1 1 0 0 1 0 0 1 0 1 0 0 0 0 0 1 1 1 1 0 0 1 1 1 0 0 1 1 1 1 1 1
 1 1 1 1 1 1 1 1 1 1 1 0 0 1 1 1 1 1 1 1 1 0 1]
51 41 0 0.2525938009787928 [1 1 0 1 0 1 1 0 0 1 0 0 1 0 1 0 0 0 0 0 1 1 1 1 0 0 1 1 1 0 0 1 1 1 1 1 1
 1 1 1 1 1 1 1 1 1 1 1 0 0 1 1 1 1 1 1 1 1 0 1]
52 41 0 0.2525938009787928 [1 1 0 1 0 1 1 0 0 1 0 0 1 0 1 0 0 0 0 0 1 1 1 1 0 0 1 1 1 0 0 1 1 1 1 1 1
 1 1 1 1 1 1 1 1 1 1 1 0 0 1 1 1 1 1 1 1 1 0 1]
53 41 0 0.2525938009787928 [1 1 0 1 0 1 1 0 0 1 0 0 1 0 1 0 0 0 0 0 1 1 1 1 0 0 1 1 1 0 0 1 1 1 1 1 1
 1 1 1 1 1 1 1 1 1 1 1 0 0 1 1 1 1 1 1 1 1 0 1]
54 41 0 0.2525938009787928 [1 1 0 1 0 1 1 0 0 1 0 0 1 0 1 0 0 0 0 0 1 1 1 1 0 0 1 1 1 0 0 1 1 1 1 1 1
 1 1 1 1 1 1 1 1 1 1 1 0 0 1 1 1 1 1 1 1 1 0 1]
55 41 0 0.2525938009787928 [1 1 0 1 0 1 1 0 0 1 0 0 1 0 1 0 0 0 0 0 1 1 1 1 0 0 1 1 1 0 0 1 1 1 1 1 1
 1 1 1 1 1 1 1 1 1 1 1 0 0 1 1 1 1 1 1 1 1 0 1]
56 41 0 0.2525938009787928 [1 1 0 1 0 1 1 0 0 1 0 0 1 0 1 0 0 0 0 0 1 1 1 1 0 0 1 1 1 0 0 1 1 1 1 1 1
 1 1 1 1 1 1 1 1 1 1 1 0 0 1 1 1 1 1 1 1 1 0 1]
57 41 0 0.2525938009787928 [1 1 0 1 0 1 1 0 0 1 0 0 1 0 1 0 0 0 0 0 1 1 1 1 0 0 1 1 1 0 0 1 1 1 1 1 1
 1 1 1 1 1 1 1 1 1 1 1 0 0 1 1 1 1 1 1 1 1 0 1]
58 41 0 0.2525938009787928 [1 1 0 1 0 1 1 0 0 1 0 0 1 0 1 0 0 0 0 0 1 1 1 1 0 0 1 1 1 0 0 1 1 1 1 1 1
 1 1 1 1 1 1 1 1 1 1 1 0 0 1 1 1 1 1 1 1 1 0 1]
59 41 0 0.2525938009787928 [1 1 0 1 0 1 1 0 0 1 0 0 1 0 1 0 0 0 0 0 1 1 1 1 0 0 1 1 1 0 0 1 1 1 1 1 1
 1 1 1 1 1 1 1 1 1 1 1 0 0 1 1 1 1 1 1 1 1 0 1]
60 41 0 0.2525938009787928 [1 1 0 1 0 1 1 0 0 1 0 0 1 0 1 0 0 0 0 0 1 1 1 1 0 0 1 1 1 0 0 1 1 1 1 1 1
 1 1 1 1 1 1 1 1 1 1 1 0 0 1 1 1 1 1 1 1 1 0 1]
61 41 0 0.2525938009787928 [1 1 0 1 0 1 1 0 0 1 0 0 1 0 1 0 0 0 0 0 1 1 1 1 0 0 1 1 1 0 0 1 1 1 1 1 1
 1 1 1 1 1 1 1 1 1 1 1 0 0 1 1 1 1 1 1 1 1 0 1]
62 41 0 0.2525938009787928 [1 1 0 1 0 1 1 0 0 1 0 0 1 0 1 0 0 0 0 0 1 1 1 1 0 0 1 1 1 0 0 1 1 1 1 1 1
 1 1 1 1 1 1 1 1 1 1 1 0 0 1 1 1 1 1 1 1 1 0 1]
63 41 0 0.2525938009787928 [1 1 0 1 0 1 1 0 0 1 0 0 1 0 1 0 0 0 0 0 1 1 1 1 0 0 1 1 1 0 0 1 1 1 1 1 1
 1 1 1 1 1 1 1 1 1 1 1 0 0 1 1 1 1 1 1 1 1 0 1]
64 41 0 0.2525938009787928 [1 1 0 1 0 1 1 0 0 1 0 0 1 0 1 0 0 0 0 0 1 1 1 1 0 0 1 1 1 0 0 1 1 1 1 1 1
 1 1 1 1 1 1 1 1 1 1 1 0 0 1 1 1 1 1 1 1 1 0 1]
65 41 0 0.2525938009787928 [1 1 0 1 0 1 1 0 0 1 0 0 1 0 1 0 0 0 0 0 1 1 1 1 0 0 1 1 1 0 0 1 1 1 1 1 1
 1 1 1 1 1 1 1 1 1 1 1 0 0 1 1 1 1 1 1 1 1 0 1]
66 41 0 0.2525938009787928 [1 1 0 1 0 1 1 0 0 1 0 0 1 0 1 0 0 0 0 0 1 1 1 1 0 0 1 1 1 0 0 1 1 1 1 1 1
 1 1 1 1 1 1 1 1 1 1 1 0 0 1 1 1 1 1 1 1 1 0 1]
67 41 0 0.2525938009787928 [1 1 0 1 0 1 1 0 0 1 0 0 1 0 1 0 0 0 0 0 1 1 1 1 0 0 1 1 1 0 0 1 1 1 1 1 1
 1 1 1 1 1 1 1 1 1 1 1 0 0 1 1 1 1 1 1 1 1 0 1]
68 41 0 0.2525938009787928 [1 1 0 1 0 1 1 0 0 1 0 0 1 0 1 0 0 0 0 0 1 1 1 1 0 0 1 1 1 0 0 1 1 1 1 1 1
 1 1 1 1 1 1 1 1 1 1 1 0 0 1 1 1 1 1 1 1 1 0 1]
69 41 0 0.2525938009787928 [1 1 0 1 0 1 1 0 0 1 0 0 1 0 1 0 0 0 0 0 1 1 1 1 0 0 1 1 1 0 0 1 1 1 1 1 1
 1 1 1 1 1 1 1 1 1 1 1 0 0 1 1 1 1 1 1 1 1 0 1]
70 41 0 0.2525938009787928 [1 1 0 1 0 1 1 0 0 1 0 0 1 0 1 0 0 0 0 0 1 1 1 1 0 0 1 1 1 0 0 1 1 1 1 1 1
 1 1 1 1 1 1 1 1 1 1 1 0 0 1 1 1 1 1 1 1 1 0 1]
71 41 0 0.2525938009787928 [1 1 0 1 0 1 1 0 0 1 0 0 1 0 1 0 0 0 0 0 1 1 1 1 0 0 1 1 1 0 0 1 1 1 1 1 1
 1 1 1 1 1 1 1 1 1 1 1 0 0 1 1 1 1 1 1 1 1 0 1]
72 41 0 0.2525938009787928 [1 1 0 1 0 1 1 0 0 1 0 0 1 0 1 0 0 0 0 0 1 1 1 1 0 0 1 1 1 0 0 1 1 1 1 1 1
 1 1 1 1 1 1 1 1 1 1 1 0 0 1 1 1 1 1 1 1 1 0 1]
73 41 0 0.2525938009787928 [1 1 0 1 0 1 1 0 0 1 0 0 1 0 1 0 0 0 0 0 1 1 1 1 0 0 1 1 1 0 0 1 1 1 1 1 1
 1 1 1 1 1 1 1 1 1 1 1 0 0 1 1 1 1 1 1 1 1 0 1]
74 41 0 0.2525938009787928 [1 1 0 1 0 1 1 0 0 1 0 0 1 0 1 0 0 0 0 0 1 1 1 1 0 0 1 1 1 0 0 1 1 1 1 1 1
 1 1 1 1 1 1 1 1 1 1 1 0 0 1 1 1 1 1 1 1 1 0 1]
75 41 0 0.2525938009787928 [1 1 0 1 0 1 1 0 0 1 0 0 1 0 1 0 0 0 0 0 1 1 1 1 0 0 1 1 1 0 0 1 1 1 1 1 1
 1 1 1 1 1 1 1 1 1 1 1 0 0 1 1 1 1 1 1 1 1 0 1]
76 41 0 0.2525938009787928 [1 1 0 1 0 1 1 0 0 1 0 0 1 0 1 0 0 0 0 0 1 1 1 1 0 0 1 1 1 0 0 1 1 1 1 1 1
 1 1 1 1 1 1 1 1 1 1 1 0 0 1 1 1 1 1 1 1 1 0 1]
77 41 0 0.2525938009787928 [1 1 0 1 0 1 1 0 0 1 0 0 1 0 1 0 0 0 0 0 1 1 1 1 0 0 1 1 1 0 0 1 1 1 1 1 1
 1 1 1 1 1 1 1 1 1 1 1 0 0 1 1 1 1 1 1 1 1 0 1]
78 41 0 0.2525938009787928 [1 1 0 1 0 1 1 0 0 1 0 0 1 0 1 0 0 0 0 0 1 1 1 1 0 0 1 1 1 0 0 1 1 1 1 1 1
 1 1 1 1 1 1 1 1 1 1 1 0 0 1 1 1 1 1 1 1 1 0 1]
79 41 0 0.2525938009787928 [1 1 0 1 0 1 1 0 0 1 0 0 1 0 1 0 0 0 0 0 1 1 1 1 0 0 1 1 1 0 0 1 1 1 1 1 1
 1 1 1 1 1 1 1 1 1 1 1 0 0 1 1 1 1 1 1 1 1 0 1]
80 41 0 0.2525938009787928 [1 1 0 1 0 1 1 0 0 1 0 0 1 0 1 0 0 0 0 0 1 1 1 1 0 0 1 1 1 0 0 1 1 1 1 1 1
 1 1 1 1 1 1 1 1 1 1 1 0 0 1 1 1 1 1 1 1 1 0 1]
81 41 0 0.2525938009787928 [1 1 0 1 0 1 1 0 0 1 0 0 1 0 1 0 0 0 0 0 1 1 1 1 0 0 1 1 1 0 0 1 1 1 1 1 1
 1 1 1 1 1 1 1 1 1 1 1 0 0 1 1 1 1 1 1 1 1 0 1]
82 41 0 0.2525938009787928 [1 1 0 1 0 1 1 0 0 1 0 0 1 0 1 0 0 0 0 0 1 1 1 1 0 0 1 1 1 0 0 1 1 1 1 1 1
 1 1 1 1 1 1 1 1 1 1 1 0 0 1 1 1 1 1 1 1 1 0 1]
83 41 0 0.2525938009787928 [1 1 0 1 0 1 1 0 0 1 0 0 1 0 1 0 0 0 0 0 1 1 1 1 0 0 1 1 1 0 0 1 1 1 1 1 1
 1 1 1 1 1 1 1 1 1 1 1 0 0 1 1 1 1 1 1 1 1 0 1]
84 41 0 0.2525938009787928 [1 1 0 1 0 1 1 0 0 1 0 0 1 0 1 0 0 0 0 0 1 1 1 1 0 0 1 1 1 0 0 1 1 1 1 1 1
 1 1 1 1 1 1 1 1 1 1 1 0 0 1 1 1 1 1 1 1 1 0 1]
85 41 0 0.2525938009787928 [1 1 0 1 0 1 1 0 0 1 0 0 1 0 1 0 0 0 0 0 1 1 1 1 0 0 1 1 1 0 0 1 1 1 1 1 1
 1 1 1 1 1 1 1 1 1 1 1 0 0 1 1 1 1 1 1 1 1 0 1]
86 41 0 0.2525938009787928 [1 1 0 1 0 1 1 0 0 1 0 0 1 0 1 0 0 0 0 0 1 1 1 1 0 0 1 1 1 0 0 1 1 1 1 1 1
 1 1 1 1 1 1 1 1 1 1 1 0 0 1 1 1 1 1 1 1 1 0 1]
87 41 0 0.2525938009787928 [1 1 0 1 0 1 1 0 0 1 0 0 1 0 1 0 0 0 0 0 1 1 1 1 0 0 1 1 1 0 0 1 1 1 1 1 1
 1 1 1 1 1 1 1 1 1 1 1 0 0 1 1 1 1 1 1 1 1 0 1]
88 41 0 0.2525938009787928 [1 1 0 1 0 1 1 0 0 1 0 0 1 0 1 0 0 0 0 0 1 1 1 1 0 0 1 1 1 0 0 1 1 1 1 1 1
 1 1 1 1 1 1 1 1 1 1 1 0 0 1 1 1 1 1 1 1 1 0 1]
89 41 0 0.2525938009787928 [1 1 0 1 0 1 1 0 0 1 0 0 1 0 1 0 0 0 0 0 1 1 1 1 0 0 1 1 1 0 0 1 1 1 1 1 1
 1 1 1 1 1 1 1 1 1 1 1 0 0 1 1 1 1 1 1 1 1 0 1]
90 41 0 0.2525938009787928 [1 1 0 1 0 1 1 0 0 1 0 0 1 0 1 0 0 0 0 0 1 1 1 1 0 0 1 1 1 0 0 1 1 1 1 1 1
 1 1 1 1 1 1 1 1 1 1 1 0 0 1 1 1 1 1 1 1 1 0 1]
91 41 0 0.2525938009787928 [1 1 0 1 0 1 1 0 0 1 0 0 1 0 1 0 0 0 0 0 1 1 1 1 0 0 1 1 1 0 0 1 1 1 1 1 1
 1 1 1 1 1 1 1 1 1 1 1 0 0 1 1 1 1 1 1 1 1 0 1]
92 41 0 0.2525938009787928 [1 1 0 1 0 1 1 0 0 1 0 0 1 0 1 0 0 0 0 0 1 1 1 1 0 0 1 1 1 0 0 1 1 1 1 1 1
 1 1 1 1 1 1 1 1 1 1 1 0 0 1 1 1 1 1 1 1 1 0 1]
93 41 0 0.2525938009787928 [1 1 0 1 0 1 1 0 0 1 0 0 1 0 1 0 0 0 0 0 1 1 1 1 0 0 1 1 1 0 0 1 1 1 1 1 1
 1 1 1 1 1 1 1 1 1 1 1 0 0 1 1 1 1 1 1 1 1 0 1]
94 41 0 0.2525938009787928 [1 1 0 1 0 1 1 0 0 1 0 0 1 0 1 0 0 0 0 0 1 1 1 1 0 0 1 1 1 0 0 1 1 1 1 1 1
 1 1 1 1 1 1 1 1 1 1 1 0 0 1 1 1 1 1 1 1 1 0 1]
95 41 0 0.2525938009787928 [1 1 0 1 0 1 1 0 0 1 0 0 1 0 1 0 0 0 0 0 1 1 1 1 0 0 1 1 1 0 0 1 1 1 1 1 1
 1 1 1 1 1 1 1 1 1 1 1 0 0 1 1 1 1 1 1 1 1 0 1]
96 41 0 0.2525938009787928 [1 1 0 1 0 1 1 0 0 1 0 0 1 0 1 0 0 0 0 0 1 1 1 1 0 0 1 1 1 0 0 1 1 1 1 1 1
 1 1 1 1 1 1 1 1 1 1 1 0 0 1 1 1 1 1 1 1 1 0 1]
97 41 0 0.2525938009787928 [1 1 0 1 0 1 1 0 0 1 0 0 1 0 1 0 0 0 0 0 1 1 1 1 0 0 1 1 1 0 0 1 1 1 1 1 1
 1 1 1 1 1 1 1 1 1 1 1 0 0 1 1 1 1 1 1 1 1 0 1]
98 41 0 0.2525938009787928 [1 1 0 1 0 1 1 0 0 1 0 0 1 0 1 0 0 0 0 0 1 1 1 1 0 0 1 1 1 0 0 1 1 1 1 1 1
 1 1 1 1 1 1 1 1 1 1 1 0 0 1 1 1 1 1 1 1 1 0 1]
99 41 0 0.2525938009787928 [1 1 0 1 0 1 1 0 0 1 0 0 1 0 1 0 0 0 0 0 1 1 1 1 0 0 1 1 1 0 0 1 1 1 1 1 1
 1 1 1 1 1 1 1 1 1 1 1 0 0 1 1 1 1 1 1 1 1 0 1]
100 41 0 0.2525938009787928 [1 1 0 1 0 1 1 0 0 1 0 0 1 0 1 0 0 0 0 0 1 1 1 1 0 0 1 1 1 0 0 1 1 1 1 1 1
 1 1 1 1 1 1 1 1 1 1 1 0 0 1 1 1 1 1 1 1 1 0 1]
101 41 0 0.2525938009787928 [1 1 0 1 0 1 1 0 0 1 0 0 1 0 1 0 0 0 0 0 1 1 1 1 0 0 1 1 1 0 0 1 1 1 1 1 1
 1 1 1 1 1 1 1 1 1 1 1 0 0 1 1 1 1 1 1 1 1 0 1]
102 41 0 0.2525938009787928 [1 1 0 1 0 1 1 0 0 1 0 0 1 0 1 0 0 0 0 0 1 1 1 1 0 0 1 1 1 0 0 1 1 1 1 1 1
 1 1 1 1 1 1 1 1 1 1 1 0 0 1 1 1 1 1 1 1 1 0 1]
103 41 0 0.2525938009787928 [1 1 0 1 0 1 1 0 0 1 0 0 1 0 1 0 0 0 0 0 1 1 1 1 0 0 1 1 1 0 0 1 1 1 1 1 1
 1 1 1 1 1 1 1 1 1 1 1 0 0 1 1 1 1 1 1 1 1 0 1]
104 41 0 0.2525938009787928 [1 1 0 1 0 1 1 0 0 1 0 0 1 0 1 0 0 0 0 0 1 1 1 1 0 0 1 1 1 0 0 1 1 1 1 1 1
 1 1 1 1 1 1 1 1 1 1 1 0 0 1 1 1 1 1 1 1 1 0 1]
105 41 0 0.2525938009787928 [1 1 0 1 0 1 1 0 0 1 0 0 1 0 1 0 0 0 0 0 1 1 1 1 0 0 1 1 1 0 0 1 1 1 1 1 1
 1 1 1 1 1 1 1 1 1 1 1 0 0 1 1 1 1 1 1 1 1 0 1]
106 41 0 0.2525938009787928 [1 1 0 1 0 1 1 0 0 1 0 0 1 0 1 0 0 0 0 0 1 1 1 1 0 0 1 1 1 0 0 1 1 1 1 1 1
 1 1 1 1 1 1 1 1 1 1 1 0 0 1 1 1 1 1 1 1 1 0 1]
107 41 0 0.2525938009787928 [1 1 0 1 0 1 1 0 0 1 0 0 1 0 1 0 0 0 0 0 1 1 1 1 0 0 1 1 1 0 0 1 1 1 1 1 1
 1 1 1 1 1 1 1 1 1 1 1 0 0 1 1 1 1 1 1 1 1 0 1]
108 41 0 0.2525938009787928 [1 1 0 1 0 1 1 0 0 1 0 0 1 0 1 0 0 0 0 0 1 1 1 1 0 0 1 1 1 0 0 1 1 1 1 1 1
 1 1 1 1 1 1 1 1 1 1 1 0 0 1 1 1 1 1 1 1 1 0 1]
109 41 0 0.2525938009787928 [1 1 0 1 0 1 1 0 0 1 0 0 1 0 1 0 0 0 0 0 1 1 1 1 0 0 1 1 1 0 0 1 1 1 1 1 1
 1 1 1 1 1 1 1 1 1 1 1 0 0 1 1 1 1 1 1 1 1 0 1]
110 41 0 0.2525938009787928 [1 1 0 1 0 1 1 0 0 1 0 0 1 0 1 0 0 0 0 0 1 1 1 1 0 0 1 1 1 0 0 1 1 1 1 1 1
 1 1 1 1 1 1 1 1 1 1 1 0 0 1 1 1 1 1 1 1 1 0 1]
111 41 0 0.2525938009787928 [1 1 0 1 0 1 1 0 0 1 0 0 1 0 1 0 0 0 0 0 1 1 1 1 0 0 1 1 1 0 0 1 1 1 1 1 1
 1 1 1 1 1 1 1 1 1 1 1 0 0 1 1 1 1 1 1 1 1 0 1]
112 41 0 0.2525938009787928 [1 1 0 1 0 1 1 0 0 1 0 0 1 0 1 0 0 0 0 0 1 1 1 1 0 0 1 1 1 0 0 1 1 1 1 1 1
 1 1 1 1 1 1 1 1 1 1 1 0 0 1 1 1 1 1 1 1 1 0 1]
113 41 0 0.2525938009787928 [1 1 0 1 0 1 1 0 0 1 0 0 1 0 1 0 0 0 0 0 1 1 1 1 0 0 1 1 1 0 0 1 1 1 1 1 1
 1 1 1 1 1 1 1 1 1 1 1 0 0 1 1 1 1 1 1 1 1 0 1]
114 41 0 0.2525938009787928 [1 1 0 1 0 1 1 0 0 1 0 0 1 0 1 0 0 0 0 0 1 1 1 1 0 0 1 1 1 0 0 1 1 1 1 1 1
 1 1 1 1 1 1 1 1 1 1 1 0 0 1 1 1 1 1 1 1 1 0 1]
115 41 0 0.2525938009787928 [1 1 0 1 0 1 1 0 0 1 0 0 1 0 1 0 0 0 0 0 1 1 1 1 0 0 1 1 1 0 0 1 1 1 1 1 1
 1 1 1 1 1 1 1 1 1 1 1 0 0 1 1 1 1 1 1 1 1 0 1]
116 41 0 0.2525938009787928 [1 1 0 1 0 1 1 0 0 1 0 0 1 0 1 0 0 0 0 0 1 1 1 1 0 0 1 1 1 0 0 1 1 1 1 1 1
 1 1 1 1 1 1 1 1 1 1 1 0 0 1 1 1 1 1 1 1 1 0 1]
117 41 0 0.2525938009787928 [1 1 0 1 0 1 1 0 0 1 0 0 1 0 1 0 0 0 0 0 1 1 1 1 0 0 1 1 1 0 0 1 1 1 1 1 1
 1 1 1 1 1 1 1 1 1 1 1 0 0 1 1 1 1 1 1 1 1 0 1]
118 41 0 0.2525938009787928 [1 1 0 1 0 1 1 0 0 1 0 0 1 0 1 0 0 0 0 0 1 1 1 1 0 0 1 1 1 0 0 1 1 1 1 1 1
 1 1 1 1 1 1 1 1 1 1 1 0 0 1 1 1 1 1 1 1 1 0 1]
119 41 0 0.2525938009787928 [1 1 0 1 0 1 1 0 0 1 0 0 1 0 1 0 0 0 0 0 1 1 1 1 0 0 1 1 1 0 0 1 1 1 1 1 1
 1 1 1 1 1 1 1 1 1 1 1 0 0 1 1 1 1 1 1 1 1 0 1]
120 41 0 0.2525938009787928 [1 1 0 1 0 1 1 0 0 1 0 0 1 0 1 0 0 0 0 0 1 1 1 1 0 0 1 1 1 0 0 1 1 1 1 1 1
 1 1 1 1 1 1 1 1 1 1 1 0 0 1 1 1 1 1 1 1 1 0 1]
121 41 0 0.2525938009787928 [1 1 0 1 0 1 1 0 0 1 0 0 1 0 1 0 0 0 0 0 1 1 1 1 0 0 1 1 1 0 0 1 1 1 1 1 1
 1 1 1 1 1 1 1 1 1 1 1 0 0 1 1 1 1 1 1 1 1 0 1]
122 41 0 0.2525938009787928 [1 1 0 1 0 1 1 0 0 1 0 0 1 0 1 0 0 0 0 0 1 1 1 1 0 0 1 1 1 0 0 1 1 1 1 1 1
 1 1 1 1 1 1 1 1 1 1 1 0 0 1 1 1 1 1 1 1 1 0 1]
123 41 0 0.2525938009787928 [1 1 0 1 0 1 1 0 0 1 0 0 1 0 1 0 0 0 0 0 1 1 1 1 0 0 1 1 1 0 0 1 1 1 1 1 1
 1 1 1 1 1 1 1 1 1 1 1 0 0 1 1 1 1 1 1 1 1 0 1]
124 41 0 0.2525938009787928 [1 1 0 1 0 1 1 0 0 1 0 0 1 0 1 0 0 0 0 0 1 1 1 1 0 0 1 1 1 0 0 1 1 1 1 1 1
 1 1 1 1 1 1 1 1 1 1 1 0 0 1 1 1 1 1 1 1 1 0 1]
125 41 0 0.2525938009787928 [1 1 0 1 0 1 1 0 0 1 0 0 1 0 1 0 0 0 0 0 1 1 1 1 0 0 1 1 1 0 0 1 1 1 1 1 1
 1 1 1 1 1 1 1 1 1 1 1 0 0 1 1 1 1 1 1 1 1 0 1]
126 41 0 0.2525938009787928 [1 1 0 1 0 1 1 0 0 1 0 0 1 0 1 0 0 0 0 0 1 1 1 1 0 0 1 1 1 0 0 1 1 1 1 1 1
 1 1 1 1 1 1 1 1 1 1 1 0 0 1 1 1 1 1 1 1 1 0 1]
127 41 0 0.2525938009787928 [1 1 0 1 0 1 1 0 0 1 0 0 1 0 1 0 0 0 0 0 1 1 1 1 0 0 1 1 1 0 0 1 1 1 1 1 1
 1 1 1 1 1 1 1 1 1 1 1 0 0 1 1 1 1 1 1 1 1 0 1]
128 41 0 0.2525938009787928 [1 1 0 1 0 1 1 0 0 1 0 0 1 0 1 0 0 0 0 0 1 1 1 1 0 0 1 1 1 0 0 1 1 1 1 1 1
 1 1 1 1 1 1 1 1 1 1 1 0 0 1 1 1 1 1 1 1 1 0 1]
129 41 0 0.2525938009787928 [1 1 0 1 0 1 1 0 0 1 0 0 1 0 1 0 0 0 0 0 1 1 1 1 0 0 1 1 1 0 0 1 1 1 1 1 1
 1 1 1 1 1 1 1 1 1 1 1 0 0 1 1 1 1 1 1 1 1 0 1]
130 41 0 0.2525938009787928 [1 1 0 1 0 1 1 0 0 1 0 0 1 0 1 0 0 0 0 0 1 1 1 1 0 0 1 1 1 0 0 1 1 1 1 1 1
 1 1 1 1 1 1 1 1 1 1 1 0 0 1 1 1 1 1 1 1 1 0 1]
131 41 0 0.2525938009787928 [1 1 0 1 0 1 1 0 0 1 0 0 1 0 1 0 0 0 0 0 1 1 1 1 0 0 1 1 1 0 0 1 1 1 1 1 1
 1 1 1 1 1 1 1 1 1 1 1 0 0 1 1 1 1 1 1 1 1 0 1]
132 41 0 0.2525938009787928 [1 1 0 1 0 1 1 0 0 1 0 0 1 0 1 0 0 0 0 0 1 1 1 1 0 0 1 1 1 0 0 1 1 1 1 1 1
 1 1 1 1 1 1 1 1 1 1 1 0 0 1 1 1 1 1 1 1 1 0 1]
133 41 0 0.2525938009787928 [1 1 0 1 0 1 1 0 0 1 0 0 1 0 1 0 0 0 0 0 1 1 1 1 0 0 1 1 1 0 0 1 1 1 1 1 1
 1 1 1 1 1 1 1 1 1 1 1 0 0 1 1 1 1 1 1 1 1 0 1]
134 41 0 0.2525938009787928 [1 1 0 1 0 1 1 0 0 1 0 0 1 0 1 0 0 0 0 0 1 1 1 1 0 0 1 1 1 0 0 1 1 1 1 1 1
 1 1 1 1 1 1 1 1 1 1 1 0 0 1 1 1 1 1 1 1 1 0 1]
135 41 0 0.2525938009787928 [1 1 0 1 0 1 1 0 0 1 0 0 1 0 1 0 0 0 0 0 1 1 1 1 0 0 1 1 1 0 0 1 1 1 1 1 1
 1 1 1 1 1 1 1 1 1 1 1 0 0 1 1 1 1 1 1 1 1 0 1]
136 41 0 0.2525938009787928 [1 1 0 1 0 1 1 0 0 1 0 0 1 0 1 0 0 0 0 0 1 1 1 1 0 0 1 1 1 0 0 1 1 1 1 1 1
 1 1 1 1 1 1 1 1 1 1 1 0 0 1 1 1 1 1 1 1 1 0 1]
137 41 0 0.2525938009787928 [1 1 0 1 0 1 1 0 0 1 0 0 1 0 1 0 0 0 0 0 1 1 1 1 0 0 1 1 1 0 0 1 1 1 1 1 1
 1 1 1 1 1 1 1 1 1 1 1 0 0 1 1 1 1 1 1 1 1 0 1]
138 41 0 0.2525938009787928 [1 1 0 1 0 1 1 0 0 1 0 0 1 0 1 0 0 0 0 0 1 1 1 1 0 0 1 1 1 0 0 1 1 1 1 1 1
 1 1 1 1 1 1 1 1 1 1 1 0 0 1 1 1 1 1 1 1 1 0 1]
139 41 0 0.2525938009787928 [1 1 0 1 0 1 1 0 0 1 0 0 1 0 1 0 0 0 0 0 1 1 1 1 0 0 1 1 1 0 0 1 1 1 1 1 1
 1 1 1 1 1 1 1 1 1 1 1 0 0 1 1 1 1 1 1 1 1 0 1]
140 41 0 0.2525938009787928 [1 1 0 1 0 1 1 0 0 1 0 0 1 0 1 0 0 0 0 0 1 1 1 1 0 0 1 1 1 0 0 1 1 1 1 1 1
 1 1 1 1 1 1 1 1 1 1 1 0 0 1 1 1 1 1 1 1 1 0 1]
141 41 0 0.2525938009787928 [1 1 0 1 0 1 1 0 0 1 0 0 1 0 1 0 0 0 0 0 1 1 1 1 0 0 1 1 1 0 0 1 1 1 1 1 1
 1 1 1 1 1 1 1 1 1 1 1 0 0 1 1 1 1 1 1 1 1 0 1]
142 41 0 0.2525938009787928 [1 1 0 1 0 1 1 0 0 1 0 0 1 0 1 0 0 0 0 0 1 1 1 1 0 0 1 1 1 0 0 1 1 1 1 1 1
 1 1 1 1 1 1 1 1 1 1 1 0 0 1 1 1 1 1 1 1 1 0 1]
143 41 0 0.2525938009787928 [1 1 0 1 0 1 1 0 0 1 0 0 1 0 1 0 0 0 0 0 1 1 1 1 0 0 1 1 1 0 0 1 1 1 1 1 1
 1 1 1 1 1 1 1 1 1 1 1 0 0 1 1 1 1 1 1 1 1 0 1]
144 41 0 0.2525938009787928 [1 1 0 1 0 1 1 0 0 1 0 0 1 0 1 0 0 0 0 0 1 1 1 1 0 0 1 1 1 0 0 1 1 1 1 1 1
 1 1 1 1 1 1 1 1 1 1 1 0 0 1 1 1 1 1 1 1 1 0 1]
145 41 0 0.2525938009787928 [1 1 0 1 0 1 1 0 0 1 0 0 1 0 1 0 0 0 0 0 1 1 1 1 0 0 1 1 1 0 0 1 1 1 1 1 1
 1 1 1 1 1 1 1 1 1 1 1 0 0 1 1 1 1 1 1 1 1 0 1]
146 41 0 0.2525938009787928 [1 1 0 1 0 1 1 0 0 1 0 0 1 0 1 0 0 0 0 0 1 1 1 1 0 0 1 1 1 0 0 1 1 1 1 1 1
 1 1 1 1 1 1 1 1 1 1 1 0 0 1 1 1 1 1 1 1 1 0 1]
147 41 0 0.2525938009787928 [1 1 0 1 0 1 1 0 0 1 0 0 1 0 1 0 0 0 0 0 1 1 1 1 0 0 1 1 1 0 0 1 1 1 1 1 1
 1 1 1 1 1 1 1 1 1 1 1 0 0 1 1 1 1 1 1 1 1 0 1]
148 41 0 0.2525938009787928 [1 1 0 1 0 1 1 0 0 1 0 0 1 0 1 0 0 0 0 0 1 1 1 1 0 0 1 1 1 0 0 1 1 1 1 1 1
 1 1 1 1 1 1 1 1 1 1 1 0 0 1 1 1 1 1 1 1 1 0 1]
149 41 0 0.2525938009787928 [1 1 0 1 0 1 1 0 0 1 0 0 1 0 1 0 0 0 0 0 1 1 1 1 0 0 1 1 1 0 0 1 1 1 1 1 1
 1 1 1 1 1 1 1 1 1 1 1 0 0 1 1 1 1 1 1 1 1 0 1]
150 41 0 0.2525938009787928 [1 1 0 1 0 1 1 0 0 1 0 0 1 0 1 0 0 0 0 0 1 1 1 1 0 0 1 1 1 0 0 1 1 1 1 1 1
 1 1 1 1 1 1 1 1 1 1 1 0 0 1 1 1 1 1 1 1 1 0 1]
