0 28 100 0.26961226330027044 [0 1 0 1 0 0 0 0 0 1 0 0 0 0 0 1 1 1 0 0 1 0 1 0 1 1 1 1 0 0 0 1 1 0 1 1 0
 0 0 1 1 0 1 1 1 0 1 0 1 0 0 1 0 1 1 0 1 0 0 1]
1 28 38 0.26961226330027044 [0 1 0 1 0 0 0 0 0 1 0 0 0 0 0 1 1 1 0 0 1 0 1 0 1 1 1 1 0 0 0 1 1 0 1 1 0
 0 0 1 1 0 1 1 1 0 1 0 1 0 0 1 0 1 1 0 1 0 0 1]
2 28 21 0.26961226330027044 [0 1 0 1 0 0 0 0 0 1 0 0 0 0 0 1 1 1 0 0 1 0 1 0 1 1 1 1 0 0 0 1 1 0 1 1 0
 0 0 1 1 0 1 1 1 0 1 0 1 0 0 1 0 1 1 0 1 0 0 1]
3 28 11 0.26961226330027044 [0 1 0 1 0 0 0 0 0 1 0 0 0 0 0 1 1 1 0 0 1 0 1 0 1 1 1 1 0 0 0 1 1 0 1 1 0
 0 0 1 1 0 1 1 1 0 1 0 1 0 0 1 0 1 1 0 1 0 0 1]
4 28 14 0.26961226330027044 [0 1 0 1 0 0 0 0 0 1 0 0 0 0 0 1 1 1 0 0 1 0 1 0 1 1 1 1 0 0 0 1 1 0 1 1 0
 0 0 1 1 0 1 1 1 0 1 0 1 0 0 1 0 1 1 0 1 0 0 1]
5 28 8 0.26961226330027044 [0 1 0 1 0 0 0 0 0 1 0 0 0 0 0 1 1 1 0 0 1 0 1 0 1 1 1 1 0 0 0 1 1 0 1 1 0
 0 0 1 1 0 1 1 1 0 1 0 1 0 0 1 0 1 1 0 1 0 0 1]
6 28 4 0.26961226330027044 [0 1 0 1 0 0 0 0 0 1 0 0 0 0 0 1 1 1 0 0 1 0 1 0 1 1 1 1 0 0 0 1 1 0 1 1 0
 0 0 1 1 0 1 1 1 0 1 0 1 0 0 1 0 1 1 0 1 0 0 1]
7 28 6 0.26961226330027044 [0 1 0 1 0 0 0 0 0 1 0 0 0 0 0 1 1 1 0 0 1 0 1 0 1 1 1 1 0 0 0 1 1 0 1 1 0
 0 0 1 1 0 1 1 1 0 1 0 1 0 0 1 0 1 1 0 1 0 0 1]
8 28 2 0.26961226330027044 [0 1 0 1 0 0 0 0 0 1 0 0 0 0 0 1 1 1 0 0 1 0 1 0 1 1 1 1 0 0 0 1 1 0 1 1 0
 0 0 1 1 0 1 1 1 0 1 0 1 0 0 1 0 1 1 0 1 0 0 1]
9 28 1 0.26961226330027044 [0 1 0 1 0 0 0 0 0 1 0 0 0 0 0 1 1 1 0 0 1 0 1 0 1 1 1 1 0 0 0 1 1 0 1 1 0
 0 0 1 1 0 1 1 1 0 1 0 1 0 0 1 0 1 1 0 1 0 0 1]
10 28 4 0.26961226330027044 [0 1 0 1 0 0 0 0 0 1 0 0 0 0 0 1 1 1 0 0 1 0 1 0 1 1 1 1 0 0 0 1 1 0 1 1 0
 0 0 1 1 0 1 1 1 0 1 0 1 0 0 1 0 1 1 0 1 0 0 1]
11 36 4 0.26463731432758286 [0 1 0 1 0 1 0 1 1 1 1 1 0 0 1 0 0 0 0 0 1 0 1 0 1 0 1 1 0 0 1 1 1 0 1 1 0
 1 0 0 1 1 1 1 1 1 1 1 0 0 0 1 1 1 1 0 1 1 1 1]
12 36 3 0.26463731432758286 [0 1 0 1 0 1 0 1 1 1 1 1 0 0 1 0 0 0 0 0 1 0 1 0 1 0 1 1 0 0 1 1 1 0 1 1 0
 1 0 0 1 1 1 1 1 1 1 1 0 0 0 1 1 1 1 0 1 1 1 1]
13 36 2 0.26463731432758286 [0 1 0 1 0 1 0 1 1 1 1 1 0 0 1 0 0 0 0 0 1 0 1 0 1 0 1 1 0 0 1 1 1 0 1 1 0
 1 0 0 1 1 1 1 1 1 1 1 0 0 0 1 1 1 1 0 1 1 1 1]
14 35 3 0.2635630620167899 [0 1 0 1 0 0 0 1 1 1 1 1 0 0 1 0 0 0 0 0 1 0 1 0 1 0 1 1 0 0 1 1 1 0 1 1 0
 1 0 1 1 1 1 1 1 1 1 0 0 0 0 1 1 1 1 0 1 1 1 1]
15 35 0 0.2635630620167899 [0 1 0 1 0 0 0 1 1 1 1 1 0 0 1 0 0 0 0 0 1 0 1 0 1 0 1 1 0 0 1 1 1 0 1 1 0
 1 0 1 1 1 1 1 1 1 1 0 0 0 0 1 1 1 1 0 1 1 1 1]
16 31 2 0.2595814796506838 [0 1 0 1 0 0 0 1 1 1 1 1 0 0 0 0 0 0 0 0 1 0 1 0 1 0 1 1 0 0 0 1 1 0 1 1 0
 0 0 1 1 1 1 1 1 0 1 0 0 0 0 1 1 1 1 0 1 1 1 1]
17 31 0 0.2595814796506838 [0 1 0 1 0 0 0 1 1 1 1 1 0 0 0 0 0 0 0 0 1 0 1 0 1 0 1 1 0 0 0 1 1 0 1 1 0
 0 0 1 1 1 1 1 1 0 1 0 0 0 0 1 1 1 1 0 1 1 1 1]
18 31 0 0.2595814796506838 [0 1 0 1 0 0 0 1 1 1 1 1 0 0 0 0 0 0 0 0 1 0 1 0 1 0 1 1 0 0 0 1 1 0 1 1 0
 0 0 1 1 1 1 1 1 0 1 0 0 0 0 1 1 1 1 0 1 1 1 1]
19 31 1 0.2595814796506838 [0 1 0 1 0 0 0 1 1 1 1 1 0 0 0 0 0 0 0 0 1 0 1 0 1 0 1 1 0 0 0 1 1 0 1 1 0
 0 0 1 1 1 1 1 1 0 1 0 0 0 0 1 1 1 1 0 1 1 1 1]
20 31 1 0.2595814796506838 [0 1 0 1 0 0 0 1 1 1 1 1 0 0 0 0 0 0 0 0 1 0 1 0 1 0 1 1 0 0 0 1 1 0 1 1 0
 0 0 1 1 1 1 1 1 0 1 0 0 0 0 1 1 1 1 0 1 1 1 1]
21 31 0 0.2595814796506838 [0 1 0 1 0 0 0 1 1 1 1 1 0 0 0 0 0 0 0 0 1 0 1 0 1 0 1 1 0 0 0 1 1 0 1 1 0
 0 0 1 1 1 1 1 1 0 1 0 0 0 0 1 1 1 1 0 1 1 1 1]
22 31 0 0.2595814796506838 [0 1 0 1 0 0 0 1 1 1 1 1 0 0 0 0 0 0 0 0 1 0 1 0 1 0 1 1 0 0 0 1 1 0 1 1 0
 0 0 1 1 1 1 1 1 0 1 0 0 0 0 1 1 1 1 0 1 1 1 1]
23 31 0 0.2595814796506838 [0 1 0 1 0 0 0 1 1 1 1 1 0 0 0 0 0 0 0 0 1 0 1 0 1 0 1 1 0 0 0 1 1 0 1 1 0
 0 0 1 1 1 1 1 1 0 1 0 0 0 0 1 1 1 1 0 1 1 1 1]
24 31 0 0.2595814796506838 [0 1 0 1 0 0 0 1 1 1 1 1 0 0 0 0 0 0 0 0 1 0 1 0 1 0 1 1 0 0 0 1 1 0 1 1 0
 0 0 1 1 1 1 1 1 0 1 0 0 0 0 1 1 1 1 0 1 1 1 1]
25 31 0 0.2595814796506838 [0 1 0 1 0 0 0 1 1 1 1 1 0 0 0 0 0 0 0 0 1 0 1 0 1 0 1 1 0 0 0 1 1 0 1 1 0
 0 0 1 1 1 1 1 1 0 1 0 0 0 0 1 1 1 1 0 1 1 1 1]
26 31 0 0.2595814796506838 [0 1 0 1 0 0 0 1 1 1 1 1 0 0 0 0 0 0 0 0 1 0 1 0 1 0 1 1 0 0 0 1 1 0 1 1 0
 0 0 1 1 1 1 1 1 0 1 0 0 0 0 1 1 1 1 0 1 1 1 1]
27 31 0 0.2595814796506838 [0 1 0 1 0 0 0 1 1 1 1 1 0 0 0 0 0 0 0 0 1 0 1 0 1 0 1 1 0 0 0 1 1 0 1 1 0
 0 0 1 1 1 1 1 1 0 1 0 0 0 0 1 1 1 1 0 1 1 1 1]
28 31 0 0.2595814796506838 [0 1 0 1 0 0 0 1 1 1 1 1 0 0 0 0 0 0 0 0 1 0 1 0 1 0 1 1 0 0 0 1 1 0 1 1 0
 0 0 1 1 1 1 1 1 0 1 0 0 0 0 1 1 1 1 0 1 1 1 1]
29 31 0 0.2595814796506838 [0 1 0 1 0 0 0 1 1 1 1 1 0 0 0 0 0 0 0 0 1 0 1 0 1 0 1 1 0 0 0 1 1 0 1 1 0
 0 0 1 1 1 1 1 1 0 1 0 0 0 0 1 1 1 1 0 1 1 1 1]
30 31 0 0.2595814796506838 [0 1 0 1 0 0 0 1 1 1 1 1 0 0 0 0 0 0 0 0 1 0 1 0 1 0 1 1 0 0 0 1 1 0 1 1 0
 0 0 1 1 1 1 1 1 0 1 0 0 0 0 1 1 1 1 0 1 1 1 1]
31 31 0 0.2595814796506838 [0 1 0 1 0 0 0 1 1 1 1 1 0 0 0 0 0 0 0 0 1 0 1 0 1 0 1 1 0 0 0 1 1 0 1 1 0
 0 0 1 1 1 1 1 1 0 1 0 0 0 0 1 1 1 1 0 1 1 1 1]
32 31 0 0.2595814796506838 [0 1 0 1 0 0 0 1 1 1 1 1 0 0 0 0 0 0 0 0 1 0 1 0 1 0 1 1 0 0 0 1 1 0 1 1 0
 0 0 1 1 1 1 1 1 0 1 0 0 0 0 1 1 1 1 0 1 1 1 1]
33 31 0 0.2595814796506838 [0 1 0 1 0 0 0 1 1 1 1 1 0 0 0 0 0 0 0 0 1 0 1 0 1 0 1 1 0 0 0 1 1 0 1 1 0
 0 0 1 1 1 1 1 1 0 1 0 0 0 0 1 1 1 1 0 1 1 1 1]
34 31 0 0.2595814796506838 [0 1 0 1 0 0 0 1 1 1 1 1 0 0 0 0 0 0 0 0 1 0 1 0 1 0 1 1 0 0 0 1 1 0 1 1 0
 0 0 1 1 1 1 1 1 0 1 0 0 0 0 1 1 1 1 0 1 1 1 1]
35 31 0 0.2595814796506838 [0 1 0 1 0 0 0 1 1 1 1 1 0 0 0 0 0 0 0 0 1 0 1 0 1 0 1 1 0 0 0 1 1 0 1 1 0
 0 0 1 1 1 1 1 1 0 1 0 0 0 0 1 1 1 1 0 1 1 1 1]
36 31 0 0.2595814796506838 [0 1 0 1 0 0 0 1 1 1 1 1 0 0 0 0 0 0 0 0 1 0 1 0 1 0 1 1 0 0 0 1 1 0 1 1 0
 0 0 1 1 1 1 1 1 0 1 0 0 0 0 1 1 1 1 0 1 1 1 1]
37 31 0 0.2595814796506838 [0 1 0 1 0 0 0 1 1 1 1 1 0 0 0 0 0 0 0 0 1 0 1 0 1 0 1 1 0 0 0 1 1 0 1 1 0
 0 0 1 1 1 1 1 1 0 1 0 0 0 0 1 1 1 1 0 1 1 1 1]
38 31 0 0.2595814796506838 [0 1 0 1 0 0 0 1 1 1 1 1 0 0 0 0 0 0 0 0 1 0 1 0 1 0 1 1 0 0 0 1 1 0 1 1 0
 0 0 1 1 1 1 1 1 0 1 0 0 0 0 1 1 1 1 0 1 1 1 1]
39 31 0 0.2595814796506838 [0 1 0 1 0 0 0 1 1 1 1 1 0 0 0 0 0 0 0 0 1 0 1 0 1 0 1 1 0 0 0 1 1 0 1 1 0
 0 0 1 1 1 1 1 1 0 1 0 0 0 0 1 1 1 1 0 1 1 1 1]
40 31 0 0.2595814796506838 [0 1 0 1 0 0 0 1 1 1 1 1 0 0 0 0 0 0 0 0 1 0 1 0 1 0 1 1 0 0 0 1 1 0 1 1 0
 0 0 1 1 1 1 1 1 0 1 0 0 0 0 1 1 1 1 0 1 1 1 1]
41 31 0 0.2595814796506838 [0 1 0 1 0 0 0 1 1 1 1 1 0 0 0 0 0 0 0 0 1 0 1 0 1 0 1 1 0 0 0 1 1 0 1 1 0
 0 0 1 1 1 1 1 1 0 1 0 0 0 0 1 1 1 1 0 1 1 1 1]
42 31 0 0.2595814796506838 [0 1 0 1 0 0 0 1 1 1 1 1 0 0 0 0 0 0 0 0 1 0 1 0 1 0 1 1 0 0 0 1 1 0 1 1 0
 0 0 1 1 1 1 1 1 0 1 0 0 0 0 1 1 1 1 0 1 1 1 1]
43 31 0 0.2595814796506838 [0 1 0 1 0 0 0 1 1 1 1 1 0 0 0 0 0 0 0 0 1 0 1 0 1 0 1 1 0 0 0 1 1 0 1 1 0
 0 0 1 1 1 1 1 1 0 1 0 0 0 0 1 1 1 1 0 1 1 1 1]
44 31 0 0.2595814796506838 [0 1 0 1 0 0 0 1 1 1 1 1 0 0 0 0 0 0 0 0 1 0 1 0 1 0 1 1 0 0 0 1 1 0 1 1 0
 0 0 1 1 1 1 1 1 0 1 0 0 0 0 1 1 1 1 0 1 1 1 1]
45 31 0 0.2595814796506838 [0 1 0 1 0 0 0 1 1 1 1 1 0 0 0 0 0 0 0 0 1 0 1 0 1 0 1 1 0 0 0 1 1 0 1 1 0
 0 0 1 1 1 1 1 1 0 1 0 0 0 0 1 1 1 1 0 1 1 1 1]
46 31 0 0.2595814796506838 [0 1 0 1 0 0 0 1 1 1 1 1 0 0 0 0 0 0 0 0 1 0 1 0 1 0 1 1 0 0 0 1 1 0 1 1 0
 0 0 1 1 1 1 1 1 0 1 0 0 0 0 1 1 1 1 0 1 1 1 1]
47 31 0 0.2595814796506838 [0 1 0 1 0 0 0 1 1 1 1 1 0 0 0 0 0 0 0 0 1 0 1 0 1 0 1 1 0 0 0 1 1 0 1 1 0
 0 0 1 1 1 1 1 1 0 1 0 0 0 0 1 1 1 1 0 1 1 1 1]
48 31 0 0.2595814796506838 [0 1 0 1 0 0 0 1 1 1 1 1 0 0 0 0 0 0 0 0 1 0 1 0 1 0 1 1 0 0 0 1 1 0 1 1 0
 0 0 1 1 1 1 1 1 0 1 0 0 0 0 1 1 1 1 0 1 1 1 1]
49 31 0 0.2595814796506838 [0 1 0 1 0 0 0 1 1 1 1 1 0 0 0 0 0 0 0 0 1 0 1 0 1 0 1 1 0 0 0 1 1 0 1 1 0
 0 0 1 1 1 1 1 1 0 1 0 0 0 0 1 1 1 1 0 1 1 1 1]
50 31 0 0.2595814796506838 [0 1 0 1 0 0 0 1 1 1 1 1 0 0 0 0 0 0 0 0 1 0 1 0 1 0 1 1 0 0 0 1 1 0 1 1 0
 0 0 1 1 1 1 1 1 0 1 0 0 0 0 1 1 1 1 0 1 1 1 1]
51 31 0 0.2595814796506838 [0 1 0 1 0 0 0 1 1 1 1 1 0 0 0 0 0 0 0 0 1 0 1 0 1 0 1 1 0 0 0 1 1 0 1 1 0
 0 0 1 1 1 1 1 1 0 1 0 0 0 0 1 1 1 1 0 1 1 1 1]
52 31 0 0.2595814796506838 [0 1 0 1 0 0 0 1 1 1 1 1 0 0 0 0 0 0 0 0 1 0 1 0 1 0 1 1 0 0 0 1 1 0 1 1 0
 0 0 1 1 1 1 1 1 0 1 0 0 0 0 1 1 1 1 0 1 1 1 1]
53 31 0 0.2595814796506838 [0 1 0 1 0 0 0 1 1 1 1 1 0 0 0 0 0 0 0 0 1 0 1 0 1 0 1 1 0 0 0 1 1 0 1 1 0
 0 0 1 1 1 1 1 1 0 1 0 0 0 0 1 1 1 1 0 1 1 1 1]
54 31 0 0.2595814796506838 [0 1 0 1 0 0 0 1 1 1 1 1 0 0 0 0 0 0 0 0 1 0 1 0 1 0 1 1 0 0 0 1 1 0 1 1 0
 0 0 1 1 1 1 1 1 0 1 0 0 0 0 1 1 1 1 0 1 1 1 1]
55 31 0 0.2595814796506838 [0 1 0 1 0 0 0 1 1 1 1 1 0 0 0 0 0 0 0 0 1 0 1 0 1 0 1 1 0 0 0 1 1 0 1 1 0
 0 0 1 1 1 1 1 1 0 1 0 0 0 0 1 1 1 1 0 1 1 1 1]
56 31 0 0.2595814796506838 [0 1 0 1 0 0 0 1 1 1 1 1 0 0 0 0 0 0 0 0 1 0 1 0 1 0 1 1 0 0 0 1 1 0 1 1 0
 0 0 1 1 1 1 1 1 0 1 0 0 0 0 1 1 1 1 0 1 1 1 1]
57 31 0 0.2595814796506838 [0 1 0 1 0 0 0 1 1 1 1 1 0 0 0 0 0 0 0 0 1 0 1 0 1 0 1 1 0 0 0 1 1 0 1 1 0
 0 0 1 1 1 1 1 1 0 1 0 0 0 0 1 1 1 1 0 1 1 1 1]
58 31 0 0.2595814796506838 [0 1 0 1 0 0 0 1 1 1 1 1 0 0 0 0 0 0 0 0 1 0 1 0 1 0 1 1 0 0 0 1 1 0 1 1 0
 0 0 1 1 1 1 1 1 0 1 0 0 0 0 1 1 1 1 0 1 1 1 1]
59 31 0 0.2595814796506838 [0 1 0 1 0 0 0 1 1 1 1 1 0 0 0 0 0 0 0 0 1 0 1 0 1 0 1 1 0 0 0 1 1 0 1 1 0
 0 0 1 1 1 1 1 1 0 1 0 0 0 0 1 1 1 1 0 1 1 1 1]
60 31 0 0.2595814796506838 [0 1 0 1 0 0 0 1 1 1 1 1 0 0 0 0 0 0 0 0 1 0 1 0 1 0 1 1 0 0 0 1 1 0 1 1 0
 0 0 1 1 1 1 1 1 0 1 0 0 0 0 1 1 1 1 0 1 1 1 1]
61 31 0 0.2595814796506838 [0 1 0 1 0 0 0 1 1 1 1 1 0 0 0 0 0 0 0 0 1 0 1 0 1 0 1 1 0 0 0 1 1 0 1 1 0
 0 0 1 1 1 1 1 1 0 1 0 0 0 0 1 1 1 1 0 1 1 1 1]
62 31 0 0.2595814796506838 [0 1 0 1 0 0 0 1 1 1 1 1 0 0 0 0 0 0 0 0 1 0 1 0 1 0 1 1 0 0 0 1 1 0 1 1 0
 0 0 1 1 1 1 1 1 0 1 0 0 0 0 1 1 1 1 0 1 1 1 1]
63 31 0 0.2595814796506838 [0 1 0 1 0 0 0 1 1 1 1 1 0 0 0 0 0 0 0 0 1 0 1 0 1 0 1 1 0 0 0 1 1 0 1 1 0
 0 0 1 1 1 1 1 1 0 1 0 0 0 0 1 1 1 1 0 1 1 1 1]
64 31 0 0.2595814796506838 [0 1 0 1 0 0 0 1 1 1 1 1 0 0 0 0 0 0 0 0 1 0 1 0 1 0 1 1 0 0 0 1 1 0 1 1 0
 0 0 1 1 1 1 1 1 0 1 0 0 0 0 1 1 1 1 0 1 1 1 1]
65 31 0 0.2595814796506838 [0 1 0 1 0 0 0 1 1 1 1 1 0 0 0 0 0 0 0 0 1 0 1 0 1 0 1 1 0 0 0 1 1 0 1 1 0
 0 0 1 1 1 1 1 1 0 1 0 0 0 0 1 1 1 1 0 1 1 1 1]
66 31 0 0.2595814796506838 [0 1 0 1 0 0 0 1 1 1 1 1 0 0 0 0 0 0 0 0 1 0 1 0 1 0 1 1 0 0 0 1 1 0 1 1 0
 0 0 1 1 1 1 1 1 0 1 0 0 0 0 1 1 1 1 0 1 1 1 1]
67 31 0 0.2595814796506838 [0 1 0 1 0 0 0 1 1 1 1 1 0 0 0 0 0 0 0 0 1 0 1 0 1 0 1 1 0 0 0 1 1 0 1 1 0
 0 0 1 1 1 1 1 1 0 1 0 0 0 0 1 1 1 1 0 1 1 1 1]
68 31 0 0.2595814796506838 [0 1 0 1 0 0 0 1 1 1 1 1 0 0 0 0 0 0 0 0 1 0 1 0 1 0 1 1 0 0 0 1 1 0 1 1 0
 0 0 1 1 1 1 1 1 0 1 0 0 0 0 1 1 1 1 0 1 1 1 1]
69 31 0 0.2595814796506838 [0 1 0 1 0 0 0 1 1 1 1 1 0 0 0 0 0 0 0 0 1 0 1 0 1 0 1 1 0 0 0 1 1 0 1 1 0
 0 0 1 1 1 1 1 1 0 1 0 0 0 0 1 1 1 1 0 1 1 1 1]
70 31 0 0.2595814796506838 [0 1 0 1 0 0 0 1 1 1 1 1 0 0 0 0 0 0 0 0 1 0 1 0 1 0 1 1 0 0 0 1 1 0 1 1 0
 0 0 1 1 1 1 1 1 0 1 0 0 0 0 1 1 1 1 0 1 1 1 1]
71 31 0 0.2595814796506838 [0 1 0 1 0 0 0 1 1 1 1 1 0 0 0 0 0 0 0 0 1 0 1 0 1 0 1 1 0 0 0 1 1 0 1 1 0
 0 0 1 1 1 1 1 1 0 1 0 0 0 0 1 1 1 1 0 1 1 1 1]
72 31 0 0.2595814796506838 [0 1 0 1 0 0 0 1 1 1 1 1 0 0 0 0 0 0 0 0 1 0 1 0 1 0 1 1 0 0 0 1 1 0 1 1 0
 0 0 1 1 1 1 1 1 0 1 0 0 0 0 1 1 1 1 0 1 1 1 1]
73 31 0 0.2595814796506838 [0 1 0 1 0 0 0 1 1 1 1 1 0 0 0 0 0 0 0 0 1 0 1 0 1 0 1 1 0 0 0 1 1 0 1 1 0
 0 0 1 1 1 1 1 1 0 1 0 0 0 0 1 1 1 1 0 1 1 1 1]
74 31 0 0.2595814796506838 [0 1 0 1 0 0 0 1 1 1 1 1 0 0 0 0 0 0 0 0 1 0 1 0 1 0 1 1 0 0 0 1 1 0 1 1 0
 0 0 1 1 1 1 1 1 0 1 0 0 0 0 1 1 1 1 0 1 1 1 1]
75 31 0 0.2595814796506838 [0 1 0 1 0 0 0 1 1 1 1 1 0 0 0 0 0 0 0 0 1 0 1 0 1 0 1 1 0 0 0 1 1 0 1 1 0
 0 0 1 1 1 1 1 1 0 1 0 0 0 0 1 1 1 1 0 1 1 1 1]
76 31 0 0.2595814796506838 [0 1 0 1 0 0 0 1 1 1 1 1 0 0 0 0 0 0 0 0 1 0 1 0 1 0 1 1 0 0 0 1 1 0 1 1 0
 0 0 1 1 1 1 1 1 0 1 0 0 0 0 1 1 1 1 0 1 1 1 1]
77 31 0 0.2595814796506838 [0 1 0 1 0 0 0 1 1 1 1 1 0 0 0 0 0 0 0 0 1 0 1 0 1 0 1 1 0 0 0 1 1 0 1 1 0
 0 0 1 1 1 1 1 1 0 1 0 0 0 0 1 1 1 1 0 1 1 1 1]
78 31 0 0.2595814796506838 [0 1 0 1 0 0 0 1 1 1 1 1 0 0 0 0 0 0 0 0 1 0 1 0 1 0 1 1 0 0 0 1 1 0 1 1 0
 0 0 1 1 1 1 1 1 0 1 0 0 0 0 1 1 1 1 0 1 1 1 1]
79 31 0 0.2595814796506838 [0 1 0 1 0 0 0 1 1 1 1 1 0 0 0 0 0 0 0 0 1 0 1 0 1 0 1 1 0 0 0 1 1 0 1 1 0
 0 0 1 1 1 1 1 1 0 1 0 0 0 0 1 1 1 1 0 1 1 1 1]
80 31 0 0.2595814796506838 [0 1 0 1 0 0 0 1 1 1 1 1 0 0 0 0 0 0 0 0 1 0 1 0 1 0 1 1 0 0 0 1 1 0 1 1 0
 0 0 1 1 1 1 1 1 0 1 0 0 0 0 1 1 1 1 0 1 1 1 1]
81 31 0 0.2595814796506838 [0 1 0 1 0 0 0 1 1 1 1 1 0 0 0 0 0 0 0 0 1 0 1 0 1 0 1 1 0 0 0 1 1 0 1 1 0
 0 0 1 1 1 1 1 1 0 1 0 0 0 0 1 1 1 1 0 1 1 1 1]
82 31 0 0.2595814796506838 [0 1 0 1 0 0 0 1 1 1 1 1 0 0 0 0 0 0 0 0 1 0 1 0 1 0 1 1 0 0 0 1 1 0 1 1 0
 0 0 1 1 1 1 1 1 0 1 0 0 0 0 1 1 1 1 0 1 1 1 1]
83 31 0 0.2595814796506838 [0 1 0 1 0 0 0 1 1 1 1 1 0 0 0 0 0 0 0 0 1 0 1 0 1 0 1 1 0 0 0 1 1 0 1 1 0
 0 0 1 1 1 1 1 1 0 1 0 0 0 0 1 1 1 1 0 1 1 1 1]
84 31 0 0.2595814796506838 [0 1 0 1 0 0 0 1 1 1 1 1 0 0 0 0 0 0 0 0 1 0 1 0 1 0 1 1 0 0 0 1 1 0 1 1 0
 0 0 1 1 1 1 1 1 0 1 0 0 0 0 1 1 1 1 0 1 1 1 1]
85 31 0 0.2595814796506838 [0 1 0 1 0 0 0 1 1 1 1 1 0 0 0 0 0 0 0 0 1 0 1 0 1 0 1 1 0 0 0 1 1 0 1 1 0
 0 0 1 1 1 1 1 1 0 1 0 0 0 0 1 1 1 1 0 1 1 1 1]
86 31 0 0.2595814796506838 [0 1 0 1 0 0 0 1 1 1 1 1 0 0 0 0 0 0 0 0 1 0 1 0 1 0 1 1 0 0 0 1 1 0 1 1 0
 0 0 1 1 1 1 1 1 0 1 0 0 0 0 1 1 1 1 0 1 1 1 1]
87 31 0 0.2595814796506838 [0 1 0 1 0 0 0 1 1 1 1 1 0 0 0 0 0 0 0 0 1 0 1 0 1 0 1 1 0 0 0 1 1 0 1 1 0
 0 0 1 1 1 1 1 1 0 1 0 0 0 0 1 1 1 1 0 1 1 1 1]
88 31 0 0.2595814796506838 [0 1 0 1 0 0 0 1 1 1 1 1 0 0 0 0 0 0 0 0 1 0 1 0 1 0 1 1 0 0 0 1 1 0 1 1 0
 0 0 1 1 1 1 1 1 0 1 0 0 0 0 1 1 1 1 0 1 1 1 1]
89 31 0 0.2595814796506838 [0 1 0 1 0 0 0 1 1 1 1 1 0 0 0 0 0 0 0 0 1 0 1 0 1 0 1 1 0 0 0 1 1 0 1 1 0
 0 0 1 1 1 1 1 1 0 1 0 0 0 0 1 1 1 1 0 1 1 1 1]
90 31 0 0.2595814796506838 [0 1 0 1 0 0 0 1 1 1 1 1 0 0 0 0 0 0 0 0 1 0 1 0 1 0 1 1 0 0 0 1 1 0 1 1 0
 0 0 1 1 1 1 1 1 0 1 0 0 0 0 1 1 1 1 0 1 1 1 1]
91 31 0 0.2595814796506838 [0 1 0 1 0 0 0 1 1 1 1 1 0 0 0 0 0 0 0 0 1 0 1 0 1 0 1 1 0 0 0 1 1 0 1 1 0
 0 0 1 1 1 1 1 1 0 1 0 0 0 0 1 1 1 1 0 1 1 1 1]
92 31 0 0.2595814796506838 [0 1 0 1 0 0 0 1 1 1 1 1 0 0 0 0 0 0 0 0 1 0 1 0 1 0 1 1 0 0 0 1 1 0 1 1 0
 0 0 1 1 1 1 1 1 0 1 0 0 0 0 1 1 1 1 0 1 1 1 1]
93 31 0 0.2595814796506838 [0 1 0 1 0 0 0 1 1 1 1 1 0 0 0 0 0 0 0 0 1 0 1 0 1 0 1 1 0 0 0 1 1 0 1 1 0
 0 0 1 1 1 1 1 1 0 1 0 0 0 0 1 1 1 1 0 1 1 1 1]
94 31 0 0.2595814796506838 [0 1 0 1 0 0 0 1 1 1 1 1 0 0 0 0 0 0 0 0 1 0 1 0 1 0 1 1 0 0 0 1 1 0 1 1 0
 0 0 1 1 1 1 1 1 0 1 0 0 0 0 1 1 1 1 0 1 1 1 1]
95 31 0 0.2595814796506838 [0 1 0 1 0 0 0 1 1 1 1 1 0 0 0 0 0 0 0 0 1 0 1 0 1 0 1 1 0 0 0 1 1 0 1 1 0
 0 0 1 1 1 1 1 1 0 1 0 0 0 0 1 1 1 1 0 1 1 1 1]
96 31 0 0.2595814796506838 [0 1 0 1 0 0 0 1 1 1 1 1 0 0 0 0 0 0 0 0 1 0 1 0 1 0 1 1 0 0 0 1 1 0 1 1 0
 0 0 1 1 1 1 1 1 0 1 0 0 0 0 1 1 1 1 0 1 1 1 1]
97 31 0 0.2595814796506838 [0 1 0 1 0 0 0 1 1 1 1 1 0 0 0 0 0 0 0 0 1 0 1 0 1 0 1 1 0 0 0 1 1 0 1 1 0
 0 0 1 1 1 1 1 1 0 1 0 0 0 0 1 1 1 1 0 1 1 1 1]
98 31 0 0.2595814796506838 [0 1 0 1 0 0 0 1 1 1 1 1 0 0 0 0 0 0 0 0 1 0 1 0 1 0 1 1 0 0 0 1 1 0 1 1 0
 0 0 1 1 1 1 1 1 0 1 0 0 0 0 1 1 1 1 0 1 1 1 1]
99 31 0 0.2595814796506838 [0 1 0 1 0 0 0 1 1 1 1 1 0 0 0 0 0 0 0 0 1 0 1 0 1 0 1 1 0 0 0 1 1 0 1 1 0
 0 0 1 1 1 1 1 1 0 1 0 0 0 0 1 1 1 1 0 1 1 1 1]
100 31 0 0.2595814796506838 [0 1 0 1 0 0 0 1 1 1 1 1 0 0 0 0 0 0 0 0 1 0 1 0 1 0 1 1 0 0 0 1 1 0 1 1 0
 0 0 1 1 1 1 1 1 0 1 0 0 0 0 1 1 1 1 0 1 1 1 1]
101 31 0 0.2595814796506838 [0 1 0 1 0 0 0 1 1 1 1 1 0 0 0 0 0 0 0 0 1 0 1 0 1 0 1 1 0 0 0 1 1 0 1 1 0
 0 0 1 1 1 1 1 1 0 1 0 0 0 0 1 1 1 1 0 1 1 1 1]
102 31 0 0.2595814796506838 [0 1 0 1 0 0 0 1 1 1 1 1 0 0 0 0 0 0 0 0 1 0 1 0 1 0 1 1 0 0 0 1 1 0 1 1 0
 0 0 1 1 1 1 1 1 0 1 0 0 0 0 1 1 1 1 0 1 1 1 1]
103 31 0 0.2595814796506838 [0 1 0 1 0 0 0 1 1 1 1 1 0 0 0 0 0 0 0 0 1 0 1 0 1 0 1 1 0 0 0 1 1 0 1 1 0
 0 0 1 1 1 1 1 1 0 1 0 0 0 0 1 1 1 1 0 1 1 1 1]
104 31 0 0.2595814796506838 [0 1 0 1 0 0 0 1 1 1 1 1 0 0 0 0 0 0 0 0 1 0 1 0 1 0 1 1 0 0 0 1 1 0 1 1 0
 0 0 1 1 1 1 1 1 0 1 0 0 0 0 1 1 1 1 0 1 1 1 1]
105 31 0 0.2595814796506838 [0 1 0 1 0 0 0 1 1 1 1 1 0 0 0 0 0 0 0 0 1 0 1 0 1 0 1 1 0 0 0 1 1 0 1 1 0
 0 0 1 1 1 1 1 1 0 1 0 0 0 0 1 1 1 1 0 1 1 1 1]
106 31 0 0.2595814796506838 [0 1 0 1 0 0 0 1 1 1 1 1 0 0 0 0 0 0 0 0 1 0 1 0 1 0 1 1 0 0 0 1 1 0 1 1 0
 0 0 1 1 1 1 1 1 0 1 0 0 0 0 1 1 1 1 0 1 1 1 1]
107 31 0 0.2595814796506838 [0 1 0 1 0 0 0 1 1 1 1 1 0 0 0 0 0 0 0 0 1 0 1 0 1 0 1 1 0 0 0 1 1 0 1 1 0
 0 0 1 1 1 1 1 1 0 1 0 0 0 0 1 1 1 1 0 1 1 1 1]
108 31 0 0.2595814796506838 [0 1 0 1 0 0 0 1 1 1 1 1 0 0 0 0 0 0 0 0 1 0 1 0 1 0 1 1 0 0 0 1 1 0 1 1 0
 0 0 1 1 1 1 1 1 0 1 0 0 0 0 1 1 1 1 0 1 1 1 1]
109 31 0 0.2595814796506838 [0 1 0 1 0 0 0 1 1 1 1 1 0 0 0 0 0 0 0 0 1 0 1 0 1 0 1 1 0 0 0 1 1 0 1 1 0
 0 0 1 1 1 1 1 1 0 1 0 0 0 0 1 1 1 1 0 1 1 1 1]
110 31 0 0.2595814796506838 [0 1 0 1 0 0 0 1 1 1 1 1 0 0 0 0 0 0 0 0 1 0 1 0 1 0 1 1 0 0 0 1 1 0 1 1 0
 0 0 1 1 1 1 1 1 0 1 0 0 0 0 1 1 1 1 0 1 1 1 1]
111 31 0 0.2595814796506838 [0 1 0 1 0 0 0 1 1 1 1 1 0 0 0 0 0 0 0 0 1 0 1 0 1 0 1 1 0 0 0 1 1 0 1 1 0
 0 0 1 1 1 1 1 1 0 1 0 0 0 0 1 1 1 1 0 1 1 1 1]
112 31 0 0.2595814796506838 [0 1 0 1 0 0 0 1 1 1 1 1 0 0 0 0 0 0 0 0 1 0 1 0 1 0 1 1 0 0 0 1 1 0 1 1 0
 0 0 1 1 1 1 1 1 0 1 0 0 0 0 1 1 1 1 0 1 1 1 1]
113 31 0 0.2595814796506838 [0 1 0 1 0 0 0 1 1 1 1 1 0 0 0 0 0 0 0 0 1 0 1 0 1 0 1 1 0 0 0 1 1 0 1 1 0
 0 0 1 1 1 1 1 1 0 1 0 0 0 0 1 1 1 1 0 1 1 1 1]
114 31 0 0.2595814796506838 [0 1 0 1 0 0 0 1 1 1 1 1 0 0 0 0 0 0 0 0 1 0 1 0 1 0 1 1 0 0 0 1 1 0 1 1 0
 0 0 1 1 1 1 1 1 0 1 0 0 0 0 1 1 1 1 0 1 1 1 1]
115 31 0 0.2595814796506838 [0 1 0 1 0 0 0 1 1 1 1 1 0 0 0 0 0 0 0 0 1 0 1 0 1 0 1 1 0 0 0 1 1 0 1 1 0
 0 0 1 1 1 1 1 1 0 1 0 0 0 0 1 1 1 1 0 1 1 1 1]
116 31 0 0.2595814796506838 [0 1 0 1 0 0 0 1 1 1 1 1 0 0 0 0 0 0 0 0 1 0 1 0 1 0 1 1 0 0 0 1 1 0 1 1 0
 0 0 1 1 1 1 1 1 0 1 0 0 0 0 1 1 1 1 0 1 1 1 1]
117 31 0 0.2595814796506838 [0 1 0 1 0 0 0 1 1 1 1 1 0 0 0 0 0 0 0 0 1 0 1 0 1 0 1 1 0 0 0 1 1 0 1 1 0
 0 0 1 1 1 1 1 1 0 1 0 0 0 0 1 1 1 1 0 1 1 1 1]
118 31 0 0.2595814796506838 [0 1 0 1 0 0 0 1 1 1 1 1 0 0 0 0 0 0 0 0 1 0 1 0 1 0 1 1 0 0 0 1 1 0 1 1 0
 0 0 1 1 1 1 1 1 0 1 0 0 0 0 1 1 1 1 0 1 1 1 1]
119 31 0 0.2595814796506838 [0 1 0 1 0 0 0 1 1 1 1 1 0 0 0 0 0 0 0 0 1 0 1 0 1 0 1 1 0 0 0 1 1 0 1 1 0
 0 0 1 1 1 1 1 1 0 1 0 0 0 0 1 1 1 1 0 1 1 1 1]
120 31 0 0.2595814796506838 [0 1 0 1 0 0 0 1 1 1 1 1 0 0 0 0 0 0 0 0 1 0 1 0 1 0 1 1 0 0 0 1 1 0 1 1 0
 0 0 1 1 1 1 1 1 0 1 0 0 0 0 1 1 1 1 0 1 1 1 1]
121 31 0 0.2595814796506838 [0 1 0 1 0 0 0 1 1 1 1 1 0 0 0 0 0 0 0 0 1 0 1 0 1 0 1 1 0 0 0 1 1 0 1 1 0
 0 0 1 1 1 1 1 1 0 1 0 0 0 0 1 1 1 1 0 1 1 1 1]
122 31 0 0.2595814796506838 [0 1 0 1 0 0 0 1 1 1 1 1 0 0 0 0 0 0 0 0 1 0 1 0 1 0 1 1 0 0 0 1 1 0 1 1 0
 0 0 1 1 1 1 1 1 0 1 0 0 0 0 1 1 1 1 0 1 1 1 1]
123 31 0 0.2595814796506838 [0 1 0 1 0 0 0 1 1 1 1 1 0 0 0 0 0 0 0 0 1 0 1 0 1 0 1 1 0 0 0 1 1 0 1 1 0
 0 0 1 1 1 1 1 1 0 1 0 0 0 0 1 1 1 1 0 1 1 1 1]
124 31 0 0.2595814796506838 [0 1 0 1 0 0 0 1 1 1 1 1 0 0 0 0 0 0 0 0 1 0 1 0 1 0 1 1 0 0 0 1 1 0 1 1 0
 0 0 1 1 1 1 1 1 0 1 0 0 0 0 1 1 1 1 0 1 1 1 1]
125 31 0 0.2595814796506838 [0 1 0 1 0 0 0 1 1 1 1 1 0 0 0 0 0 0 0 0 1 0 1 0 1 0 1 1 0 0 0 1 1 0 1 1 0
 0 0 1 1 1 1 1 1 0 1 0 0 0 0 1 1 1 1 0 1 1 1 1]
126 31 0 0.2595814796506838 [0 1 0 1 0 0 0 1 1 1 1 1 0 0 0 0 0 0 0 0 1 0 1 0 1 0 1 1 0 0 0 1 1 0 1 1 0
 0 0 1 1 1 1 1 1 0 1 0 0 0 0 1 1 1 1 0 1 1 1 1]
127 31 0 0.2595814796506838 [0 1 0 1 0 0 0 1 1 1 1 1 0 0 0 0 0 0 0 0 1 0 1 0 1 0 1 1 0 0 0 1 1 0 1 1 0
 0 0 1 1 1 1 1 1 0 1 0 0 0 0 1 1 1 1 0 1 1 1 1]
128 31 0 0.2595814796506838 [0 1 0 1 0 0 0 1 1 1 1 1 0 0 0 0 0 0 0 0 1 0 1 0 1 0 1 1 0 0 0 1 1 0 1 1 0
 0 0 1 1 1 1 1 1 0 1 0 0 0 0 1 1 1 1 0 1 1 1 1]
129 31 0 0.2595814796506838 [0 1 0 1 0 0 0 1 1 1 1 1 0 0 0 0 0 0 0 0 1 0 1 0 1 0 1 1 0 0 0 1 1 0 1 1 0
 0 0 1 1 1 1 1 1 0 1 0 0 0 0 1 1 1 1 0 1 1 1 1]
130 31 0 0.2595814796506838 [0 1 0 1 0 0 0 1 1 1 1 1 0 0 0 0 0 0 0 0 1 0 1 0 1 0 1 1 0 0 0 1 1 0 1 1 0
 0 0 1 1 1 1 1 1 0 1 0 0 0 0 1 1 1 1 0 1 1 1 1]
131 31 0 0.2595814796506838 [0 1 0 1 0 0 0 1 1 1 1 1 0 0 0 0 0 0 0 0 1 0 1 0 1 0 1 1 0 0 0 1 1 0 1 1 0
 0 0 1 1 1 1 1 1 0 1 0 0 0 0 1 1 1 1 0 1 1 1 1]
132 31 0 0.2595814796506838 [0 1 0 1 0 0 0 1 1 1 1 1 0 0 0 0 0 0 0 0 1 0 1 0 1 0 1 1 0 0 0 1 1 0 1 1 0
 0 0 1 1 1 1 1 1 0 1 0 0 0 0 1 1 1 1 0 1 1 1 1]
133 31 0 0.2595814796506838 [0 1 0 1 0 0 0 1 1 1 1 1 0 0 0 0 0 0 0 0 1 0 1 0 1 0 1 1 0 0 0 1 1 0 1 1 0
 0 0 1 1 1 1 1 1 0 1 0 0 0 0 1 1 1 1 0 1 1 1 1]
134 31 0 0.2595814796506838 [0 1 0 1 0 0 0 1 1 1 1 1 0 0 0 0 0 0 0 0 1 0 1 0 1 0 1 1 0 0 0 1 1 0 1 1 0
 0 0 1 1 1 1 1 1 0 1 0 0 0 0 1 1 1 1 0 1 1 1 1]
135 31 0 0.2595814796506838 [0 1 0 1 0 0 0 1 1 1 1 1 0 0 0 0 0 0 0 0 1 0 1 0 1 0 1 1 0 0 0 1 1 0 1 1 0
 0 0 1 1 1 1 1 1 0 1 0 0 0 0 1 1 1 1 0 1 1 1 1]
136 31 0 0.2595814796506838 [0 1 0 1 0 0 0 1 1 1 1 1 0 0 0 0 0 0 0 0 1 0 1 0 1 0 1 1 0 0 0 1 1 0 1 1 0
 0 0 1 1 1 1 1 1 0 1 0 0 0 0 1 1 1 1 0 1 1 1 1]
137 31 0 0.2595814796506838 [0 1 0 1 0 0 0 1 1 1 1 1 0 0 0 0 0 0 0 0 1 0 1 0 1 0 1 1 0 0 0 1 1 0 1 1 0
 0 0 1 1 1 1 1 1 0 1 0 0 0 0 1 1 1 1 0 1 1 1 1]
138 31 0 0.2595814796506838 [0 1 0 1 0 0 0 1 1 1 1 1 0 0 0 0 0 0 0 0 1 0 1 0 1 0 1 1 0 0 0 1 1 0 1 1 0
 0 0 1 1 1 1 1 1 0 1 0 0 0 0 1 1 1 1 0 1 1 1 1]
139 31 0 0.2595814796506838 [0 1 0 1 0 0 0 1 1 1 1 1 0 0 0 0 0 0 0 0 1 0 1 0 1 0 1 1 0 0 0 1 1 0 1 1 0
 0 0 1 1 1 1 1 1 0 1 0 0 0 0 1 1 1 1 0 1 1 1 1]
140 31 0 0.2595814796506838 [0 1 0 1 0 0 0 1 1 1 1 1 0 0 0 0 0 0 0 0 1 0 1 0 1 0 1 1 0 0 0 1 1 0 1 1 0
 0 0 1 1 1 1 1 1 0 1 0 0 0 0 1 1 1 1 0 1 1 1 1]
141 31 0 0.2595814796506838 [0 1 0 1 0 0 0 1 1 1 1 1 0 0 0 0 0 0 0 0 1 0 1 0 1 0 1 1 0 0 0 1 1 0 1 1 0
 0 0 1 1 1 1 1 1 0 1 0 0 0 0 1 1 1 1 0 1 1 1 1]
142 31 0 0.2595814796506838 [0 1 0 1 0 0 0 1 1 1 1 1 0 0 0 0 0 0 0 0 1 0 1 0 1 0 1 1 0 0 0 1 1 0 1 1 0
 0 0 1 1 1 1 1 1 0 1 0 0 0 0 1 1 1 1 0 1 1 1 1]
143 31 0 0.2595814796506838 [0 1 0 1 0 0 0 1 1 1 1 1 0 0 0 0 0 0 0 0 1 0 1 0 1 0 1 1 0 0 0 1 1 0 1 1 0
 0 0 1 1 1 1 1 1 0 1 0 0 0 0 1 1 1 1 0 1 1 1 1]
144 31 0 0.2595814796506838 [0 1 0 1 0 0 0 1 1 1 1 1 0 0 0 0 0 0 0 0 1 0 1 0 1 0 1 1 0 0 0 1 1 0 1 1 0
 0 0 1 1 1 1 1 1 0 1 0 0 0 0 1 1 1 1 0 1 1 1 1]
145 31 0 0.2595814796506838 [0 1 0 1 0 0 0 1 1 1 1 1 0 0 0 0 0 0 0 0 1 0 1 0 1 0 1 1 0 0 0 1 1 0 1 1 0
 0 0 1 1 1 1 1 1 0 1 0 0 0 0 1 1 1 1 0 1 1 1 1]
146 31 0 0.2595814796506838 [0 1 0 1 0 0 0 1 1 1 1 1 0 0 0 0 0 0 0 0 1 0 1 0 1 0 1 1 0 0 0 1 1 0 1 1 0
 0 0 1 1 1 1 1 1 0 1 0 0 0 0 1 1 1 1 0 1 1 1 1]
147 31 0 0.2595814796506838 [0 1 0 1 0 0 0 1 1 1 1 1 0 0 0 0 0 0 0 0 1 0 1 0 1 0 1 1 0 0 0 1 1 0 1 1 0
 0 0 1 1 1 1 1 1 0 1 0 0 0 0 1 1 1 1 0 1 1 1 1]
148 31 0 0.2595814796506838 [0 1 0 1 0 0 0 1 1 1 1 1 0 0 0 0 0 0 0 0 1 0 1 0 1 0 1 1 0 0 0 1 1 0 1 1 0
 0 0 1 1 1 1 1 1 0 1 0 0 0 0 1 1 1 1 0 1 1 1 1]
149 31 0 0.2595814796506838 [0 1 0 1 0 0 0 1 1 1 1 1 0 0 0 0 0 0 0 0 1 0 1 0 1 0 1 1 0 0 0 1 1 0 1 1 0
 0 0 1 1 1 1 1 1 0 1 0 0 0 0 1 1 1 1 0 1 1 1 1]
150 31 0 0.2595814796506838 [0 1 0 1 0 0 0 1 1 1 1 1 0 0 0 0 0 0 0 0 1 0 1 0 1 0 1 1 0 0 0 1 1 0 1 1 0
 0 0 1 1 1 1 1 1 0 1 0 0 0 0 1 1 1 1 0 1 1 1 1]
