0 27 100 0.26569599681602596 [0 1 0 0 1 0 0 1 0 0 0 0 1 0 0 0 0 0 0 0 0 0 0 1 1 1 1 0 1 0 0 0 1 0 0 1 1
 0 1 1 0 1 1 1 1 1 1 0 0 0 1 1 1 0 1 0 1 1 1 0]
1 27 38 0.26569599681602596 [0 1 0 0 1 0 0 1 0 0 0 0 1 0 0 0 0 0 0 0 0 0 0 1 1 1 1 0 1 0 0 0 1 0 0 1 1
 0 1 1 0 1 1 1 1 1 1 0 0 0 1 1 1 0 1 0 1 1 1 0]
2 27 21 0.26569599681602596 [0 1 0 0 1 0 0 1 0 0 0 0 1 0 0 0 0 0 0 0 0 0 0 1 1 1 1 0 1 0 0 0 1 0 0 1 1
 0 1 1 0 1 1 1 1 1 1 0 0 0 1 1 1 0 1 0 1 1 1 0]
3 27 11 0.26569599681602596 [0 1 0 0 1 0 0 1 0 0 0 0 1 0 0 0 0 0 0 0 0 0 0 1 1 1 1 0 1 0 0 0 1 0 0 1 1
 0 1 1 0 1 1 1 1 1 1 0 0 0 1 1 1 0 1 0 1 1 1 0]
4 27 10 0.26569599681602596 [0 1 0 0 1 0 0 1 0 0 0 0 1 0 0 0 0 0 0 0 0 0 0 1 1 1 1 0 1 0 0 0 1 0 0 1 1
 0 1 1 0 1 1 1 1 1 1 0 0 0 1 1 1 0 1 0 1 1 1 0]
5 27 7 0.26569599681602596 [0 1 0 0 1 0 0 1 0 0 0 0 1 0 0 0 0 0 0 0 0 0 0 1 1 1 1 0 1 0 0 0 1 0 0 1 1
 0 1 1 0 1 1 1 1 1 1 0 0 0 1 1 1 0 1 0 1 1 1 0]
6 27 8 0.26569599681602596 [0 1 0 0 1 0 0 1 0 0 0 0 1 0 0 0 0 0 0 0 0 0 0 1 1 1 1 0 1 0 0 0 1 0 0 1 1
 0 1 1 0 1 1 1 1 1 1 0 0 0 1 1 1 0 1 0 1 1 1 0]
7 34 8 0.2517798511101721 [0 1 0 1 1 0 0 1 0 0 0 0 1 0 0 0 0 0 0 0 0 0 0 1 1 1 1 1 1 1 0 0 1 1 1 1 1
 1 1 1 0 1 1 1 1 1 1 0 0 0 1 1 1 1 1 0 1 1 1 0]
8 37 2 0.24352800491257554 [1 1 0 0 1 1 0 1 1 0 1 0 1 0 0 0 0 0 0 0 1 0 1 1 0 1 1 1 1 0 1 0 1 0 1 0 1
 1 1 1 0 1 1 1 1 1 1 0 1 0 1 1 1 1 1 0 1 1 1 0]
9 37 4 0.24352800491257554 [1 1 0 0 1 1 0 1 1 0 1 0 1 0 0 0 0 0 0 0 1 0 1 1 0 1 1 1 1 0 1 0 1 0 1 0 1
 1 1 1 0 1 1 1 1 1 1 0 1 0 1 1 1 1 1 0 1 1 1 0]
10 37 1 0.24352800491257554 [1 1 0 0 1 1 0 1 1 0 1 0 1 0 0 0 0 0 0 0 1 0 1 1 0 1 1 1 1 0 1 0 1 0 1 0 1
 1 1 1 0 1 1 1 1 1 1 0 1 0 1 1 1 1 1 0 1 1 1 0]
11 37 2 0.24352800491257554 [1 1 0 0 1 1 0 1 1 0 1 0 1 0 0 0 0 0 0 0 1 0 1 1 0 1 1 1 1 0 1 0 1 0 1 0 1
 1 1 1 0 1 1 1 1 1 1 0 1 0 1 1 1 1 1 0 1 1 1 0]
12 37 1 0.24352800491257554 [1 1 0 0 1 1 0 1 1 0 1 0 1 0 0 0 0 0 0 0 1 0 1 1 0 1 1 1 1 0 1 0 1 0 1 0 1
 1 1 1 0 1 1 1 1 1 1 0 1 0 1 1 1 1 1 0 1 1 1 0]
13 37 2 0.24352800491257554 [1 1 0 0 1 1 0 1 1 0 1 0 1 0 0 0 0 0 0 0 1 0 1 1 0 1 1 1 1 0 1 0 1 0 1 0 1
 1 1 1 0 1 1 1 1 1 1 0 1 0 1 1 1 1 1 0 1 1 1 0]
14 37 2 0.24352800491257554 [1 1 0 0 1 1 0 1 1 0 1 0 1 0 0 0 0 0 0 0 1 0 1 1 0 1 1 1 1 0 1 0 1 0 1 0 1
 1 1 1 0 1 1 1 1 1 1 0 1 0 1 1 1 1 1 0 1 1 1 0]
15 37 1 0.24352800491257554 [1 1 0 0 1 1 0 1 1 0 1 0 1 0 0 0 0 0 0 0 1 0 1 1 0 1 1 1 1 0 1 0 1 0 1 0 1
 1 1 1 0 1 1 1 1 1 1 0 1 0 1 1 1 1 1 0 1 1 1 0]
16 37 1 0.24352800491257554 [1 1 0 0 1 1 0 1 1 0 1 0 1 0 0 0 0 0 0 0 1 0 1 1 0 1 1 1 1 0 1 0 1 0 1 0 1
 1 1 1 0 1 1 1 1 1 1 0 1 0 1 1 1 1 1 0 1 1 1 0]
17 37 0 0.24352800491257554 [1 1 0 0 1 1 0 1 1 0 1 0 1 0 0 0 0 0 0 0 1 0 1 1 0 1 1 1 1 0 1 0 1 0 1 0 1
 1 1 1 0 1 1 1 1 1 1 0 1 0 1 1 1 1 1 0 1 1 1 0]
18 37 0 0.24352800491257554 [1 1 0 0 1 1 0 1 1 0 1 0 1 0 0 0 0 0 0 0 1 0 1 1 0 1 1 1 1 0 1 0 1 0 1 0 1
 1 1 1 0 1 1 1 1 1 1 0 1 0 1 1 1 1 1 0 1 1 1 0]
19 37 1 0.24352800491257554 [1 1 0 0 1 1 0 1 1 0 1 0 1 0 0 0 0 0 0 0 1 0 1 1 0 1 1 1 1 0 1 0 1 0 1 0 1
 1 1 1 0 1 1 1 1 1 1 0 1 0 1 1 1 1 1 0 1 1 1 0]
20 37 0 0.24352800491257554 [1 1 0 0 1 1 0 1 1 0 1 0 1 0 0 0 0 0 0 0 1 0 1 1 0 1 1 1 1 0 1 0 1 0 1 0 1
 1 1 1 0 1 1 1 1 1 1 0 1 0 1 1 1 1 1 0 1 1 1 0]
21 37 0 0.24352800491257554 [1 1 0 0 1 1 0 1 1 0 1 0 1 0 0 0 0 0 0 0 1 0 1 1 0 1 1 1 1 0 1 0 1 0 1 0 1
 1 1 1 0 1 1 1 1 1 1 0 1 0 1 1 1 1 1 0 1 1 1 0]
22 37 0 0.24352800491257554 [1 1 0 0 1 1 0 1 1 0 1 0 1 0 0 0 0 0 0 0 1 0 1 1 0 1 1 1 1 0 1 0 1 0 1 0 1
 1 1 1 0 1 1 1 1 1 1 0 1 0 1 1 1 1 1 0 1 1 1 0]
23 37 0 0.24352800491257554 [1 1 0 0 1 1 0 1 1 0 1 0 1 0 0 0 0 0 0 0 1 0 1 1 0 1 1 1 1 0 1 0 1 0 1 0 1
 1 1 1 0 1 1 1 1 1 1 0 1 0 1 1 1 1 1 0 1 1 1 0]
24 37 0 0.24352800491257554 [1 1 0 0 1 1 0 1 1 0 1 0 1 0 0 0 0 0 0 0 1 0 1 1 0 1 1 1 1 0 1 0 1 0 1 0 1
 1 1 1 0 1 1 1 1 1 1 0 1 0 1 1 1 1 1 0 1 1 1 0]
25 37 0 0.24352800491257554 [1 1 0 0 1 1 0 1 1 0 1 0 1 0 0 0 0 0 0 0 1 0 1 1 0 1 1 1 1 0 1 0 1 0 1 0 1
 1 1 1 0 1 1 1 1 1 1 0 1 0 1 1 1 1 1 0 1 1 1 0]
26 37 0 0.24352800491257554 [1 1 0 0 1 1 0 1 1 0 1 0 1 0 0 0 0 0 0 0 1 0 1 1 0 1 1 1 1 0 1 0 1 0 1 0 1
 1 1 1 0 1 1 1 1 1 1 0 1 0 1 1 1 1 1 0 1 1 1 0]
27 37 0 0.24352800491257554 [1 1 0 0 1 1 0 1 1 0 1 0 1 0 0 0 0 0 0 0 1 0 1 1 0 1 1 1 1 0 1 0 1 0 1 0 1
 1 1 1 0 1 1 1 1 1 1 0 1 0 1 1 1 1 1 0 1 1 1 0]
28 37 0 0.24352800491257554 [1 1 0 0 1 1 0 1 1 0 1 0 1 0 0 0 0 0 0 0 1 0 1 1 0 1 1 1 1 0 1 0 1 0 1 0 1
 1 1 1 0 1 1 1 1 1 1 0 1 0 1 1 1 1 1 0 1 1 1 0]
29 37 0 0.24352800491257554 [1 1 0 0 1 1 0 1 1 0 1 0 1 0 0 0 0 0 0 0 1 0 1 1 0 1 1 1 1 0 1 0 1 0 1 0 1
 1 1 1 0 1 1 1 1 1 1 0 1 0 1 1 1 1 1 0 1 1 1 0]
30 37 0 0.24352800491257554 [1 1 0 0 1 1 0 1 1 0 1 0 1 0 0 0 0 0 0 0 1 0 1 1 0 1 1 1 1 0 1 0 1 0 1 0 1
 1 1 1 0 1 1 1 1 1 1 0 1 0 1 1 1 1 1 0 1 1 1 0]
31 37 0 0.24352800491257554 [1 1 0 0 1 1 0 1 1 0 1 0 1 0 0 0 0 0 0 0 1 0 1 1 0 1 1 1 1 0 1 0 1 0 1 0 1
 1 1 1 0 1 1 1 1 1 1 0 1 0 1 1 1 1 1 0 1 1 1 0]
32 37 0 0.24352800491257554 [1 1 0 0 1 1 0 1 1 0 1 0 1 0 0 0 0 0 0 0 1 0 1 1 0 1 1 1 1 0 1 0 1 0 1 0 1
 1 1 1 0 1 1 1 1 1 1 0 1 0 1 1 1 1 1 0 1 1 1 0]
33 37 0 0.24352800491257554 [1 1 0 0 1 1 0 1 1 0 1 0 1 0 0 0 0 0 0 0 1 0 1 1 0 1 1 1 1 0 1 0 1 0 1 0 1
 1 1 1 0 1 1 1 1 1 1 0 1 0 1 1 1 1 1 0 1 1 1 0]
34 37 0 0.24352800491257554 [1 1 0 0 1 1 0 1 1 0 1 0 1 0 0 0 0 0 0 0 1 0 1 1 0 1 1 1 1 0 1 0 1 0 1 0 1
 1 1 1 0 1 1 1 1 1 1 0 1 0 1 1 1 1 1 0 1 1 1 0]
35 37 0 0.24352800491257554 [1 1 0 0 1 1 0 1 1 0 1 0 1 0 0 0 0 0 0 0 1 0 1 1 0 1 1 1 1 0 1 0 1 0 1 0 1
 1 1 1 0 1 1 1 1 1 1 0 1 0 1 1 1 1 1 0 1 1 1 0]
36 37 0 0.24352800491257554 [1 1 0 0 1 1 0 1 1 0 1 0 1 0 0 0 0 0 0 0 1 0 1 1 0 1 1 1 1 0 1 0 1 0 1 0 1
 1 1 1 0 1 1 1 1 1 1 0 1 0 1 1 1 1 1 0 1 1 1 0]
37 37 0 0.24352800491257554 [1 1 0 0 1 1 0 1 1 0 1 0 1 0 0 0 0 0 0 0 1 0 1 1 0 1 1 1 1 0 1 0 1 0 1 0 1
 1 1 1 0 1 1 1 1 1 1 0 1 0 1 1 1 1 1 0 1 1 1 0]
38 37 0 0.24352800491257554 [1 1 0 0 1 1 0 1 1 0 1 0 1 0 0 0 0 0 0 0 1 0 1 1 0 1 1 1 1 0 1 0 1 0 1 0 1
 1 1 1 0 1 1 1 1 1 1 0 1 0 1 1 1 1 1 0 1 1 1 0]
39 37 0 0.24352800491257554 [1 1 0 0 1 1 0 1 1 0 1 0 1 0 0 0 0 0 0 0 1 0 1 1 0 1 1 1 1 0 1 0 1 0 1 0 1
 1 1 1 0 1 1 1 1 1 1 0 1 0 1 1 1 1 1 0 1 1 1 0]
40 37 0 0.24352800491257554 [1 1 0 0 1 1 0 1 1 0 1 0 1 0 0 0 0 0 0 0 1 0 1 1 0 1 1 1 1 0 1 0 1 0 1 0 1
 1 1 1 0 1 1 1 1 1 1 0 1 0 1 1 1 1 1 0 1 1 1 0]
41 37 0 0.24352800491257554 [1 1 0 0 1 1 0 1 1 0 1 0 1 0 0 0 0 0 0 0 1 0 1 1 0 1 1 1 1 0 1 0 1 0 1 0 1
 1 1 1 0 1 1 1 1 1 1 0 1 0 1 1 1 1 1 0 1 1 1 0]
42 37 0 0.24352800491257554 [1 1 0 0 1 1 0 1 1 0 1 0 1 0 0 0 0 0 0 0 1 0 1 1 0 1 1 1 1 0 1 0 1 0 1 0 1
 1 1 1 0 1 1 1 1 1 1 0 1 0 1 1 1 1 1 0 1 1 1 0]
43 37 0 0.24352800491257554 [1 1 0 0 1 1 0 1 1 0 1 0 1 0 0 0 0 0 0 0 1 0 1 1 0 1 1 1 1 0 1 0 1 0 1 0 1
 1 1 1 0 1 1 1 1 1 1 0 1 0 1 1 1 1 1 0 1 1 1 0]
44 37 0 0.24352800491257554 [1 1 0 0 1 1 0 1 1 0 1 0 1 0 0 0 0 0 0 0 1 0 1 1 0 1 1 1 1 0 1 0 1 0 1 0 1
 1 1 1 0 1 1 1 1 1 1 0 1 0 1 1 1 1 1 0 1 1 1 0]
45 37 0 0.24352800491257554 [1 1 0 0 1 1 0 1 1 0 1 0 1 0 0 0 0 0 0 0 1 0 1 1 0 1 1 1 1 0 1 0 1 0 1 0 1
 1 1 1 0 1 1 1 1 1 1 0 1 0 1 1 1 1 1 0 1 1 1 0]
46 37 0 0.24352800491257554 [1 1 0 0 1 1 0 1 1 0 1 0 1 0 0 0 0 0 0 0 1 0 1 1 0 1 1 1 1 0 1 0 1 0 1 0 1
 1 1 1 0 1 1 1 1 1 1 0 1 0 1 1 1 1 1 0 1 1 1 0]
47 37 0 0.24352800491257554 [1 1 0 0 1 1 0 1 1 0 1 0 1 0 0 0 0 0 0 0 1 0 1 1 0 1 1 1 1 0 1 0 1 0 1 0 1
 1 1 1 0 1 1 1 1 1 1 0 1 0 1 1 1 1 1 0 1 1 1 0]
48 37 0 0.24352800491257554 [1 1 0 0 1 1 0 1 1 0 1 0 1 0 0 0 0 0 0 0 1 0 1 1 0 1 1 1 1 0 1 0 1 0 1 0 1
 1 1 1 0 1 1 1 1 1 1 0 1 0 1 1 1 1 1 0 1 1 1 0]
49 37 0 0.24352800491257554 [1 1 0 0 1 1 0 1 1 0 1 0 1 0 0 0 0 0 0 0 1 0 1 1 0 1 1 1 1 0 1 0 1 0 1 0 1
 1 1 1 0 1 1 1 1 1 1 0 1 0 1 1 1 1 1 0 1 1 1 0]
50 37 0 0.24352800491257554 [1 1 0 0 1 1 0 1 1 0 1 0 1 0 0 0 0 0 0 0 1 0 1 1 0 1 1 1 1 0 1 0 1 0 1 0 1
 1 1 1 0 1 1 1 1 1 1 0 1 0 1 1 1 1 1 0 1 1 1 0]
51 37 0 0.24352800491257554 [1 1 0 0 1 1 0 1 1 0 1 0 1 0 0 0 0 0 0 0 1 0 1 1 0 1 1 1 1 0 1 0 1 0 1 0 1
 1 1 1 0 1 1 1 1 1 1 0 1 0 1 1 1 1 1 0 1 1 1 0]
52 37 0 0.24352800491257554 [1 1 0 0 1 1 0 1 1 0 1 0 1 0 0 0 0 0 0 0 1 0 1 1 0 1 1 1 1 0 1 0 1 0 1 0 1
 1 1 1 0 1 1 1 1 1 1 0 1 0 1 1 1 1 1 0 1 1 1 0]
53 37 0 0.24352800491257554 [1 1 0 0 1 1 0 1 1 0 1 0 1 0 0 0 0 0 0 0 1 0 1 1 0 1 1 1 1 0 1 0 1 0 1 0 1
 1 1 1 0 1 1 1 1 1 1 0 1 0 1 1 1 1 1 0 1 1 1 0]
54 37 0 0.24352800491257554 [1 1 0 0 1 1 0 1 1 0 1 0 1 0 0 0 0 0 0 0 1 0 1 1 0 1 1 1 1 0 1 0 1 0 1 0 1
 1 1 1 0 1 1 1 1 1 1 0 1 0 1 1 1 1 1 0 1 1 1 0]
55 37 0 0.24352800491257554 [1 1 0 0 1 1 0 1 1 0 1 0 1 0 0 0 0 0 0 0 1 0 1 1 0 1 1 1 1 0 1 0 1 0 1 0 1
 1 1 1 0 1 1 1 1 1 1 0 1 0 1 1 1 1 1 0 1 1 1 0]
56 37 0 0.24352800491257554 [1 1 0 0 1 1 0 1 1 0 1 0 1 0 0 0 0 0 0 0 1 0 1 1 0 1 1 1 1 0 1 0 1 0 1 0 1
 1 1 1 0 1 1 1 1 1 1 0 1 0 1 1 1 1 1 0 1 1 1 0]
57 37 0 0.24352800491257554 [1 1 0 0 1 1 0 1 1 0 1 0 1 0 0 0 0 0 0 0 1 0 1 1 0 1 1 1 1 0 1 0 1 0 1 0 1
 1 1 1 0 1 1 1 1 1 1 0 1 0 1 1 1 1 1 0 1 1 1 0]
58 37 0 0.24352800491257554 [1 1 0 0 1 1 0 1 1 0 1 0 1 0 0 0 0 0 0 0 1 0 1 1 0 1 1 1 1 0 1 0 1 0 1 0 1
 1 1 1 0 1 1 1 1 1 1 0 1 0 1 1 1 1 1 0 1 1 1 0]
59 37 0 0.24352800491257554 [1 1 0 0 1 1 0 1 1 0 1 0 1 0 0 0 0 0 0 0 1 0 1 1 0 1 1 1 1 0 1 0 1 0 1 0 1
 1 1 1 0 1 1 1 1 1 1 0 1 0 1 1 1 1 1 0 1 1 1 0]
60 37 0 0.24352800491257554 [1 1 0 0 1 1 0 1 1 0 1 0 1 0 0 0 0 0 0 0 1 0 1 1 0 1 1 1 1 0 1 0 1 0 1 0 1
 1 1 1 0 1 1 1 1 1 1 0 1 0 1 1 1 1 1 0 1 1 1 0]
61 37 0 0.24352800491257554 [1 1 0 0 1 1 0 1 1 0 1 0 1 0 0 0 0 0 0 0 1 0 1 1 0 1 1 1 1 0 1 0 1 0 1 0 1
 1 1 1 0 1 1 1 1 1 1 0 1 0 1 1 1 1 1 0 1 1 1 0]
62 37 0 0.24352800491257554 [1 1 0 0 1 1 0 1 1 0 1 0 1 0 0 0 0 0 0 0 1 0 1 1 0 1 1 1 1 0 1 0 1 0 1 0 1
 1 1 1 0 1 1 1 1 1 1 0 1 0 1 1 1 1 1 0 1 1 1 0]
63 37 0 0.24352800491257554 [1 1 0 0 1 1 0 1 1 0 1 0 1 0 0 0 0 0 0 0 1 0 1 1 0 1 1 1 1 0 1 0 1 0 1 0 1
 1 1 1 0 1 1 1 1 1 1 0 1 0 1 1 1 1 1 0 1 1 1 0]
64 37 0 0.24352800491257554 [1 1 0 0 1 1 0 1 1 0 1 0 1 0 0 0 0 0 0 0 1 0 1 1 0 1 1 1 1 0 1 0 1 0 1 0 1
 1 1 1 0 1 1 1 1 1 1 0 1 0 1 1 1 1 1 0 1 1 1 0]
65 37 0 0.24352800491257554 [1 1 0 0 1 1 0 1 1 0 1 0 1 0 0 0 0 0 0 0 1 0 1 1 0 1 1 1 1 0 1 0 1 0 1 0 1
 1 1 1 0 1 1 1 1 1 1 0 1 0 1 1 1 1 1 0 1 1 1 0]
66 37 0 0.24352800491257554 [1 1 0 0 1 1 0 1 1 0 1 0 1 0 0 0 0 0 0 0 1 0 1 1 0 1 1 1 1 0 1 0 1 0 1 0 1
 1 1 1 0 1 1 1 1 1 1 0 1 0 1 1 1 1 1 0 1 1 1 0]
67 37 0 0.24352800491257554 [1 1 0 0 1 1 0 1 1 0 1 0 1 0 0 0 0 0 0 0 1 0 1 1 0 1 1 1 1 0 1 0 1 0 1 0 1
 1 1 1 0 1 1 1 1 1 1 0 1 0 1 1 1 1 1 0 1 1 1 0]
68 37 0 0.24352800491257554 [1 1 0 0 1 1 0 1 1 0 1 0 1 0 0 0 0 0 0 0 1 0 1 1 0 1 1 1 1 0 1 0 1 0 1 0 1
 1 1 1 0 1 1 1 1 1 1 0 1 0 1 1 1 1 1 0 1 1 1 0]
69 37 0 0.24352800491257554 [1 1 0 0 1 1 0 1 1 0 1 0 1 0 0 0 0 0 0 0 1 0 1 1 0 1 1 1 1 0 1 0 1 0 1 0 1
 1 1 1 0 1 1 1 1 1 1 0 1 0 1 1 1 1 1 0 1 1 1 0]
70 37 0 0.24352800491257554 [1 1 0 0 1 1 0 1 1 0 1 0 1 0 0 0 0 0 0 0 1 0 1 1 0 1 1 1 1 0 1 0 1 0 1 0 1
 1 1 1 0 1 1 1 1 1 1 0 1 0 1 1 1 1 1 0 1 1 1 0]
71 37 0 0.24352800491257554 [1 1 0 0 1 1 0 1 1 0 1 0 1 0 0 0 0 0 0 0 1 0 1 1 0 1 1 1 1 0 1 0 1 0 1 0 1
 1 1 1 0 1 1 1 1 1 1 0 1 0 1 1 1 1 1 0 1 1 1 0]
72 37 0 0.24352800491257554 [1 1 0 0 1 1 0 1 1 0 1 0 1 0 0 0 0 0 0 0 1 0 1 1 0 1 1 1 1 0 1 0 1 0 1 0 1
 1 1 1 0 1 1 1 1 1 1 0 1 0 1 1 1 1 1 0 1 1 1 0]
73 37 0 0.24352800491257554 [1 1 0 0 1 1 0 1 1 0 1 0 1 0 0 0 0 0 0 0 1 0 1 1 0 1 1 1 1 0 1 0 1 0 1 0 1
 1 1 1 0 1 1 1 1 1 1 0 1 0 1 1 1 1 1 0 1 1 1 0]
74 37 0 0.24352800491257554 [1 1 0 0 1 1 0 1 1 0 1 0 1 0 0 0 0 0 0 0 1 0 1 1 0 1 1 1 1 0 1 0 1 0 1 0 1
 1 1 1 0 1 1 1 1 1 1 0 1 0 1 1 1 1 1 0 1 1 1 0]
75 37 0 0.24352800491257554 [1 1 0 0 1 1 0 1 1 0 1 0 1 0 0 0 0 0 0 0 1 0 1 1 0 1 1 1 1 0 1 0 1 0 1 0 1
 1 1 1 0 1 1 1 1 1 1 0 1 0 1 1 1 1 1 0 1 1 1 0]
76 37 0 0.24352800491257554 [1 1 0 0 1 1 0 1 1 0 1 0 1 0 0 0 0 0 0 0 1 0 1 1 0 1 1 1 1 0 1 0 1 0 1 0 1
 1 1 1 0 1 1 1 1 1 1 0 1 0 1 1 1 1 1 0 1 1 1 0]
77 37 0 0.24352800491257554 [1 1 0 0 1 1 0 1 1 0 1 0 1 0 0 0 0 0 0 0 1 0 1 1 0 1 1 1 1 0 1 0 1 0 1 0 1
 1 1 1 0 1 1 1 1 1 1 0 1 0 1 1 1 1 1 0 1 1 1 0]
78 37 0 0.24352800491257554 [1 1 0 0 1 1 0 1 1 0 1 0 1 0 0 0 0 0 0 0 1 0 1 1 0 1 1 1 1 0 1 0 1 0 1 0 1
 1 1 1 0 1 1 1 1 1 1 0 1 0 1 1 1 1 1 0 1 1 1 0]
79 37 0 0.24352800491257554 [1 1 0 0 1 1 0 1 1 0 1 0 1 0 0 0 0 0 0 0 1 0 1 1 0 1 1 1 1 0 1 0 1 0 1 0 1
 1 1 1 0 1 1 1 1 1 1 0 1 0 1 1 1 1 1 0 1 1 1 0]
80 37 0 0.24352800491257554 [1 1 0 0 1 1 0 1 1 0 1 0 1 0 0 0 0 0 0 0 1 0 1 1 0 1 1 1 1 0 1 0 1 0 1 0 1
 1 1 1 0 1 1 1 1 1 1 0 1 0 1 1 1 1 1 0 1 1 1 0]
81 37 0 0.24352800491257554 [1 1 0 0 1 1 0 1 1 0 1 0 1 0 0 0 0 0 0 0 1 0 1 1 0 1 1 1 1 0 1 0 1 0 1 0 1
 1 1 1 0 1 1 1 1 1 1 0 1 0 1 1 1 1 1 0 1 1 1 0]
82 37 0 0.24352800491257554 [1 1 0 0 1 1 0 1 1 0 1 0 1 0 0 0 0 0 0 0 1 0 1 1 0 1 1 1 1 0 1 0 1 0 1 0 1
 1 1 1 0 1 1 1 1 1 1 0 1 0 1 1 1 1 1 0 1 1 1 0]
83 37 0 0.24352800491257554 [1 1 0 0 1 1 0 1 1 0 1 0 1 0 0 0 0 0 0 0 1 0 1 1 0 1 1 1 1 0 1 0 1 0 1 0 1
 1 1 1 0 1 1 1 1 1 1 0 1 0 1 1 1 1 1 0 1 1 1 0]
84 37 0 0.24352800491257554 [1 1 0 0 1 1 0 1 1 0 1 0 1 0 0 0 0 0 0 0 1 0 1 1 0 1 1 1 1 0 1 0 1 0 1 0 1
 1 1 1 0 1 1 1 1 1 1 0 1 0 1 1 1 1 1 0 1 1 1 0]
85 37 0 0.24352800491257554 [1 1 0 0 1 1 0 1 1 0 1 0 1 0 0 0 0 0 0 0 1 0 1 1 0 1 1 1 1 0 1 0 1 0 1 0 1
 1 1 1 0 1 1 1 1 1 1 0 1 0 1 1 1 1 1 0 1 1 1 0]
86 37 0 0.24352800491257554 [1 1 0 0 1 1 0 1 1 0 1 0 1 0 0 0 0 0 0 0 1 0 1 1 0 1 1 1 1 0 1 0 1 0 1 0 1
 1 1 1 0 1 1 1 1 1 1 0 1 0 1 1 1 1 1 0 1 1 1 0]
87 37 0 0.24352800491257554 [1 1 0 0 1 1 0 1 1 0 1 0 1 0 0 0 0 0 0 0 1 0 1 1 0 1 1 1 1 0 1 0 1 0 1 0 1
 1 1 1 0 1 1 1 1 1 1 0 1 0 1 1 1 1 1 0 1 1 1 0]
88 37 0 0.24352800491257554 [1 1 0 0 1 1 0 1 1 0 1 0 1 0 0 0 0 0 0 0 1 0 1 1 0 1 1 1 1 0 1 0 1 0 1 0 1
 1 1 1 0 1 1 1 1 1 1 0 1 0 1 1 1 1 1 0 1 1 1 0]
89 37 0 0.24352800491257554 [1 1 0 0 1 1 0 1 1 0 1 0 1 0 0 0 0 0 0 0 1 0 1 1 0 1 1 1 1 0 1 0 1 0 1 0 1
 1 1 1 0 1 1 1 1 1 1 0 1 0 1 1 1 1 1 0 1 1 1 0]
90 37 0 0.24352800491257554 [1 1 0 0 1 1 0 1 1 0 1 0 1 0 0 0 0 0 0 0 1 0 1 1 0 1 1 1 1 0 1 0 1 0 1 0 1
 1 1 1 0 1 1 1 1 1 1 0 1 0 1 1 1 1 1 0 1 1 1 0]
91 37 0 0.24352800491257554 [1 1 0 0 1 1 0 1 1 0 1 0 1 0 0 0 0 0 0 0 1 0 1 1 0 1 1 1 1 0 1 0 1 0 1 0 1
 1 1 1 0 1 1 1 1 1 1 0 1 0 1 1 1 1 1 0 1 1 1 0]
92 37 0 0.24352800491257554 [1 1 0 0 1 1 0 1 1 0 1 0 1 0 0 0 0 0 0 0 1 0 1 1 0 1 1 1 1 0 1 0 1 0 1 0 1
 1 1 1 0 1 1 1 1 1 1 0 1 0 1 1 1 1 1 0 1 1 1 0]
93 37 0 0.24352800491257554 [1 1 0 0 1 1 0 1 1 0 1 0 1 0 0 0 0 0 0 0 1 0 1 1 0 1 1 1 1 0 1 0 1 0 1 0 1
 1 1 1 0 1 1 1 1 1 1 0 1 0 1 1 1 1 1 0 1 1 1 0]
94 37 0 0.24352800491257554 [1 1 0 0 1 1 0 1 1 0 1 0 1 0 0 0 0 0 0 0 1 0 1 1 0 1 1 1 1 0 1 0 1 0 1 0 1
 1 1 1 0 1 1 1 1 1 1 0 1 0 1 1 1 1 1 0 1 1 1 0]
95 37 0 0.24352800491257554 [1 1 0 0 1 1 0 1 1 0 1 0 1 0 0 0 0 0 0 0 1 0 1 1 0 1 1 1 1 0 1 0 1 0 1 0 1
 1 1 1 0 1 1 1 1 1 1 0 1 0 1 1 1 1 1 0 1 1 1 0]
96 37 0 0.24352800491257554 [1 1 0 0 1 1 0 1 1 0 1 0 1 0 0 0 0 0 0 0 1 0 1 1 0 1 1 1 1 0 1 0 1 0 1 0 1
 1 1 1 0 1 1 1 1 1 1 0 1 0 1 1 1 1 1 0 1 1 1 0]
97 37 0 0.24352800491257554 [1 1 0 0 1 1 0 1 1 0 1 0 1 0 0 0 0 0 0 0 1 0 1 1 0 1 1 1 1 0 1 0 1 0 1 0 1
 1 1 1 0 1 1 1 1 1 1 0 1 0 1 1 1 1 1 0 1 1 1 0]
98 37 0 0.24352800491257554 [1 1 0 0 1 1 0 1 1 0 1 0 1 0 0 0 0 0 0 0 1 0 1 1 0 1 1 1 1 0 1 0 1 0 1 0 1
 1 1 1 0 1 1 1 1 1 1 0 1 0 1 1 1 1 1 0 1 1 1 0]
99 37 0 0.24352800491257554 [1 1 0 0 1 1 0 1 1 0 1 0 1 0 0 0 0 0 0 0 1 0 1 1 0 1 1 1 1 0 1 0 1 0 1 0 1
 1 1 1 0 1 1 1 1 1 1 0 1 0 1 1 1 1 1 0 1 1 1 0]
100 37 0 0.24352800491257554 [1 1 0 0 1 1 0 1 1 0 1 0 1 0 0 0 0 0 0 0 1 0 1 1 0 1 1 1 1 0 1 0 1 0 1 0 1
 1 1 1 0 1 1 1 1 1 1 0 1 0 1 1 1 1 1 0 1 1 1 0]
101 37 0 0.24352800491257554 [1 1 0 0 1 1 0 1 1 0 1 0 1 0 0 0 0 0 0 0 1 0 1 1 0 1 1 1 1 0 1 0 1 0 1 0 1
 1 1 1 0 1 1 1 1 1 1 0 1 0 1 1 1 1 1 0 1 1 1 0]
102 37 0 0.24352800491257554 [1 1 0 0 1 1 0 1 1 0 1 0 1 0 0 0 0 0 0 0 1 0 1 1 0 1 1 1 1 0 1 0 1 0 1 0 1
 1 1 1 0 1 1 1 1 1 1 0 1 0 1 1 1 1 1 0 1 1 1 0]
103 37 0 0.24352800491257554 [1 1 0 0 1 1 0 1 1 0 1 0 1 0 0 0 0 0 0 0 1 0 1 1 0 1 1 1 1 0 1 0 1 0 1 0 1
 1 1 1 0 1 1 1 1 1 1 0 1 0 1 1 1 1 1 0 1 1 1 0]
104 37 0 0.24352800491257554 [1 1 0 0 1 1 0 1 1 0 1 0 1 0 0 0 0 0 0 0 1 0 1 1 0 1 1 1 1 0 1 0 1 0 1 0 1
 1 1 1 0 1 1 1 1 1 1 0 1 0 1 1 1 1 1 0 1 1 1 0]
105 37 0 0.24352800491257554 [1 1 0 0 1 1 0 1 1 0 1 0 1 0 0 0 0 0 0 0 1 0 1 1 0 1 1 1 1 0 1 0 1 0 1 0 1
 1 1 1 0 1 1 1 1 1 1 0 1 0 1 1 1 1 1 0 1 1 1 0]
106 37 0 0.24352800491257554 [1 1 0 0 1 1 0 1 1 0 1 0 1 0 0 0 0 0 0 0 1 0 1 1 0 1 1 1 1 0 1 0 1 0 1 0 1
 1 1 1 0 1 1 1 1 1 1 0 1 0 1 1 1 1 1 0 1 1 1 0]
107 37 0 0.24352800491257554 [1 1 0 0 1 1 0 1 1 0 1 0 1 0 0 0 0 0 0 0 1 0 1 1 0 1 1 1 1 0 1 0 1 0 1 0 1
 1 1 1 0 1 1 1 1 1 1 0 1 0 1 1 1 1 1 0 1 1 1 0]
108 37 0 0.24352800491257554 [1 1 0 0 1 1 0 1 1 0 1 0 1 0 0 0 0 0 0 0 1 0 1 1 0 1 1 1 1 0 1 0 1 0 1 0 1
 1 1 1 0 1 1 1 1 1 1 0 1 0 1 1 1 1 1 0 1 1 1 0]
109 37 0 0.24352800491257554 [1 1 0 0 1 1 0 1 1 0 1 0 1 0 0 0 0 0 0 0 1 0 1 1 0 1 1 1 1 0 1 0 1 0 1 0 1
 1 1 1 0 1 1 1 1 1 1 0 1 0 1 1 1 1 1 0 1 1 1 0]
110 37 0 0.24352800491257554 [1 1 0 0 1 1 0 1 1 0 1 0 1 0 0 0 0 0 0 0 1 0 1 1 0 1 1 1 1 0 1 0 1 0 1 0 1
 1 1 1 0 1 1 1 1 1 1 0 1 0 1 1 1 1 1 0 1 1 1 0]
111 37 0 0.24352800491257554 [1 1 0 0 1 1 0 1 1 0 1 0 1 0 0 0 0 0 0 0 1 0 1 1 0 1 1 1 1 0 1 0 1 0 1 0 1
 1 1 1 0 1 1 1 1 1 1 0 1 0 1 1 1 1 1 0 1 1 1 0]
112 37 0 0.24352800491257554 [1 1 0 0 1 1 0 1 1 0 1 0 1 0 0 0 0 0 0 0 1 0 1 1 0 1 1 1 1 0 1 0 1 0 1 0 1
 1 1 1 0 1 1 1 1 1 1 0 1 0 1 1 1 1 1 0 1 1 1 0]
113 37 0 0.24352800491257554 [1 1 0 0 1 1 0 1 1 0 1 0 1 0 0 0 0 0 0 0 1 0 1 1 0 1 1 1 1 0 1 0 1 0 1 0 1
 1 1 1 0 1 1 1 1 1 1 0 1 0 1 1 1 1 1 0 1 1 1 0]
114 37 0 0.24352800491257554 [1 1 0 0 1 1 0 1 1 0 1 0 1 0 0 0 0 0 0 0 1 0 1 1 0 1 1 1 1 0 1 0 1 0 1 0 1
 1 1 1 0 1 1 1 1 1 1 0 1 0 1 1 1 1 1 0 1 1 1 0]
115 37 0 0.24352800491257554 [1 1 0 0 1 1 0 1 1 0 1 0 1 0 0 0 0 0 0 0 1 0 1 1 0 1 1 1 1 0 1 0 1 0 1 0 1
 1 1 1 0 1 1 1 1 1 1 0 1 0 1 1 1 1 1 0 1 1 1 0]
116 37 0 0.24352800491257554 [1 1 0 0 1 1 0 1 1 0 1 0 1 0 0 0 0 0 0 0 1 0 1 1 0 1 1 1 1 0 1 0 1 0 1 0 1
 1 1 1 0 1 1 1 1 1 1 0 1 0 1 1 1 1 1 0 1 1 1 0]
117 37 0 0.24352800491257554 [1 1 0 0 1 1 0 1 1 0 1 0 1 0 0 0 0 0 0 0 1 0 1 1 0 1 1 1 1 0 1 0 1 0 1 0 1
 1 1 1 0 1 1 1 1 1 1 0 1 0 1 1 1 1 1 0 1 1 1 0]
118 37 0 0.24352800491257554 [1 1 0 0 1 1 0 1 1 0 1 0 1 0 0 0 0 0 0 0 1 0 1 1 0 1 1 1 1 0 1 0 1 0 1 0 1
 1 1 1 0 1 1 1 1 1 1 0 1 0 1 1 1 1 1 0 1 1 1 0]
119 37 0 0.24352800491257554 [1 1 0 0 1 1 0 1 1 0 1 0 1 0 0 0 0 0 0 0 1 0 1 1 0 1 1 1 1 0 1 0 1 0 1 0 1
 1 1 1 0 1 1 1 1 1 1 0 1 0 1 1 1 1 1 0 1 1 1 0]
120 37 0 0.24352800491257554 [1 1 0 0 1 1 0 1 1 0 1 0 1 0 0 0 0 0 0 0 1 0 1 1 0 1 1 1 1 0 1 0 1 0 1 0 1
 1 1 1 0 1 1 1 1 1 1 0 1 0 1 1 1 1 1 0 1 1 1 0]
121 37 0 0.24352800491257554 [1 1 0 0 1 1 0 1 1 0 1 0 1 0 0 0 0 0 0 0 1 0 1 1 0 1 1 1 1 0 1 0 1 0 1 0 1
 1 1 1 0 1 1 1 1 1 1 0 1 0 1 1 1 1 1 0 1 1 1 0]
122 37 0 0.24352800491257554 [1 1 0 0 1 1 0 1 1 0 1 0 1 0 0 0 0 0 0 0 1 0 1 1 0 1 1 1 1 0 1 0 1 0 1 0 1
 1 1 1 0 1 1 1 1 1 1 0 1 0 1 1 1 1 1 0 1 1 1 0]
123 37 0 0.24352800491257554 [1 1 0 0 1 1 0 1 1 0 1 0 1 0 0 0 0 0 0 0 1 0 1 1 0 1 1 1 1 0 1 0 1 0 1 0 1
 1 1 1 0 1 1 1 1 1 1 0 1 0 1 1 1 1 1 0 1 1 1 0]
124 37 0 0.24352800491257554 [1 1 0 0 1 1 0 1 1 0 1 0 1 0 0 0 0 0 0 0 1 0 1 1 0 1 1 1 1 0 1 0 1 0 1 0 1
 1 1 1 0 1 1 1 1 1 1 0 1 0 1 1 1 1 1 0 1 1 1 0]
125 37 0 0.24352800491257554 [1 1 0 0 1 1 0 1 1 0 1 0 1 0 0 0 0 0 0 0 1 0 1 1 0 1 1 1 1 0 1 0 1 0 1 0 1
 1 1 1 0 1 1 1 1 1 1 0 1 0 1 1 1 1 1 0 1 1 1 0]
126 37 0 0.24352800491257554 [1 1 0 0 1 1 0 1 1 0 1 0 1 0 0 0 0 0 0 0 1 0 1 1 0 1 1 1 1 0 1 0 1 0 1 0 1
 1 1 1 0 1 1 1 1 1 1 0 1 0 1 1 1 1 1 0 1 1 1 0]
127 37 0 0.24352800491257554 [1 1 0 0 1 1 0 1 1 0 1 0 1 0 0 0 0 0 0 0 1 0 1 1 0 1 1 1 1 0 1 0 1 0 1 0 1
 1 1 1 0 1 1 1 1 1 1 0 1 0 1 1 1 1 1 0 1 1 1 0]
128 37 0 0.24352800491257554 [1 1 0 0 1 1 0 1 1 0 1 0 1 0 0 0 0 0 0 0 1 0 1 1 0 1 1 1 1 0 1 0 1 0 1 0 1
 1 1 1 0 1 1 1 1 1 1 0 1 0 1 1 1 1 1 0 1 1 1 0]
129 37 0 0.24352800491257554 [1 1 0 0 1 1 0 1 1 0 1 0 1 0 0 0 0 0 0 0 1 0 1 1 0 1 1 1 1 0 1 0 1 0 1 0 1
 1 1 1 0 1 1 1 1 1 1 0 1 0 1 1 1 1 1 0 1 1 1 0]
130 37 0 0.24352800491257554 [1 1 0 0 1 1 0 1 1 0 1 0 1 0 0 0 0 0 0 0 1 0 1 1 0 1 1 1 1 0 1 0 1 0 1 0 1
 1 1 1 0 1 1 1 1 1 1 0 1 0 1 1 1 1 1 0 1 1 1 0]
131 37 0 0.24352800491257554 [1 1 0 0 1 1 0 1 1 0 1 0 1 0 0 0 0 0 0 0 1 0 1 1 0 1 1 1 1 0 1 0 1 0 1 0 1
 1 1 1 0 1 1 1 1 1 1 0 1 0 1 1 1 1 1 0 1 1 1 0]
132 37 0 0.24352800491257554 [1 1 0 0 1 1 0 1 1 0 1 0 1 0 0 0 0 0 0 0 1 0 1 1 0 1 1 1 1 0 1 0 1 0 1 0 1
 1 1 1 0 1 1 1 1 1 1 0 1 0 1 1 1 1 1 0 1 1 1 0]
133 37 0 0.24352800491257554 [1 1 0 0 1 1 0 1 1 0 1 0 1 0 0 0 0 0 0 0 1 0 1 1 0 1 1 1 1 0 1 0 1 0 1 0 1
 1 1 1 0 1 1 1 1 1 1 0 1 0 1 1 1 1 1 0 1 1 1 0]
134 37 0 0.24352800491257554 [1 1 0 0 1 1 0 1 1 0 1 0 1 0 0 0 0 0 0 0 1 0 1 1 0 1 1 1 1 0 1 0 1 0 1 0 1
 1 1 1 0 1 1 1 1 1 1 0 1 0 1 1 1 1 1 0 1 1 1 0]
135 37 0 0.24352800491257554 [1 1 0 0 1 1 0 1 1 0 1 0 1 0 0 0 0 0 0 0 1 0 1 1 0 1 1 1 1 0 1 0 1 0 1 0 1
 1 1 1 0 1 1 1 1 1 1 0 1 0 1 1 1 1 1 0 1 1 1 0]
136 37 0 0.24352800491257554 [1 1 0 0 1 1 0 1 1 0 1 0 1 0 0 0 0 0 0 0 1 0 1 1 0 1 1 1 1 0 1 0 1 0 1 0 1
 1 1 1 0 1 1 1 1 1 1 0 1 0 1 1 1 1 1 0 1 1 1 0]
137 37 0 0.24352800491257554 [1 1 0 0 1 1 0 1 1 0 1 0 1 0 0 0 0 0 0 0 1 0 1 1 0 1 1 1 1 0 1 0 1 0 1 0 1
 1 1 1 0 1 1 1 1 1 1 0 1 0 1 1 1 1 1 0 1 1 1 0]
138 37 0 0.24352800491257554 [1 1 0 0 1 1 0 1 1 0 1 0 1 0 0 0 0 0 0 0 1 0 1 1 0 1 1 1 1 0 1 0 1 0 1 0 1
 1 1 1 0 1 1 1 1 1 1 0 1 0 1 1 1 1 1 0 1 1 1 0]
139 37 0 0.24352800491257554 [1 1 0 0 1 1 0 1 1 0 1 0 1 0 0 0 0 0 0 0 1 0 1 1 0 1 1 1 1 0 1 0 1 0 1 0 1
 1 1 1 0 1 1 1 1 1 1 0 1 0 1 1 1 1 1 0 1 1 1 0]
140 37 0 0.24352800491257554 [1 1 0 0 1 1 0 1 1 0 1 0 1 0 0 0 0 0 0 0 1 0 1 1 0 1 1 1 1 0 1 0 1 0 1 0 1
 1 1 1 0 1 1 1 1 1 1 0 1 0 1 1 1 1 1 0 1 1 1 0]
141 37 0 0.24352800491257554 [1 1 0 0 1 1 0 1 1 0 1 0 1 0 0 0 0 0 0 0 1 0 1 1 0 1 1 1 1 0 1 0 1 0 1 0 1
 1 1 1 0 1 1 1 1 1 1 0 1 0 1 1 1 1 1 0 1 1 1 0]
142 37 0 0.24352800491257554 [1 1 0 0 1 1 0 1 1 0 1 0 1 0 0 0 0 0 0 0 1 0 1 1 0 1 1 1 1 0 1 0 1 0 1 0 1
 1 1 1 0 1 1 1 1 1 1 0 1 0 1 1 1 1 1 0 1 1 1 0]
143 37 0 0.24352800491257554 [1 1 0 0 1 1 0 1 1 0 1 0 1 0 0 0 0 0 0 0 1 0 1 1 0 1 1 1 1 0 1 0 1 0 1 0 1
 1 1 1 0 1 1 1 1 1 1 0 1 0 1 1 1 1 1 0 1 1 1 0]
144 37 0 0.24352800491257554 [1 1 0 0 1 1 0 1 1 0 1 0 1 0 0 0 0 0 0 0 1 0 1 1 0 1 1 1 1 0 1 0 1 0 1 0 1
 1 1 1 0 1 1 1 1 1 1 0 1 0 1 1 1 1 1 0 1 1 1 0]
145 37 0 0.24352800491257554 [1 1 0 0 1 1 0 1 1 0 1 0 1 0 0 0 0 0 0 0 1 0 1 1 0 1 1 1 1 0 1 0 1 0 1 0 1
 1 1 1 0 1 1 1 1 1 1 0 1 0 1 1 1 1 1 0 1 1 1 0]
146 37 0 0.24352800491257554 [1 1 0 0 1 1 0 1 1 0 1 0 1 0 0 0 0 0 0 0 1 0 1 1 0 1 1 1 1 0 1 0 1 0 1 0 1
 1 1 1 0 1 1 1 1 1 1 0 1 0 1 1 1 1 1 0 1 1 1 0]
147 37 0 0.24352800491257554 [1 1 0 0 1 1 0 1 1 0 1 0 1 0 0 0 0 0 0 0 1 0 1 1 0 1 1 1 1 0 1 0 1 0 1 0 1
 1 1 1 0 1 1 1 1 1 1 0 1 0 1 1 1 1 1 0 1 1 1 0]
148 37 0 0.24352800491257554 [1 1 0 0 1 1 0 1 1 0 1 0 1 0 0 0 0 0 0 0 1 0 1 1 0 1 1 1 1 0 1 0 1 0 1 0 1
 1 1 1 0 1 1 1 1 1 1 0 1 0 1 1 1 1 1 0 1 1 1 0]
149 37 0 0.24352800491257554 [1 1 0 0 1 1 0 1 1 0 1 0 1 0 0 0 0 0 0 0 1 0 1 1 0 1 1 1 1 0 1 0 1 0 1 0 1
 1 1 1 0 1 1 1 1 1 1 0 1 0 1 1 1 1 1 0 1 1 1 0]
150 37 0 0.24352800491257554 [1 1 0 0 1 1 0 1 1 0 1 0 1 0 0 0 0 0 0 0 1 0 1 1 0 1 1 1 1 0 1 0 1 0 1 0 1
 1 1 1 0 1 1 1 1 1 1 0 1 0 1 1 1 1 1 0 1 1 1 0]
