0 23 100 0.062083181763065265 [1 0 1 1 1 1 1 1 0 1 1 1 0 1 1 0 1 0 1 0 1 0 1 0 1 0 1 1 1 1 1 0 0 1]
1 22 87 0.058501429319160914 [1 0 1 1 1 0 1 1 1 0 0 1 0 1 1 1 0 0 1 1 0 1 1 0 1 1 0 1 1 0 1 0 1 1]
2 22 57 0.058501429319160914 [1 0 1 1 1 0 1 1 1 0 0 1 0 1 1 1 0 0 1 1 0 1 1 0 1 1 0 1 1 0 1 0 1 1]
3 22 54 0.058501429319160914 [1 0 1 1 1 0 1 1 1 0 0 1 0 1 1 1 0 0 1 1 0 1 1 0 1 1 0 1 1 0 1 0 1 1]
4 20 53 0.056482764622789894 [1 1 1 1 1 0 1 1 0 1 1 1 0 0 0 0 0 1 1 1 0 0 0 1 1 1 1 0 1 1 0 0 1 0]
5 20 53 0.056482764622789894 [1 1 1 1 1 0 1 1 0 1 1 1 0 0 0 0 0 1 1 1 0 0 0 1 1 1 1 0 1 1 0 0 1 0]
6 21 52 0.051340445083702946 [1 1 1 1 1 0 1 1 0 1 1 1 0 1 0 0 1 1 1 1 0 0 1 1 1 1 0 0 0 0 1 0 1 0]
7 21 54 0.051340445083702946 [1 1 1 1 1 0 1 1 0 1 1 1 0 1 0 0 1 1 1 1 0 0 1 1 1 1 0 0 0 0 1 0 1 0]
8 21 53 0.051340445083702946 [1 1 1 1 1 0 1 1 0 1 1 1 0 1 0 0 1 1 1 1 0 0 1 1 1 1 0 0 0 0 1 0 1 0]
9 21 55 0.051340445083702946 [1 1 1 1 1 0 1 1 0 1 1 1 0 1 0 0 1 1 1 1 0 0 1 1 1 1 0 0 0 0 1 0 1 0]
10 21 57 0.051340445083702946 [1 1 1 1 1 0 1 1 0 1 1 1 0 1 0 0 1 1 1 1 0 0 1 1 1 1 0 0 0 0 1 0 1 0]
11 21 53 0.051340445083702946 [1 1 1 1 1 0 1 1 0 1 1 1 0 1 0 0 1 1 1 1 0 0 1 1 1 1 0 0 0 0 1 0 1 0]
12 21 55 0.051340445083702946 [1 1 1 1 1 0 1 1 0 1 1 1 0 1 0 0 1 1 1 1 0 0 1 1 1 1 0 0 0 0 1 0 1 0]
13 21 54 0.051340445083702946 [1 1 1 1 1 0 1 1 0 1 1 1 0 1 0 0 1 1 1 1 0 0 1 1 1 1 0 0 0 0 1 0 1 0]
14 21 53 0.051340445083702946 [1 1 1 1 1 0 1 1 0 1 1 1 0 1 0 0 1 1 1 1 0 0 1 1 1 1 0 0 0 0 1 0 1 0]
15 21 51 0.051340445083702946 [1 1 1 1 1 0 1 1 0 1 1 1 0 1 0 0 1 1 1 1 0 0 1 1 1 1 0 0 0 0 1 0 1 0]
16 21 54 0.051340445083702946 [1 1 1 1 1 0 1 1 0 1 1 1 0 1 0 0 1 1 1 1 0 0 1 1 1 1 0 0 0 0 1 0 1 0]
17 21 52 0.051340445083702946 [1 1 1 1 1 0 1 1 0 1 1 1 0 1 0 0 1 1 1 1 0 0 1 1 1 1 0 0 0 0 1 0 1 0]
18 21 56 0.051340445083702946 [1 1 1 1 1 0 1 1 0 1 1 1 0 1 0 0 1 1 1 1 0 0 1 1 1 1 0 0 0 0 1 0 1 0]
19 21 52 0.051340445083702946 [1 1 1 1 1 0 1 1 0 1 1 1 0 1 0 0 1 1 1 1 0 0 1 1 1 1 0 0 0 0 1 0 1 0]
20 21 52 0.051340445083702946 [1 1 1 1 1 0 1 1 0 1 1 1 0 1 0 0 1 1 1 1 0 0 1 1 1 1 0 0 0 0 1 0 1 0]
21 21 51 0.051340445083702946 [1 1 1 1 1 0 1 1 0 1 1 1 0 1 0 0 1 1 1 1 0 0 1 1 1 1 0 0 0 0 1 0 1 0]
22 21 52 0.051340445083702946 [1 1 1 1 1 0 1 1 0 1 1 1 0 1 0 0 1 1 1 1 0 0 1 1 1 1 0 0 0 0 1 0 1 0]
23 21 55 0.051340445083702946 [1 1 1 1 1 0 1 1 0 1 1 1 0 1 0 0 1 1 1 1 0 0 1 1 1 1 0 0 0 0 1 0 1 0]
24 21 52 0.051340445083702946 [1 1 1 1 1 0 1 1 0 1 1 1 0 1 0 0 1 1 1 1 0 0 1 1 1 1 0 0 0 0 1 0 1 0]
25 21 51 0.051340445083702946 [1 1 1 1 1 0 1 1 0 1 1 1 0 1 0 0 1 1 1 1 0 0 1 1 1 1 0 0 0 0 1 0 1 0]
26 21 53 0.051340445083702946 [1 1 1 1 1 0 1 1 0 1 1 1 0 1 0 0 1 1 1 1 0 0 1 1 1 1 0 0 0 0 1 0 1 0]
27 21 57 0.051340445083702946 [1 1 1 1 1 0 1 1 0 1 1 1 0 1 0 0 1 1 1 1 0 0 1 1 1 1 0 0 0 0 1 0 1 0]
28 21 54 0.051340445083702946 [1 1 1 1 1 0 1 1 0 1 1 1 0 1 0 0 1 1 1 1 0 0 1 1 1 1 0 0 0 0 1 0 1 0]
29 21 52 0.051340445083702946 [1 1 1 1 1 0 1 1 0 1 1 1 0 1 0 0 1 1 1 1 0 0 1 1 1 1 0 0 0 0 1 0 1 0]
30 21 57 0.051340445083702946 [1 1 1 1 1 0 1 1 0 1 1 1 0 1 0 0 1 1 1 1 0 0 1 1 1 1 0 0 0 0 1 0 1 0]
31 21 54 0.051340445083702946 [1 1 1 1 1 0 1 1 0 1 1 1 0 1 0 0 1 1 1 1 0 0 1 1 1 1 0 0 0 0 1 0 1 0]
32 21 52 0.051340445083702946 [1 1 1 1 1 0 1 1 0 1 1 1 0 1 0 0 1 1 1 1 0 0 1 1 1 1 0 0 0 0 1 0 1 0]
33 21 52 0.051340445083702946 [1 1 1 1 1 0 1 1 0 1 1 1 0 1 0 0 1 1 1 1 0 0 1 1 1 1 0 0 0 0 1 0 1 0]
34 21 50 0.051340445083702946 [1 1 1 1 1 0 1 1 0 1 1 1 0 1 0 0 1 1 1 1 0 0 1 1 1 1 0 0 0 0 1 0 1 0]
35 21 54 0.051340445083702946 [1 1 1 1 1 0 1 1 0 1 1 1 0 1 0 0 1 1 1 1 0 0 1 1 1 1 0 0 0 0 1 0 1 0]
36 21 53 0.051340445083702946 [1 1 1 1 1 0 1 1 0 1 1 1 0 1 0 0 1 1 1 1 0 0 1 1 1 1 0 0 0 0 1 0 1 0]
37 21 50 0.051340445083702946 [1 1 1 1 1 0 1 1 0 1 1 1 0 1 0 0 1 1 1 1 0 0 1 1 1 1 0 0 0 0 1 0 1 0]
38 21 51 0.051340445083702946 [1 1 1 1 1 0 1 1 0 1 1 1 0 1 0 0 1 1 1 1 0 0 1 1 1 1 0 0 0 0 1 0 1 0]
39 21 56 0.051340445083702946 [1 1 1 1 1 0 1 1 0 1 1 1 0 1 0 0 1 1 1 1 0 0 1 1 1 1 0 0 0 0 1 0 1 0]
40 21 52 0.051340445083702946 [1 1 1 1 1 0 1 1 0 1 1 1 0 1 0 0 1 1 1 1 0 0 1 1 1 1 0 0 0 0 1 0 1 0]
41 21 53 0.051340445083702946 [1 1 1 1 1 0 1 1 0 1 1 1 0 1 0 0 1 1 1 1 0 0 1 1 1 1 0 0 0 0 1 0 1 0]
42 21 53 0.051340445083702946 [1 1 1 1 1 0 1 1 0 1 1 1 0 1 0 0 1 1 1 1 0 0 1 1 1 1 0 0 0 0 1 0 1 0]
43 21 53 0.051340445083702946 [1 1 1 1 1 0 1 1 0 1 1 1 0 1 0 0 1 1 1 1 0 0 1 1 1 1 0 0 0 0 1 0 1 0]
44 21 53 0.051340445083702946 [1 1 1 1 1 0 1 1 0 1 1 1 0 1 0 0 1 1 1 1 0 0 1 1 1 1 0 0 0 0 1 0 1 0]
45 21 58 0.051340445083702946 [1 1 1 1 1 0 1 1 0 1 1 1 0 1 0 0 1 1 1 1 0 0 1 1 1 1 0 0 0 0 1 0 1 0]
46 21 52 0.051340445083702946 [1 1 1 1 1 0 1 1 0 1 1 1 0 1 0 0 1 1 1 1 0 0 1 1 1 1 0 0 0 0 1 0 1 0]
47 24 51 0.050261856754040934 [1 1 1 1 1 1 1 1 0 0 1 1 0 1 0 0 1 1 1 0 1 0 1 1 1 1 1 1 1 0 1 0 1 0]
48 24 53 0.050261856754040934 [1 1 1 1 1 1 1 1 0 0 1 1 0 1 0 0 1 1 1 0 1 0 1 1 1 1 1 1 1 0 1 0 1 0]
49 24 55 0.050261856754040934 [1 1 1 1 1 1 1 1 0 0 1 1 0 1 0 0 1 1 1 0 1 0 1 1 1 1 1 1 1 0 1 0 1 0]
50 17 55 0.048226046314000404 [1 1 1 1 1 1 1 1 0 0 0 0 0 0 0 0 1 1 0 1 0 0 1 0 0 1 1 1 1 0 1 0 0 0]
51 17 52 0.048226046314000404 [1 1 1 1 1 1 1 1 0 0 0 0 0 0 0 0 1 1 0 1 0 0 1 0 0 1 1 1 1 0 1 0 0 0]
52 17 51 0.048226046314000404 [1 1 1 1 1 1 1 1 0 0 0 0 0 0 0 0 1 1 0 1 0 0 1 0 0 1 1 1 1 0 1 0 0 0]
53 17 53 0.048226046314000404 [1 1 1 1 1 1 1 1 0 0 0 0 0 0 0 0 1 1 0 1 0 0 1 0 0 1 1 1 1 0 1 0 0 0]
54 17 55 0.048226046314000404 [1 1 1 1 1 1 1 1 0 0 0 0 0 0 0 0 1 1 0 1 0 0 1 0 0 1 1 1 1 0 1 0 0 0]
55 17 52 0.048226046314000404 [1 1 1 1 1 1 1 1 0 0 0 0 0 0 0 0 1 1 0 1 0 0 1 0 0 1 1 1 1 0 1 0 0 0]
56 17 51 0.048226046314000404 [1 1 1 1 1 1 1 1 0 0 0 0 0 0 0 0 1 1 0 1 0 0 1 0 0 1 1 1 1 0 1 0 0 0]
57 17 51 0.048226046314000404 [1 1 1 1 1 1 1 1 0 0 0 0 0 0 0 0 1 1 0 1 0 0 1 0 0 1 1 1 1 0 1 0 0 0]
58 17 51 0.046675814887735534 [1 1 1 1 1 1 1 1 0 0 0 0 0 1 0 0 1 0 0 1 0 0 1 0 0 1 1 1 1 0 1 0 0 0]
59 17 49 0.046675814887735534 [1 1 1 1 1 1 1 1 0 0 0 0 0 1 0 0 1 0 0 1 0 0 1 0 0 1 1 1 1 0 1 0 0 0]
60 17 52 0.046675814887735534 [1 1 1 1 1 1 1 1 0 0 0 0 0 1 0 0 1 0 0 1 0 0 1 0 0 1 1 1 1 0 1 0 0 0]
61 17 52 0.046675814887735534 [1 1 1 1 1 1 1 1 0 0 0 0 0 1 0 0 1 0 0 1 0 0 1 0 0 1 1 1 1 0 1 0 0 0]
62 17 51 0.046675814887735534 [1 1 1 1 1 1 1 1 0 0 0 0 0 1 0 0 1 0 0 1 0 0 1 0 0 1 1 1 1 0 1 0 0 0]
63 17 54 0.046675814887735534 [1 1 1 1 1 1 1 1 0 0 0 0 0 1 0 0 1 0 0 1 0 0 1 0 0 1 1 1 1 0 1 0 0 0]
64 17 53 0.046675814887735534 [1 1 1 1 1 1 1 1 0 0 0 0 0 1 0 0 1 0 0 1 0 0 1 0 0 1 1 1 1 0 1 0 0 0]
65 17 54 0.046675814887735534 [1 1 1 1 1 1 1 1 0 0 0 0 0 1 0 0 1 0 0 1 0 0 1 0 0 1 1 1 1 0 1 0 0 0]
66 17 52 0.046675814887735534 [1 1 1 1 1 1 1 1 0 0 0 0 0 1 0 0 1 0 0 1 0 0 1 0 0 1 1 1 1 0 1 0 0 0]
67 17 50 0.046675814887735534 [1 1 1 1 1 1 1 1 0 0 0 0 0 1 0 0 1 0 0 1 0 0 1 0 0 1 1 1 1 0 1 0 0 0]
68 17 51 0.046675814887735534 [1 1 1 1 1 1 1 1 0 0 0 0 0 1 0 0 1 0 0 1 0 0 1 0 0 1 1 1 1 0 1 0 0 0]
69 17 49 0.046675814887735534 [1 1 1 1 1 1 1 1 0 0 0 0 0 1 0 0 1 0 0 1 0 0 1 0 0 1 1 1 1 0 1 0 0 0]
70 17 54 0.046675814887735534 [1 1 1 1 1 1 1 1 0 0 0 0 0 1 0 0 1 0 0 1 0 0 1 0 0 1 1 1 1 0 1 0 0 0]
71 17 52 0.046675814887735534 [1 1 1 1 1 1 1 1 0 0 0 0 0 1 0 0 1 0 0 1 0 0 1 0 0 1 1 1 1 0 1 0 0 0]
72 17 51 0.046675814887735534 [1 1 1 1 1 1 1 1 0 0 0 0 0 1 0 0 1 0 0 1 0 0 1 0 0 1 1 1 1 0 1 0 0 0]
73 17 52 0.046675814887735534 [1 1 1 1 1 1 1 1 0 0 0 0 0 1 0 0 1 0 0 1 0 0 1 0 0 1 1 1 1 0 1 0 0 0]
74 17 54 0.046675814887735534 [1 1 1 1 1 1 1 1 0 0 0 0 0 1 0 0 1 0 0 1 0 0 1 0 0 1 1 1 1 0 1 0 0 0]
75 17 52 0.046675814887735534 [1 1 1 1 1 1 1 1 0 0 0 0 0 1 0 0 1 0 0 1 0 0 1 0 0 1 1 1 1 0 1 0 0 0]
76 17 52 0.046675814887735534 [1 1 1 1 1 1 1 1 0 0 0 0 0 1 0 0 1 0 0 1 0 0 1 0 0 1 1 1 1 0 1 0 0 0]
77 17 51 0.046675814887735534 [1 1 1 1 1 1 1 1 0 0 0 0 0 1 0 0 1 0 0 1 0 0 1 0 0 1 1 1 1 0 1 0 0 0]
78 17 52 0.046675814887735534 [1 1 1 1 1 1 1 1 0 0 0 0 0 1 0 0 1 0 0 1 0 0 1 0 0 1 1 1 1 0 1 0 0 0]
79 17 54 0.046675814887735534 [1 1 1 1 1 1 1 1 0 0 0 0 0 1 0 0 1 0 0 1 0 0 1 0 0 1 1 1 1 0 1 0 0 0]
80 17 49 0.046675814887735534 [1 1 1 1 1 1 1 1 0 0 0 0 0 1 0 0 1 0 0 1 0 0 1 0 0 1 1 1 1 0 1 0 0 0]
81 17 55 0.046675814887735534 [1 1 1 1 1 1 1 1 0 0 0 0 0 1 0 0 1 0 0 1 0 0 1 0 0 1 1 1 1 0 1 0 0 0]
82 17 48 0.046675814887735534 [1 1 1 1 1 1 1 1 0 0 0 0 0 1 0 0 1 0 0 1 0 0 1 0 0 1 1 1 1 0 1 0 0 0]
83 17 52 0.046675814887735534 [1 1 1 1 1 1 1 1 0 0 0 0 0 1 0 0 1 0 0 1 0 0 1 0 0 1 1 1 1 0 1 0 0 0]
84 17 50 0.046675814887735534 [1 1 1 1 1 1 1 1 0 0 0 0 0 1 0 0 1 0 0 1 0 0 1 0 0 1 1 1 1 0 1 0 0 0]
85 17 51 0.046675814887735534 [1 1 1 1 1 1 1 1 0 0 0 0 0 1 0 0 1 0 0 1 0 0 1 0 0 1 1 1 1 0 1 0 0 0]
86 17 53 0.046675814887735534 [1 1 1 1 1 1 1 1 0 0 0 0 0 1 0 0 1 0 0 1 0 0 1 0 0 1 1 1 1 0 1 0 0 0]
87 17 53 0.046675814887735534 [1 1 1 1 1 1 1 1 0 0 0 0 0 1 0 0 1 0 0 1 0 0 1 0 0 1 1 1 1 0 1 0 0 0]
88 17 54 0.046675814887735534 [1 1 1 1 1 1 1 1 0 0 0 0 0 1 0 0 1 0 0 1 0 0 1 0 0 1 1 1 1 0 1 0 0 0]
89 17 51 0.046675814887735534 [1 1 1 1 1 1 1 1 0 0 0 0 0 1 0 0 1 0 0 1 0 0 1 0 0 1 1 1 1 0 1 0 0 0]
90 17 50 0.046675814887735534 [1 1 1 1 1 1 1 1 0 0 0 0 0 1 0 0 1 0 0 1 0 0 1 0 0 1 1 1 1 0 1 0 0 0]
91 17 51 0.046675814887735534 [1 1 1 1 1 1 1 1 0 0 0 0 0 1 0 0 1 0 0 1 0 0 1 0 0 1 1 1 1 0 1 0 0 0]
92 17 51 0.046675814887735534 [1 1 1 1 1 1 1 1 0 0 0 0 0 1 0 0 1 0 0 1 0 0 1 0 0 1 1 1 1 0 1 0 0 0]
93 17 55 0.046675814887735534 [1 1 1 1 1 1 1 1 0 0 0 0 0 1 0 0 1 0 0 1 0 0 1 0 0 1 1 1 1 0 1 0 0 0]
94 17 52 0.046675814887735534 [1 1 1 1 1 1 1 1 0 0 0 0 0 1 0 0 1 0 0 1 0 0 1 0 0 1 1 1 1 0 1 0 0 0]
95 17 49 0.046675814887735534 [1 1 1 1 1 1 1 1 0 0 0 0 0 1 0 0 1 0 0 1 0 0 1 0 0 1 1 1 1 0 1 0 0 0]
96 17 52 0.046675814887735534 [1 1 1 1 1 1 1 1 0 0 0 0 0 1 0 0 1 0 0 1 0 0 1 0 0 1 1 1 1 0 1 0 0 0]
97 17 52 0.046675814887735534 [1 1 1 1 1 1 1 1 0 0 0 0 0 1 0 0 1 0 0 1 0 0 1 0 0 1 1 1 1 0 1 0 0 0]
98 17 51 0.046675814887735534 [1 1 1 1 1 1 1 1 0 0 0 0 0 1 0 0 1 0 0 1 0 0 1 0 0 1 1 1 1 0 1 0 0 0]
99 17 54 0.046675814887735534 [1 1 1 1 1 1 1 1 0 0 0 0 0 1 0 0 1 0 0 1 0 0 1 0 0 1 1 1 1 0 1 0 0 0]
100 17 51 0.046675814887735534 [1 1 1 1 1 1 1 1 0 0 0 0 0 1 0 0 1 0 0 1 0 0 1 0 0 1 1 1 1 0 1 0 0 0]
101 17 56 0.046675814887735534 [1 1 1 1 1 1 1 1 0 0 0 0 0 1 0 0 1 0 0 1 0 0 1 0 0 1 1 1 1 0 1 0 0 0]
102 17 53 0.046675814887735534 [1 1 1 1 1 1 1 1 0 0 0 0 0 1 0 0 1 0 0 1 0 0 1 0 0 1 1 1 1 0 1 0 0 0]
103 17 51 0.046675814887735534 [1 1 1 1 1 1 1 1 0 0 0 0 0 1 0 0 1 0 0 1 0 0 1 0 0 1 1 1 1 0 1 0 0 0]
104 17 52 0.046675814887735534 [1 1 1 1 1 1 1 1 0 0 0 0 0 1 0 0 1 0 0 1 0 0 1 0 0 1 1 1 1 0 1 0 0 0]
105 17 53 0.046675814887735534 [1 1 1 1 1 1 1 1 0 0 0 0 0 1 0 0 1 0 0 1 0 0 1 0 0 1 1 1 1 0 1 0 0 0]
106 17 51 0.046675814887735534 [1 1 1 1 1 1 1 1 0 0 0 0 0 1 0 0 1 0 0 1 0 0 1 0 0 1 1 1 1 0 1 0 0 0]
107 17 52 0.046675814887735534 [1 1 1 1 1 1 1 1 0 0 0 0 0 1 0 0 1 0 0 1 0 0 1 0 0 1 1 1 1 0 1 0 0 0]
108 17 53 0.046675814887735534 [1 1 1 1 1 1 1 1 0 0 0 0 0 1 0 0 1 0 0 1 0 0 1 0 0 1 1 1 1 0 1 0 0 0]
109 17 50 0.046675814887735534 [1 1 1 1 1 1 1 1 0 0 0 0 0 1 0 0 1 0 0 1 0 0 1 0 0 1 1 1 1 0 1 0 0 0]
110 17 54 0.046675814887735534 [1 1 1 1 1 1 1 1 0 0 0 0 0 1 0 0 1 0 0 1 0 0 1 0 0 1 1 1 1 0 1 0 0 0]
111 17 50 0.046675814887735534 [1 1 1 1 1 1 1 1 0 0 0 0 0 1 0 0 1 0 0 1 0 0 1 0 0 1 1 1 1 0 1 0 0 0]
112 17 53 0.046675814887735534 [1 1 1 1 1 1 1 1 0 0 0 0 0 1 0 0 1 0 0 1 0 0 1 0 0 1 1 1 1 0 1 0 0 0]
113 17 49 0.046675814887735534 [1 1 1 1 1 1 1 1 0 0 0 0 0 1 0 0 1 0 0 1 0 0 1 0 0 1 1 1 1 0 1 0 0 0]
114 17 51 0.046675814887735534 [1 1 1 1 1 1 1 1 0 0 0 0 0 1 0 0 1 0 0 1 0 0 1 0 0 1 1 1 1 0 1 0 0 0]
115 17 50 0.046675814887735534 [1 1 1 1 1 1 1 1 0 0 0 0 0 1 0 0 1 0 0 1 0 0 1 0 0 1 1 1 1 0 1 0 0 0]
116 17 53 0.046675814887735534 [1 1 1 1 1 1 1 1 0 0 0 0 0 1 0 0 1 0 0 1 0 0 1 0 0 1 1 1 1 0 1 0 0 0]
117 17 53 0.046675814887735534 [1 1 1 1 1 1 1 1 0 0 0 0 0 1 0 0 1 0 0 1 0 0 1 0 0 1 1 1 1 0 1 0 0 0]
118 17 53 0.046675814887735534 [1 1 1 1 1 1 1 1 0 0 0 0 0 1 0 0 1 0 0 1 0 0 1 0 0 1 1 1 1 0 1 0 0 0]
119 17 55 0.046675814887735534 [1 1 1 1 1 1 1 1 0 0 0 0 0 1 0 0 1 0 0 1 0 0 1 0 0 1 1 1 1 0 1 0 0 0]
120 17 52 0.046675814887735534 [1 1 1 1 1 1 1 1 0 0 0 0 0 1 0 0 1 0 0 1 0 0 1 0 0 1 1 1 1 0 1 0 0 0]
121 17 50 0.046675814887735534 [1 1 1 1 1 1 1 1 0 0 0 0 0 1 0 0 1 0 0 1 0 0 1 0 0 1 1 1 1 0 1 0 0 0]
122 17 54 0.046675814887735534 [1 1 1 1 1 1 1 1 0 0 0 0 0 1 0 0 1 0 0 1 0 0 1 0 0 1 1 1 1 0 1 0 0 0]
123 17 51 0.046675814887735534 [1 1 1 1 1 1 1 1 0 0 0 0 0 1 0 0 1 0 0 1 0 0 1 0 0 1 1 1 1 0 1 0 0 0]
124 17 49 0.046675814887735534 [1 1 1 1 1 1 1 1 0 0 0 0 0 1 0 0 1 0 0 1 0 0 1 0 0 1 1 1 1 0 1 0 0 0]
125 17 53 0.046675814887735534 [1 1 1 1 1 1 1 1 0 0 0 0 0 1 0 0 1 0 0 1 0 0 1 0 0 1 1 1 1 0 1 0 0 0]
126 17 48 0.046675814887735534 [1 1 1 1 1 1 1 1 0 0 0 0 0 1 0 0 1 0 0 1 0 0 1 0 0 1 1 1 1 0 1 0 0 0]
127 17 51 0.046675814887735534 [1 1 1 1 1 1 1 1 0 0 0 0 0 1 0 0 1 0 0 1 0 0 1 0 0 1 1 1 1 0 1 0 0 0]
128 17 53 0.046675814887735534 [1 1 1 1 1 1 1 1 0 0 0 0 0 1 0 0 1 0 0 1 0 0 1 0 0 1 1 1 1 0 1 0 0 0]
129 17 49 0.046675814887735534 [1 1 1 1 1 1 1 1 0 0 0 0 0 1 0 0 1 0 0 1 0 0 1 0 0 1 1 1 1 0 1 0 0 0]
130 17 53 0.046675814887735534 [1 1 1 1 1 1 1 1 0 0 0 0 0 1 0 0 1 0 0 1 0 0 1 0 0 1 1 1 1 0 1 0 0 0]
131 17 50 0.046675814887735534 [1 1 1 1 1 1 1 1 0 0 0 0 0 1 0 0 1 0 0 1 0 0 1 0 0 1 1 1 1 0 1 0 0 0]
132 17 51 0.046675814887735534 [1 1 1 1 1 1 1 1 0 0 0 0 0 1 0 0 1 0 0 1 0 0 1 0 0 1 1 1 1 0 1 0 0 0]
133 17 52 0.046675814887735534 [1 1 1 1 1 1 1 1 0 0 0 0 0 1 0 0 1 0 0 1 0 0 1 0 0 1 1 1 1 0 1 0 0 0]
134 17 55 0.046675814887735534 [1 1 1 1 1 1 1 1 0 0 0 0 0 1 0 0 1 0 0 1 0 0 1 0 0 1 1 1 1 0 1 0 0 0]
135 17 51 0.046675814887735534 [1 1 1 1 1 1 1 1 0 0 0 0 0 1 0 0 1 0 0 1 0 0 1 0 0 1 1 1 1 0 1 0 0 0]
136 17 54 0.046675814887735534 [1 1 1 1 1 1 1 1 0 0 0 0 0 1 0 0 1 0 0 1 0 0 1 0 0 1 1 1 1 0 1 0 0 0]
137 17 49 0.046675814887735534 [1 1 1 1 1 1 1 1 0 0 0 0 0 1 0 0 1 0 0 1 0 0 1 0 0 1 1 1 1 0 1 0 0 0]
138 17 55 0.046675814887735534 [1 1 1 1 1 1 1 1 0 0 0 0 0 1 0 0 1 0 0 1 0 0 1 0 0 1 1 1 1 0 1 0 0 0]
139 17 52 0.046675814887735534 [1 1 1 1 1 1 1 1 0 0 0 0 0 1 0 0 1 0 0 1 0 0 1 0 0 1 1 1 1 0 1 0 0 0]
140 17 51 0.046675814887735534 [1 1 1 1 1 1 1 1 0 0 0 0 0 1 0 0 1 0 0 1 0 0 1 0 0 1 1 1 1 0 1 0 0 0]
141 17 49 0.046675814887735534 [1 1 1 1 1 1 1 1 0 0 0 0 0 1 0 0 1 0 0 1 0 0 1 0 0 1 1 1 1 0 1 0 0 0]
142 17 53 0.046675814887735534 [1 1 1 1 1 1 1 1 0 0 0 0 0 1 0 0 1 0 0 1 0 0 1 0 0 1 1 1 1 0 1 0 0 0]
143 17 51 0.046675814887735534 [1 1 1 1 1 1 1 1 0 0 0 0 0 1 0 0 1 0 0 1 0 0 1 0 0 1 1 1 1 0 1 0 0 0]
144 17 51 0.046675814887735534 [1 1 1 1 1 1 1 1 0 0 0 0 0 1 0 0 1 0 0 1 0 0 1 0 0 1 1 1 1 0 1 0 0 0]
145 17 50 0.046675814887735534 [1 1 1 1 1 1 1 1 0 0 0 0 0 1 0 0 1 0 0 1 0 0 1 0 0 1 1 1 1 0 1 0 0 0]
146 17 53 0.046675814887735534 [1 1 1 1 1 1 1 1 0 0 0 0 0 1 0 0 1 0 0 1 0 0 1 0 0 1 1 1 1 0 1 0 0 0]
147 17 53 0.046675814887735534 [1 1 1 1 1 1 1 1 0 0 0 0 0 1 0 0 1 0 0 1 0 0 1 0 0 1 1 1 1 0 1 0 0 0]
148 17 53 0.046675814887735534 [1 1 1 1 1 1 1 1 0 0 0 0 0 1 0 0 1 0 0 1 0 0 1 0 0 1 1 1 1 0 1 0 0 0]
149 17 53 0.046675814887735534 [1 1 1 1 1 1 1 1 0 0 0 0 0 1 0 0 1 0 0 1 0 0 1 0 0 1 1 1 1 0 1 0 0 0]
150 17 53 0.046675814887735534 [1 1 1 1 1 1 1 1 0 0 0 0 0 1 0 0 1 0 0 1 0 0 1 0 0 1 1 1 1 0 1 0 0 0]
