0 19 100 0.058501429319160914 [1 1 1 1 1 1 1 1 1 1 0 1 0 0 1 0 0 1 0 1 0 0 0 1 0 1 0 1 0 0 1 0 1 0]
1 19 86 0.058501429319160914 [1 1 1 1 1 1 1 1 1 1 0 1 0 0 1 0 0 1 0 1 0 0 0 1 0 1 0 1 0 0 1 0 1 0]
2 22 62 0.05694586825865844 [1 1 1 1 1 1 1 1 1 1 1 1 0 1 1 0 0 1 0 1 0 0 0 1 1 0 0 1 1 0 1 0 0 1]
3 22 51 0.05694586825865844 [1 1 1 1 1 1 1 1 1 1 1 1 0 1 1 0 0 1 0 1 0 0 0 1 1 0 0 1 1 0 1 0 0 1]
4 22 55 0.05694586825865844 [1 1 1 1 1 1 1 1 1 1 1 1 0 1 1 0 0 1 0 1 0 0 0 1 1 0 0 1 1 0 1 0 0 1]
5 22 52 0.05694586825865844 [1 1 1 1 1 1 1 1 1 1 1 1 0 1 1 0 0 1 0 1 0 0 0 1 1 0 0 1 1 0 1 0 0 1]
6 21 53 0.053362968302597014 [1 0 1 1 1 1 1 1 1 1 0 1 0 1 1 0 0 0 0 1 0 0 1 0 1 0 0 1 1 1 1 0 1 1]
7 21 54 0.053362968302597014 [1 0 1 1 1 1 1 1 1 1 0 1 0 1 1 0 0 0 0 1 0 0 1 0 1 0 0 1 1 1 1 0 1 1]
8 17 52 0.052473763118440764 [1 1 1 1 1 0 1 1 0 1 0 1 0 1 1 0 1 0 0 0 0 0 0 1 0 1 1 1 1 0 0 0 0 0]
9 17 52 0.052473763118440764 [1 1 1 1 1 0 1 1 0 1 0 1 0 1 1 0 1 0 0 0 0 0 0 1 0 1 1 1 1 0 0 0 0 0]
10 17 52 0.052473763118440764 [1 1 1 1 1 0 1 1 0 1 0 1 0 1 1 0 1 0 0 0 0 0 0 1 0 1 1 1 1 0 0 0 0 0]
11 20 53 0.04978091609651669 [1 0 1 1 1 1 1 1 1 1 0 1 0 1 0 0 0 0 0 0 1 0 0 0 1 1 1 1 1 1 1 0 1 0]
12 20 54 0.04978091609651669 [1 0 1 1 1 1 1 1 1 1 0 1 0 1 0 0 0 0 0 0 1 0 0 0 1 1 1 1 1 1 1 0 1 0]
13 20 49 0.04978091609651669 [1 0 1 1 1 1 1 1 1 1 0 1 0 1 0 0 0 0 0 0 1 0 0 0 1 1 1 1 1 1 1 0 1 0]
14 20 51 0.04978091609651669 [1 0 1 1 1 1 1 1 1 1 0 1 0 1 0 0 0 0 0 0 1 0 0 0 1 1 1 1 1 1 1 0 1 0]
15 20 52 0.04978091609651669 [1 0 1 1 1 1 1 1 1 1 0 1 0 1 0 0 0 0 0 0 1 0 0 0 1 1 1 1 1 1 1 0 1 0]
16 20 54 0.04978091609651669 [1 0 1 1 1 1 1 1 1 1 0 1 0 1 0 0 0 0 0 0 1 0 0 0 1 1 1 1 1 1 1 0 1 0]
17 20 54 0.04978091609651669 [1 0 1 1 1 1 1 1 1 1 0 1 0 1 0 0 0 0 0 0 1 0 0 0 1 1 1 1 1 1 1 0 1 0]
18 20 50 0.04978091609651669 [1 0 1 1 1 1 1 1 1 1 0 1 0 1 0 0 0 0 0 0 1 0 0 0 1 1 1 1 1 1 1 0 1 0]
19 20 52 0.04978091609651669 [1 0 1 1 1 1 1 1 1 1 0 1 0 1 0 0 0 0 0 0 1 0 0 0 1 1 1 1 1 1 1 0 1 0]
20 20 55 0.04978091609651669 [1 0 1 1 1 1 1 1 1 1 0 1 0 1 0 0 0 0 0 0 1 0 0 0 1 1 1 1 1 1 1 0 1 0]
21 20 52 0.04978091609651669 [1 0 1 1 1 1 1 1 1 1 0 1 0 1 0 0 0 0 0 0 1 0 0 0 1 1 1 1 1 1 1 0 1 0]
22 16 52 0.047761194029850795 [1 0 1 1 1 1 1 1 1 1 0 0 0 1 0 1 0 0 0 0 1 0 0 0 0 0 1 1 0 1 1 0 0 0]
23 16 48 0.047761194029850795 [1 0 1 1 1 1 1 1 1 1 0 0 0 1 0 1 0 0 0 0 1 0 0 0 0 0 1 1 0 1 1 0 0 0]
24 16 54 0.047761194029850795 [1 0 1 1 1 1 1 1 1 1 0 0 0 1 0 1 0 0 0 0 1 0 0 0 0 0 1 1 0 1 1 0 0 0]
25 16 54 0.047761194029850795 [1 0 1 1 1 1 1 1 1 1 0 0 0 1 0 1 0 0 0 0 1 0 0 0 0 0 1 1 0 1 1 0 0 0]
26 16 53 0.047761194029850795 [1 0 1 1 1 1 1 1 1 1 0 0 0 1 0 1 0 0 0 0 1 0 0 0 0 0 1 1 0 1 1 0 0 0]
27 16 52 0.047761194029850795 [1 0 1 1 1 1 1 1 1 1 0 0 0 1 0 1 0 0 0 0 1 0 0 0 0 0 1 1 0 1 1 0 0 0]
28 16 50 0.047761194029850795 [1 0 1 1 1 1 1 1 1 1 0 0 0 1 0 1 0 0 0 0 1 0 0 0 0 0 1 1 0 1 1 0 0 0]
29 16 51 0.047761194029850795 [1 0 1 1 1 1 1 1 1 1 0 0 0 1 0 1 0 0 0 0 1 0 0 0 0 0 1 1 0 1 1 0 0 0]
30 16 50 0.047761194029850795 [1 0 1 1 1 1 1 1 1 1 0 0 0 1 0 1 0 0 0 0 1 0 0 0 0 0 1 1 0 1 1 0 0 0]
31 16 59 0.047761194029850795 [1 0 1 1 1 1 1 1 1 1 0 0 0 1 0 1 0 0 0 0 1 0 0 0 0 0 1 1 0 1 1 0 0 0]
32 16 50 0.047761194029850795 [1 0 1 1 1 1 1 1 1 1 0 0 0 1 0 1 0 0 0 0 1 0 0 0 0 0 1 1 0 1 1 0 0 0]
33 16 51 0.047761194029850795 [1 0 1 1 1 1 1 1 1 1 0 0 0 1 0 1 0 0 0 0 1 0 0 0 0 0 1 1 0 1 1 0 0 0]
34 16 56 0.047761194029850795 [1 0 1 1 1 1 1 1 1 1 0 0 0 1 0 1 0 0 0 0 1 0 0 0 0 0 1 1 0 1 1 0 0 0]
35 16 52 0.047761194029850795 [1 0 1 1 1 1 1 1 1 1 0 0 0 1 0 1 0 0 0 0 1 0 0 0 0 0 1 1 0 1 1 0 0 0]
36 16 50 0.047761194029850795 [1 0 1 1 1 1 1 1 1 1 0 0 0 1 0 1 0 0 0 0 1 0 0 0 0 0 1 1 0 1 1 0 0 0]
37 16 53 0.047761194029850795 [1 0 1 1 1 1 1 1 1 1 0 0 0 1 0 1 0 0 0 0 1 0 0 0 0 0 1 1 0 1 1 0 0 0]
38 16 55 0.047761194029850795 [1 0 1 1 1 1 1 1 1 1 0 0 0 1 0 1 0 0 0 0 1 0 0 0 0 0 1 1 0 1 1 0 0 0]
39 16 51 0.047761194029850795 [1 0 1 1 1 1 1 1 1 1 0 0 0 1 0 1 0 0 0 0 1 0 0 0 0 0 1 1 0 1 1 0 0 0]
40 16 50 0.047761194029850795 [1 0 1 1 1 1 1 1 1 1 0 0 0 1 0 1 0 0 0 0 1 0 0 0 0 0 1 1 0 1 1 0 0 0]
41 16 51 0.047761194029850795 [1 0 1 1 1 1 1 1 1 1 0 0 0 1 0 1 0 0 0 0 1 0 0 0 0 0 1 1 0 1 1 0 0 0]
42 16 53 0.047761194029850795 [1 0 1 1 1 1 1 1 1 1 0 0 0 1 0 1 0 0 0 0 1 0 0 0 0 0 1 1 0 1 1 0 0 0]
43 16 52 0.047761194029850795 [1 0 1 1 1 1 1 1 1 1 0 0 0 1 0 1 0 0 0 0 1 0 0 0 0 0 1 1 0 1 1 0 0 0]
44 16 51 0.047761194029850795 [1 0 1 1 1 1 1 1 1 1 0 0 0 1 0 1 0 0 0 0 1 0 0 0 0 0 1 1 0 1 1 0 0 0]
45 16 48 0.047761194029850795 [1 0 1 1 1 1 1 1 1 1 0 0 0 1 0 1 0 0 0 0 1 0 0 0 0 0 1 1 0 1 1 0 0 0]
46 16 50 0.047761194029850795 [1 0 1 1 1 1 1 1 1 1 0 0 0 1 0 1 0 0 0 0 1 0 0 0 0 0 1 1 0 1 1 0 0 0]
47 16 50 0.047761194029850795 [1 0 1 1 1 1 1 1 1 1 0 0 0 1 0 1 0 0 0 0 1 0 0 0 0 0 1 1 0 1 1 0 0 0]
48 16 54 0.047761194029850795 [1 0 1 1 1 1 1 1 1 1 0 0 0 1 0 1 0 0 0 0 1 0 0 0 0 0 1 1 0 1 1 0 0 0]
49 16 52 0.047761194029850795 [1 0 1 1 1 1 1 1 1 1 0 0 0 1 0 1 0 0 0 0 1 0 0 0 0 0 1 1 0 1 1 0 0 0]
50 20 52 0.046675814887735534 [1 0 1 1 1 1 1 1 1 1 0 1 0 1 0 1 0 0 0 0 0 1 1 0 1 0 1 1 1 1 1 0 0 0]
51 20 53 0.046675814887735534 [1 0 1 1 1 1 1 1 1 1 0 1 0 1 0 1 0 0 0 0 0 1 1 0 1 0 1 1 1 1 1 0 0 0]
52 20 54 0.046675814887735534 [1 0 1 1 1 1 1 1 1 1 0 1 0 1 0 1 0 0 0 0 0 1 1 0 1 0 1 1 1 1 1 0 0 0]
53 20 52 0.046675814887735534 [1 0 1 1 1 1 1 1 1 1 0 1 0 1 0 1 0 0 0 0 0 1 1 0 1 0 1 1 1 1 1 0 0 0]
54 20 50 0.046675814887735534 [1 0 1 1 1 1 1 1 1 1 0 1 0 1 0 1 0 0 0 0 0 1 1 0 1 0 1 1 1 1 1 0 0 0]
55 20 51 0.046675814887735534 [1 0 1 1 1 1 1 1 1 1 0 1 0 1 0 1 0 0 0 0 0 1 1 0 1 0 1 1 1 1 1 0 0 0]
56 20 51 0.046675814887735534 [1 0 1 1 1 1 1 1 1 1 0 1 0 1 0 1 0 0 0 0 0 1 1 0 1 0 1 1 1 1 1 0 0 0]
57 20 53 0.046675814887735534 [1 0 1 1 1 1 1 1 1 1 0 1 0 1 0 1 0 0 0 0 0 1 1 0 1 0 1 1 1 1 1 0 0 0]
58 20 56 0.046675814887735534 [1 0 1 1 1 1 1 1 1 1 0 1 0 1 0 1 0 0 0 0 0 1 1 0 1 0 1 1 1 1 1 0 0 0]
59 20 53 0.046675814887735534 [1 0 1 1 1 1 1 1 1 1 0 1 0 1 0 1 0 0 0 0 0 1 1 0 1 0 1 1 1 1 1 0 0 0]
60 20 55 0.046675814887735534 [1 0 1 1 1 1 1 1 1 1 0 1 0 1 0 1 0 0 0 0 0 1 1 0 1 0 1 1 1 1 1 0 0 0]
61 20 52 0.046675814887735534 [1 0 1 1 1 1 1 1 1 1 0 1 0 1 0 1 0 0 0 0 0 1 1 0 1 0 1 1 1 1 1 0 0 0]
62 20 52 0.046675814887735534 [1 0 1 1 1 1 1 1 1 1 0 1 0 1 0 1 0 0 0 0 0 1 1 0 1 0 1 1 1 1 1 0 0 0]
63 20 51 0.046675814887735534 [1 0 1 1 1 1 1 1 1 1 0 1 0 1 0 1 0 0 0 0 0 1 1 0 1 0 1 1 1 1 1 0 0 0]
64 20 52 0.046675814887735534 [1 0 1 1 1 1 1 1 1 1 0 1 0 1 0 1 0 0 0 0 0 1 1 0 1 0 1 1 1 1 1 0 0 0]
65 20 49 0.046675814887735534 [1 0 1 1 1 1 1 1 1 1 0 1 0 1 0 1 0 0 0 0 0 1 1 0 1 0 1 1 1 1 1 0 0 0]
66 20 53 0.046675814887735534 [1 0 1 1 1 1 1 1 1 1 0 1 0 1 0 1 0 0 0 0 0 1 1 0 1 0 1 1 1 1 1 0 0 0]
67 20 54 0.046675814887735534 [1 0 1 1 1 1 1 1 1 1 0 1 0 1 0 1 0 0 0 0 0 1 1 0 1 0 1 1 1 1 1 0 0 0]
68 20 52 0.046675814887735534 [1 0 1 1 1 1 1 1 1 1 0 1 0 1 0 1 0 0 0 0 0 1 1 0 1 0 1 1 1 1 1 0 0 0]
69 20 52 0.046675814887735534 [1 0 1 1 1 1 1 1 1 1 0 1 0 1 0 1 0 0 0 0 0 1 1 0 1 0 1 1 1 1 1 0 0 0]
70 20 53 0.046675814887735534 [1 0 1 1 1 1 1 1 1 1 0 1 0 1 0 1 0 0 0 0 0 1 1 0 1 0 1 1 1 1 1 0 0 0]
71 20 53 0.046675814887735534 [1 0 1 1 1 1 1 1 1 1 0 1 0 1 0 1 0 0 0 0 0 1 1 0 1 0 1 1 1 1 1 0 0 0]
72 20 50 0.046675814887735534 [1 0 1 1 1 1 1 1 1 1 0 1 0 1 0 1 0 0 0 0 0 1 1 0 1 0 1 1 1 1 1 0 0 0]
73 20 50 0.046675814887735534 [1 0 1 1 1 1 1 1 1 1 0 1 0 1 0 1 0 0 0 0 0 1 1 0 1 0 1 1 1 1 1 0 0 0]
74 20 55 0.046675814887735534 [1 0 1 1 1 1 1 1 1 1 0 1 0 1 0 1 0 0 0 0 0 1 1 0 1 0 1 1 1 1 1 0 0 0]
75 20 54 0.046675814887735534 [1 0 1 1 1 1 1 1 1 1 0 1 0 1 0 1 0 0 0 0 0 1 1 0 1 0 1 1 1 1 1 0 0 0]
76 20 54 0.046675814887735534 [1 0 1 1 1 1 1 1 1 1 0 1 0 1 0 1 0 0 0 0 0 1 1 0 1 0 1 1 1 1 1 0 0 0]
77 20 50 0.046675814887735534 [1 0 1 1 1 1 1 1 1 1 0 1 0 1 0 1 0 0 0 0 0 1 1 0 1 0 1 1 1 1 1 0 0 0]
78 20 53 0.046675814887735534 [1 0 1 1 1 1 1 1 1 1 0 1 0 1 0 1 0 0 0 0 0 1 1 0 1 0 1 1 1 1 1 0 0 0]
79 20 50 0.046675814887735534 [1 0 1 1 1 1 1 1 1 1 0 1 0 1 0 1 0 0 0 0 0 1 1 0 1 0 1 1 1 1 1 0 0 0]
80 20 52 0.046675814887735534 [1 0 1 1 1 1 1 1 1 1 0 1 0 1 0 1 0 0 0 0 0 1 1 0 1 0 1 1 1 1 1 0 0 0]
81 20 52 0.046675814887735534 [1 0 1 1 1 1 1 1 1 1 0 1 0 1 0 1 0 0 0 0 0 1 1 0 1 0 1 1 1 1 1 0 0 0]
82 20 50 0.046675814887735534 [1 0 1 1 1 1 1 1 1 1 0 1 0 1 0 1 0 0 0 0 0 1 1 0 1 0 1 1 1 1 1 0 0 0]
83 20 44 0.046675814887735534 [1 0 1 1 1 1 1 1 1 1 0 1 0 1 0 1 0 0 0 0 0 1 1 0 1 0 1 1 1 1 1 0 0 0]
84 20 54 0.046675814887735534 [1 0 1 1 1 1 1 1 1 1 0 1 0 1 0 1 0 0 0 0 0 1 1 0 1 0 1 1 1 1 1 0 0 0]
85 20 51 0.046675814887735534 [1 0 1 1 1 1 1 1 1 1 0 1 0 1 0 1 0 0 0 0 0 1 1 0 1 0 1 1 1 1 1 0 0 0]
86 20 52 0.046675814887735534 [1 0 1 1 1 1 1 1 1 1 0 1 0 1 0 1 0 0 0 0 0 1 1 0 1 0 1 1 1 1 1 0 0 0]
87 20 52 0.046675814887735534 [1 0 1 1 1 1 1 1 1 1 0 1 0 1 0 1 0 0 0 0 0 1 1 0 1 0 1 1 1 1 1 0 0 0]
88 20 55 0.046675814887735534 [1 0 1 1 1 1 1 1 1 1 0 1 0 1 0 1 0 0 0 0 0 1 1 0 1 0 1 1 1 1 1 0 0 0]
89 20 53 0.046675814887735534 [1 0 1 1 1 1 1 1 1 1 0 1 0 1 0 1 0 0 0 0 0 1 1 0 1 0 1 1 1 1 1 0 0 0]
90 20 57 0.046675814887735534 [1 0 1 1 1 1 1 1 1 1 0 1 0 1 0 1 0 0 0 0 0 1 1 0 1 0 1 1 1 1 1 0 0 0]
91 20 53 0.046675814887735534 [1 0 1 1 1 1 1 1 1 1 0 1 0 1 0 1 0 0 0 0 0 1 1 0 1 0 1 1 1 1 1 0 0 0]
92 20 50 0.046675814887735534 [1 0 1 1 1 1 1 1 1 1 0 1 0 1 0 1 0 0 0 0 0 1 1 0 1 0 1 1 1 1 1 0 0 0]
93 20 52 0.046675814887735534 [1 0 1 1 1 1 1 1 1 1 0 1 0 1 0 1 0 0 0 0 0 1 1 0 1 0 1 1 1 1 1 0 0 0]
94 20 52 0.046675814887735534 [1 0 1 1 1 1 1 1 1 1 0 1 0 1 0 1 0 0 0 0 0 1 1 0 1 0 1 1 1 1 1 0 0 0]
95 20 49 0.046675814887735534 [1 0 1 1 1 1 1 1 1 1 0 1 0 1 0 1 0 0 0 0 0 1 1 0 1 0 1 1 1 1 1 0 0 0]
96 20 53 0.046675814887735534 [1 0 1 1 1 1 1 1 1 1 0 1 0 1 0 1 0 0 0 0 0 1 1 0 1 0 1 1 1 1 1 0 0 0]
97 20 52 0.046675814887735534 [1 0 1 1 1 1 1 1 1 1 0 1 0 1 0 1 0 0 0 0 0 1 1 0 1 0 1 1 1 1 1 0 0 0]
98 20 51 0.046675814887735534 [1 0 1 1 1 1 1 1 1 1 0 1 0 1 0 1 0 0 0 0 0 1 1 0 1 0 1 1 1 1 1 0 0 0]
99 20 50 0.046675814887735534 [1 0 1 1 1 1 1 1 1 1 0 1 0 1 0 1 0 0 0 0 0 1 1 0 1 0 1 1 1 1 1 0 0 0]
100 20 52 0.046675814887735534 [1 0 1 1 1 1 1 1 1 1 0 1 0 1 0 1 0 0 0 0 0 1 1 0 1 0 1 1 1 1 1 0 0 0]
101 20 52 0.046675814887735534 [1 0 1 1 1 1 1 1 1 1 0 1 0 1 0 1 0 0 0 0 0 1 1 0 1 0 1 1 1 1 1 0 0 0]
102 20 51 0.046675814887735534 [1 0 1 1 1 1 1 1 1 1 0 1 0 1 0 1 0 0 0 0 0 1 1 0 1 0 1 1 1 1 1 0 0 0]
103 20 52 0.046675814887735534 [1 0 1 1 1 1 1 1 1 1 0 1 0 1 0 1 0 0 0 0 0 1 1 0 1 0 1 1 1 1 1 0 0 0]
104 20 50 0.046675814887735534 [1 0 1 1 1 1 1 1 1 1 0 1 0 1 0 1 0 0 0 0 0 1 1 0 1 0 1 1 1 1 1 0 0 0]
105 20 50 0.046675814887735534 [1 0 1 1 1 1 1 1 1 1 0 1 0 1 0 1 0 0 0 0 0 1 1 0 1 0 1 1 1 1 1 0 0 0]
106 20 52 0.046675814887735534 [1 0 1 1 1 1 1 1 1 1 0 1 0 1 0 1 0 0 0 0 0 1 1 0 1 0 1 1 1 1 1 0 0 0]
107 20 50 0.046675814887735534 [1 0 1 1 1 1 1 1 1 1 0 1 0 1 0 1 0 0 0 0 0 1 1 0 1 0 1 1 1 1 1 0 0 0]
108 20 49 0.046675814887735534 [1 0 1 1 1 1 1 1 1 1 0 1 0 1 0 1 0 0 0 0 0 1 1 0 1 0 1 1 1 1 1 0 0 0]
109 20 48 0.046675814887735534 [1 0 1 1 1 1 1 1 1 1 0 1 0 1 0 1 0 0 0 0 0 1 1 0 1 0 1 1 1 1 1 0 0 0]
110 20 51 0.046675814887735534 [1 0 1 1 1 1 1 1 1 1 0 1 0 1 0 1 0 0 0 0 0 1 1 0 1 0 1 1 1 1 1 0 0 0]
111 20 47 0.046675814887735534 [1 0 1 1 1 1 1 1 1 1 0 1 0 1 0 1 0 0 0 0 0 1 1 0 1 0 1 1 1 1 1 0 0 0]
112 20 53 0.046675814887735534 [1 0 1 1 1 1 1 1 1 1 0 1 0 1 0 1 0 0 0 0 0 1 1 0 1 0 1 1 1 1 1 0 0 0]
113 20 49 0.046675814887735534 [1 0 1 1 1 1 1 1 1 1 0 1 0 1 0 1 0 0 0 0 0 1 1 0 1 0 1 1 1 1 1 0 0 0]
114 20 48 0.046675814887735534 [1 0 1 1 1 1 1 1 1 1 0 1 0 1 0 1 0 0 0 0 0 1 1 0 1 0 1 1 1 1 1 0 0 0]
115 20 53 0.046675814887735534 [1 0 1 1 1 1 1 1 1 1 0 1 0 1 0 1 0 0 0 0 0 1 1 0 1 0 1 1 1 1 1 0 0 0]
116 20 55 0.046675814887735534 [1 0 1 1 1 1 1 1 1 1 0 1 0 1 0 1 0 0 0 0 0 1 1 0 1 0 1 1 1 1 1 0 0 0]
117 20 45 0.046675814887735534 [1 0 1 1 1 1 1 1 1 1 0 1 0 1 0 1 0 0 0 0 0 1 1 0 1 0 1 1 1 1 1 0 0 0]
118 20 51 0.046675814887735534 [1 0 1 1 1 1 1 1 1 1 0 1 0 1 0 1 0 0 0 0 0 1 1 0 1 0 1 1 1 1 1 0 0 0]
119 20 50 0.046675814887735534 [1 0 1 1 1 1 1 1 1 1 0 1 0 1 0 1 0 0 0 0 0 1 1 0 1 0 1 1 1 1 1 0 0 0]
120 20 53 0.046675814887735534 [1 0 1 1 1 1 1 1 1 1 0 1 0 1 0 1 0 0 0 0 0 1 1 0 1 0 1 1 1 1 1 0 0 0]
121 20 50 0.046675814887735534 [1 0 1 1 1 1 1 1 1 1 0 1 0 1 0 1 0 0 0 0 0 1 1 0 1 0 1 1 1 1 1 0 0 0]
122 20 55 0.046675814887735534 [1 0 1 1 1 1 1 1 1 1 0 1 0 1 0 1 0 0 0 0 0 1 1 0 1 0 1 1 1 1 1 0 0 0]
123 20 52 0.046675814887735534 [1 0 1 1 1 1 1 1 1 1 0 1 0 1 0 1 0 0 0 0 0 1 1 0 1 0 1 1 1 1 1 0 0 0]
124 20 54 0.046675814887735534 [1 0 1 1 1 1 1 1 1 1 0 1 0 1 0 1 0 0 0 0 0 1 1 0 1 0 1 1 1 1 1 0 0 0]
125 20 48 0.046675814887735534 [1 0 1 1 1 1 1 1 1 1 0 1 0 1 0 1 0 0 0 0 0 1 1 0 1 0 1 1 1 1 1 0 0 0]
126 20 51 0.046675814887735534 [1 0 1 1 1 1 1 1 1 1 0 1 0 1 0 1 0 0 0 0 0 1 1 0 1 0 1 1 1 1 1 0 0 0]
127 20 49 0.046675814887735534 [1 0 1 1 1 1 1 1 1 1 0 1 0 1 0 1 0 0 0 0 0 1 1 0 1 0 1 1 1 1 1 0 0 0]
128 20 53 0.046675814887735534 [1 0 1 1 1 1 1 1 1 1 0 1 0 1 0 1 0 0 0 0 0 1 1 0 1 0 1 1 1 1 1 0 0 0]
129 20 50 0.046675814887735534 [1 0 1 1 1 1 1 1 1 1 0 1 0 1 0 1 0 0 0 0 0 1 1 0 1 0 1 1 1 1 1 0 0 0]
130 20 51 0.046675814887735534 [1 0 1 1 1 1 1 1 1 1 0 1 0 1 0 1 0 0 0 0 0 1 1 0 1 0 1 1 1 1 1 0 0 0]
131 20 51 0.046675814887735534 [1 0 1 1 1 1 1 1 1 1 0 1 0 1 0 1 0 0 0 0 0 1 1 0 1 0 1 1 1 1 1 0 0 0]
132 20 51 0.046675814887735534 [1 0 1 1 1 1 1 1 1 1 0 1 0 1 0 1 0 0 0 0 0 1 1 0 1 0 1 1 1 1 1 0 0 0]
133 20 49 0.046675814887735534 [1 0 1 1 1 1 1 1 1 1 0 1 0 1 0 1 0 0 0 0 0 1 1 0 1 0 1 1 1 1 1 0 0 0]
134 20 53 0.046675814887735534 [1 0 1 1 1 1 1 1 1 1 0 1 0 1 0 1 0 0 0 0 0 1 1 0 1 0 1 1 1 1 1 0 0 0]
135 20 52 0.046675814887735534 [1 0 1 1 1 1 1 1 1 1 0 1 0 1 0 1 0 0 0 0 0 1 1 0 1 0 1 1 1 1 1 0 0 0]
136 20 53 0.046675814887735534 [1 0 1 1 1 1 1 1 1 1 0 1 0 1 0 1 0 0 0 0 0 1 1 0 1 0 1 1 1 1 1 0 0 0]
137 20 50 0.046675814887735534 [1 0 1 1 1 1 1 1 1 1 0 1 0 1 0 1 0 0 0 0 0 1 1 0 1 0 1 1 1 1 1 0 0 0]
138 20 51 0.046675814887735534 [1 0 1 1 1 1 1 1 1 1 0 1 0 1 0 1 0 0 0 0 0 1 1 0 1 0 1 1 1 1 1 0 0 0]
139 20 54 0.046675814887735534 [1 0 1 1 1 1 1 1 1 1 0 1 0 1 0 1 0 0 0 0 0 1 1 0 1 0 1 1 1 1 1 0 0 0]
140 20 49 0.046675814887735534 [1 0 1 1 1 1 1 1 1 1 0 1 0 1 0 1 0 0 0 0 0 1 1 0 1 0 1 1 1 1 1 0 0 0]
141 20 50 0.046675814887735534 [1 0 1 1 1 1 1 1 1 1 0 1 0 1 0 1 0 0 0 0 0 1 1 0 1 0 1 1 1 1 1 0 0 0]
142 20 52 0.046675814887735534 [1 0 1 1 1 1 1 1 1 1 0 1 0 1 0 1 0 0 0 0 0 1 1 0 1 0 1 1 1 1 1 0 0 0]
143 20 50 0.046675814887735534 [1 0 1 1 1 1 1 1 1 1 0 1 0 1 0 1 0 0 0 0 0 1 1 0 1 0 1 1 1 1 1 0 0 0]
144 20 53 0.046675814887735534 [1 0 1 1 1 1 1 1 1 1 0 1 0 1 0 1 0 0 0 0 0 1 1 0 1 0 1 1 1 1 1 0 0 0]
145 20 50 0.046675814887735534 [1 0 1 1 1 1 1 1 1 1 0 1 0 1 0 1 0 0 0 0 0 1 1 0 1 0 1 1 1 1 1 0 0 0]
146 20 52 0.046675814887735534 [1 0 1 1 1 1 1 1 1 1 0 1 0 1 0 1 0 0 0 0 0 1 1 0 1 0 1 1 1 1 1 0 0 0]
147 20 53 0.046675814887735534 [1 0 1 1 1 1 1 1 1 1 0 1 0 1 0 1 0 0 0 0 0 1 1 0 1 0 1 1 1 1 1 0 0 0]
148 20 48 0.046675814887735534 [1 0 1 1 1 1 1 1 1 1 0 1 0 1 0 1 0 0 0 0 0 1 1 0 1 0 1 1 1 1 1 0 0 0]
149 20 48 0.046675814887735534 [1 0 1 1 1 1 1 1 1 1 0 1 0 1 0 1 0 0 0 0 0 1 1 0 1 0 1 1 1 1 1 0 0 0]
150 20 52 0.046675814887735534 [1 0 1 1 1 1 1 1 1 1 0 1 0 1 0 1 0 0 0 0 0 1 1 0 1 0 1 1 1 1 1 0 0 0]
