0 13 100 0.06079664570230614 [1 0 1 1 1 1 1 0 1 0 0 0 0 1 0 0 0 0 1 0 0 0 0 1 1 0 0 1 1 0 0 0 0 0]
1 13 83 0.06079664570230614 [1 0 1 1 1 1 1 0 1 0 0 0 0 1 0 0 0 0 1 0 0 0 0 1 1 0 0 1 1 0 0 0 0 0]
2 14 53 0.05722891566265065 [1 0 1 1 1 0 1 0 0 1 0 0 0 0 0 0 0 1 1 0 0 0 0 1 0 1 1 1 1 0 0 1 0 0]
3 14 53 0.05722891566265065 [1 0 1 1 1 0 1 0 0 1 0 0 0 0 0 0 0 1 1 0 0 0 0 1 0 1 1 1 1 0 0 1 0 0]
4 20 58 0.051340445083702946 [1 0 1 1 1 1 1 1 1 1 0 1 0 1 0 0 1 0 1 0 0 0 0 1 1 0 1 1 0 1 1 0 1 0]
5 20 51 0.051340445083702946 [1 0 1 1 1 1 1 1 1 1 0 1 0 1 0 0 1 0 1 0 0 0 0 1 1 0 1 1 0 1 1 0 1 0]
6 20 53 0.051340445083702946 [1 0 1 1 1 1 1 1 1 1 0 1 0 1 0 0 1 0 1 0 0 0 0 1 1 0 1 1 0 1 1 0 1 0]
7 20 54 0.051340445083702946 [1 0 1 1 1 1 1 1 1 1 0 1 0 1 0 0 1 0 1 0 0 0 0 1 1 0 1 1 0 1 1 0 1 0]
8 20 52 0.051340445083702946 [1 0 1 1 1 1 1 1 1 1 0 1 0 1 0 0 1 0 1 0 0 0 0 1 1 0 1 1 0 1 1 0 1 0]
9 20 51 0.051340445083702946 [1 0 1 1 1 1 1 1 1 1 0 1 0 1 0 0 1 0 1 0 0 0 0 1 1 0 1 1 0 1 1 0 1 0]
10 20 49 0.051340445083702946 [1 0 1 1 1 1 1 1 1 1 0 1 0 1 0 0 1 0 1 0 0 0 0 1 1 0 1 1 0 1 1 0 1 0]
11 20 50 0.051340445083702946 [1 0 1 1 1 1 1 1 1 1 0 1 0 1 0 0 1 0 1 0 0 0 0 1 1 0 1 1 0 1 1 0 1 0]
12 20 51 0.051340445083702946 [1 0 1 1 1 1 1 1 1 1 0 1 0 1 0 0 1 0 1 0 0 0 0 1 1 0 1 1 0 1 1 0 1 0]
13 20 50 0.051340445083702946 [1 0 1 1 1 1 1 1 1 1 0 1 0 1 0 0 1 0 1 0 0 0 0 1 1 0 1 1 0 1 1 0 1 0]
14 20 54 0.051340445083702946 [1 0 1 1 1 1 1 1 1 1 0 1 0 1 0 0 1 0 1 0 0 0 0 1 1 0 1 1 0 1 1 0 1 0]
15 20 56 0.051340445083702946 [1 0 1 1 1 1 1 1 1 1 0 1 0 1 0 0 1 0 1 0 0 0 0 1 1 0 1 1 0 1 1 0 1 0]
16 20 53 0.051340445083702946 [1 0 1 1 1 1 1 1 1 1 0 1 0 1 0 0 1 0 1 0 0 0 0 1 1 0 1 1 0 1 1 0 1 0]
17 20 50 0.051340445083702946 [1 0 1 1 1 1 1 1 1 1 0 1 0 1 0 0 1 0 1 0 0 0 0 1 1 0 1 1 0 1 1 0 1 0]
18 20 51 0.051340445083702946 [1 0 1 1 1 1 1 1 1 1 0 1 0 1 0 0 1 0 1 0 0 0 0 1 1 0 1 1 0 1 1 0 1 0]
19 16 55 0.046199701937406856 [1 0 1 1 1 1 1 1 0 1 0 1 0 1 1 0 1 0 0 1 0 0 0 1 0 0 0 1 0 0 1 0 0 0]
20 16 55 0.046199701937406856 [1 0 1 1 1 1 1 1 0 1 0 1 0 1 1 0 1 0 0 1 0 0 0 1 0 0 0 1 0 0 1 0 0 0]
21 16 54 0.046199701937406856 [1 0 1 1 1 1 1 1 0 1 0 1 0 1 1 0 1 0 0 1 0 0 0 1 0 0 0 1 0 0 1 0 0 0]
22 16 51 0.046199701937406856 [1 0 1 1 1 1 1 1 0 1 0 1 0 1 1 0 1 0 0 1 0 0 0 1 0 0 0 1 0 0 1 0 0 0]
23 16 51 0.046199701937406856 [1 0 1 1 1 1 1 1 0 1 0 1 0 1 1 0 1 0 0 1 0 0 0 1 0 0 0 1 0 0 1 0 0 0]
24 16 52 0.046199701937406856 [1 0 1 1 1 1 1 1 0 1 0 1 0 1 1 0 1 0 0 1 0 0 0 1 0 0 0 1 0 0 1 0 0 0]
25 16 54 0.046199701937406856 [1 0 1 1 1 1 1 1 0 1 0 1 0 1 1 0 1 0 0 1 0 0 0 1 0 0 0 1 0 0 1 0 0 0]
26 16 52 0.046199701937406856 [1 0 1 1 1 1 1 1 0 1 0 1 0 1 1 0 1 0 0 1 0 0 0 1 0 0 0 1 0 0 1 0 0 0]
27 16 50 0.046199701937406856 [1 0 1 1 1 1 1 1 0 1 0 1 0 1 1 0 1 0 0 1 0 0 0 1 0 0 0 1 0 0 1 0 0 0]
28 16 52 0.046199701937406856 [1 0 1 1 1 1 1 1 0 1 0 1 0 1 1 0 1 0 0 1 0 0 0 1 0 0 0 1 0 0 1 0 0 0]
29 16 51 0.046199701937406856 [1 0 1 1 1 1 1 1 0 1 0 1 0 1 1 0 1 0 0 1 0 0 0 1 0 0 0 1 0 0 1 0 0 0]
30 16 54 0.046199701937406856 [1 0 1 1 1 1 1 1 0 1 0 1 0 1 1 0 1 0 0 1 0 0 0 1 0 0 0 1 0 0 1 0 0 0]
31 16 52 0.046199701937406856 [1 0 1 1 1 1 1 1 0 1 0 1 0 1 1 0 1 0 0 1 0 0 0 1 0 0 0 1 0 0 1 0 0 0]
32 16 51 0.046199701937406856 [1 0 1 1 1 1 1 1 0 1 0 1 0 1 1 0 1 0 0 1 0 0 0 1 0 0 0 1 0 0 1 0 0 0]
33 16 51 0.046199701937406856 [1 0 1 1 1 1 1 1 0 1 0 1 0 1 1 0 1 0 0 1 0 0 0 1 0 0 0 1 0 0 1 0 0 0]
34 16 55 0.046199701937406856 [1 0 1 1 1 1 1 1 0 1 0 1 0 1 1 0 1 0 0 1 0 0 0 1 0 0 0 1 0 0 1 0 0 0]
35 16 55 0.046199701937406856 [1 0 1 1 1 1 1 1 0 1 0 1 0 1 1 0 1 0 0 1 0 0 0 1 0 0 0 1 0 0 1 0 0 0]
36 16 53 0.046199701937406856 [1 0 1 1 1 1 1 1 0 1 0 1 0 1 1 0 1 0 0 1 0 0 0 1 0 0 0 1 0 0 1 0 0 0]
37 16 49 0.046199701937406856 [1 0 1 1 1 1 1 1 0 1 0 1 0 1 1 0 1 0 0 1 0 0 0 1 0 0 0 1 0 0 1 0 0 0]
38 16 52 0.046199701937406856 [1 0 1 1 1 1 1 1 0 1 0 1 0 1 1 0 1 0 0 1 0 0 0 1 0 0 0 1 0 0 1 0 0 0]
39 16 52 0.046199701937406856 [1 0 1 1 1 1 1 1 0 1 0 1 0 1 1 0 1 0 0 1 0 0 0 1 0 0 0 1 0 0 1 0 0 0]
40 16 55 0.046199701937406856 [1 0 1 1 1 1 1 1 0 1 0 1 0 1 1 0 1 0 0 1 0 0 0 1 0 0 0 1 0 0 1 0 0 0]
41 16 53 0.046199701937406856 [1 0 1 1 1 1 1 1 0 1 0 1 0 1 1 0 1 0 0 1 0 0 0 1 0 0 0 1 0 0 1 0 0 0]
42 16 52 0.046199701937406856 [1 0 1 1 1 1 1 1 0 1 0 1 0 1 1 0 1 0 0 1 0 0 0 1 0 0 0 1 0 0 1 0 0 0]
43 16 54 0.046199701937406856 [1 0 1 1 1 1 1 1 0 1 0 1 0 1 1 0 1 0 0 1 0 0 0 1 0 0 0 1 0 0 1 0 0 0]
44 16 54 0.046199701937406856 [1 0 1 1 1 1 1 1 0 1 0 1 0 1 1 0 1 0 0 1 0 0 0 1 0 0 0 1 0 0 1 0 0 0]
45 16 53 0.046199701937406856 [1 0 1 1 1 1 1 1 0 1 0 1 0 1 1 0 1 0 0 1 0 0 0 1 0 0 0 1 0 0 1 0 0 0]
46 16 50 0.046199701937406856 [1 0 1 1 1 1 1 1 0 1 0 1 0 1 1 0 1 0 0 1 0 0 0 1 0 0 0 1 0 0 1 0 0 0]
47 16 49 0.046199701937406856 [1 0 1 1 1 1 1 1 0 1 0 1 0 1 1 0 1 0 0 1 0 0 0 1 0 0 0 1 0 0 1 0 0 0]
48 16 54 0.046199701937406856 [1 0 1 1 1 1 1 1 0 1 0 1 0 1 1 0 1 0 0 1 0 0 0 1 0 0 0 1 0 0 1 0 0 0]
49 16 54 0.046199701937406856 [1 0 1 1 1 1 1 1 0 1 0 1 0 1 1 0 1 0 0 1 0 0 0 1 0 0 0 1 0 0 1 0 0 0]
50 16 57 0.046199701937406856 [1 0 1 1 1 1 1 1 0 1 0 1 0 1 1 0 1 0 0 1 0 0 0 1 0 0 0 1 0 0 1 0 0 0]
51 16 53 0.046199701937406856 [1 0 1 1 1 1 1 1 0 1 0 1 0 1 1 0 1 0 0 1 0 0 0 1 0 0 0 1 0 0 1 0 0 0]
52 16 55 0.046199701937406856 [1 0 1 1 1 1 1 1 0 1 0 1 0 1 1 0 1 0 0 1 0 0 0 1 0 0 0 1 0 0 1 0 0 0]
53 16 51 0.046199701937406856 [1 0 1 1 1 1 1 1 0 1 0 1 0 1 1 0 1 0 0 1 0 0 0 1 0 0 0 1 0 0 1 0 0 0]
54 16 53 0.046199701937406856 [1 0 1 1 1 1 1 1 0 1 0 1 0 1 1 0 1 0 0 1 0 0 0 1 0 0 0 1 0 0 1 0 0 0]
55 16 51 0.046199701937406856 [1 0 1 1 1 1 1 1 0 1 0 1 0 1 1 0 1 0 0 1 0 0 0 1 0 0 0 1 0 0 1 0 0 0]
56 16 52 0.046199701937406856 [1 0 1 1 1 1 1 1 0 1 0 1 0 1 1 0 1 0 0 1 0 0 0 1 0 0 0 1 0 0 1 0 0 0]
57 16 54 0.046199701937406856 [1 0 1 1 1 1 1 1 0 1 0 1 0 1 1 0 1 0 0 1 0 0 0 1 0 0 0 1 0 0 1 0 0 0]
58 16 53 0.046199701937406856 [1 0 1 1 1 1 1 1 0 1 0 1 0 1 1 0 1 0 0 1 0 0 0 1 0 0 0 1 0 0 1 0 0 0]
59 16 55 0.046199701937406856 [1 0 1 1 1 1 1 1 0 1 0 1 0 1 1 0 1 0 0 1 0 0 0 1 0 0 0 1 0 0 1 0 0 0]
60 16 50 0.046199701937406856 [1 0 1 1 1 1 1 1 0 1 0 1 0 1 1 0 1 0 0 1 0 0 0 1 0 0 0 1 0 0 1 0 0 0]
61 16 50 0.046199701937406856 [1 0 1 1 1 1 1 1 0 1 0 1 0 1 1 0 1 0 0 1 0 0 0 1 0 0 0 1 0 0 1 0 0 0]
62 16 56 0.046199701937406856 [1 0 1 1 1 1 1 1 0 1 0 1 0 1 1 0 1 0 0 1 0 0 0 1 0 0 0 1 0 0 1 0 0 0]
63 16 54 0.046199701937406856 [1 0 1 1 1 1 1 1 0 1 0 1 0 1 1 0 1 0 0 1 0 0 0 1 0 0 0 1 0 0 1 0 0 0]
64 16 52 0.046199701937406856 [1 0 1 1 1 1 1 1 0 1 0 1 0 1 1 0 1 0 0 1 0 0 0 1 0 0 0 1 0 0 1 0 0 0]
65 16 52 0.046199701937406856 [1 0 1 1 1 1 1 1 0 1 0 1 0 1 1 0 1 0 0 1 0 0 0 1 0 0 0 1 0 0 1 0 0 0]
66 16 51 0.046199701937406856 [1 0 1 1 1 1 1 1 0 1 0 1 0 1 1 0 1 0 0 1 0 0 0 1 0 0 0 1 0 0 1 0 0 0]
67 16 53 0.046199701937406856 [1 0 1 1 1 1 1 1 0 1 0 1 0 1 1 0 1 0 0 1 0 0 0 1 0 0 0 1 0 0 1 0 0 0]
68 16 54 0.046199701937406856 [1 0 1 1 1 1 1 1 0 1 0 1 0 1 1 0 1 0 0 1 0 0 0 1 0 0 0 1 0 0 1 0 0 0]
69 16 51 0.046199701937406856 [1 0 1 1 1 1 1 1 0 1 0 1 0 1 1 0 1 0 0 1 0 0 0 1 0 0 0 1 0 0 1 0 0 0]
70 16 55 0.046199701937406856 [1 0 1 1 1 1 1 1 0 1 0 1 0 1 1 0 1 0 0 1 0 0 0 1 0 0 0 1 0 0 1 0 0 0]
71 16 51 0.046199701937406856 [1 0 1 1 1 1 1 1 0 1 0 1 0 1 1 0 1 0 0 1 0 0 0 1 0 0 0 1 0 0 1 0 0 0]
72 16 51 0.046199701937406856 [1 0 1 1 1 1 1 1 0 1 0 1 0 1 1 0 1 0 0 1 0 0 0 1 0 0 0 1 0 0 1 0 0 0]
73 16 51 0.046199701937406856 [1 0 1 1 1 1 1 1 0 1 0 1 0 1 1 0 1 0 0 1 0 0 0 1 0 0 0 1 0 0 1 0 0 0]
74 16 55 0.046199701937406856 [1 0 1 1 1 1 1 1 0 1 0 1 0 1 1 0 1 0 0 1 0 0 0 1 0 0 0 1 0 0 1 0 0 0]
75 16 51 0.046199701937406856 [1 0 1 1 1 1 1 1 0 1 0 1 0 1 1 0 1 0 0 1 0 0 0 1 0 0 0 1 0 0 1 0 0 0]
76 16 51 0.046199701937406856 [1 0 1 1 1 1 1 1 0 1 0 1 0 1 1 0 1 0 0 1 0 0 0 1 0 0 0 1 0 0 1 0 0 0]
77 16 52 0.046199701937406856 [1 0 1 1 1 1 1 1 0 1 0 1 0 1 1 0 1 0 0 1 0 0 0 1 0 0 0 1 0 0 1 0 0 0]
78 16 53 0.046199701937406856 [1 0 1 1 1 1 1 1 0 1 0 1 0 1 1 0 1 0 0 1 0 0 0 1 0 0 0 1 0 0 1 0 0 0]
79 16 56 0.046199701937406856 [1 0 1 1 1 1 1 1 0 1 0 1 0 1 1 0 1 0 0 1 0 0 0 1 0 0 0 1 0 0 1 0 0 0]
80 16 51 0.046199701937406856 [1 0 1 1 1 1 1 1 0 1 0 1 0 1 1 0 1 0 0 1 0 0 0 1 0 0 0 1 0 0 1 0 0 0]
81 16 53 0.046199701937406856 [1 0 1 1 1 1 1 1 0 1 0 1 0 1 1 0 1 0 0 1 0 0 0 1 0 0 0 1 0 0 1 0 0 0]
82 16 54 0.046199701937406856 [1 0 1 1 1 1 1 1 0 1 0 1 0 1 1 0 1 0 0 1 0 0 0 1 0 0 0 1 0 0 1 0 0 0]
83 16 51 0.046199701937406856 [1 0 1 1 1 1 1 1 0 1 0 1 0 1 1 0 1 0 0 1 0 0 0 1 0 0 0 1 0 0 1 0 0 0]
84 16 52 0.046199701937406856 [1 0 1 1 1 1 1 1 0 1 0 1 0 1 1 0 1 0 0 1 0 0 0 1 0 0 0 1 0 0 1 0 0 0]
85 16 53 0.046199701937406856 [1 0 1 1 1 1 1 1 0 1 0 1 0 1 1 0 1 0 0 1 0 0 0 1 0 0 0 1 0 0 1 0 0 0]
86 16 51 0.046199701937406856 [1 0 1 1 1 1 1 1 0 1 0 1 0 1 1 0 1 0 0 1 0 0 0 1 0 0 0 1 0 0 1 0 0 0]
87 16 50 0.046199701937406856 [1 0 1 1 1 1 1 1 0 1 0 1 0 1 1 0 1 0 0 1 0 0 0 1 0 0 0 1 0 0 1 0 0 0]
88 16 53 0.046199701937406856 [1 0 1 1 1 1 1 1 0 1 0 1 0 1 1 0 1 0 0 1 0 0 0 1 0 0 0 1 0 0 1 0 0 0]
89 16 55 0.046199701937406856 [1 0 1 1 1 1 1 1 0 1 0 1 0 1 1 0 1 0 0 1 0 0 0 1 0 0 0 1 0 0 1 0 0 0]
90 16 54 0.046199701937406856 [1 0 1 1 1 1 1 1 0 1 0 1 0 1 1 0 1 0 0 1 0 0 0 1 0 0 0 1 0 0 1 0 0 0]
91 16 49 0.046199701937406856 [1 0 1 1 1 1 1 1 0 1 0 1 0 1 1 0 1 0 0 1 0 0 0 1 0 0 0 1 0 0 1 0 0 0]
92 16 51 0.046199701937406856 [1 0 1 1 1 1 1 1 0 1 0 1 0 1 1 0 1 0 0 1 0 0 0 1 0 0 0 1 0 0 1 0 0 0]
93 16 53 0.046199701937406856 [1 0 1 1 1 1 1 1 0 1 0 1 0 1 1 0 1 0 0 1 0 0 0 1 0 0 0 1 0 0 1 0 0 0]
94 16 49 0.046199701937406856 [1 0 1 1 1 1 1 1 0 1 0 1 0 1 1 0 1 0 0 1 0 0 0 1 0 0 0 1 0 0 1 0 0 0]
95 16 55 0.046199701937406856 [1 0 1 1 1 1 1 1 0 1 0 1 0 1 1 0 1 0 0 1 0 0 0 1 0 0 0 1 0 0 1 0 0 0]
96 16 49 0.046199701937406856 [1 0 1 1 1 1 1 1 0 1 0 1 0 1 1 0 1 0 0 1 0 0 0 1 0 0 0 1 0 0 1 0 0 0]
97 16 52 0.046199701937406856 [1 0 1 1 1 1 1 1 0 1 0 1 0 1 1 0 1 0 0 1 0 0 0 1 0 0 0 1 0 0 1 0 0 0]
98 16 48 0.046199701937406856 [1 0 1 1 1 1 1 1 0 1 0 1 0 1 1 0 1 0 0 1 0 0 0 1 0 0 0 1 0 0 1 0 0 0]
99 16 52 0.046199701937406856 [1 0 1 1 1 1 1 1 0 1 0 1 0 1 1 0 1 0 0 1 0 0 0 1 0 0 0 1 0 0 1 0 0 0]
100 16 52 0.046199701937406856 [1 0 1 1 1 1 1 1 0 1 0 1 0 1 1 0 1 0 0 1 0 0 0 1 0 0 0 1 0 0 1 0 0 0]
101 16 53 0.046199701937406856 [1 0 1 1 1 1 1 1 0 1 0 1 0 1 1 0 1 0 0 1 0 0 0 1 0 0 0 1 0 0 1 0 0 0]
102 16 53 0.046199701937406856 [1 0 1 1 1 1 1 1 0 1 0 1 0 1 1 0 1 0 0 1 0 0 0 1 0 0 0 1 0 0 1 0 0 0]
103 16 56 0.046199701937406856 [1 0 1 1 1 1 1 1 0 1 0 1 0 1 1 0 1 0 0 1 0 0 0 1 0 0 0 1 0 0 1 0 0 0]
104 16 49 0.046199701937406856 [1 0 1 1 1 1 1 1 0 1 0 1 0 1 1 0 1 0 0 1 0 0 0 1 0 0 0 1 0 0 1 0 0 0]
105 16 49 0.046199701937406856 [1 0 1 1 1 1 1 1 0 1 0 1 0 1 1 0 1 0 0 1 0 0 0 1 0 0 0 1 0 0 1 0 0 0]
106 16 54 0.046199701937406856 [1 0 1 1 1 1 1 1 0 1 0 1 0 1 1 0 1 0 0 1 0 0 0 1 0 0 0 1 0 0 1 0 0 0]
107 16 51 0.046199701937406856 [1 0 1 1 1 1 1 1 0 1 0 1 0 1 1 0 1 0 0 1 0 0 0 1 0 0 0 1 0 0 1 0 0 0]
108 16 57 0.046199701937406856 [1 0 1 1 1 1 1 1 0 1 0 1 0 1 1 0 1 0 0 1 0 0 0 1 0 0 0 1 0 0 1 0 0 0]
109 16 51 0.046199701937406856 [1 0 1 1 1 1 1 1 0 1 0 1 0 1 1 0 1 0 0 1 0 0 0 1 0 0 0 1 0 0 1 0 0 0]
110 16 52 0.046199701937406856 [1 0 1 1 1 1 1 1 0 1 0 1 0 1 1 0 1 0 0 1 0 0 0 1 0 0 0 1 0 0 1 0 0 0]
111 16 51 0.046199701937406856 [1 0 1 1 1 1 1 1 0 1 0 1 0 1 1 0 1 0 0 1 0 0 0 1 0 0 0 1 0 0 1 0 0 0]
112 16 51 0.046199701937406856 [1 0 1 1 1 1 1 1 0 1 0 1 0 1 1 0 1 0 0 1 0 0 0 1 0 0 0 1 0 0 1 0 0 0]
113 16 53 0.046199701937406856 [1 0 1 1 1 1 1 1 0 1 0 1 0 1 1 0 1 0 0 1 0 0 0 1 0 0 0 1 0 0 1 0 0 0]
114 16 50 0.046199701937406856 [1 0 1 1 1 1 1 1 0 1 0 1 0 1 1 0 1 0 0 1 0 0 0 1 0 0 0 1 0 0 1 0 0 0]
115 16 47 0.046199701937406856 [1 0 1 1 1 1 1 1 0 1 0 1 0 1 1 0 1 0 0 1 0 0 0 1 0 0 0 1 0 0 1 0 0 0]
116 16 53 0.046199701937406856 [1 0 1 1 1 1 1 1 0 1 0 1 0 1 1 0 1 0 0 1 0 0 0 1 0 0 0 1 0 0 1 0 0 0]
117 16 51 0.046199701937406856 [1 0 1 1 1 1 1 1 0 1 0 1 0 1 1 0 1 0 0 1 0 0 0 1 0 0 0 1 0 0 1 0 0 0]
118 16 54 0.046199701937406856 [1 0 1 1 1 1 1 1 0 1 0 1 0 1 1 0 1 0 0 1 0 0 0 1 0 0 0 1 0 0 1 0 0 0]
119 16 52 0.046199701937406856 [1 0 1 1 1 1 1 1 0 1 0 1 0 1 1 0 1 0 0 1 0 0 0 1 0 0 0 1 0 0 1 0 0 0]
120 16 55 0.046199701937406856 [1 0 1 1 1 1 1 1 0 1 0 1 0 1 1 0 1 0 0 1 0 0 0 1 0 0 0 1 0 0 1 0 0 0]
121 16 47 0.046199701937406856 [1 0 1 1 1 1 1 1 0 1 0 1 0 1 1 0 1 0 0 1 0 0 0 1 0 0 0 1 0 0 1 0 0 0]
122 16 53 0.046199701937406856 [1 0 1 1 1 1 1 1 0 1 0 1 0 1 1 0 1 0 0 1 0 0 0 1 0 0 0 1 0 0 1 0 0 0]
123 16 53 0.046199701937406856 [1 0 1 1 1 1 1 1 0 1 0 1 0 1 1 0 1 0 0 1 0 0 0 1 0 0 0 1 0 0 1 0 0 0]
124 16 54 0.046199701937406856 [1 0 1 1 1 1 1 1 0 1 0 1 0 1 1 0 1 0 0 1 0 0 0 1 0 0 0 1 0 0 1 0 0 0]
125 16 49 0.046199701937406856 [1 0 1 1 1 1 1 1 0 1 0 1 0 1 1 0 1 0 0 1 0 0 0 1 0 0 0 1 0 0 1 0 0 0]
126 16 56 0.046199701937406856 [1 0 1 1 1 1 1 1 0 1 0 1 0 1 1 0 1 0 0 1 0 0 0 1 0 0 0 1 0 0 1 0 0 0]
127 16 52 0.046199701937406856 [1 0 1 1 1 1 1 1 0 1 0 1 0 1 1 0 1 0 0 1 0 0 0 1 0 0 0 1 0 0 1 0 0 0]
128 16 52 0.046199701937406856 [1 0 1 1 1 1 1 1 0 1 0 1 0 1 1 0 1 0 0 1 0 0 0 1 0 0 0 1 0 0 1 0 0 0]
129 16 51 0.046199701937406856 [1 0 1 1 1 1 1 1 0 1 0 1 0 1 1 0 1 0 0 1 0 0 0 1 0 0 0 1 0 0 1 0 0 0]
130 16 56 0.046199701937406856 [1 0 1 1 1 1 1 1 0 1 0 1 0 1 1 0 1 0 0 1 0 0 0 1 0 0 0 1 0 0 1 0 0 0]
131 16 55 0.046199701937406856 [1 0 1 1 1 1 1 1 0 1 0 1 0 1 1 0 1 0 0 1 0 0 0 1 0 0 0 1 0 0 1 0 0 0]
132 16 51 0.046199701937406856 [1 0 1 1 1 1 1 1 0 1 0 1 0 1 1 0 1 0 0 1 0 0 0 1 0 0 0 1 0 0 1 0 0 0]
133 16 51 0.046199701937406856 [1 0 1 1 1 1 1 1 0 1 0 1 0 1 1 0 1 0 0 1 0 0 0 1 0 0 0 1 0 0 1 0 0 0]
134 16 49 0.046199701937406856 [1 0 1 1 1 1 1 1 0 1 0 1 0 1 1 0 1 0 0 1 0 0 0 1 0 0 0 1 0 0 1 0 0 0]
135 16 51 0.046199701937406856 [1 0 1 1 1 1 1 1 0 1 0 1 0 1 1 0 1 0 0 1 0 0 0 1 0 0 0 1 0 0 1 0 0 0]
136 16 52 0.046199701937406856 [1 0 1 1 1 1 1 1 0 1 0 1 0 1 1 0 1 0 0 1 0 0 0 1 0 0 0 1 0 0 1 0 0 0]
137 16 52 0.046199701937406856 [1 0 1 1 1 1 1 1 0 1 0 1 0 1 1 0 1 0 0 1 0 0 0 1 0 0 0 1 0 0 1 0 0 0]
138 16 54 0.046199701937406856 [1 0 1 1 1 1 1 1 0 1 0 1 0 1 1 0 1 0 0 1 0 0 0 1 0 0 0 1 0 0 1 0 0 0]
139 16 50 0.046199701937406856 [1 0 1 1 1 1 1 1 0 1 0 1 0 1 1 0 1 0 0 1 0 0 0 1 0 0 0 1 0 0 1 0 0 0]
140 16 52 0.046199701937406856 [1 0 1 1 1 1 1 1 0 1 0 1 0 1 1 0 1 0 0 1 0 0 0 1 0 0 0 1 0 0 1 0 0 0]
141 16 55 0.046199701937406856 [1 0 1 1 1 1 1 1 0 1 0 1 0 1 1 0 1 0 0 1 0 0 0 1 0 0 0 1 0 0 1 0 0 0]
142 16 50 0.046199701937406856 [1 0 1 1 1 1 1 1 0 1 0 1 0 1 1 0 1 0 0 1 0 0 0 1 0 0 0 1 0 0 1 0 0 0]
143 16 55 0.046199701937406856 [1 0 1 1 1 1 1 1 0 1 0 1 0 1 1 0 1 0 0 1 0 0 0 1 0 0 0 1 0 0 1 0 0 0]
144 16 51 0.046199701937406856 [1 0 1 1 1 1 1 1 0 1 0 1 0 1 1 0 1 0 0 1 0 0 0 1 0 0 0 1 0 0 1 0 0 0]
145 16 53 0.046199701937406856 [1 0 1 1 1 1 1 1 0 1 0 1 0 1 1 0 1 0 0 1 0 0 0 1 0 0 0 1 0 0 1 0 0 0]
146 16 51 0.046199701937406856 [1 0 1 1 1 1 1 1 0 1 0 1 0 1 1 0 1 0 0 1 0 0 0 1 0 0 0 1 0 0 1 0 0 0]
147 16 51 0.046199701937406856 [1 0 1 1 1 1 1 1 0 1 0 1 0 1 1 0 1 0 0 1 0 0 0 1 0 0 0 1 0 0 1 0 0 0]
148 16 51 0.046199701937406856 [1 0 1 1 1 1 1 1 0 1 0 1 0 1 1 0 1 0 0 1 0 0 0 1 0 0 0 1 0 0 1 0 0 0]
149 16 53 0.046199701937406856 [1 0 1 1 1 1 1 1 0 1 0 1 0 1 1 0 1 0 0 1 0 0 0 1 0 0 0 1 0 0 1 0 0 0]
150 16 49 0.046199701937406856 [1 0 1 1 1 1 1 1 0 1 0 1 0 1 1 0 1 0 0 1 0 0 0 1 0 0 0 1 0 0 1 0 0 0]
