0 16 100 0.06079664570230614 [1 0 1 0 1 0 1 0 1 0 1 1 0 0 0 1 0 0 1 0 0 0 1 1 1 1 1 1 0 0 0 0 1 0]
1 16 88 0.06079664570230614 [1 0 1 0 1 0 1 0 1 0 1 1 0 0 0 1 0 0 1 0 0 0 1 1 1 1 1 1 0 0 0 0 1 0]
2 16 59 0.06079664570230614 [1 0 1 0 1 0 1 0 1 0 1 1 0 0 0 1 0 0 1 0 0 0 1 1 1 1 1 1 0 0 0 0 1 0]
3 20 53 0.053362968302597014 [1 0 1 1 1 0 1 1 0 1 0 0 1 0 0 1 1 1 0 1 0 0 1 0 1 1 1 0 1 0 1 1 0 1]
4 20 51 0.053362968302597014 [1 0 1 1 1 0 1 1 0 1 0 0 1 0 0 1 1 1 0 1 0 0 1 0 1 1 1 0 1 0 1 1 0 1]
5 20 50 0.053362968302597014 [1 0 1 1 1 0 1 1 0 1 0 0 1 0 0 1 1 1 0 1 0 0 1 0 1 1 1 0 1 0 1 1 0 1]
6 20 50 0.053362968302597014 [1 0 1 1 1 0 1 1 0 1 0 0 1 0 0 1 1 1 0 1 0 0 1 0 1 1 1 0 1 0 1 1 0 1]
7 20 54 0.053362968302597014 [1 0 1 1 1 0 1 1 0 1 0 0 1 0 0 1 1 1 0 1 0 0 1 0 1 1 1 0 1 0 1 1 0 1]
8 20 53 0.053362968302597014 [1 0 1 1 1 0 1 1 0 1 0 0 1 0 0 1 1 1 0 1 0 0 1 0 1 1 1 0 1 0 1 1 0 1]
9 18 52 0.046199701937406856 [1 1 1 1 1 1 1 1 0 1 0 1 0 1 1 0 1 0 1 0 0 0 0 1 0 0 0 0 0 1 1 0 0 1]
10 18 53 0.046199701937406856 [1 1 1 1 1 1 1 1 0 1 0 1 0 1 1 0 1 0 1 0 0 0 0 1 0 0 0 0 0 1 1 0 0 1]
11 18 51 0.046199701937406856 [1 1 1 1 1 1 1 1 0 1 0 1 0 1 1 0 1 0 1 0 0 0 0 1 0 0 0 0 0 1 1 0 0 1]
12 18 54 0.046199701937406856 [1 1 1 1 1 1 1 1 0 1 0 1 0 1 1 0 1 0 1 0 0 0 0 1 0 0 0 0 0 1 1 0 0 1]
13 18 50 0.046199701937406856 [1 1 1 1 1 1 1 1 0 1 0 1 0 1 1 0 1 0 1 0 0 0 0 1 0 0 0 0 0 1 1 0 0 1]
14 18 54 0.046199701937406856 [1 1 1 1 1 1 1 1 0 1 0 1 0 1 1 0 1 0 1 0 0 0 0 1 0 0 0 0 0 1 1 0 0 1]
15 18 53 0.046199701937406856 [1 1 1 1 1 1 1 1 0 1 0 1 0 1 1 0 1 0 1 0 0 0 0 1 0 0 0 0 0 1 1 0 0 1]
16 18 53 0.046199701937406856 [1 1 1 1 1 1 1 1 0 1 0 1 0 1 1 0 1 0 1 0 0 0 0 1 0 0 0 0 0 1 1 0 0 1]
17 18 51 0.046199701937406856 [1 1 1 1 1 1 1 1 0 1 0 1 0 1 1 0 1 0 1 0 0 0 0 1 0 0 0 0 0 1 1 0 0 1]
18 18 54 0.046199701937406856 [1 1 1 1 1 1 1 1 0 1 0 1 0 1 1 0 1 0 1 0 0 0 0 1 0 0 0 0 0 1 1 0 0 1]
19 18 56 0.046199701937406856 [1 1 1 1 1 1 1 1 0 1 0 1 0 1 1 0 1 0 1 0 0 0 0 1 0 0 0 0 0 1 1 0 0 1]
20 18 51 0.046199701937406856 [1 1 1 1 1 1 1 1 0 1 0 1 0 1 1 0 1 0 1 0 0 0 0 1 0 0 0 0 0 1 1 0 0 1]
21 18 52 0.046199701937406856 [1 1 1 1 1 1 1 1 0 1 0 1 0 1 1 0 1 0 1 0 0 0 0 1 0 0 0 0 0 1 1 0 0 1]
22 18 53 0.046199701937406856 [1 1 1 1 1 1 1 1 0 1 0 1 0 1 1 0 1 0 1 0 0 0 0 1 0 0 0 0 0 1 1 0 0 1]
23 18 54 0.046199701937406856 [1 1 1 1 1 1 1 1 0 1 0 1 0 1 1 0 1 0 1 0 0 0 0 1 0 0 0 0 0 1 1 0 0 1]
24 18 51 0.046199701937406856 [1 1 1 1 1 1 1 1 0 1 0 1 0 1 1 0 1 0 1 0 0 0 0 1 0 0 0 0 0 1 1 0 0 1]
25 18 54 0.046199701937406856 [1 1 1 1 1 1 1 1 0 1 0 1 0 1 1 0 1 0 1 0 0 0 0 1 0 0 0 0 0 1 1 0 0 1]
26 18 54 0.046199701937406856 [1 1 1 1 1 1 1 1 0 1 0 1 0 1 1 0 1 0 1 0 0 0 0 1 0 0 0 0 0 1 1 0 0 1]
27 18 52 0.046199701937406856 [1 1 1 1 1 1 1 1 0 1 0 1 0 1 1 0 1 0 1 0 0 0 0 1 0 0 0 0 0 1 1 0 0 1]
28 18 52 0.046199701937406856 [1 1 1 1 1 1 1 1 0 1 0 1 0 1 1 0 1 0 1 0 0 0 0 1 0 0 0 0 0 1 1 0 0 1]
29 18 53 0.046199701937406856 [1 1 1 1 1 1 1 1 0 1 0 1 0 1 1 0 1 0 1 0 0 0 0 1 0 0 0 0 0 1 1 0 0 1]
30 18 50 0.046199701937406856 [1 1 1 1 1 1 1 1 0 1 0 1 0 1 1 0 1 0 1 0 0 0 0 1 0 0 0 0 0 1 1 0 0 1]
31 18 55 0.046199701937406856 [1 1 1 1 1 1 1 1 0 1 0 1 0 1 1 0 1 0 1 0 0 0 0 1 0 0 0 0 0 1 1 0 0 1]
32 18 50 0.046199701937406856 [1 1 1 1 1 1 1 1 0 1 0 1 0 1 1 0 1 0 1 0 0 0 0 1 0 0 0 0 0 1 1 0 0 1]
33 18 52 0.046199701937406856 [1 1 1 1 1 1 1 1 0 1 0 1 0 1 1 0 1 0 1 0 0 0 0 1 0 0 0 0 0 1 1 0 0 1]
34 18 53 0.046199701937406856 [1 1 1 1 1 1 1 1 0 1 0 1 0 1 1 0 1 0 1 0 0 0 0 1 0 0 0 0 0 1 1 0 0 1]
35 18 54 0.046199701937406856 [1 1 1 1 1 1 1 1 0 1 0 1 0 1 1 0 1 0 1 0 0 0 0 1 0 0 0 0 0 1 1 0 0 1]
36 18 55 0.046199701937406856 [1 1 1 1 1 1 1 1 0 1 0 1 0 1 1 0 1 0 1 0 0 0 0 1 0 0 0 0 0 1 1 0 0 1]
37 18 50 0.046199701937406856 [1 1 1 1 1 1 1 1 0 1 0 1 0 1 1 0 1 0 1 0 0 0 0 1 0 0 0 0 0 1 1 0 0 1]
38 18 52 0.046199701937406856 [1 1 1 1 1 1 1 1 0 1 0 1 0 1 1 0 1 0 1 0 0 0 0 1 0 0 0 0 0 1 1 0 0 1]
39 18 53 0.046199701937406856 [1 1 1 1 1 1 1 1 0 1 0 1 0 1 1 0 1 0 1 0 0 0 0 1 0 0 0 0 0 1 1 0 0 1]
40 18 50 0.046199701937406856 [1 1 1 1 1 1 1 1 0 1 0 1 0 1 1 0 1 0 1 0 0 0 0 1 0 0 0 0 0 1 1 0 0 1]
41 18 53 0.046199701937406856 [1 1 1 1 1 1 1 1 0 1 0 1 0 1 1 0 1 0 1 0 0 0 0 1 0 0 0 0 0 1 1 0 0 1]
42 18 51 0.046199701937406856 [1 1 1 1 1 1 1 1 0 1 0 1 0 1 1 0 1 0 1 0 0 0 0 1 0 0 0 0 0 1 1 0 0 1]
43 18 50 0.046199701937406856 [1 1 1 1 1 1 1 1 0 1 0 1 0 1 1 0 1 0 1 0 0 0 0 1 0 0 0 0 0 1 1 0 0 1]
44 18 51 0.046199701937406856 [1 1 1 1 1 1 1 1 0 1 0 1 0 1 1 0 1 0 1 0 0 0 0 1 0 0 0 0 0 1 1 0 0 1]
45 18 49 0.046199701937406856 [1 1 1 1 1 1 1 1 0 1 0 1 0 1 1 0 1 0 1 0 0 0 0 1 0 0 0 0 0 1 1 0 0 1]
46 18 51 0.046199701937406856 [1 1 1 1 1 1 1 1 0 1 0 1 0 1 1 0 1 0 1 0 0 0 0 1 0 0 0 0 0 1 1 0 0 1]
47 18 55 0.046199701937406856 [1 1 1 1 1 1 1 1 0 1 0 1 0 1 1 0 1 0 1 0 0 0 0 1 0 0 0 0 0 1 1 0 0 1]
48 18 55 0.046199701937406856 [1 1 1 1 1 1 1 1 0 1 0 1 0 1 1 0 1 0 1 0 0 0 0 1 0 0 0 0 0 1 1 0 0 1]
49 18 52 0.046199701937406856 [1 1 1 1 1 1 1 1 0 1 0 1 0 1 1 0 1 0 1 0 0 0 0 1 0 0 0 0 0 1 1 0 0 1]
50 18 50 0.046199701937406856 [1 1 1 1 1 1 1 1 0 1 0 1 0 1 1 0 1 0 1 0 0 0 0 1 0 0 0 0 0 1 1 0 0 1]
51 18 51 0.046199701937406856 [1 1 1 1 1 1 1 1 0 1 0 1 0 1 1 0 1 0 1 0 0 0 0 1 0 0 0 0 0 1 1 0 0 1]
52 18 48 0.046199701937406856 [1 1 1 1 1 1 1 1 0 1 0 1 0 1 1 0 1 0 1 0 0 0 0 1 0 0 0 0 0 1 1 0 0 1]
53 18 51 0.046199701937406856 [1 1 1 1 1 1 1 1 0 1 0 1 0 1 1 0 1 0 1 0 0 0 0 1 0 0 0 0 0 1 1 0 0 1]
54 18 51 0.046199701937406856 [1 1 1 1 1 1 1 1 0 1 0 1 0 1 1 0 1 0 1 0 0 0 0 1 0 0 0 0 0 1 1 0 0 1]
55 18 52 0.046199701937406856 [1 1 1 1 1 1 1 1 0 1 0 1 0 1 1 0 1 0 1 0 0 0 0 1 0 0 0 0 0 1 1 0 0 1]
56 18 50 0.046199701937406856 [1 1 1 1 1 1 1 1 0 1 0 1 0 1 1 0 1 0 1 0 0 0 0 1 0 0 0 0 0 1 1 0 0 1]
57 18 54 0.046199701937406856 [1 1 1 1 1 1 1 1 0 1 0 1 0 1 1 0 1 0 1 0 0 0 0 1 0 0 0 0 0 1 1 0 0 1]
58 18 55 0.046199701937406856 [1 1 1 1 1 1 1 1 0 1 0 1 0 1 1 0 1 0 1 0 0 0 0 1 0 0 0 0 0 1 1 0 0 1]
59 18 54 0.046199701937406856 [1 1 1 1 1 1 1 1 0 1 0 1 0 1 1 0 1 0 1 0 0 0 0 1 0 0 0 0 0 1 1 0 0 1]
60 18 54 0.046199701937406856 [1 1 1 1 1 1 1 1 0 1 0 1 0 1 1 0 1 0 1 0 0 0 0 1 0 0 0 0 0 1 1 0 0 1]
61 18 50 0.046199701937406856 [1 1 1 1 1 1 1 1 0 1 0 1 0 1 1 0 1 0 1 0 0 0 0 1 0 0 0 0 0 1 1 0 0 1]
62 18 51 0.046199701937406856 [1 1 1 1 1 1 1 1 0 1 0 1 0 1 1 0 1 0 1 0 0 0 0 1 0 0 0 0 0 1 1 0 0 1]
63 18 50 0.046199701937406856 [1 1 1 1 1 1 1 1 0 1 0 1 0 1 1 0 1 0 1 0 0 0 0 1 0 0 0 0 0 1 1 0 0 1]
64 18 54 0.046199701937406856 [1 1 1 1 1 1 1 1 0 1 0 1 0 1 1 0 1 0 1 0 0 0 0 1 0 0 0 0 0 1 1 0 0 1]
65 18 54 0.046199701937406856 [1 1 1 1 1 1 1 1 0 1 0 1 0 1 1 0 1 0 1 0 0 0 0 1 0 0 0 0 0 1 1 0 0 1]
66 18 53 0.046199701937406856 [1 1 1 1 1 1 1 1 0 1 0 1 0 1 1 0 1 0 1 0 0 0 0 1 0 0 0 0 0 1 1 0 0 1]
67 18 52 0.046199701937406856 [1 1 1 1 1 1 1 1 0 1 0 1 0 1 1 0 1 0 1 0 0 0 0 1 0 0 0 0 0 1 1 0 0 1]
68 18 50 0.046199701937406856 [1 1 1 1 1 1 1 1 0 1 0 1 0 1 1 0 1 0 1 0 0 0 0 1 0 0 0 0 0 1 1 0 0 1]
69 18 49 0.046199701937406856 [1 1 1 1 1 1 1 1 0 1 0 1 0 1 1 0 1 0 1 0 0 0 0 1 0 0 0 0 0 1 1 0 0 1]
70 18 53 0.046199701937406856 [1 1 1 1 1 1 1 1 0 1 0 1 0 1 1 0 1 0 1 0 0 0 0 1 0 0 0 0 0 1 1 0 0 1]
71 18 54 0.046199701937406856 [1 1 1 1 1 1 1 1 0 1 0 1 0 1 1 0 1 0 1 0 0 0 0 1 0 0 0 0 0 1 1 0 0 1]
72 18 49 0.046199701937406856 [1 1 1 1 1 1 1 1 0 1 0 1 0 1 1 0 1 0 1 0 0 0 0 1 0 0 0 0 0 1 1 0 0 1]
73 18 50 0.046199701937406856 [1 1 1 1 1 1 1 1 0 1 0 1 0 1 1 0 1 0 1 0 0 0 0 1 0 0 0 0 0 1 1 0 0 1]
74 18 51 0.046199701937406856 [1 1 1 1 1 1 1 1 0 1 0 1 0 1 1 0 1 0 1 0 0 0 0 1 0 0 0 0 0 1 1 0 0 1]
75 18 50 0.046199701937406856 [1 1 1 1 1 1 1 1 0 1 0 1 0 1 1 0 1 0 1 0 0 0 0 1 0 0 0 0 0 1 1 0 0 1]
76 18 54 0.046199701937406856 [1 1 1 1 1 1 1 1 0 1 0 1 0 1 1 0 1 0 1 0 0 0 0 1 0 0 0 0 0 1 1 0 0 1]
77 18 51 0.046199701937406856 [1 1 1 1 1 1 1 1 0 1 0 1 0 1 1 0 1 0 1 0 0 0 0 1 0 0 0 0 0 1 1 0 0 1]
78 18 53 0.046199701937406856 [1 1 1 1 1 1 1 1 0 1 0 1 0 1 1 0 1 0 1 0 0 0 0 1 0 0 0 0 0 1 1 0 0 1]
79 18 48 0.046199701937406856 [1 1 1 1 1 1 1 1 0 1 0 1 0 1 1 0 1 0 1 0 0 0 0 1 0 0 0 0 0 1 1 0 0 1]
80 18 54 0.046199701937406856 [1 1 1 1 1 1 1 1 0 1 0 1 0 1 1 0 1 0 1 0 0 0 0 1 0 0 0 0 0 1 1 0 0 1]
81 18 54 0.046199701937406856 [1 1 1 1 1 1 1 1 0 1 0 1 0 1 1 0 1 0 1 0 0 0 0 1 0 0 0 0 0 1 1 0 0 1]
82 18 51 0.046199701937406856 [1 1 1 1 1 1 1 1 0 1 0 1 0 1 1 0 1 0 1 0 0 0 0 1 0 0 0 0 0 1 1 0 0 1]
83 18 51 0.046199701937406856 [1 1 1 1 1 1 1 1 0 1 0 1 0 1 1 0 1 0 1 0 0 0 0 1 0 0 0 0 0 1 1 0 0 1]
84 18 54 0.046199701937406856 [1 1 1 1 1 1 1 1 0 1 0 1 0 1 1 0 1 0 1 0 0 0 0 1 0 0 0 0 0 1 1 0 0 1]
85 18 54 0.046199701937406856 [1 1 1 1 1 1 1 1 0 1 0 1 0 1 1 0 1 0 1 0 0 0 0 1 0 0 0 0 0 1 1 0 0 1]
86 18 50 0.046199701937406856 [1 1 1 1 1 1 1 1 0 1 0 1 0 1 1 0 1 0 1 0 0 0 0 1 0 0 0 0 0 1 1 0 0 1]
87 18 53 0.046199701937406856 [1 1 1 1 1 1 1 1 0 1 0 1 0 1 1 0 1 0 1 0 0 0 0 1 0 0 0 0 0 1 1 0 0 1]
88 18 50 0.046199701937406856 [1 1 1 1 1 1 1 1 0 1 0 1 0 1 1 0 1 0 1 0 0 0 0 1 0 0 0 0 0 1 1 0 0 1]
89 18 55 0.046199701937406856 [1 1 1 1 1 1 1 1 0 1 0 1 0 1 1 0 1 0 1 0 0 0 0 1 0 0 0 0 0 1 1 0 0 1]
90 18 53 0.046199701937406856 [1 1 1 1 1 1 1 1 0 1 0 1 0 1 1 0 1 0 1 0 0 0 0 1 0 0 0 0 0 1 1 0 0 1]
91 18 53 0.046199701937406856 [1 1 1 1 1 1 1 1 0 1 0 1 0 1 1 0 1 0 1 0 0 0 0 1 0 0 0 0 0 1 1 0 0 1]
92 18 52 0.046199701937406856 [1 1 1 1 1 1 1 1 0 1 0 1 0 1 1 0 1 0 1 0 0 0 0 1 0 0 0 0 0 1 1 0 0 1]
93 18 53 0.046199701937406856 [1 1 1 1 1 1 1 1 0 1 0 1 0 1 1 0 1 0 1 0 0 0 0 1 0 0 0 0 0 1 1 0 0 1]
94 18 50 0.046199701937406856 [1 1 1 1 1 1 1 1 0 1 0 1 0 1 1 0 1 0 1 0 0 0 0 1 0 0 0 0 0 1 1 0 0 1]
95 18 51 0.046199701937406856 [1 1 1 1 1 1 1 1 0 1 0 1 0 1 1 0 1 0 1 0 0 0 0 1 0 0 0 0 0 1 1 0 0 1]
96 18 50 0.046199701937406856 [1 1 1 1 1 1 1 1 0 1 0 1 0 1 1 0 1 0 1 0 0 0 0 1 0 0 0 0 0 1 1 0 0 1]
97 18 52 0.046199701937406856 [1 1 1 1 1 1 1 1 0 1 0 1 0 1 1 0 1 0 1 0 0 0 0 1 0 0 0 0 0 1 1 0 0 1]
98 18 51 0.046199701937406856 [1 1 1 1 1 1 1 1 0 1 0 1 0 1 1 0 1 0 1 0 0 0 0 1 0 0 0 0 0 1 1 0 0 1]
99 18 54 0.046199701937406856 [1 1 1 1 1 1 1 1 0 1 0 1 0 1 1 0 1 0 1 0 0 0 0 1 0 0 0 0 0 1 1 0 0 1]
100 18 49 0.046199701937406856 [1 1 1 1 1 1 1 1 0 1 0 1 0 1 1 0 1 0 1 0 0 0 0 1 0 0 0 0 0 1 1 0 0 1]
101 18 52 0.046199701937406856 [1 1 1 1 1 1 1 1 0 1 0 1 0 1 1 0 1 0 1 0 0 0 0 1 0 0 0 0 0 1 1 0 0 1]
102 18 59 0.046199701937406856 [1 1 1 1 1 1 1 1 0 1 0 1 0 1 1 0 1 0 1 0 0 0 0 1 0 0 0 0 0 1 1 0 0 1]
103 18 56 0.046199701937406856 [1 1 1 1 1 1 1 1 0 1 0 1 0 1 1 0 1 0 1 0 0 0 0 1 0 0 0 0 0 1 1 0 0 1]
104 18 52 0.046199701937406856 [1 1 1 1 1 1 1 1 0 1 0 1 0 1 1 0 1 0 1 0 0 0 0 1 0 0 0 0 0 1 1 0 0 1]
105 18 50 0.046199701937406856 [1 1 1 1 1 1 1 1 0 1 0 1 0 1 1 0 1 0 1 0 0 0 0 1 0 0 0 0 0 1 1 0 0 1]
106 18 52 0.046199701937406856 [1 1 1 1 1 1 1 1 0 1 0 1 0 1 1 0 1 0 1 0 0 0 0 1 0 0 0 0 0 1 1 0 0 1]
107 18 53 0.046199701937406856 [1 1 1 1 1 1 1 1 0 1 0 1 0 1 1 0 1 0 1 0 0 0 0 1 0 0 0 0 0 1 1 0 0 1]
108 18 55 0.046199701937406856 [1 1 1 1 1 1 1 1 0 1 0 1 0 1 1 0 1 0 1 0 0 0 0 1 0 0 0 0 0 1 1 0 0 1]
109 18 51 0.046199701937406856 [1 1 1 1 1 1 1 1 0 1 0 1 0 1 1 0 1 0 1 0 0 0 0 1 0 0 0 0 0 1 1 0 0 1]
110 18 52 0.046199701937406856 [1 1 1 1 1 1 1 1 0 1 0 1 0 1 1 0 1 0 1 0 0 0 0 1 0 0 0 0 0 1 1 0 0 1]
111 18 58 0.046199701937406856 [1 1 1 1 1 1 1 1 0 1 0 1 0 1 1 0 1 0 1 0 0 0 0 1 0 0 0 0 0 1 1 0 0 1]
112 18 54 0.046199701937406856 [1 1 1 1 1 1 1 1 0 1 0 1 0 1 1 0 1 0 1 0 0 0 0 1 0 0 0 0 0 1 1 0 0 1]
113 18 52 0.046199701937406856 [1 1 1 1 1 1 1 1 0 1 0 1 0 1 1 0 1 0 1 0 0 0 0 1 0 0 0 0 0 1 1 0 0 1]
114 18 51 0.046199701937406856 [1 1 1 1 1 1 1 1 0 1 0 1 0 1 1 0 1 0 1 0 0 0 0 1 0 0 0 0 0 1 1 0 0 1]
115 18 50 0.046199701937406856 [1 1 1 1 1 1 1 1 0 1 0 1 0 1 1 0 1 0 1 0 0 0 0 1 0 0 0 0 0 1 1 0 0 1]
116 18 51 0.046199701937406856 [1 1 1 1 1 1 1 1 0 1 0 1 0 1 1 0 1 0 1 0 0 0 0 1 0 0 0 0 0 1 1 0 0 1]
117 18 54 0.046199701937406856 [1 1 1 1 1 1 1 1 0 1 0 1 0 1 1 0 1 0 1 0 0 0 0 1 0 0 0 0 0 1 1 0 0 1]
118 18 50 0.046199701937406856 [1 1 1 1 1 1 1 1 0 1 0 1 0 1 1 0 1 0 1 0 0 0 0 1 0 0 0 0 0 1 1 0 0 1]
119 18 50 0.046199701937406856 [1 1 1 1 1 1 1 1 0 1 0 1 0 1 1 0 1 0 1 0 0 0 0 1 0 0 0 0 0 1 1 0 0 1]
120 18 49 0.046199701937406856 [1 1 1 1 1 1 1 1 0 1 0 1 0 1 1 0 1 0 1 0 0 0 0 1 0 0 0 0 0 1 1 0 0 1]
121 18 46 0.046199701937406856 [1 1 1 1 1 1 1 1 0 1 0 1 0 1 1 0 1 0 1 0 0 0 0 1 0 0 0 0 0 1 1 0 0 1]
122 18 52 0.046199701937406856 [1 1 1 1 1 1 1 1 0 1 0 1 0 1 1 0 1 0 1 0 0 0 0 1 0 0 0 0 0 1 1 0 0 1]
123 18 49 0.046199701937406856 [1 1 1 1 1 1 1 1 0 1 0 1 0 1 1 0 1 0 1 0 0 0 0 1 0 0 0 0 0 1 1 0 0 1]
124 18 54 0.046199701937406856 [1 1 1 1 1 1 1 1 0 1 0 1 0 1 1 0 1 0 1 0 0 0 0 1 0 0 0 0 0 1 1 0 0 1]
125 18 50 0.046199701937406856 [1 1 1 1 1 1 1 1 0 1 0 1 0 1 1 0 1 0 1 0 0 0 0 1 0 0 0 0 0 1 1 0 0 1]
126 18 50 0.046199701937406856 [1 1 1 1 1 1 1 1 0 1 0 1 0 1 1 0 1 0 1 0 0 0 0 1 0 0 0 0 0 1 1 0 0 1]
127 18 52 0.046199701937406856 [1 1 1 1 1 1 1 1 0 1 0 1 0 1 1 0 1 0 1 0 0 0 0 1 0 0 0 0 0 1 1 0 0 1]
128 18 52 0.046199701937406856 [1 1 1 1 1 1 1 1 0 1 0 1 0 1 1 0 1 0 1 0 0 0 0 1 0 0 0 0 0 1 1 0 0 1]
129 18 51 0.046199701937406856 [1 1 1 1 1 1 1 1 0 1 0 1 0 1 1 0 1 0 1 0 0 0 0 1 0 0 0 0 0 1 1 0 0 1]
130 18 52 0.046199701937406856 [1 1 1 1 1 1 1 1 0 1 0 1 0 1 1 0 1 0 1 0 0 0 0 1 0 0 0 0 0 1 1 0 0 1]
131 18 50 0.046199701937406856 [1 1 1 1 1 1 1 1 0 1 0 1 0 1 1 0 1 0 1 0 0 0 0 1 0 0 0 0 0 1 1 0 0 1]
132 18 52 0.046199701937406856 [1 1 1 1 1 1 1 1 0 1 0 1 0 1 1 0 1 0 1 0 0 0 0 1 0 0 0 0 0 1 1 0 0 1]
133 18 49 0.046199701937406856 [1 1 1 1 1 1 1 1 0 1 0 1 0 1 1 0 1 0 1 0 0 0 0 1 0 0 0 0 0 1 1 0 0 1]
134 18 48 0.046199701937406856 [1 1 1 1 1 1 1 1 0 1 0 1 0 1 1 0 1 0 1 0 0 0 0 1 0 0 0 0 0 1 1 0 0 1]
135 18 53 0.046199701937406856 [1 1 1 1 1 1 1 1 0 1 0 1 0 1 1 0 1 0 1 0 0 0 0 1 0 0 0 0 0 1 1 0 0 1]
136 18 48 0.046199701937406856 [1 1 1 1 1 1 1 1 0 1 0 1 0 1 1 0 1 0 1 0 0 0 0 1 0 0 0 0 0 1 1 0 0 1]
137 18 54 0.046199701937406856 [1 1 1 1 1 1 1 1 0 1 0 1 0 1 1 0 1 0 1 0 0 0 0 1 0 0 0 0 0 1 1 0 0 1]
138 18 48 0.046199701937406856 [1 1 1 1 1 1 1 1 0 1 0 1 0 1 1 0 1 0 1 0 0 0 0 1 0 0 0 0 0 1 1 0 0 1]
139 18 51 0.046199701937406856 [1 1 1 1 1 1 1 1 0 1 0 1 0 1 1 0 1 0 1 0 0 0 0 1 0 0 0 0 0 1 1 0 0 1]
140 18 51 0.046199701937406856 [1 1 1 1 1 1 1 1 0 1 0 1 0 1 1 0 1 0 1 0 0 0 0 1 0 0 0 0 0 1 1 0 0 1]
141 18 50 0.046199701937406856 [1 1 1 1 1 1 1 1 0 1 0 1 0 1 1 0 1 0 1 0 0 0 0 1 0 0 0 0 0 1 1 0 0 1]
142 18 54 0.046199701937406856 [1 1 1 1 1 1 1 1 0 1 0 1 0 1 1 0 1 0 1 0 0 0 0 1 0 0 0 0 0 1 1 0 0 1]
143 18 53 0.046199701937406856 [1 1 1 1 1 1 1 1 0 1 0 1 0 1 1 0 1 0 1 0 0 0 0 1 0 0 0 0 0 1 1 0 0 1]
144 18 48 0.046199701937406856 [1 1 1 1 1 1 1 1 0 1 0 1 0 1 1 0 1 0 1 0 0 0 0 1 0 0 0 0 0 1 1 0 0 1]
145 18 49 0.046199701937406856 [1 1 1 1 1 1 1 1 0 1 0 1 0 1 1 0 1 0 1 0 0 0 0 1 0 0 0 0 0 1 1 0 0 1]
146 18 53 0.046199701937406856 [1 1 1 1 1 1 1 1 0 1 0 1 0 1 1 0 1 0 1 0 0 0 0 1 0 0 0 0 0 1 1 0 0 1]
147 18 51 0.046199701937406856 [1 1 1 1 1 1 1 1 0 1 0 1 0 1 1 0 1 0 1 0 0 0 0 1 0 0 0 0 0 1 1 0 0 1]
148 18 49 0.046199701937406856 [1 1 1 1 1 1 1 1 0 1 0 1 0 1 1 0 1 0 1 0 0 0 0 1 0 0 0 0 0 1 1 0 0 1]
149 18 52 0.046199701937406856 [1 1 1 1 1 1 1 1 0 1 0 1 0 1 1 0 1 0 1 0 0 0 0 1 0 0 0 0 0 1 1 0 0 1]
150 18 51 0.046199701937406856 [1 1 1 1 1 1 1 1 0 1 0 1 0 1 1 0 1 0 1 0 0 0 0 1 0 0 0 0 0 1 1 0 0 1]
