0 18 100 0.051340445083702946 [1 1 1 1 1 1 1 1 0 0 0 1 0 0 0 0 1 1 0 1 1 1 0 1 1 0 0 0 1 0 1 0 0 0]
1 18 87 0.051340445083702946 [1 1 1 1 1 1 1 1 0 0 0 1 0 0 0 0 1 1 0 1 1 1 0 1 1 0 0 0 1 0 1 0 0 0]
2 18 58 0.051340445083702946 [1 1 1 1 1 1 1 1 0 0 0 1 0 0 0 0 1 1 0 1 1 1 0 1 1 0 0 0 1 0 1 0 0 0]
3 18 58 0.051340445083702946 [1 1 1 1 1 1 1 1 0 0 0 1 0 0 0 0 1 1 0 1 1 1 0 1 1 0 0 0 1 0 1 0 0 0]
4 18 51 0.051340445083702946 [1 1 1 1 1 1 1 1 0 0 0 1 0 0 0 0 1 1 0 1 1 1 0 1 1 0 0 0 1 0 1 0 0 0]
5 18 51 0.051340445083702946 [1 1 1 1 1 1 1 1 0 0 0 1 0 0 0 0 1 1 0 1 1 1 0 1 1 0 0 0 1 0 1 0 0 0]
6 18 53 0.051340445083702946 [1 1 1 1 1 1 1 1 0 0 0 1 0 0 0 0 1 1 0 1 1 1 0 1 1 0 0 0 1 0 1 0 0 0]
7 18 51 0.051340445083702946 [1 1 1 1 1 1 1 1 0 0 0 1 0 0 0 0 1 1 0 1 1 1 0 1 1 0 0 0 1 0 1 0 0 0]
8 18 53 0.051340445083702946 [1 1 1 1 1 1 1 1 0 0 0 1 0 0 0 0 1 1 0 1 1 1 0 1 1 0 0 0 1 0 1 0 0 0]
9 18 53 0.051340445083702946 [1 1 1 1 1 1 1 1 0 0 0 1 0 0 0 0 1 1 0 1 1 1 0 1 1 0 0 0 1 0 1 0 0 0]
10 18 55 0.051340445083702946 [1 1 1 1 1 1 1 1 0 0 0 1 0 0 0 0 1 1 0 1 1 1 0 1 1 0 0 0 1 0 1 0 0 0]
11 18 53 0.051340445083702946 [1 1 1 1 1 1 1 1 0 0 0 1 0 0 0 0 1 1 0 1 1 1 0 1 1 0 0 0 1 0 1 0 0 0]
12 18 53 0.051340445083702946 [1 1 1 1 1 1 1 1 0 0 0 1 0 0 0 0 1 1 0 1 1 1 0 1 1 0 0 0 1 0 1 0 0 0]
13 18 51 0.051340445083702946 [1 1 1 1 1 1 1 1 0 0 0 1 0 0 0 0 1 1 0 1 1 1 0 1 1 0 0 0 1 0 1 0 0 0]
14 18 51 0.051340445083702946 [1 1 1 1 1 1 1 1 0 0 0 1 0 0 0 0 1 1 0 1 1 1 0 1 1 0 0 0 1 0 1 0 0 0]
15 23 53 0.050261856754040934 [1 1 1 1 1 1 1 1 0 1 1 1 0 0 1 0 1 1 0 1 1 0 1 0 1 1 1 0 1 1 1 0 0 0]
16 23 56 0.050261856754040934 [1 1 1 1 1 1 1 1 0 1 1 1 0 0 1 0 1 1 0 1 1 0 1 0 1 1 1 0 1 1 1 0 0 0]
17 23 52 0.050261856754040934 [1 1 1 1 1 1 1 1 0 1 1 1 0 0 1 0 1 1 0 1 1 0 1 0 1 1 1 0 1 1 1 0 0 0]
18 23 52 0.050261856754040934 [1 1 1 1 1 1 1 1 0 1 1 1 0 0 1 0 1 1 0 1 1 0 1 0 1 1 1 0 1 1 1 0 0 0]
19 23 52 0.050261856754040934 [1 1 1 1 1 1 1 1 0 1 1 1 0 0 1 0 1 1 0 1 1 0 1 0 1 1 1 0 1 1 1 0 0 0]
20 23 52 0.050261856754040934 [1 1 1 1 1 1 1 1 0 1 1 1 0 0 1 0 1 1 0 1 1 0 1 0 1 1 1 0 1 1 1 0 0 0]
21 23 52 0.050261856754040934 [1 1 1 1 1 1 1 1 0 1 1 1 0 0 1 0 1 1 0 1 1 0 1 0 1 1 1 0 1 1 1 0 0 0]
22 23 55 0.050261856754040934 [1 1 1 1 1 1 1 1 0 1 1 1 0 0 1 0 1 1 0 1 1 0 1 0 1 1 1 0 1 1 1 0 0 0]
23 23 53 0.050261856754040934 [1 1 1 1 1 1 1 1 0 1 1 1 0 0 1 0 1 1 0 1 1 0 1 0 1 1 1 0 1 1 1 0 0 0]
24 23 54 0.050261856754040934 [1 1 1 1 1 1 1 1 0 1 1 1 0 0 1 0 1 1 0 1 1 0 1 0 1 1 1 0 1 1 1 0 0 0]
25 21 52 0.04978091609651669 [1 1 1 1 1 1 1 1 0 1 0 1 1 1 0 0 1 1 0 0 1 1 1 0 1 0 0 0 1 0 1 0 1 0]
26 21 52 0.04978091609651669 [1 1 1 1 1 1 1 1 0 1 0 1 1 1 0 0 1 1 0 0 1 1 1 0 1 0 0 0 1 0 1 0 1 0]
27 21 51 0.04978091609651669 [1 1 1 1 1 1 1 1 0 1 0 1 1 1 0 0 1 1 0 0 1 1 1 0 1 0 0 0 1 0 1 0 1 0]
28 21 51 0.04978091609651669 [1 1 1 1 1 1 1 1 0 1 0 1 1 1 0 0 1 1 0 0 1 1 1 0 1 0 0 0 1 0 1 0 1 0]
29 21 55 0.04978091609651669 [1 1 1 1 1 1 1 1 0 1 0 1 1 1 0 0 1 1 0 0 1 1 1 0 1 0 0 0 1 0 1 0 1 0]
30 21 52 0.04978091609651669 [1 1 1 1 1 1 1 1 0 1 0 1 1 1 0 0 1 1 0 0 1 1 1 0 1 0 0 0 1 0 1 0 1 0]
31 21 51 0.04978091609651669 [1 1 1 1 1 1 1 1 0 1 0 1 1 1 0 0 1 1 0 0 1 1 1 0 1 0 0 0 1 0 1 0 1 0]
32 21 52 0.04978091609651669 [1 1 1 1 1 1 1 1 0 1 0 1 1 1 0 0 1 1 0 0 1 1 1 0 1 0 0 0 1 0 1 0 1 0]
33 21 54 0.04978091609651669 [1 1 1 1 1 1 1 1 0 1 0 1 1 1 0 0 1 1 0 0 1 1 1 0 1 0 0 0 1 0 1 0 1 0]
34 21 52 0.04978091609651669 [1 1 1 1 1 1 1 1 0 1 0 1 1 1 0 0 1 1 0 0 1 1 1 0 1 0 0 0 1 0 1 0 1 0]
35 21 53 0.04978091609651669 [1 1 1 1 1 1 1 1 0 1 0 1 1 1 0 0 1 1 0 0 1 1 1 0 1 0 0 0 1 0 1 0 1 0]
36 21 54 0.04978091609651669 [1 1 1 1 1 1 1 1 0 1 0 1 1 1 0 0 1 1 0 0 1 1 1 0 1 0 0 0 1 0 1 0 1 0]
37 21 53 0.04978091609651669 [1 1 1 1 1 1 1 1 0 1 0 1 1 1 0 0 1 1 0 0 1 1 1 0 1 0 0 0 1 0 1 0 1 0]
38 21 51 0.04978091609651669 [1 1 1 1 1 1 1 1 0 1 0 1 1 1 0 0 1 1 0 0 1 1 1 0 1 0 0 0 1 0 1 0 1 0]
39 21 54 0.04978091609651669 [1 1 1 1 1 1 1 1 0 1 0 1 1 1 0 0 1 1 0 0 1 1 1 0 1 0 0 0 1 0 1 0 1 0]
40 21 51 0.04978091609651669 [1 1 1 1 1 1 1 1 0 1 0 1 1 1 0 0 1 1 0 0 1 1 1 0 1 0 0 0 1 0 1 0 1 0]
41 21 56 0.04978091609651669 [1 1 1 1 1 1 1 1 0 1 0 1 1 1 0 0 1 1 0 0 1 1 1 0 1 0 0 0 1 0 1 0 1 0]
42 21 50 0.04978091609651669 [1 1 1 1 1 1 1 1 0 1 0 1 1 1 0 0 1 1 0 0 1 1 1 0 1 0 0 0 1 0 1 0 1 0]
43 21 52 0.04978091609651669 [1 1 1 1 1 1 1 1 0 1 0 1 1 1 0 0 1 1 0 0 1 1 1 0 1 0 0 0 1 0 1 0 1 0]
44 21 53 0.04978091609651669 [1 1 1 1 1 1 1 1 0 1 0 1 1 1 0 0 1 1 0 0 1 1 1 0 1 0 0 0 1 0 1 0 1 0]
45 23 51 0.04513020109350374 [1 1 1 1 1 1 1 1 0 1 0 1 0 1 1 0 1 1 1 1 1 0 1 1 1 0 0 0 1 0 1 0 1 0]
46 23 51 0.04513020109350374 [1 1 1 1 1 1 1 1 0 1 0 1 0 1 1 0 1 1 1 1 1 0 1 1 1 0 0 0 1 0 1 0 1 0]
47 23 52 0.04513020109350374 [1 1 1 1 1 1 1 1 0 1 0 1 0 1 1 0 1 1 1 1 1 0 1 1 1 0 0 0 1 0 1 0 1 0]
48 23 53 0.04513020109350374 [1 1 1 1 1 1 1 1 0 1 0 1 0 1 1 0 1 1 1 1 1 0 1 1 1 0 0 0 1 0 1 0 1 0]
49 23 58 0.04513020109350374 [1 1 1 1 1 1 1 1 0 1 0 1 0 1 1 0 1 1 1 1 1 0 1 1 1 0 0 0 1 0 1 0 1 0]
50 23 53 0.04513020109350374 [1 1 1 1 1 1 1 1 0 1 0 1 0 1 1 0 1 1 1 1 1 0 1 1 1 0 0 0 1 0 1 0 1 0]
51 23 49 0.04513020109350374 [1 1 1 1 1 1 1 1 0 1 0 1 0 1 1 0 1 1 1 1 1 0 1 1 1 0 0 0 1 0 1 0 1 0]
52 23 51 0.04513020109350374 [1 1 1 1 1 1 1 1 0 1 0 1 0 1 1 0 1 1 1 1 1 0 1 1 1 0 0 0 1 0 1 0 1 0]
53 23 53 0.04513020109350374 [1 1 1 1 1 1 1 1 0 1 0 1 0 1 1 0 1 1 1 1 1 0 1 1 1 0 0 0 1 0 1 0 1 0]
54 23 55 0.04513020109350374 [1 1 1 1 1 1 1 1 0 1 0 1 0 1 1 0 1 1 1 1 1 0 1 1 1 0 0 0 1 0 1 0 1 0]
55 23 54 0.04513020109350374 [1 1 1 1 1 1 1 1 0 1 0 1 0 1 1 0 1 1 1 1 1 0 1 1 1 0 0 0 1 0 1 0 1 0]
56 23 53 0.04513020109350374 [1 1 1 1 1 1 1 1 0 1 0 1 0 1 1 0 1 1 1 1 1 0 1 1 1 0 0 0 1 0 1 0 1 0]
57 23 52 0.04513020109350374 [1 1 1 1 1 1 1 1 0 1 0 1 0 1 1 0 1 1 1 1 1 0 1 1 1 0 0 0 1 0 1 0 1 0]
58 23 51 0.04513020109350374 [1 1 1 1 1 1 1 1 0 1 0 1 0 1 1 0 1 1 1 1 1 0 1 1 1 0 0 0 1 0 1 0 1 0]
59 23 54 0.04513020109350374 [1 1 1 1 1 1 1 1 0 1 0 1 0 1 1 0 1 1 1 1 1 0 1 1 1 0 0 0 1 0 1 0 1 0]
60 23 49 0.04513020109350374 [1 1 1 1 1 1 1 1 0 1 0 1 0 1 1 0 1 1 1 1 1 0 1 1 1 0 0 0 1 0 1 0 1 0]
61 23 51 0.04513020109350374 [1 1 1 1 1 1 1 1 0 1 0 1 0 1 1 0 1 1 1 1 1 0 1 1 1 0 0 0 1 0 1 0 1 0]
62 23 55 0.04513020109350374 [1 1 1 1 1 1 1 1 0 1 0 1 0 1 1 0 1 1 1 1 1 0 1 1 1 0 0 0 1 0 1 0 1 0]
63 23 52 0.04513020109350374 [1 1 1 1 1 1 1 1 0 1 0 1 0 1 1 0 1 1 1 1 1 0 1 1 1 0 0 0 1 0 1 0 1 0]
64 23 53 0.04513020109350374 [1 1 1 1 1 1 1 1 0 1 0 1 0 1 1 0 1 1 1 1 1 0 1 1 1 0 0 0 1 0 1 0 1 0]
65 23 54 0.04513020109350374 [1 1 1 1 1 1 1 1 0 1 0 1 0 1 1 0 1 1 1 1 1 0 1 1 1 0 0 0 1 0 1 0 1 0]
66 23 51 0.04513020109350374 [1 1 1 1 1 1 1 1 0 1 0 1 0 1 1 0 1 1 1 1 1 0 1 1 1 0 0 0 1 0 1 0 1 0]
67 23 50 0.04513020109350374 [1 1 1 1 1 1 1 1 0 1 0 1 0 1 1 0 1 1 1 1 1 0 1 1 1 0 0 0 1 0 1 0 1 0]
68 23 53 0.04513020109350374 [1 1 1 1 1 1 1 1 0 1 0 1 0 1 1 0 1 1 1 1 1 0 1 1 1 0 0 0 1 0 1 0 1 0]
69 23 52 0.04513020109350374 [1 1 1 1 1 1 1 1 0 1 0 1 0 1 1 0 1 1 1 1 1 0 1 1 1 0 0 0 1 0 1 0 1 0]
70 23 52 0.04513020109350374 [1 1 1 1 1 1 1 1 0 1 0 1 0 1 1 0 1 1 1 1 1 0 1 1 1 0 0 0 1 0 1 0 1 0]
71 23 51 0.04513020109350374 [1 1 1 1 1 1 1 1 0 1 0 1 0 1 1 0 1 1 1 1 1 0 1 1 1 0 0 0 1 0 1 0 1 0]
72 23 49 0.04513020109350374 [1 1 1 1 1 1 1 1 0 1 0 1 0 1 1 0 1 1 1 1 1 0 1 1 1 0 0 0 1 0 1 0 1 0]
73 23 50 0.04513020109350374 [1 1 1 1 1 1 1 1 0 1 0 1 0 1 1 0 1 1 1 1 1 0 1 1 1 0 0 0 1 0 1 0 1 0]
74 23 51 0.04513020109350374 [1 1 1 1 1 1 1 1 0 1 0 1 0 1 1 0 1 1 1 1 1 0 1 1 1 0 0 0 1 0 1 0 1 0]
75 23 51 0.04513020109350374 [1 1 1 1 1 1 1 1 0 1 0 1 0 1 1 0 1 1 1 1 1 0 1 1 1 0 0 0 1 0 1 0 1 0]
76 23 55 0.04513020109350374 [1 1 1 1 1 1 1 1 0 1 0 1 0 1 1 0 1 1 1 1 1 0 1 1 1 0 0 0 1 0 1 0 1 0]
77 23 53 0.04513020109350374 [1 1 1 1 1 1 1 1 0 1 0 1 0 1 1 0 1 1 1 1 1 0 1 1 1 0 0 0 1 0 1 0 1 0]
78 23 49 0.04513020109350374 [1 1 1 1 1 1 1 1 0 1 0 1 0 1 1 0 1 1 1 1 1 0 1 1 1 0 0 0 1 0 1 0 1 0]
79 23 52 0.04513020109350374 [1 1 1 1 1 1 1 1 0 1 0 1 0 1 1 0 1 1 1 1 1 0 1 1 1 0 0 0 1 0 1 0 1 0]
80 23 50 0.04513020109350374 [1 1 1 1 1 1 1 1 0 1 0 1 0 1 1 0 1 1 1 1 1 0 1 1 1 0 0 0 1 0 1 0 1 0]
81 23 50 0.04513020109350374 [1 1 1 1 1 1 1 1 0 1 0 1 0 1 1 0 1 1 1 1 1 0 1 1 1 0 0 0 1 0 1 0 1 0]
82 23 53 0.04513020109350374 [1 1 1 1 1 1 1 1 0 1 0 1 0 1 1 0 1 1 1 1 1 0 1 1 1 0 0 0 1 0 1 0 1 0]
83 23 51 0.04513020109350374 [1 1 1 1 1 1 1 1 0 1 0 1 0 1 1 0 1 1 1 1 1 0 1 1 1 0 0 0 1 0 1 0 1 0]
84 23 55 0.04513020109350374 [1 1 1 1 1 1 1 1 0 1 0 1 0 1 1 0 1 1 1 1 1 0 1 1 1 0 0 0 1 0 1 0 1 0]
85 23 51 0.04513020109350374 [1 1 1 1 1 1 1 1 0 1 0 1 0 1 1 0 1 1 1 1 1 0 1 1 1 0 0 0 1 0 1 0 1 0]
86 23 52 0.04513020109350374 [1 1 1 1 1 1 1 1 0 1 0 1 0 1 1 0 1 1 1 1 1 0 1 1 1 0 0 0 1 0 1 0 1 0]
87 23 52 0.04513020109350374 [1 1 1 1 1 1 1 1 0 1 0 1 0 1 1 0 1 1 1 1 1 0 1 1 1 0 0 0 1 0 1 0 1 0]
88 23 55 0.04513020109350374 [1 1 1 1 1 1 1 1 0 1 0 1 0 1 1 0 1 1 1 1 1 0 1 1 1 0 0 0 1 0 1 0 1 0]
89 23 52 0.04513020109350374 [1 1 1 1 1 1 1 1 0 1 0 1 0 1 1 0 1 1 1 1 1 0 1 1 1 0 0 0 1 0 1 0 1 0]
90 23 54 0.04513020109350374 [1 1 1 1 1 1 1 1 0 1 0 1 0 1 1 0 1 1 1 1 1 0 1 1 1 0 0 0 1 0 1 0 1 0]
91 23 56 0.04513020109350374 [1 1 1 1 1 1 1 1 0 1 0 1 0 1 1 0 1 1 1 1 1 0 1 1 1 0 0 0 1 0 1 0 1 0]
92 23 50 0.04513020109350374 [1 1 1 1 1 1 1 1 0 1 0 1 0 1 1 0 1 1 1 1 1 0 1 1 1 0 0 0 1 0 1 0 1 0]
93 23 51 0.04513020109350374 [1 1 1 1 1 1 1 1 0 1 0 1 0 1 1 0 1 1 1 1 1 0 1 1 1 0 0 0 1 0 1 0 1 0]
94 23 51 0.04513020109350374 [1 1 1 1 1 1 1 1 0 1 0 1 0 1 1 0 1 1 1 1 1 0 1 1 1 0 0 0 1 0 1 0 1 0]
95 23 52 0.04513020109350374 [1 1 1 1 1 1 1 1 0 1 0 1 0 1 1 0 1 1 1 1 1 0 1 1 1 0 0 0 1 0 1 0 1 0]
96 23 53 0.04513020109350374 [1 1 1 1 1 1 1 1 0 1 0 1 0 1 1 0 1 1 1 1 1 0 1 1 1 0 0 0 1 0 1 0 1 0]
97 23 52 0.04513020109350374 [1 1 1 1 1 1 1 1 0 1 0 1 0 1 1 0 1 1 1 1 1 0 1 1 1 0 0 0 1 0 1 0 1 0]
98 23 52 0.04513020109350374 [1 1 1 1 1 1 1 1 0 1 0 1 0 1 1 0 1 1 1 1 1 0 1 1 1 0 0 0 1 0 1 0 1 0]
99 23 54 0.04513020109350374 [1 1 1 1 1 1 1 1 0 1 0 1 0 1 1 0 1 1 1 1 1 0 1 1 1 0 0 0 1 0 1 0 1 0]
100 23 51 0.04513020109350374 [1 1 1 1 1 1 1 1 0 1 0 1 0 1 1 0 1 1 1 1 1 0 1 1 1 0 0 0 1 0 1 0 1 0]
101 23 54 0.04513020109350374 [1 1 1 1 1 1 1 1 0 1 0 1 0 1 1 0 1 1 1 1 1 0 1 1 1 0 0 0 1 0 1 0 1 0]
102 23 51 0.04513020109350374 [1 1 1 1 1 1 1 1 0 1 0 1 0 1 1 0 1 1 1 1 1 0 1 1 1 0 0 0 1 0 1 0 1 0]
103 23 54 0.04513020109350374 [1 1 1 1 1 1 1 1 0 1 0 1 0 1 1 0 1 1 1 1 1 0 1 1 1 0 0 0 1 0 1 0 1 0]
104 23 50 0.04513020109350374 [1 1 1 1 1 1 1 1 0 1 0 1 0 1 1 0 1 1 1 1 1 0 1 1 1 0 0 0 1 0 1 0 1 0]
105 23 51 0.04513020109350374 [1 1 1 1 1 1 1 1 0 1 0 1 0 1 1 0 1 1 1 1 1 0 1 1 1 0 0 0 1 0 1 0 1 0]
106 23 52 0.04513020109350374 [1 1 1 1 1 1 1 1 0 1 0 1 0 1 1 0 1 1 1 1 1 0 1 1 1 0 0 0 1 0 1 0 1 0]
107 23 52 0.04513020109350374 [1 1 1 1 1 1 1 1 0 1 0 1 0 1 1 0 1 1 1 1 1 0 1 1 1 0 0 0 1 0 1 0 1 0]
108 23 48 0.04513020109350374 [1 1 1 1 1 1 1 1 0 1 0 1 0 1 1 0 1 1 1 1 1 0 1 1 1 0 0 0 1 0 1 0 1 0]
109 23 47 0.04513020109350374 [1 1 1 1 1 1 1 1 0 1 0 1 0 1 1 0 1 1 1 1 1 0 1 1 1 0 0 0 1 0 1 0 1 0]
110 23 49 0.04513020109350374 [1 1 1 1 1 1 1 1 0 1 0 1 0 1 1 0 1 1 1 1 1 0 1 1 1 0 0 0 1 0 1 0 1 0]
111 23 48 0.04513020109350374 [1 1 1 1 1 1 1 1 0 1 0 1 0 1 1 0 1 1 1 1 1 0 1 1 1 0 0 0 1 0 1 0 1 0]
112 23 50 0.04513020109350374 [1 1 1 1 1 1 1 1 0 1 0 1 0 1 1 0 1 1 1 1 1 0 1 1 1 0 0 0 1 0 1 0 1 0]
113 23 51 0.04513020109350374 [1 1 1 1 1 1 1 1 0 1 0 1 0 1 1 0 1 1 1 1 1 0 1 1 1 0 0 0 1 0 1 0 1 0]
114 23 50 0.04513020109350374 [1 1 1 1 1 1 1 1 0 1 0 1 0 1 1 0 1 1 1 1 1 0 1 1 1 0 0 0 1 0 1 0 1 0]
115 23 51 0.04513020109350374 [1 1 1 1 1 1 1 1 0 1 0 1 0 1 1 0 1 1 1 1 1 0 1 1 1 0 0 0 1 0 1 0 1 0]
116 23 51 0.04513020109350374 [1 1 1 1 1 1 1 1 0 1 0 1 0 1 1 0 1 1 1 1 1 0 1 1 1 0 0 0 1 0 1 0 1 0]
117 23 51 0.04513020109350374 [1 1 1 1 1 1 1 1 0 1 0 1 0 1 1 0 1 1 1 1 1 0 1 1 1 0 0 0 1 0 1 0 1 0]
118 23 53 0.04513020109350374 [1 1 1 1 1 1 1 1 0 1 0 1 0 1 1 0 1 1 1 1 1 0 1 1 1 0 0 0 1 0 1 0 1 0]
119 23 49 0.04513020109350374 [1 1 1 1 1 1 1 1 0 1 0 1 0 1 1 0 1 1 1 1 1 0 1 1 1 0 0 0 1 0 1 0 1 0]
120 23 51 0.04513020109350374 [1 1 1 1 1 1 1 1 0 1 0 1 0 1 1 0 1 1 1 1 1 0 1 1 1 0 0 0 1 0 1 0 1 0]
121 23 49 0.04513020109350374 [1 1 1 1 1 1 1 1 0 1 0 1 0 1 1 0 1 1 1 1 1 0 1 1 1 0 0 0 1 0 1 0 1 0]
122 23 48 0.04513020109350374 [1 1 1 1 1 1 1 1 0 1 0 1 0 1 1 0 1 1 1 1 1 0 1 1 1 0 0 0 1 0 1 0 1 0]
123 23 55 0.04513020109350374 [1 1 1 1 1 1 1 1 0 1 0 1 0 1 1 0 1 1 1 1 1 0 1 1 1 0 0 0 1 0 1 0 1 0]
124 23 52 0.04513020109350374 [1 1 1 1 1 1 1 1 0 1 0 1 0 1 1 0 1 1 1 1 1 0 1 1 1 0 0 0 1 0 1 0 1 0]
125 23 55 0.04513020109350374 [1 1 1 1 1 1 1 1 0 1 0 1 0 1 1 0 1 1 1 1 1 0 1 1 1 0 0 0 1 0 1 0 1 0]
126 23 51 0.04513020109350374 [1 1 1 1 1 1 1 1 0 1 0 1 0 1 1 0 1 1 1 1 1 0 1 1 1 0 0 0 1 0 1 0 1 0]
127 23 52 0.04513020109350374 [1 1 1 1 1 1 1 1 0 1 0 1 0 1 1 0 1 1 1 1 1 0 1 1 1 0 0 0 1 0 1 0 1 0]
128 23 52 0.04513020109350374 [1 1 1 1 1 1 1 1 0 1 0 1 0 1 1 0 1 1 1 1 1 0 1 1 1 0 0 0 1 0 1 0 1 0]
129 23 52 0.04513020109350374 [1 1 1 1 1 1 1 1 0 1 0 1 0 1 1 0 1 1 1 1 1 0 1 1 1 0 0 0 1 0 1 0 1 0]
130 23 50 0.04513020109350374 [1 1 1 1 1 1 1 1 0 1 0 1 0 1 1 0 1 1 1 1 1 0 1 1 1 0 0 0 1 0 1 0 1 0]
131 23 48 0.04513020109350374 [1 1 1 1 1 1 1 1 0 1 0 1 0 1 1 0 1 1 1 1 1 0 1 1 1 0 0 0 1 0 1 0 1 0]
132 23 53 0.04513020109350374 [1 1 1 1 1 1 1 1 0 1 0 1 0 1 1 0 1 1 1 1 1 0 1 1 1 0 0 0 1 0 1 0 1 0]
133 23 51 0.04513020109350374 [1 1 1 1 1 1 1 1 0 1 0 1 0 1 1 0 1 1 1 1 1 0 1 1 1 0 0 0 1 0 1 0 1 0]
134 23 51 0.04513020109350374 [1 1 1 1 1 1 1 1 0 1 0 1 0 1 1 0 1 1 1 1 1 0 1 1 1 0 0 0 1 0 1 0 1 0]
135 23 48 0.04513020109350374 [1 1 1 1 1 1 1 1 0 1 0 1 0 1 1 0 1 1 1 1 1 0 1 1 1 0 0 0 1 0 1 0 1 0]
136 23 51 0.04513020109350374 [1 1 1 1 1 1 1 1 0 1 0 1 0 1 1 0 1 1 1 1 1 0 1 1 1 0 0 0 1 0 1 0 1 0]
137 23 50 0.04513020109350374 [1 1 1 1 1 1 1 1 0 1 0 1 0 1 1 0 1 1 1 1 1 0 1 1 1 0 0 0 1 0 1 0 1 0]
138 23 48 0.04513020109350374 [1 1 1 1 1 1 1 1 0 1 0 1 0 1 1 0 1 1 1 1 1 0 1 1 1 0 0 0 1 0 1 0 1 0]
139 23 47 0.04513020109350374 [1 1 1 1 1 1 1 1 0 1 0 1 0 1 1 0 1 1 1 1 1 0 1 1 1 0 0 0 1 0 1 0 1 0]
140 23 50 0.04513020109350374 [1 1 1 1 1 1 1 1 0 1 0 1 0 1 1 0 1 1 1 1 1 0 1 1 1 0 0 0 1 0 1 0 1 0]
141 23 51 0.04513020109350374 [1 1 1 1 1 1 1 1 0 1 0 1 0 1 1 0 1 1 1 1 1 0 1 1 1 0 0 0 1 0 1 0 1 0]
142 23 54 0.04513020109350374 [1 1 1 1 1 1 1 1 0 1 0 1 0 1 1 0 1 1 1 1 1 0 1 1 1 0 0 0 1 0 1 0 1 0]
143 23 51 0.04513020109350374 [1 1 1 1 1 1 1 1 0 1 0 1 0 1 1 0 1 1 1 1 1 0 1 1 1 0 0 0 1 0 1 0 1 0]
144 23 51 0.04513020109350374 [1 1 1 1 1 1 1 1 0 1 0 1 0 1 1 0 1 1 1 1 1 0 1 1 1 0 0 0 1 0 1 0 1 0]
145 23 53 0.04513020109350374 [1 1 1 1 1 1 1 1 0 1 0 1 0 1 1 0 1 1 1 1 1 0 1 1 1 0 0 0 1 0 1 0 1 0]
146 23 55 0.04513020109350374 [1 1 1 1 1 1 1 1 0 1 0 1 0 1 1 0 1 1 1 1 1 0 1 1 1 0 0 0 1 0 1 0 1 0]
147 23 54 0.04513020109350374 [1 1 1 1 1 1 1 1 0 1 0 1 0 1 1 0 1 1 1 1 1 0 1 1 1 0 0 0 1 0 1 0 1 0]
148 23 55 0.04513020109350374 [1 1 1 1 1 1 1 1 0 1 0 1 0 1 1 0 1 1 1 1 1 0 1 1 1 0 0 0 1 0 1 0 1 0]
149 23 51 0.04513020109350374 [1 1 1 1 1 1 1 1 0 1 0 1 0 1 1 0 1 1 1 1 1 0 1 1 1 0 0 0 1 0 1 0 1 0]
150 23 53 0.04513020109350374 [1 1 1 1 1 1 1 1 0 1 0 1 0 1 1 0 1 1 1 1 1 0 1 1 1 0 0 0 1 0 1 0 1 0]
