0 17 100 0.06525037936267075 [1 1 1 0 1 0 0 1 1 0 0 1 1 0 1 0 1 1 0 0 0 1 1 0 1 1 0 1 0 0 0 0 0 1]
1 26 87 0.05898076509778627 [1 0 1 1 1 1 1 1 0 1 0 1 1 1 1 1 1 1 1 1 0 1 1 0 1 1 1 1 0 0 1 0 1 1]
2 18 52 0.056482764622789894 [1 1 1 1 1 1 1 1 0 1 0 0 1 1 0 1 0 0 0 1 0 0 1 0 1 0 0 0 0 1 1 0 0 1]
3 21 54 0.054473564692367304 [1 1 1 1 1 1 0 1 0 0 0 1 1 0 1 0 0 1 0 1 0 1 0 0 1 1 1 1 1 0 1 1 0 1]
4 21 52 0.054473564692367304 [1 1 1 1 1 1 0 1 0 0 0 1 1 0 1 0 0 1 0 1 0 1 0 0 1 1 1 1 1 0 1 1 0 1]
5 21 53 0.054473564692367304 [1 1 1 1 1 1 0 1 0 0 0 1 1 0 1 0 0 1 0 1 0 1 0 0 1 1 1 1 1 0 1 1 0 1]
6 21 55 0.054473564692367304 [1 1 1 1 1 1 0 1 0 0 0 1 1 0 1 0 0 1 0 1 0 1 0 0 1 1 1 1 1 0 1 1 0 1]
7 21 51 0.054473564692367304 [1 1 1 1 1 1 0 1 0 0 0 1 1 0 1 0 0 1 0 1 0 1 0 0 1 1 1 1 1 0 1 1 0 1]
8 21 56 0.054473564692367304 [1 1 1 1 1 1 0 1 0 0 0 1 1 0 1 0 0 1 0 1 0 1 0 0 1 1 1 1 1 0 1 1 0 1]
9 21 48 0.054473564692367304 [1 1 1 1 1 1 0 1 0 0 0 1 1 0 1 0 0 1 0 1 0 1 0 0 1 1 1 1 1 0 1 1 0 1]
10 21 53 0.054473564692367304 [1 1 1 1 1 1 0 1 0 0 0 1 1 0 1 0 0 1 0 1 0 1 0 0 1 1 1 1 1 0 1 1 0 1]
11 21 51 0.054473564692367304 [1 1 1 1 1 1 0 1 0 0 0 1 1 0 1 0 0 1 0 1 0 1 0 0 1 1 1 1 1 0 1 1 0 1]
12 21 55 0.054473564692367304 [1 1 1 1 1 1 0 1 0 0 0 1 1 0 1 0 0 1 0 1 0 1 0 0 1 1 1 1 1 0 1 1 0 1]
13 21 50 0.054473564692367304 [1 1 1 1 1 1 0 1 0 0 0 1 1 0 1 0 0 1 0 1 0 1 0 0 1 1 1 1 1 0 1 1 0 1]
14 21 54 0.054473564692367304 [1 1 1 1 1 1 0 1 0 0 0 1 1 0 1 0 0 1 0 1 0 1 0 0 1 1 1 1 1 0 1 1 0 1]
15 21 50 0.054473564692367304 [1 1 1 1 1 1 0 1 0 0 0 1 1 0 1 0 0 1 0 1 0 1 0 0 1 1 1 1 1 0 1 1 0 1]
16 21 56 0.054473564692367304 [1 1 1 1 1 1 0 1 0 0 0 1 1 0 1 0 0 1 0 1 0 1 0 0 1 1 1 1 1 0 1 1 0 1]
17 21 51 0.054473564692367304 [1 1 1 1 1 1 0 1 0 0 0 1 1 0 1 0 0 1 0 1 0 1 0 0 1 1 1 1 1 0 1 1 0 1]
18 21 52 0.054473564692367304 [1 1 1 1 1 1 0 1 0 0 0 1 1 0 1 0 0 1 0 1 0 1 0 0 1 1 1 1 1 0 1 1 0 1]
19 21 54 0.054473564692367304 [1 1 1 1 1 1 0 1 0 0 0 1 1 0 1 0 0 1 0 1 0 1 0 0 1 1 1 1 1 0 1 1 0 1]
20 18 51 0.051340445083702946 [1 0 1 1 1 1 1 1 0 0 0 1 0 0 0 0 0 0 0 0 1 0 1 1 1 1 0 1 1 1 1 0 0 1]
21 18 55 0.051340445083702946 [1 0 1 1 1 1 1 1 0 0 0 1 0 0 0 0 0 0 0 0 1 0 1 1 1 1 0 1 1 1 1 0 0 1]
22 18 50 0.051340445083702946 [1 0 1 1 1 1 1 1 0 0 0 1 0 0 0 0 0 0 0 0 1 0 1 1 1 1 0 1 1 1 1 0 0 1]
23 18 55 0.051340445083702946 [1 0 1 1 1 1 1 1 0 0 0 1 0 0 0 0 0 0 0 0 1 0 1 1 1 1 0 1 1 1 1 0 0 1]
24 18 55 0.051340445083702946 [1 0 1 1 1 1 1 1 0 0 0 1 0 0 0 0 0 0 0 0 1 0 1 1 1 1 0 1 1 1 1 0 0 1]
25 18 55 0.051340445083702946 [1 0 1 1 1 1 1 1 0 0 0 1 0 0 0 0 0 0 0 0 1 0 1 1 1 1 0 1 1 1 1 0 0 1]
26 18 52 0.051340445083702946 [1 0 1 1 1 1 1 1 0 0 0 1 0 0 0 0 0 0 0 0 1 0 1 1 1 1 0 1 1 1 1 0 0 1]
27 18 52 0.051340445083702946 [1 0 1 1 1 1 1 1 0 0 0 1 0 0 0 0 0 0 0 0 1 0 1 1 1 1 0 1 1 1 1 0 0 1]
28 18 52 0.051340445083702946 [1 0 1 1 1 1 1 1 0 0 0 1 0 0 0 0 0 0 0 0 1 0 1 1 1 1 0 1 1 1 1 0 0 1]
29 18 52 0.051340445083702946 [1 0 1 1 1 1 1 1 0 0 0 1 0 0 0 0 0 0 0 0 1 0 1 1 1 1 0 1 1 1 1 0 0 1]
30 18 53 0.051340445083702946 [1 0 1 1 1 1 1 1 0 0 0 1 0 0 0 0 0 0 0 0 1 0 1 1 1 1 0 1 1 1 1 0 0 1]
31 18 52 0.051340445083702946 [1 0 1 1 1 1 1 1 0 0 0 1 0 0 0 0 0 0 0 0 1 0 1 1 1 1 0 1 1 1 1 0 0 1]
32 18 51 0.051340445083702946 [1 0 1 1 1 1 1 1 0 0 0 1 0 0 0 0 0 0 0 0 1 0 1 1 1 1 0 1 1 1 1 0 0 1]
33 18 53 0.051340445083702946 [1 0 1 1 1 1 1 1 0 0 0 1 0 0 0 0 0 0 0 0 1 0 1 1 1 1 0 1 1 1 1 0 0 1]
34 18 52 0.051340445083702946 [1 0 1 1 1 1 1 1 0 0 0 1 0 0 0 0 0 0 0 0 1 0 1 1 1 1 0 1 1 1 1 0 0 1]
35 17 55 0.04978091609651669 [1 0 1 1 1 1 1 0 0 0 0 1 0 0 0 1 1 0 0 0 1 1 1 0 0 1 0 1 1 1 1 0 0 0]
36 17 53 0.04978091609651669 [1 0 1 1 1 1 1 0 0 0 0 1 0 0 0 1 1 0 0 0 1 1 1 0 0 1 0 1 1 1 1 0 0 0]
37 17 53 0.04978091609651669 [1 0 1 1 1 1 1 0 0 0 0 1 0 0 0 1 1 0 0 0 1 1 1 0 0 1 0 1 1 1 1 0 0 0]
38 17 49 0.04978091609651669 [1 0 1 1 1 1 1 0 0 0 0 1 0 0 0 1 1 0 0 0 1 1 1 0 0 1 0 1 1 1 1 0 0 0]
39 17 55 0.04978091609651669 [1 0 1 1 1 1 1 0 0 0 0 1 0 0 0 1 1 0 0 0 1 1 1 0 0 1 0 1 1 1 1 0 0 0]
40 17 49 0.04978091609651669 [1 0 1 1 1 1 1 0 0 0 0 1 0 0 0 1 1 0 0 0 1 1 1 0 0 1 0 1 1 1 1 0 0 0]
41 17 51 0.04978091609651669 [1 0 1 1 1 1 1 0 0 0 0 1 0 0 0 1 1 0 0 0 1 1 1 0 0 1 0 1 1 1 1 0 0 0]
42 17 50 0.04978091609651669 [1 0 1 1 1 1 1 0 0 0 0 1 0 0 0 1 1 0 0 0 1 1 1 0 0 1 0 1 1 1 1 0 0 0]
43 17 51 0.04978091609651669 [1 0 1 1 1 1 1 0 0 0 0 1 0 0 0 1 1 0 0 0 1 1 1 0 0 1 0 1 1 1 1 0 0 0]
44 15 51 0.048226046314000404 [1 0 1 1 1 1 1 1 0 0 0 1 0 0 0 0 0 1 0 1 0 1 0 0 0 0 0 1 1 1 1 0 0 0]
45 15 56 0.048226046314000404 [1 0 1 1 1 1 1 1 0 0 0 1 0 0 0 0 0 1 0 1 0 1 0 0 0 0 0 1 1 1 1 0 0 0]
46 15 52 0.048226046314000404 [1 0 1 1 1 1 1 1 0 0 0 1 0 0 0 0 0 1 0 1 0 1 0 0 0 0 0 1 1 1 1 0 0 0]
47 15 52 0.048226046314000404 [1 0 1 1 1 1 1 1 0 0 0 1 0 0 0 0 0 1 0 1 0 1 0 0 0 0 0 1 1 1 1 0 0 0]
48 15 55 0.048226046314000404 [1 0 1 1 1 1 1 1 0 0 0 1 0 0 0 0 0 1 0 1 0 1 0 0 0 0 0 1 1 1 1 0 0 0]
49 15 52 0.048226046314000404 [1 0 1 1 1 1 1 1 0 0 0 1 0 0 0 0 0 1 0 1 0 1 0 0 0 0 0 1 1 1 1 0 0 0]
50 15 48 0.048226046314000404 [1 0 1 1 1 1 1 1 0 0 0 1 0 0 0 0 0 1 0 1 0 1 0 0 0 0 0 1 1 1 1 0 0 0]
51 15 54 0.048226046314000404 [1 0 1 1 1 1 1 1 0 0 0 1 0 0 0 0 0 1 0 1 0 1 0 0 0 0 0 1 1 1 1 0 0 0]
52 15 50 0.048226046314000404 [1 0 1 1 1 1 1 1 0 0 0 1 0 0 0 0 0 1 0 1 0 1 0 0 0 0 0 1 1 1 1 0 0 0]
53 15 54 0.048226046314000404 [1 0 1 1 1 1 1 1 0 0 0 1 0 0 0 0 0 1 0 1 0 1 0 0 0 0 0 1 1 1 1 0 0 0]
54 15 52 0.048226046314000404 [1 0 1 1 1 1 1 1 0 0 0 1 0 0 0 0 0 1 0 1 0 1 0 0 0 0 0 1 1 1 1 0 0 0]
55 15 52 0.048226046314000404 [1 0 1 1 1 1 1 1 0 0 0 1 0 0 0 0 0 1 0 1 0 1 0 0 0 0 0 1 1 1 1 0 0 0]
56 15 55 0.048226046314000404 [1 0 1 1 1 1 1 1 0 0 0 1 0 0 0 0 0 1 0 1 0 1 0 0 0 0 0 1 1 1 1 0 0 0]
57 15 53 0.048226046314000404 [1 0 1 1 1 1 1 1 0 0 0 1 0 0 0 0 0 1 0 1 0 1 0 0 0 0 0 1 1 1 1 0 0 0]
58 15 54 0.048226046314000404 [1 0 1 1 1 1 1 1 0 0 0 1 0 0 0 0 0 1 0 1 0 1 0 0 0 0 0 1 1 1 1 0 0 0]
59 15 52 0.048226046314000404 [1 0 1 1 1 1 1 1 0 0 0 1 0 0 0 0 0 1 0 1 0 1 0 0 0 0 0 1 1 1 1 0 0 0]
60 15 53 0.048226046314000404 [1 0 1 1 1 1 1 1 0 0 0 1 0 0 0 0 0 1 0 1 0 1 0 0 0 0 0 1 1 1 1 0 0 0]
61 15 50 0.048226046314000404 [1 0 1 1 1 1 1 1 0 0 0 1 0 0 0 0 0 1 0 1 0 1 0 0 0 0 0 1 1 1 1 0 0 0]
62 15 52 0.048226046314000404 [1 0 1 1 1 1 1 1 0 0 0 1 0 0 0 0 0 1 0 1 0 1 0 0 0 0 0 1 1 1 1 0 0 0]
63 15 54 0.048226046314000404 [1 0 1 1 1 1 1 1 0 0 0 1 0 0 0 0 0 1 0 1 0 1 0 0 0 0 0 1 1 1 1 0 0 0]
64 15 52 0.048226046314000404 [1 0 1 1 1 1 1 1 0 0 0 1 0 0 0 0 0 1 0 1 0 1 0 0 0 0 0 1 1 1 1 0 0 0]
65 15 51 0.048226046314000404 [1 0 1 1 1 1 1 1 0 0 0 1 0 0 0 0 0 1 0 1 0 1 0 0 0 0 0 1 1 1 1 0 0 0]
66 15 50 0.048226046314000404 [1 0 1 1 1 1 1 1 0 0 0 1 0 0 0 0 0 1 0 1 0 1 0 0 0 0 0 1 1 1 1 0 0 0]
67 15 50 0.048226046314000404 [1 0 1 1 1 1 1 1 0 0 0 1 0 0 0 0 0 1 0 1 0 1 0 0 0 0 0 1 1 1 1 0 0 0]
68 15 52 0.048226046314000404 [1 0 1 1 1 1 1 1 0 0 0 1 0 0 0 0 0 1 0 1 0 1 0 0 0 0 0 1 1 1 1 0 0 0]
69 15 53 0.048226046314000404 [1 0 1 1 1 1 1 1 0 0 0 1 0 0 0 0 0 1 0 1 0 1 0 0 0 0 0 1 1 1 1 0 0 0]
70 15 52 0.048226046314000404 [1 0 1 1 1 1 1 1 0 0 0 1 0 0 0 0 0 1 0 1 0 1 0 0 0 0 0 1 1 1 1 0 0 0]
71 15 51 0.048226046314000404 [1 0 1 1 1 1 1 1 0 0 0 1 0 0 0 0 0 1 0 1 0 1 0 0 0 0 0 1 1 1 1 0 0 0]
72 15 52 0.048226046314000404 [1 0 1 1 1 1 1 1 0 0 0 1 0 0 0 0 0 1 0 1 0 1 0 0 0 0 0 1 1 1 1 0 0 0]
73 15 49 0.048226046314000404 [1 0 1 1 1 1 1 1 0 0 0 1 0 0 0 0 0 1 0 1 0 1 0 0 0 0 0 1 1 1 1 0 0 0]
74 15 54 0.048226046314000404 [1 0 1 1 1 1 1 1 0 0 0 1 0 0 0 0 0 1 0 1 0 1 0 0 0 0 0 1 1 1 1 0 0 0]
75 15 51 0.048226046314000404 [1 0 1 1 1 1 1 1 0 0 0 1 0 0 0 0 0 1 0 1 0 1 0 0 0 0 0 1 1 1 1 0 0 0]
76 15 46 0.048226046314000404 [1 0 1 1 1 1 1 1 0 0 0 1 0 0 0 0 0 1 0 1 0 1 0 0 0 0 0 1 1 1 1 0 0 0]
77 15 52 0.048226046314000404 [1 0 1 1 1 1 1 1 0 0 0 1 0 0 0 0 0 1 0 1 0 1 0 0 0 0 0 1 1 1 1 0 0 0]
78 15 52 0.048226046314000404 [1 0 1 1 1 1 1 1 0 0 0 1 0 0 0 0 0 1 0 1 0 1 0 0 0 0 0 1 1 1 1 0 0 0]
79 20 51 0.04513020109350374 [1 1 1 1 1 1 1 1 0 0 0 1 0 1 1 0 0 0 0 1 1 0 1 0 1 0 1 1 1 0 1 1 0 0]
80 20 52 0.04513020109350374 [1 1 1 1 1 1 1 1 0 0 0 1 0 1 1 0 0 0 0 1 1 0 1 0 1 0 1 1 1 0 1 1 0 0]
81 20 51 0.04513020109350374 [1 1 1 1 1 1 1 1 0 0 0 1 0 1 1 0 0 0 0 1 1 0 1 0 1 0 1 1 1 0 1 1 0 0]
82 20 54 0.04513020109350374 [1 1 1 1 1 1 1 1 0 0 0 1 0 1 1 0 0 0 0 1 1 0 1 0 1 0 1 1 1 0 1 1 0 0]
83 20 49 0.04513020109350374 [1 1 1 1 1 1 1 1 0 0 0 1 0 1 1 0 0 0 0 1 1 0 1 0 1 0 1 1 1 0 1 1 0 0]
84 20 51 0.04513020109350374 [1 1 1 1 1 1 1 1 0 0 0 1 0 1 1 0 0 0 0 1 1 0 1 0 1 0 1 1 1 0 1 1 0 0]
85 20 52 0.04513020109350374 [1 1 1 1 1 1 1 1 0 0 0 1 0 1 1 0 0 0 0 1 1 0 1 0 1 0 1 1 1 0 1 1 0 0]
86 20 50 0.04513020109350374 [1 1 1 1 1 1 1 1 0 0 0 1 0 1 1 0 0 0 0 1 1 0 1 0 1 0 1 1 1 0 1 1 0 0]
87 20 49 0.04513020109350374 [1 1 1 1 1 1 1 1 0 0 0 1 0 1 1 0 0 0 0 1 1 0 1 0 1 0 1 1 1 0 1 1 0 0]
88 20 48 0.04513020109350374 [1 1 1 1 1 1 1 1 0 0 0 1 0 1 1 0 0 0 0 1 1 0 1 0 1 0 1 1 1 0 1 1 0 0]
89 20 50 0.04513020109350374 [1 1 1 1 1 1 1 1 0 0 0 1 0 1 1 0 0 0 0 1 1 0 1 0 1 0 1 1 1 0 1 1 0 0]
90 20 55 0.04513020109350374 [1 1 1 1 1 1 1 1 0 0 0 1 0 1 1 0 0 0 0 1 1 0 1 0 1 0 1 1 1 0 1 1 0 0]
91 20 53 0.04513020109350374 [1 1 1 1 1 1 1 1 0 0 0 1 0 1 1 0 0 0 0 1 1 0 1 0 1 0 1 1 1 0 1 1 0 0]
92 20 51 0.04513020109350374 [1 1 1 1 1 1 1 1 0 0 0 1 0 1 1 0 0 0 0 1 1 0 1 0 1 0 1 1 1 0 1 1 0 0]
93 20 51 0.04513020109350374 [1 1 1 1 1 1 1 1 0 0 0 1 0 1 1 0 0 0 0 1 1 0 1 0 1 0 1 1 1 0 1 1 0 0]
94 20 51 0.04513020109350374 [1 1 1 1 1 1 1 1 0 0 0 1 0 1 1 0 0 0 0 1 1 0 1 0 1 0 1 1 1 0 1 1 0 0]
95 20 51 0.04513020109350374 [1 1 1 1 1 1 1 1 0 0 0 1 0 1 1 0 0 0 0 1 1 0 1 0 1 0 1 1 1 0 1 1 0 0]
96 20 52 0.04513020109350374 [1 1 1 1 1 1 1 1 0 0 0 1 0 1 1 0 0 0 0 1 1 0 1 0 1 0 1 1 1 0 1 1 0 0]
97 20 52 0.04513020109350374 [1 1 1 1 1 1 1 1 0 0 0 1 0 1 1 0 0 0 0 1 1 0 1 0 1 0 1 1 1 0 1 1 0 0]
98 20 51 0.04513020109350374 [1 1 1 1 1 1 1 1 0 0 0 1 0 1 1 0 0 0 0 1 1 0 1 0 1 0 1 1 1 0 1 1 0 0]
99 20 48 0.04513020109350374 [1 1 1 1 1 1 1 1 0 0 0 1 0 1 1 0 0 0 0 1 1 0 1 0 1 0 1 1 1 0 1 1 0 0]
100 20 52 0.04513020109350374 [1 1 1 1 1 1 1 1 0 0 0 1 0 1 1 0 0 0 0 1 1 0 1 0 1 0 1 1 1 0 1 1 0 0]
101 20 52 0.04513020109350374 [1 1 1 1 1 1 1 1 0 0 0 1 0 1 1 0 0 0 0 1 1 0 1 0 1 0 1 1 1 0 1 1 0 0]
102 20 51 0.04513020109350374 [1 1 1 1 1 1 1 1 0 0 0 1 0 1 1 0 0 0 0 1 1 0 1 0 1 0 1 1 1 0 1 1 0 0]
103 20 54 0.04513020109350374 [1 1 1 1 1 1 1 1 0 0 0 1 0 1 1 0 0 0 0 1 1 0 1 0 1 0 1 1 1 0 1 1 0 0]
104 20 50 0.04513020109350374 [1 1 1 1 1 1 1 1 0 0 0 1 0 1 1 0 0 0 0 1 1 0 1 0 1 0 1 1 1 0 1 1 0 0]
105 20 52 0.04513020109350374 [1 1 1 1 1 1 1 1 0 0 0 1 0 1 1 0 0 0 0 1 1 0 1 0 1 0 1 1 1 0 1 1 0 0]
106 20 53 0.04513020109350374 [1 1 1 1 1 1 1 1 0 0 0 1 0 1 1 0 0 0 0 1 1 0 1 0 1 0 1 1 1 0 1 1 0 0]
107 20 50 0.04513020109350374 [1 1 1 1 1 1 1 1 0 0 0 1 0 1 1 0 0 0 0 1 1 0 1 0 1 0 1 1 1 0 1 1 0 0]
108 20 53 0.04513020109350374 [1 1 1 1 1 1 1 1 0 0 0 1 0 1 1 0 0 0 0 1 1 0 1 0 1 0 1 1 1 0 1 1 0 0]
109 20 54 0.04513020109350374 [1 1 1 1 1 1 1 1 0 0 0 1 0 1 1 0 0 0 0 1 1 0 1 0 1 0 1 1 1 0 1 1 0 0]
110 20 52 0.04513020109350374 [1 1 1 1 1 1 1 1 0 0 0 1 0 1 1 0 0 0 0 1 1 0 1 0 1 0 1 1 1 0 1 1 0 0]
111 20 56 0.04513020109350374 [1 1 1 1 1 1 1 1 0 0 0 1 0 1 1 0 0 0 0 1 1 0 1 0 1 0 1 1 1 0 1 1 0 0]
112 20 53 0.04513020109350374 [1 1 1 1 1 1 1 1 0 0 0 1 0 1 1 0 0 0 0 1 1 0 1 0 1 0 1 1 1 0 1 1 0 0]
113 20 50 0.04513020109350374 [1 1 1 1 1 1 1 1 0 0 0 1 0 1 1 0 0 0 0 1 1 0 1 0 1 0 1 1 1 0 1 1 0 0]
114 20 56 0.04513020109350374 [1 1 1 1 1 1 1 1 0 0 0 1 0 1 1 0 0 0 0 1 1 0 1 0 1 0 1 1 1 0 1 1 0 0]
115 20 55 0.04513020109350374 [1 1 1 1 1 1 1 1 0 0 0 1 0 1 1 0 0 0 0 1 1 0 1 0 1 0 1 1 1 0 1 1 0 0]
116 20 52 0.04513020109350374 [1 1 1 1 1 1 1 1 0 0 0 1 0 1 1 0 0 0 0 1 1 0 1 0 1 0 1 1 1 0 1 1 0 0]
117 20 54 0.04513020109350374 [1 1 1 1 1 1 1 1 0 0 0 1 0 1 1 0 0 0 0 1 1 0 1 0 1 0 1 1 1 0 1 1 0 0]
118 20 49 0.04513020109350374 [1 1 1 1 1 1 1 1 0 0 0 1 0 1 1 0 0 0 0 1 1 0 1 0 1 0 1 1 1 0 1 1 0 0]
119 20 50 0.04513020109350374 [1 1 1 1 1 1 1 1 0 0 0 1 0 1 1 0 0 0 0 1 1 0 1 0 1 0 1 1 1 0 1 1 0 0]
120 20 53 0.04513020109350374 [1 1 1 1 1 1 1 1 0 0 0 1 0 1 1 0 0 0 0 1 1 0 1 0 1 0 1 1 1 0 1 1 0 0]
121 20 52 0.04513020109350374 [1 1 1 1 1 1 1 1 0 0 0 1 0 1 1 0 0 0 0 1 1 0 1 0 1 0 1 1 1 0 1 1 0 0]
122 20 51 0.04513020109350374 [1 1 1 1 1 1 1 1 0 0 0 1 0 1 1 0 0 0 0 1 1 0 1 0 1 0 1 1 1 0 1 1 0 0]
123 20 54 0.04513020109350374 [1 1 1 1 1 1 1 1 0 0 0 1 0 1 1 0 0 0 0 1 1 0 1 0 1 0 1 1 1 0 1 1 0 0]
124 20 51 0.04513020109350374 [1 1 1 1 1 1 1 1 0 0 0 1 0 1 1 0 0 0 0 1 1 0 1 0 1 0 1 1 1 0 1 1 0 0]
125 20 53 0.04513020109350374 [1 1 1 1 1 1 1 1 0 0 0 1 0 1 1 0 0 0 0 1 1 0 1 0 1 0 1 1 1 0 1 1 0 0]
126 20 54 0.04513020109350374 [1 1 1 1 1 1 1 1 0 0 0 1 0 1 1 0 0 0 0 1 1 0 1 0 1 0 1 1 1 0 1 1 0 0]
127 20 55 0.04513020109350374 [1 1 1 1 1 1 1 1 0 0 0 1 0 1 1 0 0 0 0 1 1 0 1 0 1 0 1 1 1 0 1 1 0 0]
128 20 52 0.04513020109350374 [1 1 1 1 1 1 1 1 0 0 0 1 0 1 1 0 0 0 0 1 1 0 1 0 1 0 1 1 1 0 1 1 0 0]
129 20 49 0.04513020109350374 [1 1 1 1 1 1 1 1 0 0 0 1 0 1 1 0 0 0 0 1 1 0 1 0 1 0 1 1 1 0 1 1 0 0]
130 20 48 0.04513020109350374 [1 1 1 1 1 1 1 1 0 0 0 1 0 1 1 0 0 0 0 1 1 0 1 0 1 0 1 1 1 0 1 1 0 0]
131 20 49 0.04513020109350374 [1 1 1 1 1 1 1 1 0 0 0 1 0 1 1 0 0 0 0 1 1 0 1 0 1 0 1 1 1 0 1 1 0 0]
132 20 50 0.04513020109350374 [1 1 1 1 1 1 1 1 0 0 0 1 0 1 1 0 0 0 0 1 1 0 1 0 1 0 1 1 1 0 1 1 0 0]
133 20 54 0.04513020109350374 [1 1 1 1 1 1 1 1 0 0 0 1 0 1 1 0 0 0 0 1 1 0 1 0 1 0 1 1 1 0 1 1 0 0]
134 20 55 0.04513020109350374 [1 1 1 1 1 1 1 1 0 0 0 1 0 1 1 0 0 0 0 1 1 0 1 0 1 0 1 1 1 0 1 1 0 0]
135 20 51 0.04513020109350374 [1 1 1 1 1 1 1 1 0 0 0 1 0 1 1 0 0 0 0 1 1 0 1 0 1 0 1 1 1 0 1 1 0 0]
136 20 48 0.04513020109350374 [1 1 1 1 1 1 1 1 0 0 0 1 0 1 1 0 0 0 0 1 1 0 1 0 1 0 1 1 1 0 1 1 0 0]
137 20 51 0.04513020109350374 [1 1 1 1 1 1 1 1 0 0 0 1 0 1 1 0 0 0 0 1 1 0 1 0 1 0 1 1 1 0 1 1 0 0]
138 20 55 0.04513020109350374 [1 1 1 1 1 1 1 1 0 0 0 1 0 1 1 0 0 0 0 1 1 0 1 0 1 0 1 1 1 0 1 1 0 0]
139 20 49 0.04513020109350374 [1 1 1 1 1 1 1 1 0 0 0 1 0 1 1 0 0 0 0 1 1 0 1 0 1 0 1 1 1 0 1 1 0 0]
140 20 55 0.04513020109350374 [1 1 1 1 1 1 1 1 0 0 0 1 0 1 1 0 0 0 0 1 1 0 1 0 1 0 1 1 1 0 1 1 0 0]
141 20 48 0.04513020109350374 [1 1 1 1 1 1 1 1 0 0 0 1 0 1 1 0 0 0 0 1 1 0 1 0 1 0 1 1 1 0 1 1 0 0]
142 20 47 0.04513020109350374 [1 1 1 1 1 1 1 1 0 0 0 1 0 1 1 0 0 0 0 1 1 0 1 0 1 0 1 1 1 0 1 1 0 0]
143 20 50 0.04513020109350374 [1 1 1 1 1 1 1 1 0 0 0 1 0 1 1 0 0 0 0 1 1 0 1 0 1 0 1 1 1 0 1 1 0 0]
144 20 48 0.04513020109350374 [1 1 1 1 1 1 1 1 0 0 0 1 0 1 1 0 0 0 0 1 1 0 1 0 1 0 1 1 1 0 1 1 0 0]
145 20 50 0.04513020109350374 [1 1 1 1 1 1 1 1 0 0 0 1 0 1 1 0 0 0 0 1 1 0 1 0 1 0 1 1 1 0 1 1 0 0]
146 20 53 0.04513020109350374 [1 1 1 1 1 1 1 1 0 0 0 1 0 1 1 0 0 0 0 1 1 0 1 0 1 0 1 1 1 0 1 1 0 0]
147 20 51 0.04513020109350374 [1 1 1 1 1 1 1 1 0 0 0 1 0 1 1 0 0 0 0 1 1 0 1 0 1 0 1 1 1 0 1 1 0 0]
148 20 52 0.04513020109350374 [1 1 1 1 1 1 1 1 0 0 0 1 0 1 1 0 0 0 0 1 1 0 1 0 1 0 1 1 1 0 1 1 0 0]
149 20 51 0.04513020109350374 [1 1 1 1 1 1 1 1 0 0 0 1 0 1 1 0 0 0 0 1 1 0 1 0 1 0 1 1 1 0 1 1 0 0]
150 20 53 0.04513020109350374 [1 1 1 1 1 1 1 1 0 0 0 1 0 1 1 0 0 0 0 1 1 0 1 0 1 0 1 1 1 0 1 1 0 0]
