0 18 100 0.06238938350863721 [1 1 1 1 1 0 0 1 1 1 1 1 0 0 1 1 1 1 0 0 0 0 1 0 0 0 1 0 1 0 0 0 0 1]
1 19 91 0.06162668605120747 [1 0 1 1 1 1 1 1 0 1 0 0 1 1 1 1 1 0 0 0 1 0 0 0 1 0 0 0 1 0 1 1 1 0]
2 17 56 0.06119786412729167 [1 0 1 1 1 0 1 0 0 1 0 1 1 1 1 0 1 0 1 0 1 0 0 1 1 0 0 1 0 0 1 0 0 0]
3 15 55 0.054054054054053946 [1 0 1 1 1 0 1 0 0 1 0 1 1 1 0 1 1 0 0 0 0 1 0 0 1 0 0 1 0 0 0 0 0 1]
4 15 52 0.054054054054053946 [1 0 1 1 1 0 1 0 0 1 0 1 1 1 0 1 1 0 0 0 0 1 0 0 1 0 0 1 0 0 0 0 0 1]
5 15 51 0.054054054054053946 [1 0 1 1 1 0 1 0 0 1 0 1 1 1 0 1 1 0 0 0 0 1 0 0 1 0 0 1 0 0 0 0 0 1]
6 16 53 0.050898203592814384 [1 0 1 0 1 1 1 1 0 1 0 1 0 1 0 1 0 1 0 0 0 0 0 0 1 0 0 1 1 1 1 0 0 0]
7 16 52 0.050898203592814384 [1 0 1 0 1 1 1 1 0 1 0 1 0 1 0 1 0 1 0 0 0 0 0 0 1 0 0 1 1 1 1 0 0 0]
8 16 51 0.050898203592814384 [1 0 1 0 1 1 1 1 0 1 0 1 0 1 0 1 0 1 0 0 0 0 0 0 1 0 0 1 1 1 1 0 0 0]
9 16 52 0.050898203592814384 [1 0 1 0 1 1 1 1 0 1 0 1 0 1 0 1 0 1 0 0 0 0 0 0 1 0 0 1 1 1 1 0 0 0]
10 16 52 0.050898203592814384 [1 0 1 0 1 1 1 1 0 1 0 1 0 1 0 1 0 1 0 0 0 0 0 0 1 0 0 1 1 1 1 0 0 0]
11 16 51 0.050898203592814384 [1 0 1 0 1 1 1 1 0 1 0 1 0 1 0 1 0 1 0 0 0 0 0 0 1 0 0 1 1 1 1 0 0 0]
12 16 57 0.050898203592814384 [1 0 1 0 1 1 1 1 0 1 0 1 0 1 0 1 0 1 0 0 0 0 0 0 1 0 0 1 1 1 1 0 0 0]
13 16 50 0.050898203592814384 [1 0 1 0 1 1 1 1 0 1 0 1 0 1 0 1 0 1 0 0 0 0 0 0 1 0 0 1 1 1 1 0 0 0]
14 16 54 0.050898203592814384 [1 0 1 0 1 1 1 1 0 1 0 1 0 1 0 1 0 1 0 0 0 0 0 0 1 0 0 1 1 1 1 0 0 0]
15 16 53 0.050898203592814384 [1 0 1 0 1 1 1 1 0 1 0 1 0 1 0 1 0 1 0 0 0 0 0 0 1 0 0 1 1 1 1 0 0 0]
16 16 53 0.050898203592814384 [1 0 1 0 1 1 1 1 0 1 0 1 0 1 0 1 0 1 0 0 0 0 0 0 1 0 0 1 1 1 1 0 0 0]
17 16 52 0.050898203592814384 [1 0 1 0 1 1 1 1 0 1 0 1 0 1 0 1 0 1 0 0 0 0 0 0 1 0 0 1 1 1 1 0 0 0]
18 16 52 0.050898203592814384 [1 0 1 0 1 1 1 1 0 1 0 1 0 1 0 1 0 1 0 0 0 0 0 0 1 0 0 1 1 1 1 0 0 0]
19 16 54 0.050898203592814384 [1 0 1 0 1 1 1 1 0 1 0 1 0 1 0 1 0 1 0 0 0 0 0 0 1 0 0 1 1 1 1 0 0 0]
20 16 54 0.050898203592814384 [1 0 1 0 1 1 1 1 0 1 0 1 0 1 0 1 0 1 0 0 0 0 0 0 1 0 0 1 1 1 1 0 0 0]
21 16 48 0.050898203592814384 [1 0 1 0 1 1 1 1 0 1 0 1 0 1 0 1 0 1 0 0 0 0 0 0 1 0 0 1 1 1 1 0 0 0]
22 16 53 0.050898203592814384 [1 0 1 0 1 1 1 1 0 1 0 1 0 1 0 1 0 1 0 0 0 0 0 0 1 0 0 1 1 1 1 0 0 0]
23 16 52 0.050898203592814384 [1 0 1 0 1 1 1 1 0 1 0 1 0 1 0 1 0 1 0 0 0 0 0 0 1 0 0 1 1 1 1 0 0 0]
24 16 52 0.050898203592814384 [1 0 1 0 1 1 1 1 0 1 0 1 0 1 0 1 0 1 0 0 0 0 0 0 1 0 0 1 1 1 1 0 0 0]
25 16 56 0.050898203592814384 [1 0 1 0 1 1 1 1 0 1 0 1 0 1 0 1 0 1 0 0 0 0 0 0 1 0 0 1 1 1 1 0 0 0]
26 16 51 0.050898203592814384 [1 0 1 0 1 1 1 1 0 1 0 1 0 1 0 1 0 1 0 0 0 0 0 0 1 0 0 1 1 1 1 0 0 0]
27 16 53 0.04978091609651669 [1 0 1 1 1 1 1 1 1 1 0 1 0 1 1 0 0 1 0 0 1 0 0 0 0 0 0 1 1 0 0 0 0 0]
28 16 53 0.04978091609651669 [1 0 1 1 1 1 1 1 1 1 0 1 0 1 1 0 0 1 0 0 1 0 0 0 0 0 0 1 1 0 0 0 0 0]
29 16 51 0.04978091609651669 [1 0 1 1 1 1 1 1 1 1 0 1 0 1 1 0 0 1 0 0 1 0 0 0 0 0 0 1 1 0 0 0 0 0]
30 16 52 0.04978091609651669 [1 0 1 1 1 1 1 1 1 1 0 1 0 1 1 0 0 1 0 0 1 0 0 0 0 0 0 1 1 0 0 0 0 0]
31 16 51 0.04978091609651669 [1 0 1 1 1 1 1 1 1 1 0 1 0 1 1 0 0 1 0 0 1 0 0 0 0 0 0 1 1 0 0 0 0 0]
32 16 50 0.04978091609651669 [1 0 1 1 1 1 1 1 1 1 0 1 0 1 1 0 0 1 0 0 1 0 0 0 0 0 0 1 1 0 0 0 0 0]
33 16 52 0.04978091609651669 [1 0 1 1 1 1 1 1 1 1 0 1 0 1 1 0 0 1 0 0 1 0 0 0 0 0 0 1 1 0 0 0 0 0]
34 16 52 0.04978091609651669 [1 0 1 1 1 1 1 1 1 1 0 1 0 1 1 0 0 1 0 0 1 0 0 0 0 0 0 1 1 0 0 0 0 0]
35 16 54 0.04978091609651669 [1 0 1 1 1 1 1 1 1 1 0 1 0 1 1 0 0 1 0 0 1 0 0 0 0 0 0 1 1 0 0 0 0 0]
36 16 52 0.04978091609651669 [1 0 1 1 1 1 1 1 1 1 0 1 0 1 1 0 0 1 0 0 1 0 0 0 0 0 0 1 1 0 0 0 0 0]
37 16 51 0.04978091609651669 [1 0 1 1 1 1 1 1 1 1 0 1 0 1 1 0 0 1 0 0 1 0 0 0 0 0 0 1 1 0 0 0 0 0]
38 16 56 0.04978091609651669 [1 0 1 1 1 1 1 1 1 1 0 1 0 1 1 0 0 1 0 0 1 0 0 0 0 0 0 1 1 0 0 0 0 0]
39 19 54 0.048226046314000404 [1 1 1 1 1 1 1 1 0 1 0 1 1 0 0 0 0 1 1 1 0 0 1 0 0 1 0 0 1 1 1 0 0 0]
40 19 50 0.048226046314000404 [1 1 1 1 1 1 1 1 0 1 0 1 1 0 0 0 0 1 1 1 0 0 1 0 0 1 0 0 1 1 1 0 0 0]
41 19 54 0.048226046314000404 [1 1 1 1 1 1 1 1 0 1 0 1 1 0 0 0 0 1 1 1 0 0 1 0 0 1 0 0 1 1 1 0 0 0]
42 17 56 0.046199701937406856 [1 0 1 1 1 1 1 1 0 1 0 1 0 0 1 0 1 0 1 0 0 0 0 0 0 0 1 1 0 1 1 1 0 0]
43 17 52 0.046199701937406856 [1 0 1 1 1 1 1 1 0 1 0 1 0 0 1 0 1 0 1 0 0 0 0 0 0 0 1 1 0 1 1 1 0 0]
44 17 50 0.046199701937406856 [1 0 1 1 1 1 1 1 0 1 0 1 0 0 1 0 1 0 1 0 0 0 0 0 0 0 1 1 0 1 1 1 0 0]
45 17 52 0.046199701937406856 [1 0 1 1 1 1 1 1 0 1 0 1 0 0 1 0 1 0 1 0 0 0 0 0 0 0 1 1 0 1 1 1 0 0]
46 17 51 0.046199701937406856 [1 0 1 1 1 1 1 1 0 1 0 1 0 0 1 0 1 0 1 0 0 0 0 0 0 0 1 1 0 1 1 1 0 0]
47 17 52 0.046199701937406856 [1 0 1 1 1 1 1 1 0 1 0 1 0 0 1 0 1 0 1 0 0 0 0 0 0 0 1 1 0 1 1 1 0 0]
48 17 52 0.046199701937406856 [1 0 1 1 1 1 1 1 0 1 0 1 0 0 1 0 1 0 1 0 0 0 0 0 0 0 1 1 0 1 1 1 0 0]
49 17 53 0.046199701937406856 [1 0 1 1 1 1 1 1 0 1 0 1 0 0 1 0 1 0 1 0 0 0 0 0 0 0 1 1 0 1 1 1 0 0]
50 17 54 0.046199701937406856 [1 0 1 1 1 1 1 1 0 1 0 1 0 0 1 0 1 0 1 0 0 0 0 0 0 0 1 1 0 1 1 1 0 0]
51 17 53 0.046199701937406856 [1 0 1 1 1 1 1 1 0 1 0 1 0 0 1 0 1 0 1 0 0 0 0 0 0 0 1 1 0 1 1 1 0 0]
52 17 52 0.046199701937406856 [1 0 1 1 1 1 1 1 0 1 0 1 0 0 1 0 1 0 1 0 0 0 0 0 0 0 1 1 0 1 1 1 0 0]
53 17 54 0.046199701937406856 [1 0 1 1 1 1 1 1 0 1 0 1 0 0 1 0 1 0 1 0 0 0 0 0 0 0 1 1 0 1 1 1 0 0]
54 17 50 0.046199701937406856 [1 0 1 1 1 1 1 1 0 1 0 1 0 0 1 0 1 0 1 0 0 0 0 0 0 0 1 1 0 1 1 1 0 0]
55 17 51 0.046199701937406856 [1 0 1 1 1 1 1 1 0 1 0 1 0 0 1 0 1 0 1 0 0 0 0 0 0 0 1 1 0 1 1 1 0 0]
56 17 53 0.046199701937406856 [1 0 1 1 1 1 1 1 0 1 0 1 0 0 1 0 1 0 1 0 0 0 0 0 0 0 1 1 0 1 1 1 0 0]
57 17 49 0.046199701937406856 [1 0 1 1 1 1 1 1 0 1 0 1 0 0 1 0 1 0 1 0 0 0 0 0 0 0 1 1 0 1 1 1 0 0]
58 17 52 0.046199701937406856 [1 0 1 1 1 1 1 1 0 1 0 1 0 0 1 0 1 0 1 0 0 0 0 0 0 0 1 1 0 1 1 1 0 0]
59 17 53 0.046199701937406856 [1 0 1 1 1 1 1 1 0 1 0 1 0 0 1 0 1 0 1 0 0 0 0 0 0 0 1 1 0 1 1 1 0 0]
60 17 52 0.046199701937406856 [1 0 1 1 1 1 1 1 0 1 0 1 0 0 1 0 1 0 1 0 0 0 0 0 0 0 1 1 0 1 1 1 0 0]
61 17 53 0.046199701937406856 [1 0 1 1 1 1 1 1 0 1 0 1 0 0 1 0 1 0 1 0 0 0 0 0 0 0 1 1 0 1 1 1 0 0]
62 17 53 0.046199701937406856 [1 0 1 1 1 1 1 1 0 1 0 1 0 0 1 0 1 0 1 0 0 0 0 0 0 0 1 1 0 1 1 1 0 0]
63 17 53 0.046199701937406856 [1 0 1 1 1 1 1 1 0 1 0 1 0 0 1 0 1 0 1 0 0 0 0 0 0 0 1 1 0 1 1 1 0 0]
64 17 53 0.046199701937406856 [1 0 1 1 1 1 1 1 0 1 0 1 0 0 1 0 1 0 1 0 0 0 0 0 0 0 1 1 0 1 1 1 0 0]
65 17 50 0.046199701937406856 [1 0 1 1 1 1 1 1 0 1 0 1 0 0 1 0 1 0 1 0 0 0 0 0 0 0 1 1 0 1 1 1 0 0]
66 17 54 0.046199701937406856 [1 0 1 1 1 1 1 1 0 1 0 1 0 0 1 0 1 0 1 0 0 0 0 0 0 0 1 1 0 1 1 1 0 0]
67 17 51 0.046199701937406856 [1 0 1 1 1 1 1 1 0 1 0 1 0 0 1 0 1 0 1 0 0 0 0 0 0 0 1 1 0 1 1 1 0 0]
68 17 56 0.046199701937406856 [1 0 1 1 1 1 1 1 0 1 0 1 0 0 1 0 1 0 1 0 0 0 0 0 0 0 1 1 0 1 1 1 0 0]
69 17 55 0.046199701937406856 [1 0 1 1 1 1 1 1 0 1 0 1 0 0 1 0 1 0 1 0 0 0 0 0 0 0 1 1 0 1 1 1 0 0]
70 17 55 0.046199701937406856 [1 0 1 1 1 1 1 1 0 1 0 1 0 0 1 0 1 0 1 0 0 0 0 0 0 0 1 1 0 1 1 1 0 0]
71 17 50 0.046199701937406856 [1 0 1 1 1 1 1 1 0 1 0 1 0 0 1 0 1 0 1 0 0 0 0 0 0 0 1 1 0 1 1 1 0 0]
72 17 52 0.046199701937406856 [1 0 1 1 1 1 1 1 0 1 0 1 0 0 1 0 1 0 1 0 0 0 0 0 0 0 1 1 0 1 1 1 0 0]
73 17 54 0.046199701937406856 [1 0 1 1 1 1 1 1 0 1 0 1 0 0 1 0 1 0 1 0 0 0 0 0 0 0 1 1 0 1 1 1 0 0]
74 17 49 0.046199701937406856 [1 0 1 1 1 1 1 1 0 1 0 1 0 0 1 0 1 0 1 0 0 0 0 0 0 0 1 1 0 1 1 1 0 0]
75 17 52 0.046199701937406856 [1 0 1 1 1 1 1 1 0 1 0 1 0 0 1 0 1 0 1 0 0 0 0 0 0 0 1 1 0 1 1 1 0 0]
76 17 53 0.046199701937406856 [1 0 1 1 1 1 1 1 0 1 0 1 0 0 1 0 1 0 1 0 0 0 0 0 0 0 1 1 0 1 1 1 0 0]
77 17 52 0.046199701937406856 [1 0 1 1 1 1 1 1 0 1 0 1 0 0 1 0 1 0 1 0 0 0 0 0 0 0 1 1 0 1 1 1 0 0]
78 17 53 0.046199701937406856 [1 0 1 1 1 1 1 1 0 1 0 1 0 0 1 0 1 0 1 0 0 0 0 0 0 0 1 1 0 1 1 1 0 0]
79 17 49 0.046199701937406856 [1 0 1 1 1 1 1 1 0 1 0 1 0 0 1 0 1 0 1 0 0 0 0 0 0 0 1 1 0 1 1 1 0 0]
80 17 51 0.046199701937406856 [1 0 1 1 1 1 1 1 0 1 0 1 0 0 1 0 1 0 1 0 0 0 0 0 0 0 1 1 0 1 1 1 0 0]
81 17 51 0.046199701937406856 [1 0 1 1 1 1 1 1 0 1 0 1 0 0 1 0 1 0 1 0 0 0 0 0 0 0 1 1 0 1 1 1 0 0]
82 17 56 0.046199701937406856 [1 0 1 1 1 1 1 1 0 1 0 1 0 0 1 0 1 0 1 0 0 0 0 0 0 0 1 1 0 1 1 1 0 0]
83 17 54 0.046199701937406856 [1 0 1 1 1 1 1 1 0 1 0 1 0 0 1 0 1 0 1 0 0 0 0 0 0 0 1 1 0 1 1 1 0 0]
84 17 52 0.046199701937406856 [1 0 1 1 1 1 1 1 0 1 0 1 0 0 1 0 1 0 1 0 0 0 0 0 0 0 1 1 0 1 1 1 0 0]
85 17 53 0.046199701937406856 [1 0 1 1 1 1 1 1 0 1 0 1 0 0 1 0 1 0 1 0 0 0 0 0 0 0 1 1 0 1 1 1 0 0]
86 17 54 0.046199701937406856 [1 0 1 1 1 1 1 1 0 1 0 1 0 0 1 0 1 0 1 0 0 0 0 0 0 0 1 1 0 1 1 1 0 0]
87 17 53 0.046199701937406856 [1 0 1 1 1 1 1 1 0 1 0 1 0 0 1 0 1 0 1 0 0 0 0 0 0 0 1 1 0 1 1 1 0 0]
88 17 55 0.046199701937406856 [1 0 1 1 1 1 1 1 0 1 0 1 0 0 1 0 1 0 1 0 0 0 0 0 0 0 1 1 0 1 1 1 0 0]
89 17 55 0.046199701937406856 [1 0 1 1 1 1 1 1 0 1 0 1 0 0 1 0 1 0 1 0 0 0 0 0 0 0 1 1 0 1 1 1 0 0]
90 17 50 0.046199701937406856 [1 0 1 1 1 1 1 1 0 1 0 1 0 0 1 0 1 0 1 0 0 0 0 0 0 0 1 1 0 1 1 1 0 0]
91 17 54 0.046199701937406856 [1 0 1 1 1 1 1 1 0 1 0 1 0 0 1 0 1 0 1 0 0 0 0 0 0 0 1 1 0 1 1 1 0 0]
92 17 50 0.046199701937406856 [1 0 1 1 1 1 1 1 0 1 0 1 0 0 1 0 1 0 1 0 0 0 0 0 0 0 1 1 0 1 1 1 0 0]
93 17 52 0.046199701937406856 [1 0 1 1 1 1 1 1 0 1 0 1 0 0 1 0 1 0 1 0 0 0 0 0 0 0 1 1 0 1 1 1 0 0]
94 17 53 0.046199701937406856 [1 0 1 1 1 1 1 1 0 1 0 1 0 0 1 0 1 0 1 0 0 0 0 0 0 0 1 1 0 1 1 1 0 0]
95 17 50 0.046199701937406856 [1 0 1 1 1 1 1 1 0 1 0 1 0 0 1 0 1 0 1 0 0 0 0 0 0 0 1 1 0 1 1 1 0 0]
96 17 52 0.046199701937406856 [1 0 1 1 1 1 1 1 0 1 0 1 0 0 1 0 1 0 1 0 0 0 0 0 0 0 1 1 0 1 1 1 0 0]
97 17 51 0.046199701937406856 [1 0 1 1 1 1 1 1 0 1 0 1 0 0 1 0 1 0 1 0 0 0 0 0 0 0 1 1 0 1 1 1 0 0]
98 17 49 0.046199701937406856 [1 0 1 1 1 1 1 1 0 1 0 1 0 0 1 0 1 0 1 0 0 0 0 0 0 0 1 1 0 1 1 1 0 0]
99 17 52 0.046199701937406856 [1 0 1 1 1 1 1 1 0 1 0 1 0 0 1 0 1 0 1 0 0 0 0 0 0 0 1 1 0 1 1 1 0 0]
100 17 55 0.046199701937406856 [1 0 1 1 1 1 1 1 0 1 0 1 0 0 1 0 1 0 1 0 0 0 0 0 0 0 1 1 0 1 1 1 0 0]
101 17 57 0.046199701937406856 [1 0 1 1 1 1 1 1 0 1 0 1 0 0 1 0 1 0 1 0 0 0 0 0 0 0 1 1 0 1 1 1 0 0]
102 17 56 0.046199701937406856 [1 0 1 1 1 1 1 1 0 1 0 1 0 0 1 0 1 0 1 0 0 0 0 0 0 0 1 1 0 1 1 1 0 0]
103 17 50 0.046199701937406856 [1 0 1 1 1 1 1 1 0 1 0 1 0 0 1 0 1 0 1 0 0 0 0 0 0 0 1 1 0 1 1 1 0 0]
104 17 53 0.046199701937406856 [1 0 1 1 1 1 1 1 0 1 0 1 0 0 1 0 1 0 1 0 0 0 0 0 0 0 1 1 0 1 1 1 0 0]
105 17 50 0.046199701937406856 [1 0 1 1 1 1 1 1 0 1 0 1 0 0 1 0 1 0 1 0 0 0 0 0 0 0 1 1 0 1 1 1 0 0]
106 17 51 0.046199701937406856 [1 0 1 1 1 1 1 1 0 1 0 1 0 0 1 0 1 0 1 0 0 0 0 0 0 0 1 1 0 1 1 1 0 0]
107 17 52 0.046199701937406856 [1 0 1 1 1 1 1 1 0 1 0 1 0 0 1 0 1 0 1 0 0 0 0 0 0 0 1 1 0 1 1 1 0 0]
108 17 55 0.046199701937406856 [1 0 1 1 1 1 1 1 0 1 0 1 0 0 1 0 1 0 1 0 0 0 0 0 0 0 1 1 0 1 1 1 0 0]
109 17 49 0.046199701937406856 [1 0 1 1 1 1 1 1 0 1 0 1 0 0 1 0 1 0 1 0 0 0 0 0 0 0 1 1 0 1 1 1 0 0]
110 17 58 0.046199701937406856 [1 0 1 1 1 1 1 1 0 1 0 1 0 0 1 0 1 0 1 0 0 0 0 0 0 0 1 1 0 1 1 1 0 0]
111 17 49 0.046199701937406856 [1 0 1 1 1 1 1 1 0 1 0 1 0 0 1 0 1 0 1 0 0 0 0 0 0 0 1 1 0 1 1 1 0 0]
112 17 51 0.046199701937406856 [1 0 1 1 1 1 1 1 0 1 0 1 0 0 1 0 1 0 1 0 0 0 0 0 0 0 1 1 0 1 1 1 0 0]
113 17 50 0.046199701937406856 [1 0 1 1 1 1 1 1 0 1 0 1 0 0 1 0 1 0 1 0 0 0 0 0 0 0 1 1 0 1 1 1 0 0]
114 17 56 0.046199701937406856 [1 0 1 1 1 1 1 1 0 1 0 1 0 0 1 0 1 0 1 0 0 0 0 0 0 0 1 1 0 1 1 1 0 0]
115 17 53 0.046199701937406856 [1 0 1 1 1 1 1 1 0 1 0 1 0 0 1 0 1 0 1 0 0 0 0 0 0 0 1 1 0 1 1 1 0 0]
116 17 51 0.046199701937406856 [1 0 1 1 1 1 1 1 0 1 0 1 0 0 1 0 1 0 1 0 0 0 0 0 0 0 1 1 0 1 1 1 0 0]
117 17 51 0.046199701937406856 [1 0 1 1 1 1 1 1 0 1 0 1 0 0 1 0 1 0 1 0 0 0 0 0 0 0 1 1 0 1 1 1 0 0]
118 17 50 0.046199701937406856 [1 0 1 1 1 1 1 1 0 1 0 1 0 0 1 0 1 0 1 0 0 0 0 0 0 0 1 1 0 1 1 1 0 0]
119 17 52 0.046199701937406856 [1 0 1 1 1 1 1 1 0 1 0 1 0 0 1 0 1 0 1 0 0 0 0 0 0 0 1 1 0 1 1 1 0 0]
120 17 49 0.046199701937406856 [1 0 1 1 1 1 1 1 0 1 0 1 0 0 1 0 1 0 1 0 0 0 0 0 0 0 1 1 0 1 1 1 0 0]
121 17 55 0.046199701937406856 [1 0 1 1 1 1 1 1 0 1 0 1 0 0 1 0 1 0 1 0 0 0 0 0 0 0 1 1 0 1 1 1 0 0]
122 17 52 0.046199701937406856 [1 0 1 1 1 1 1 1 0 1 0 1 0 0 1 0 1 0 1 0 0 0 0 0 0 0 1 1 0 1 1 1 0 0]
123 17 50 0.046199701937406856 [1 0 1 1 1 1 1 1 0 1 0 1 0 0 1 0 1 0 1 0 0 0 0 0 0 0 1 1 0 1 1 1 0 0]
124 17 51 0.046199701937406856 [1 0 1 1 1 1 1 1 0 1 0 1 0 0 1 0 1 0 1 0 0 0 0 0 0 0 1 1 0 1 1 1 0 0]
125 17 56 0.046199701937406856 [1 0 1 1 1 1 1 1 0 1 0 1 0 0 1 0 1 0 1 0 0 0 0 0 0 0 1 1 0 1 1 1 0 0]
126 17 51 0.046199701937406856 [1 0 1 1 1 1 1 1 0 1 0 1 0 0 1 0 1 0 1 0 0 0 0 0 0 0 1 1 0 1 1 1 0 0]
127 17 51 0.046199701937406856 [1 0 1 1 1 1 1 1 0 1 0 1 0 0 1 0 1 0 1 0 0 0 0 0 0 0 1 1 0 1 1 1 0 0]
128 17 48 0.046199701937406856 [1 0 1 1 1 1 1 1 0 1 0 1 0 0 1 0 1 0 1 0 0 0 0 0 0 0 1 1 0 1 1 1 0 0]
129 17 52 0.046199701937406856 [1 0 1 1 1 1 1 1 0 1 0 1 0 0 1 0 1 0 1 0 0 0 0 0 0 0 1 1 0 1 1 1 0 0]
130 17 51 0.046199701937406856 [1 0 1 1 1 1 1 1 0 1 0 1 0 0 1 0 1 0 1 0 0 0 0 0 0 0 1 1 0 1 1 1 0 0]
131 17 55 0.046199701937406856 [1 0 1 1 1 1 1 1 0 1 0 1 0 0 1 0 1 0 1 0 0 0 0 0 0 0 1 1 0 1 1 1 0 0]
132 17 50 0.046199701937406856 [1 0 1 1 1 1 1 1 0 1 0 1 0 0 1 0 1 0 1 0 0 0 0 0 0 0 1 1 0 1 1 1 0 0]
133 17 52 0.046199701937406856 [1 0 1 1 1 1 1 1 0 1 0 1 0 0 1 0 1 0 1 0 0 0 0 0 0 0 1 1 0 1 1 1 0 0]
134 17 55 0.046199701937406856 [1 0 1 1 1 1 1 1 0 1 0 1 0 0 1 0 1 0 1 0 0 0 0 0 0 0 1 1 0 1 1 1 0 0]
135 17 53 0.046199701937406856 [1 0 1 1 1 1 1 1 0 1 0 1 0 0 1 0 1 0 1 0 0 0 0 0 0 0 1 1 0 1 1 1 0 0]
136 17 48 0.046199701937406856 [1 0 1 1 1 1 1 1 0 1 0 1 0 0 1 0 1 0 1 0 0 0 0 0 0 0 1 1 0 1 1 1 0 0]
137 17 49 0.046199701937406856 [1 0 1 1 1 1 1 1 0 1 0 1 0 0 1 0 1 0 1 0 0 0 0 0 0 0 1 1 0 1 1 1 0 0]
138 17 48 0.046199701937406856 [1 0 1 1 1 1 1 1 0 1 0 1 0 0 1 0 1 0 1 0 0 0 0 0 0 0 1 1 0 1 1 1 0 0]
139 17 49 0.046199701937406856 [1 0 1 1 1 1 1 1 0 1 0 1 0 0 1 0 1 0 1 0 0 0 0 0 0 0 1 1 0 1 1 1 0 0]
140 17 49 0.046199701937406856 [1 0 1 1 1 1 1 1 0 1 0 1 0 0 1 0 1 0 1 0 0 0 0 0 0 0 1 1 0 1 1 1 0 0]
141 17 48 0.046199701937406856 [1 0 1 1 1 1 1 1 0 1 0 1 0 0 1 0 1 0 1 0 0 0 0 0 0 0 1 1 0 1 1 1 0 0]
142 17 49 0.046199701937406856 [1 0 1 1 1 1 1 1 0 1 0 1 0 0 1 0 1 0 1 0 0 0 0 0 0 0 1 1 0 1 1 1 0 0]
143 17 50 0.046199701937406856 [1 0 1 1 1 1 1 1 0 1 0 1 0 0 1 0 1 0 1 0 0 0 0 0 0 0 1 1 0 1 1 1 0 0]
144 17 55 0.046199701937406856 [1 0 1 1 1 1 1 1 0 1 0 1 0 0 1 0 1 0 1 0 0 0 0 0 0 0 1 1 0 1 1 1 0 0]
145 17 47 0.046199701937406856 [1 0 1 1 1 1 1 1 0 1 0 1 0 0 1 0 1 0 1 0 0 0 0 0 0 0 1 1 0 1 1 1 0 0]
146 17 52 0.046199701937406856 [1 0 1 1 1 1 1 1 0 1 0 1 0 0 1 0 1 0 1 0 0 0 0 0 0 0 1 1 0 1 1 1 0 0]
147 17 55 0.046199701937406856 [1 0 1 1 1 1 1 1 0 1 0 1 0 0 1 0 1 0 1 0 0 0 0 0 0 0 1 1 0 1 1 1 0 0]
148 17 50 0.046199701937406856 [1 0 1 1 1 1 1 1 0 1 0 1 0 0 1 0 1 0 1 0 0 0 0 0 0 0 1 1 0 1 1 1 0 0]
149 17 54 0.046199701937406856 [1 0 1 1 1 1 1 1 0 1 0 1 0 0 1 0 1 0 1 0 0 0 0 0 0 0 1 1 0 1 1 1 0 0]
150 17 49 0.046199701937406856 [1 0 1 1 1 1 1 1 0 1 0 1 0 0 1 0 1 0 1 0 0 0 0 0 0 0 1 1 0 1 1 1 0 0]
