0 18 100 0.0580497224233647 [1 1 1 1 1 1 1 1 0 0 1 1 0 0 0 0 0 1 0 0 1 0 0 0 0 1 0 1 1 1 0 1 0 1]
1 21 89 0.05762557444699001 [1 1 1 1 1 1 1 1 0 0 0 0 0 1 0 1 1 1 0 0 1 0 1 1 1 1 0 1 0 0 1 0 1 1]
2 21 58 0.05762557444699001 [1 1 1 1 1 1 1 1 0 0 0 0 0 1 0 1 1 1 0 0 1 0 1 1 1 1 0 1 0 0 1 0 1 1]
3 21 51 0.05762557444699001 [1 1 1 1 1 1 1 1 0 0 0 0 0 1 0 1 1 1 0 0 1 0 1 1 1 1 0 1 0 0 1 0 1 1]
4 21 51 0.05762557444699001 [1 1 1 1 1 1 1 1 0 0 0 0 0 1 0 1 1 1 0 0 1 0 1 1 1 1 0 1 0 0 1 0 1 1]
5 19 52 0.048226046314000404 [1 1 1 1 1 1 1 1 0 1 0 1 0 1 1 1 0 0 0 0 0 0 1 1 0 1 1 0 0 0 1 0 1 0]
6 19 55 0.048226046314000404 [1 1 1 1 1 1 1 1 0 1 0 1 0 1 1 1 0 0 0 0 0 0 1 1 0 1 1 0 0 0 1 0 1 0]
7 19 52 0.048226046314000404 [1 1 1 1 1 1 1 1 0 1 0 1 0 1 1 1 0 0 0 0 0 0 1 1 0 1 1 0 0 0 1 0 1 0]
8 19 52 0.048226046314000404 [1 1 1 1 1 1 1 1 0 1 0 1 0 1 1 1 0 0 0 0 0 0 1 1 0 1 1 0 0 0 1 0 1 0]
9 19 52 0.048226046314000404 [1 1 1 1 1 1 1 1 0 1 0 1 0 1 1 1 0 0 0 0 0 0 1 1 0 1 1 0 0 0 1 0 1 0]
10 19 52 0.048226046314000404 [1 1 1 1 1 1 1 1 0 1 0 1 0 1 1 1 0 0 0 0 0 0 1 1 0 1 1 0 0 0 1 0 1 0]
11 19 54 0.048226046314000404 [1 1 1 1 1 1 1 1 0 1 0 1 0 1 1 1 0 0 0 0 0 0 1 1 0 1 1 0 0 0 1 0 1 0]
12 19 51 0.048226046314000404 [1 1 1 1 1 1 1 1 0 1 0 1 0 1 1 1 0 0 0 0 0 0 1 1 0 1 1 0 0 0 1 0 1 0]
13 19 51 0.048226046314000404 [1 1 1 1 1 1 1 1 0 1 0 1 0 1 1 1 0 0 0 0 0 0 1 1 0 1 1 0 0 0 1 0 1 0]
14 19 51 0.048226046314000404 [1 1 1 1 1 1 1 1 0 1 0 1 0 1 1 1 0 0 0 0 0 0 1 1 0 1 1 0 0 0 1 0 1 0]
15 19 56 0.048226046314000404 [1 1 1 1 1 1 1 1 0 1 0 1 0 1 1 1 0 0 0 0 0 0 1 1 0 1 1 0 0 0 1 0 1 0]
16 19 55 0.048226046314000404 [1 1 1 1 1 1 1 1 0 1 0 1 0 1 1 1 0 0 0 0 0 0 1 1 0 1 1 0 0 0 1 0 1 0]
17 19 54 0.048226046314000404 [1 1 1 1 1 1 1 1 0 1 0 1 0 1 1 1 0 0 0 0 0 0 1 1 0 1 1 0 0 0 1 0 1 0]
18 19 52 0.048226046314000404 [1 1 1 1 1 1 1 1 0 1 0 1 0 1 1 1 0 0 0 0 0 0 1 1 0 1 1 0 0 0 1 0 1 0]
19 19 54 0.048226046314000404 [1 1 1 1 1 1 1 1 0 1 0 1 0 1 1 1 0 0 0 0 0 0 1 1 0 1 1 0 0 0 1 0 1 0]
20 19 52 0.048226046314000404 [1 1 1 1 1 1 1 1 0 1 0 1 0 1 1 1 0 0 0 0 0 0 1 1 0 1 1 0 0 0 1 0 1 0]
21 19 53 0.048226046314000404 [1 1 1 1 1 1 1 1 0 1 0 1 0 1 1 1 0 0 0 0 0 0 1 1 0 1 1 0 0 0 1 0 1 0]
22 19 51 0.048226046314000404 [1 1 1 1 1 1 1 1 0 1 0 1 0 1 1 1 0 0 0 0 0 0 1 1 0 1 1 0 0 0 1 0 1 0]
23 19 51 0.048226046314000404 [1 1 1 1 1 1 1 1 0 1 0 1 0 1 1 1 0 0 0 0 0 0 1 1 0 1 1 0 0 0 1 0 1 0]
24 19 53 0.048226046314000404 [1 1 1 1 1 1 1 1 0 1 0 1 0 1 1 1 0 0 0 0 0 0 1 1 0 1 1 0 0 0 1 0 1 0]
25 19 54 0.048226046314000404 [1 1 1 1 1 1 1 1 0 1 0 1 0 1 1 1 0 0 0 0 0 0 1 1 0 1 1 0 0 0 1 0 1 0]
26 19 50 0.048226046314000404 [1 1 1 1 1 1 1 1 0 1 0 1 0 1 1 1 0 0 0 0 0 0 1 1 0 1 1 0 0 0 1 0 1 0]
27 19 54 0.048226046314000404 [1 1 1 1 1 1 1 1 0 1 0 1 0 1 1 1 0 0 0 0 0 0 1 1 0 1 1 0 0 0 1 0 1 0]
28 19 55 0.048226046314000404 [1 1 1 1 1 1 1 1 0 1 0 1 0 1 1 1 0 0 0 0 0 0 1 1 0 1 1 0 0 0 1 0 1 0]
29 19 52 0.048226046314000404 [1 1 1 1 1 1 1 1 0 1 0 1 0 1 1 1 0 0 0 0 0 0 1 1 0 1 1 0 0 0 1 0 1 0]
30 19 54 0.048226046314000404 [1 1 1 1 1 1 1 1 0 1 0 1 0 1 1 1 0 0 0 0 0 0 1 1 0 1 1 0 0 0 1 0 1 0]
31 19 51 0.048226046314000404 [1 1 1 1 1 1 1 1 0 1 0 1 0 1 1 1 0 0 0 0 0 0 1 1 0 1 1 0 0 0 1 0 1 0]
32 19 54 0.048226046314000404 [1 1 1 1 1 1 1 1 0 1 0 1 0 1 1 1 0 0 0 0 0 0 1 1 0 1 1 0 0 0 1 0 1 0]
33 19 53 0.048226046314000404 [1 1 1 1 1 1 1 1 0 1 0 1 0 1 1 1 0 0 0 0 0 0 1 1 0 1 1 0 0 0 1 0 1 0]
34 19 55 0.048226046314000404 [1 1 1 1 1 1 1 1 0 1 0 1 0 1 1 1 0 0 0 0 0 0 1 1 0 1 1 0 0 0 1 0 1 0]
35 19 51 0.048226046314000404 [1 1 1 1 1 1 1 1 0 1 0 1 0 1 1 1 0 0 0 0 0 0 1 1 0 1 1 0 0 0 1 0 1 0]
36 19 53 0.048226046314000404 [1 1 1 1 1 1 1 1 0 1 0 1 0 1 1 1 0 0 0 0 0 0 1 1 0 1 1 0 0 0 1 0 1 0]
37 19 54 0.048226046314000404 [1 1 1 1 1 1 1 1 0 1 0 1 0 1 1 1 0 0 0 0 0 0 1 1 0 1 1 0 0 0 1 0 1 0]
38 19 48 0.048226046314000404 [1 1 1 1 1 1 1 1 0 1 0 1 0 1 1 1 0 0 0 0 0 0 1 1 0 1 1 0 0 0 1 0 1 0]
39 19 50 0.048226046314000404 [1 1 1 1 1 1 1 1 0 1 0 1 0 1 1 1 0 0 0 0 0 0 1 1 0 1 1 0 0 0 1 0 1 0]
40 19 52 0.048226046314000404 [1 1 1 1 1 1 1 1 0 1 0 1 0 1 1 1 0 0 0 0 0 0 1 1 0 1 1 0 0 0 1 0 1 0]
41 19 54 0.048226046314000404 [1 1 1 1 1 1 1 1 0 1 0 1 0 1 1 1 0 0 0 0 0 0 1 1 0 1 1 0 0 0 1 0 1 0]
42 19 46 0.048226046314000404 [1 1 1 1 1 1 1 1 0 1 0 1 0 1 1 1 0 0 0 0 0 0 1 1 0 1 1 0 0 0 1 0 1 0]
43 19 52 0.048226046314000404 [1 1 1 1 1 1 1 1 0 1 0 1 0 1 1 1 0 0 0 0 0 0 1 1 0 1 1 0 0 0 1 0 1 0]
44 19 55 0.048226046314000404 [1 1 1 1 1 1 1 1 0 1 0 1 0 1 1 1 0 0 0 0 0 0 1 1 0 1 1 0 0 0 1 0 1 0]
45 19 51 0.048226046314000404 [1 1 1 1 1 1 1 1 0 1 0 1 0 1 1 1 0 0 0 0 0 0 1 1 0 1 1 0 0 0 1 0 1 0]
46 19 51 0.048226046314000404 [1 1 1 1 1 1 1 1 0 1 0 1 0 1 1 1 0 0 0 0 0 0 1 1 0 1 1 0 0 0 1 0 1 0]
47 19 51 0.048226046314000404 [1 1 1 1 1 1 1 1 0 1 0 1 0 1 1 1 0 0 0 0 0 0 1 1 0 1 1 0 0 0 1 0 1 0]
48 19 52 0.048226046314000404 [1 1 1 1 1 1 1 1 0 1 0 1 0 1 1 1 0 0 0 0 0 0 1 1 0 1 1 0 0 0 1 0 1 0]
49 19 54 0.048226046314000404 [1 1 1 1 1 1 1 1 0 1 0 1 0 1 1 1 0 0 0 0 0 0 1 1 0 1 1 0 0 0 1 0 1 0]
50 19 51 0.048226046314000404 [1 1 1 1 1 1 1 1 0 1 0 1 0 1 1 1 0 0 0 0 0 0 1 1 0 1 1 0 0 0 1 0 1 0]
51 19 57 0.048226046314000404 [1 1 1 1 1 1 1 1 0 1 0 1 0 1 1 1 0 0 0 0 0 0 1 1 0 1 1 0 0 0 1 0 1 0]
52 19 52 0.048226046314000404 [1 1 1 1 1 1 1 1 0 1 0 1 0 1 1 1 0 0 0 0 0 0 1 1 0 1 1 0 0 0 1 0 1 0]
53 19 50 0.048226046314000404 [1 1 1 1 1 1 1 1 0 1 0 1 0 1 1 1 0 0 0 0 0 0 1 1 0 1 1 0 0 0 1 0 1 0]
54 19 54 0.048226046314000404 [1 1 1 1 1 1 1 1 0 1 0 1 0 1 1 1 0 0 0 0 0 0 1 1 0 1 1 0 0 0 1 0 1 0]
55 19 49 0.048226046314000404 [1 1 1 1 1 1 1 1 0 1 0 1 0 1 1 1 0 0 0 0 0 0 1 1 0 1 1 0 0 0 1 0 1 0]
56 19 49 0.048226046314000404 [1 1 1 1 1 1 1 1 0 1 0 1 0 1 1 1 0 0 0 0 0 0 1 1 0 1 1 0 0 0 1 0 1 0]
57 19 53 0.048226046314000404 [1 1 1 1 1 1 1 1 0 1 0 1 0 1 1 1 0 0 0 0 0 0 1 1 0 1 1 0 0 0 1 0 1 0]
58 19 51 0.048226046314000404 [1 1 1 1 1 1 1 1 0 1 0 1 0 1 1 1 0 0 0 0 0 0 1 1 0 1 1 0 0 0 1 0 1 0]
59 19 50 0.048226046314000404 [1 1 1 1 1 1 1 1 0 1 0 1 0 1 1 1 0 0 0 0 0 0 1 1 0 1 1 0 0 0 1 0 1 0]
60 19 54 0.048226046314000404 [1 1 1 1 1 1 1 1 0 1 0 1 0 1 1 1 0 0 0 0 0 0 1 1 0 1 1 0 0 0 1 0 1 0]
61 19 49 0.048226046314000404 [1 1 1 1 1 1 1 1 0 1 0 1 0 1 1 1 0 0 0 0 0 0 1 1 0 1 1 0 0 0 1 0 1 0]
62 19 49 0.048226046314000404 [1 1 1 1 1 1 1 1 0 1 0 1 0 1 1 1 0 0 0 0 0 0 1 1 0 1 1 0 0 0 1 0 1 0]
63 19 56 0.048226046314000404 [1 1 1 1 1 1 1 1 0 1 0 1 0 1 1 1 0 0 0 0 0 0 1 1 0 1 1 0 0 0 1 0 1 0]
64 19 52 0.048226046314000404 [1 1 1 1 1 1 1 1 0 1 0 1 0 1 1 1 0 0 0 0 0 0 1 1 0 1 1 0 0 0 1 0 1 0]
65 19 51 0.048226046314000404 [1 1 1 1 1 1 1 1 0 1 0 1 0 1 1 1 0 0 0 0 0 0 1 1 0 1 1 0 0 0 1 0 1 0]
66 19 52 0.048226046314000404 [1 1 1 1 1 1 1 1 0 1 0 1 0 1 1 1 0 0 0 0 0 0 1 1 0 1 1 0 0 0 1 0 1 0]
67 19 50 0.048226046314000404 [1 1 1 1 1 1 1 1 0 1 0 1 0 1 1 1 0 0 0 0 0 0 1 1 0 1 1 0 0 0 1 0 1 0]
68 19 54 0.048226046314000404 [1 1 1 1 1 1 1 1 0 1 0 1 0 1 1 1 0 0 0 0 0 0 1 1 0 1 1 0 0 0 1 0 1 0]
69 20 50 0.04358918433036574 [1 1 1 1 1 1 1 1 0 1 0 1 0 1 1 1 0 0 0 1 0 0 1 1 1 0 0 0 1 0 1 0 1 0]
70 20 51 0.04358918433036574 [1 1 1 1 1 1 1 1 0 1 0 1 0 1 1 1 0 0 0 1 0 0 1 1 1 0 0 0 1 0 1 0 1 0]
71 20 51 0.04358918433036574 [1 1 1 1 1 1 1 1 0 1 0 1 0 1 1 1 0 0 0 1 0 0 1 1 1 0 0 0 1 0 1 0 1 0]
72 20 54 0.04358918433036574 [1 1 1 1 1 1 1 1 0 1 0 1 0 1 1 1 0 0 0 1 0 0 1 1 1 0 0 0 1 0 1 0 1 0]
73 20 51 0.04358918433036574 [1 1 1 1 1 1 1 1 0 1 0 1 0 1 1 1 0 0 0 1 0 0 1 1 1 0 0 0 1 0 1 0 1 0]
74 20 50 0.04358918433036574 [1 1 1 1 1 1 1 1 0 1 0 1 0 1 1 1 0 0 0 1 0 0 1 1 1 0 0 0 1 0 1 0 1 0]
75 20 49 0.04358918433036574 [1 1 1 1 1 1 1 1 0 1 0 1 0 1 1 1 0 0 0 1 0 0 1 1 1 0 0 0 1 0 1 0 1 0]
76 20 51 0.04358918433036574 [1 1 1 1 1 1 1 1 0 1 0 1 0 1 1 1 0 0 0 1 0 0 1 1 1 0 0 0 1 0 1 0 1 0]
77 20 51 0.04358918433036574 [1 1 1 1 1 1 1 1 0 1 0 1 0 1 1 1 0 0 0 1 0 0 1 1 1 0 0 0 1 0 1 0 1 0]
78 20 49 0.04358918433036574 [1 1 1 1 1 1 1 1 0 1 0 1 0 1 1 1 0 0 0 1 0 0 1 1 1 0 0 0 1 0 1 0 1 0]
79 20 49 0.04358918433036574 [1 1 1 1 1 1 1 1 0 1 0 1 0 1 1 1 0 0 0 1 0 0 1 1 1 0 0 0 1 0 1 0 1 0]
80 20 51 0.04358918433036574 [1 1 1 1 1 1 1 1 0 1 0 1 0 1 1 1 0 0 0 1 0 0 1 1 1 0 0 0 1 0 1 0 1 0]
81 20 52 0.04358918433036574 [1 1 1 1 1 1 1 1 0 1 0 1 0 1 1 1 0 0 0 1 0 0 1 1 1 0 0 0 1 0 1 0 1 0]
82 20 50 0.04358918433036574 [1 1 1 1 1 1 1 1 0 1 0 1 0 1 1 1 0 0 0 1 0 0 1 1 1 0 0 0 1 0 1 0 1 0]
83 20 52 0.04358918433036574 [1 1 1 1 1 1 1 1 0 1 0 1 0 1 1 1 0 0 0 1 0 0 1 1 1 0 0 0 1 0 1 0 1 0]
84 20 56 0.04358918433036574 [1 1 1 1 1 1 1 1 0 1 0 1 0 1 1 1 0 0 0 1 0 0 1 1 1 0 0 0 1 0 1 0 1 0]
85 20 50 0.04358918433036574 [1 1 1 1 1 1 1 1 0 1 0 1 0 1 1 1 0 0 0 1 0 0 1 1 1 0 0 0 1 0 1 0 1 0]
86 20 53 0.04358918433036574 [1 1 1 1 1 1 1 1 0 1 0 1 0 1 1 1 0 0 0 1 0 0 1 1 1 0 0 0 1 0 1 0 1 0]
87 20 50 0.04358918433036574 [1 1 1 1 1 1 1 1 0 1 0 1 0 1 1 1 0 0 0 1 0 0 1 1 1 0 0 0 1 0 1 0 1 0]
88 20 51 0.04358918433036574 [1 1 1 1 1 1 1 1 0 1 0 1 0 1 1 1 0 0 0 1 0 0 1 1 1 0 0 0 1 0 1 0 1 0]
89 20 50 0.04358918433036574 [1 1 1 1 1 1 1 1 0 1 0 1 0 1 1 1 0 0 0 1 0 0 1 1 1 0 0 0 1 0 1 0 1 0]
90 20 53 0.04358918433036574 [1 1 1 1 1 1 1 1 0 1 0 1 0 1 1 1 0 0 0 1 0 0 1 1 1 0 0 0 1 0 1 0 1 0]
91 20 54 0.04358918433036574 [1 1 1 1 1 1 1 1 0 1 0 1 0 1 1 1 0 0 0 1 0 0 1 1 1 0 0 0 1 0 1 0 1 0]
92 20 51 0.04358918433036574 [1 1 1 1 1 1 1 1 0 1 0 1 0 1 1 1 0 0 0 1 0 0 1 1 1 0 0 0 1 0 1 0 1 0]
93 20 55 0.04358918433036574 [1 1 1 1 1 1 1 1 0 1 0 1 0 1 1 1 0 0 0 1 0 0 1 1 1 0 0 0 1 0 1 0 1 0]
94 20 49 0.04358918433036574 [1 1 1 1 1 1 1 1 0 1 0 1 0 1 1 1 0 0 0 1 0 0 1 1 1 0 0 0 1 0 1 0 1 0]
95 20 51 0.04358918433036574 [1 1 1 1 1 1 1 1 0 1 0 1 0 1 1 1 0 0 0 1 0 0 1 1 1 0 0 0 1 0 1 0 1 0]
96 20 54 0.04358918433036574 [1 1 1 1 1 1 1 1 0 1 0 1 0 1 1 1 0 0 0 1 0 0 1 1 1 0 0 0 1 0 1 0 1 0]
97 20 51 0.04358918433036574 [1 1 1 1 1 1 1 1 0 1 0 1 0 1 1 1 0 0 0 1 0 0 1 1 1 0 0 0 1 0 1 0 1 0]
98 20 54 0.04358918433036574 [1 1 1 1 1 1 1 1 0 1 0 1 0 1 1 1 0 0 0 1 0 0 1 1 1 0 0 0 1 0 1 0 1 0]
99 20 51 0.04358918433036574 [1 1 1 1 1 1 1 1 0 1 0 1 0 1 1 1 0 0 0 1 0 0 1 1 1 0 0 0 1 0 1 0 1 0]
100 20 51 0.04358918433036574 [1 1 1 1 1 1 1 1 0 1 0 1 0 1 1 1 0 0 0 1 0 0 1 1 1 0 0 0 1 0 1 0 1 0]
101 20 52 0.04358918433036574 [1 1 1 1 1 1 1 1 0 1 0 1 0 1 1 1 0 0 0 1 0 0 1 1 1 0 0 0 1 0 1 0 1 0]
102 20 53 0.04358918433036574 [1 1 1 1 1 1 1 1 0 1 0 1 0 1 1 1 0 0 0 1 0 0 1 1 1 0 0 0 1 0 1 0 1 0]
103 20 52 0.04358918433036574 [1 1 1 1 1 1 1 1 0 1 0 1 0 1 1 1 0 0 0 1 0 0 1 1 1 0 0 0 1 0 1 0 1 0]
104 20 51 0.04358918433036574 [1 1 1 1 1 1 1 1 0 1 0 1 0 1 1 1 0 0 0 1 0 0 1 1 1 0 0 0 1 0 1 0 1 0]
105 20 47 0.04358918433036574 [1 1 1 1 1 1 1 1 0 1 0 1 0 1 1 1 0 0 0 1 0 0 1 1 1 0 0 0 1 0 1 0 1 0]
106 20 51 0.04358918433036574 [1 1 1 1 1 1 1 1 0 1 0 1 0 1 1 1 0 0 0 1 0 0 1 1 1 0 0 0 1 0 1 0 1 0]
107 20 55 0.04358918433036574 [1 1 1 1 1 1 1 1 0 1 0 1 0 1 1 1 0 0 0 1 0 0 1 1 1 0 0 0 1 0 1 0 1 0]
108 20 52 0.04358918433036574 [1 1 1 1 1 1 1 1 0 1 0 1 0 1 1 1 0 0 0 1 0 0 1 1 1 0 0 0 1 0 1 0 1 0]
109 20 51 0.04358918433036574 [1 1 1 1 1 1 1 1 0 1 0 1 0 1 1 1 0 0 0 1 0 0 1 1 1 0 0 0 1 0 1 0 1 0]
110 20 47 0.04358918433036574 [1 1 1 1 1 1 1 1 0 1 0 1 0 1 1 1 0 0 0 1 0 0 1 1 1 0 0 0 1 0 1 0 1 0]
111 20 49 0.04358918433036574 [1 1 1 1 1 1 1 1 0 1 0 1 0 1 1 1 0 0 0 1 0 0 1 1 1 0 0 0 1 0 1 0 1 0]
112 20 51 0.04358918433036574 [1 1 1 1 1 1 1 1 0 1 0 1 0 1 1 1 0 0 0 1 0 0 1 1 1 0 0 0 1 0 1 0 1 0]
113 20 52 0.04358918433036574 [1 1 1 1 1 1 1 1 0 1 0 1 0 1 1 1 0 0 0 1 0 0 1 1 1 0 0 0 1 0 1 0 1 0]
114 20 52 0.04358918433036574 [1 1 1 1 1 1 1 1 0 1 0 1 0 1 1 1 0 0 0 1 0 0 1 1 1 0 0 0 1 0 1 0 1 0]
115 20 54 0.04358918433036574 [1 1 1 1 1 1 1 1 0 1 0 1 0 1 1 1 0 0 0 1 0 0 1 1 1 0 0 0 1 0 1 0 1 0]
116 20 49 0.04358918433036574 [1 1 1 1 1 1 1 1 0 1 0 1 0 1 1 1 0 0 0 1 0 0 1 1 1 0 0 0 1 0 1 0 1 0]
117 20 53 0.04358918433036574 [1 1 1 1 1 1 1 1 0 1 0 1 0 1 1 1 0 0 0 1 0 0 1 1 1 0 0 0 1 0 1 0 1 0]
118 20 50 0.04358918433036574 [1 1 1 1 1 1 1 1 0 1 0 1 0 1 1 1 0 0 0 1 0 0 1 1 1 0 0 0 1 0 1 0 1 0]
119 20 56 0.04358918433036574 [1 1 1 1 1 1 1 1 0 1 0 1 0 1 1 1 0 0 0 1 0 0 1 1 1 0 0 0 1 0 1 0 1 0]
120 20 49 0.04358918433036574 [1 1 1 1 1 1 1 1 0 1 0 1 0 1 1 1 0 0 0 1 0 0 1 1 1 0 0 0 1 0 1 0 1 0]
121 20 50 0.04358918433036574 [1 1 1 1 1 1 1 1 0 1 0 1 0 1 1 1 0 0 0 1 0 0 1 1 1 0 0 0 1 0 1 0 1 0]
122 20 55 0.04358918433036574 [1 1 1 1 1 1 1 1 0 1 0 1 0 1 1 1 0 0 0 1 0 0 1 1 1 0 0 0 1 0 1 0 1 0]
123 20 52 0.04358918433036574 [1 1 1 1 1 1 1 1 0 1 0 1 0 1 1 1 0 0 0 1 0 0 1 1 1 0 0 0 1 0 1 0 1 0]
124 20 50 0.04358918433036574 [1 1 1 1 1 1 1 1 0 1 0 1 0 1 1 1 0 0 0 1 0 0 1 1 1 0 0 0 1 0 1 0 1 0]
125 20 51 0.04358918433036574 [1 1 1 1 1 1 1 1 0 1 0 1 0 1 1 1 0 0 0 1 0 0 1 1 1 0 0 0 1 0 1 0 1 0]
126 20 49 0.04358918433036574 [1 1 1 1 1 1 1 1 0 1 0 1 0 1 1 1 0 0 0 1 0 0 1 1 1 0 0 0 1 0 1 0 1 0]
127 20 50 0.04358918433036574 [1 1 1 1 1 1 1 1 0 1 0 1 0 1 1 1 0 0 0 1 0 0 1 1 1 0 0 0 1 0 1 0 1 0]
128 20 53 0.04358918433036574 [1 1 1 1 1 1 1 1 0 1 0 1 0 1 1 1 0 0 0 1 0 0 1 1 1 0 0 0 1 0 1 0 1 0]
129 20 52 0.04358918433036574 [1 1 1 1 1 1 1 1 0 1 0 1 0 1 1 1 0 0 0 1 0 0 1 1 1 0 0 0 1 0 1 0 1 0]
130 20 48 0.04358918433036574 [1 1 1 1 1 1 1 1 0 1 0 1 0 1 1 1 0 0 0 1 0 0 1 1 1 0 0 0 1 0 1 0 1 0]
131 20 53 0.04358918433036574 [1 1 1 1 1 1 1 1 0 1 0 1 0 1 1 1 0 0 0 1 0 0 1 1 1 0 0 0 1 0 1 0 1 0]
132 20 50 0.04358918433036574 [1 1 1 1 1 1 1 1 0 1 0 1 0 1 1 1 0 0 0 1 0 0 1 1 1 0 0 0 1 0 1 0 1 0]
133 20 48 0.04358918433036574 [1 1 1 1 1 1 1 1 0 1 0 1 0 1 1 1 0 0 0 1 0 0 1 1 1 0 0 0 1 0 1 0 1 0]
134 20 48 0.04358918433036574 [1 1 1 1 1 1 1 1 0 1 0 1 0 1 1 1 0 0 0 1 0 0 1 1 1 0 0 0 1 0 1 0 1 0]
135 20 48 0.04358918433036574 [1 1 1 1 1 1 1 1 0 1 0 1 0 1 1 1 0 0 0 1 0 0 1 1 1 0 0 0 1 0 1 0 1 0]
136 20 51 0.04358918433036574 [1 1 1 1 1 1 1 1 0 1 0 1 0 1 1 1 0 0 0 1 0 0 1 1 1 0 0 0 1 0 1 0 1 0]
137 20 54 0.04358918433036574 [1 1 1 1 1 1 1 1 0 1 0 1 0 1 1 1 0 0 0 1 0 0 1 1 1 0 0 0 1 0 1 0 1 0]
138 20 52 0.04358918433036574 [1 1 1 1 1 1 1 1 0 1 0 1 0 1 1 1 0 0 0 1 0 0 1 1 1 0 0 0 1 0 1 0 1 0]
139 20 49 0.04358918433036574 [1 1 1 1 1 1 1 1 0 1 0 1 0 1 1 1 0 0 0 1 0 0 1 1 1 0 0 0 1 0 1 0 1 0]
140 20 51 0.04358918433036574 [1 1 1 1 1 1 1 1 0 1 0 1 0 1 1 1 0 0 0 1 0 0 1 1 1 0 0 0 1 0 1 0 1 0]
141 20 51 0.04358918433036574 [1 1 1 1 1 1 1 1 0 1 0 1 0 1 1 1 0 0 0 1 0 0 1 1 1 0 0 0 1 0 1 0 1 0]
142 20 52 0.04358918433036574 [1 1 1 1 1 1 1 1 0 1 0 1 0 1 1 1 0 0 0 1 0 0 1 1 1 0 0 0 1 0 1 0 1 0]
143 20 49 0.04358918433036574 [1 1 1 1 1 1 1 1 0 1 0 1 0 1 1 1 0 0 0 1 0 0 1 1 1 0 0 0 1 0 1 0 1 0]
144 20 53 0.04358918433036574 [1 1 1 1 1 1 1 1 0 1 0 1 0 1 1 1 0 0 0 1 0 0 1 1 1 0 0 0 1 0 1 0 1 0]
145 20 52 0.04358918433036574 [1 1 1 1 1 1 1 1 0 1 0 1 0 1 1 1 0 0 0 1 0 0 1 1 1 0 0 0 1 0 1 0 1 0]
146 20 50 0.04358918433036574 [1 1 1 1 1 1 1 1 0 1 0 1 0 1 1 1 0 0 0 1 0 0 1 1 1 0 0 0 1 0 1 0 1 0]
147 20 51 0.04358918433036574 [1 1 1 1 1 1 1 1 0 1 0 1 0 1 1 1 0 0 0 1 0 0 1 1 1 0 0 0 1 0 1 0 1 0]
148 20 52 0.04358918433036574 [1 1 1 1 1 1 1 1 0 1 0 1 0 1 1 1 0 0 0 1 0 0 1 1 1 0 0 0 1 0 1 0 1 0]
149 20 50 0.04358918433036574 [1 1 1 1 1 1 1 1 0 1 0 1 0 1 1 1 0 0 0 1 0 0 1 1 1 0 0 0 1 0 1 0 1 0]
150 20 50 0.04358918433036574 [1 1 1 1 1 1 1 1 0 1 0 1 0 1 1 1 0 0 0 1 0 0 1 1 1 0 0 0 1 0 1 0 1 0]
