0 19 100 0.056482764622789894 [1 1 1 1 1 1 1 0 1 0 0 1 0 0 0 0 1 1 1 1 0 1 1 0 0 1 0 1 1 0 0 0 0 1]
1 19 90 0.056482764622789894 [1 1 1 1 1 1 1 0 1 0 0 1 0 0 0 0 1 1 1 1 0 1 1 0 0 1 0 1 1 0 0 0 0 1]
2 18 58 0.054473564692367304 [1 1 1 1 1 1 1 1 1 0 0 0 0 1 0 0 1 1 1 0 1 1 0 0 1 0 0 1 1 0 0 0 0 0]
3 18 52 0.054473564692367304 [1 1 1 1 1 1 1 1 1 0 0 0 0 1 0 0 1 1 1 0 1 1 0 0 1 0 0 1 1 0 0 0 0 0]
4 18 54 0.054473564692367304 [1 1 1 1 1 1 1 1 1 0 0 0 0 1 0 0 1 1 1 0 1 1 0 0 1 0 0 1 1 0 0 0 0 0]
5 18 52 0.054473564692367304 [1 1 1 1 1 1 1 1 1 0 0 0 0 1 0 0 1 1 1 0 1 1 0 0 1 0 0 1 1 0 0 0 0 0]
6 18 52 0.054473564692367304 [1 1 1 1 1 1 1 1 1 0 0 0 0 1 0 0 1 1 1 0 1 1 0 0 1 0 0 1 1 0 0 0 0 0]
7 18 53 0.054473564692367304 [1 1 1 1 1 1 1 1 1 0 0 0 0 1 0 0 1 1 1 0 1 1 0 0 1 0 0 1 1 0 0 0 0 0]
8 19 53 0.051340445083702946 [1 1 1 1 1 1 1 1 0 1 0 1 0 0 1 0 1 0 1 1 0 1 1 0 1 0 0 1 0 0 0 0 1 0]
9 19 51 0.051340445083702946 [1 1 1 1 1 1 1 1 0 1 0 1 0 0 1 0 1 0 1 1 0 1 1 0 1 0 0 1 0 0 0 0 1 0]
10 19 52 0.051340445083702946 [1 1 1 1 1 1 1 1 0 1 0 1 0 0 1 0 1 0 1 1 0 1 1 0 1 0 0 1 0 0 0 0 1 0]
11 19 51 0.051340445083702946 [1 1 1 1 1 1 1 1 0 1 0 1 0 0 1 0 1 0 1 1 0 1 1 0 1 0 0 1 0 0 0 0 1 0]
12 19 54 0.051340445083702946 [1 1 1 1 1 1 1 1 0 1 0 1 0 0 1 0 1 0 1 1 0 1 1 0 1 0 0 1 0 0 0 0 1 0]
13 19 52 0.051340445083702946 [1 1 1 1 1 1 1 1 0 1 0 1 0 0 1 0 1 0 1 1 0 1 1 0 1 0 0 1 0 0 0 0 1 0]
14 19 55 0.051340445083702946 [1 1 1 1 1 1 1 1 0 1 0 1 0 0 1 0 1 0 1 1 0 1 1 0 1 0 0 1 0 0 0 0 1 0]
15 19 52 0.051340445083702946 [1 1 1 1 1 1 1 1 0 1 0 1 0 0 1 0 1 0 1 1 0 1 1 0 1 0 0 1 0 0 0 0 1 0]
16 19 54 0.051340445083702946 [1 1 1 1 1 1 1 1 0 1 0 1 0 0 1 0 1 0 1 1 0 1 1 0 1 0 0 1 0 0 0 0 1 0]
17 19 53 0.051340445083702946 [1 1 1 1 1 1 1 1 0 1 0 1 0 0 1 0 1 0 1 1 0 1 1 0 1 0 0 1 0 0 0 0 1 0]
18 19 52 0.051340445083702946 [1 1 1 1 1 1 1 1 0 1 0 1 0 0 1 0 1 0 1 1 0 1 1 0 1 0 0 1 0 0 0 0 1 0]
19 19 51 0.051340445083702946 [1 1 1 1 1 1 1 1 0 1 0 1 0 0 1 0 1 0 1 1 0 1 1 0 1 0 0 1 0 0 0 0 1 0]
20 19 52 0.051340445083702946 [1 1 1 1 1 1 1 1 0 1 0 1 0 0 1 0 1 0 1 1 0 1 1 0 1 0 0 1 0 0 0 0 1 0]
21 19 52 0.051340445083702946 [1 1 1 1 1 1 1 1 0 1 0 1 0 0 1 0 1 0 1 1 0 1 1 0 1 0 0 1 0 0 0 0 1 0]
22 19 56 0.051340445083702946 [1 1 1 1 1 1 1 1 0 1 0 1 0 0 1 0 1 0 1 1 0 1 1 0 1 0 0 1 0 0 0 0 1 0]
23 19 56 0.051340445083702946 [1 1 1 1 1 1 1 1 0 1 0 1 0 0 1 0 1 0 1 1 0 1 1 0 1 0 0 1 0 0 0 0 1 0]
24 19 52 0.051340445083702946 [1 1 1 1 1 1 1 1 0 1 0 1 0 0 1 0 1 0 1 1 0 1 1 0 1 0 0 1 0 0 0 0 1 0]
25 19 53 0.051340445083702946 [1 1 1 1 1 1 1 1 0 1 0 1 0 0 1 0 1 0 1 1 0 1 1 0 1 0 0 1 0 0 0 0 1 0]
26 19 52 0.051340445083702946 [1 1 1 1 1 1 1 1 0 1 0 1 0 0 1 0 1 0 1 1 0 1 1 0 1 0 0 1 0 0 0 0 1 0]
27 19 52 0.051340445083702946 [1 1 1 1 1 1 1 1 0 1 0 1 0 0 1 0 1 0 1 1 0 1 1 0 1 0 0 1 0 0 0 0 1 0]
28 19 48 0.051340445083702946 [1 1 1 1 1 1 1 1 0 1 0 1 0 0 1 0 1 0 1 1 0 1 1 0 1 0 0 1 0 0 0 0 1 0]
29 19 53 0.051340445083702946 [1 1 1 1 1 1 1 1 0 1 0 1 0 0 1 0 1 0 1 1 0 1 1 0 1 0 0 1 0 0 0 0 1 0]
30 17 55 0.049327354260089606 [1 1 1 1 1 1 1 1 1 1 0 1 0 0 0 0 0 0 1 1 0 0 1 1 1 0 0 1 0 0 0 0 0 0]
31 17 50 0.049327354260089606 [1 1 1 1 1 1 1 1 1 1 0 1 0 0 0 0 0 0 1 1 0 0 1 1 1 0 0 1 0 0 0 0 0 0]
32 17 53 0.049327354260089606 [1 1 1 1 1 1 1 1 1 1 0 1 0 0 0 0 0 0 1 1 0 0 1 1 1 0 0 1 0 0 0 0 0 0]
33 17 51 0.049327354260089606 [1 1 1 1 1 1 1 1 1 1 0 1 0 0 0 0 0 0 1 1 0 0 1 1 1 0 0 1 0 0 0 0 0 0]
34 17 52 0.049327354260089606 [1 1 1 1 1 1 1 1 1 1 0 1 0 0 0 0 0 0 1 1 0 0 1 1 1 0 0 1 0 0 0 0 0 0]
35 17 54 0.049327354260089606 [1 1 1 1 1 1 1 1 1 1 0 1 0 0 0 0 0 0 1 1 0 0 1 1 1 0 0 1 0 0 0 0 0 0]
36 17 54 0.049327354260089606 [1 1 1 1 1 1 1 1 1 1 0 1 0 0 0 0 0 0 1 1 0 0 1 1 1 0 0 1 0 0 0 0 0 0]
37 17 52 0.049327354260089606 [1 1 1 1 1 1 1 1 1 1 0 1 0 0 0 0 0 0 1 1 0 0 1 1 1 0 0 1 0 0 0 0 0 0]
38 17 51 0.049327354260089606 [1 1 1 1 1 1 1 1 1 1 0 1 0 0 0 0 0 0 1 1 0 0 1 1 1 0 0 1 0 0 0 0 0 0]
39 17 52 0.049327354260089606 [1 1 1 1 1 1 1 1 1 1 0 1 0 0 0 0 0 0 1 1 0 0 1 1 1 0 0 1 0 0 0 0 0 0]
40 17 49 0.049327354260089606 [1 1 1 1 1 1 1 1 1 1 0 1 0 0 0 0 0 0 1 1 0 0 1 1 1 0 0 1 0 0 0 0 0 0]
41 17 49 0.049327354260089606 [1 1 1 1 1 1 1 1 1 1 0 1 0 0 0 0 0 0 1 1 0 0 1 1 1 0 0 1 0 0 0 0 0 0]
42 17 51 0.049327354260089606 [1 1 1 1 1 1 1 1 1 1 0 1 0 0 0 0 0 0 1 1 0 0 1 1 1 0 0 1 0 0 0 0 0 0]
43 17 54 0.049327354260089606 [1 1 1 1 1 1 1 1 1 1 0 1 0 0 0 0 0 0 1 1 0 0 1 1 1 0 0 1 0 0 0 0 0 0]
44 17 55 0.049327354260089606 [1 1 1 1 1 1 1 1 1 1 0 1 0 0 0 0 0 0 1 1 0 0 1 1 1 0 0 1 0 0 0 0 0 0]
45 17 49 0.049327354260089606 [1 1 1 1 1 1 1 1 1 1 0 1 0 0 0 0 0 0 1 1 0 0 1 1 1 0 0 1 0 0 0 0 0 0]
46 17 51 0.049327354260089606 [1 1 1 1 1 1 1 1 1 1 0 1 0 0 0 0 0 0 1 1 0 0 1 1 1 0 0 1 0 0 0 0 0 0]
47 17 49 0.049327354260089606 [1 1 1 1 1 1 1 1 1 1 0 1 0 0 0 0 0 0 1 1 0 0 1 1 1 0 0 1 0 0 0 0 0 0]
48 17 54 0.049327354260089606 [1 1 1 1 1 1 1 1 1 1 0 1 0 0 0 0 0 0 1 1 0 0 1 1 1 0 0 1 0 0 0 0 0 0]
49 17 52 0.049327354260089606 [1 1 1 1 1 1 1 1 1 1 0 1 0 0 0 0 0 0 1 1 0 0 1 1 1 0 0 1 0 0 0 0 0 0]
50 17 48 0.049327354260089606 [1 1 1 1 1 1 1 1 1 1 0 1 0 0 0 0 0 0 1 1 0 0 1 1 1 0 0 1 0 0 0 0 0 0]
51 17 50 0.049327354260089606 [1 1 1 1 1 1 1 1 1 1 0 1 0 0 0 0 0 0 1 1 0 0 1 1 1 0 0 1 0 0 0 0 0 0]
52 17 52 0.049327354260089606 [1 1 1 1 1 1 1 1 1 1 0 1 0 0 0 0 0 0 1 1 0 0 1 1 1 0 0 1 0 0 0 0 0 0]
53 17 52 0.049327354260089606 [1 1 1 1 1 1 1 1 1 1 0 1 0 0 0 0 0 0 1 1 0 0 1 1 1 0 0 1 0 0 0 0 0 0]
54 17 50 0.049327354260089606 [1 1 1 1 1 1 1 1 1 1 0 1 0 0 0 0 0 0 1 1 0 0 1 1 1 0 0 1 0 0 0 0 0 0]
55 17 49 0.049327354260089606 [1 1 1 1 1 1 1 1 1 1 0 1 0 0 0 0 0 0 1 1 0 0 1 1 1 0 0 1 0 0 0 0 0 0]
56 17 52 0.049327354260089606 [1 1 1 1 1 1 1 1 1 1 0 1 0 0 0 0 0 0 1 1 0 0 1 1 1 0 0 1 0 0 0 0 0 0]
57 17 48 0.049327354260089606 [1 1 1 1 1 1 1 1 1 1 0 1 0 0 0 0 0 0 1 1 0 0 1 1 1 0 0 1 0 0 0 0 0 0]
58 19 54 0.048226046314000404 [1 1 1 1 1 1 1 1 1 1 0 1 0 1 0 0 0 1 0 1 0 0 1 0 1 1 0 1 0 0 1 0 0 0]
59 19 56 0.048226046314000404 [1 1 1 1 1 1 1 1 1 1 0 1 0 1 0 0 0 1 0 1 0 0 1 0 1 1 0 1 0 0 1 0 0 0]
60 19 49 0.048226046314000404 [1 1 1 1 1 1 1 1 1 1 0 1 0 1 0 0 0 1 0 1 0 0 1 0 1 1 0 1 0 0 1 0 0 0]
61 19 56 0.048226046314000404 [1 1 1 1 1 1 1 1 1 1 0 1 0 1 0 0 0 1 0 1 0 0 1 0 1 1 0 1 0 0 1 0 0 0]
62 19 55 0.048226046314000404 [1 1 1 1 1 1 1 1 1 1 0 1 0 1 0 0 0 1 0 1 0 0 1 0 1 1 0 1 0 0 1 0 0 0]
63 19 54 0.048226046314000404 [1 1 1 1 1 1 1 1 1 1 0 1 0 1 0 0 0 1 0 1 0 0 1 0 1 1 0 1 0 0 1 0 0 0]
64 19 53 0.048226046314000404 [1 1 1 1 1 1 1 1 1 1 0 1 0 1 0 0 0 1 0 1 0 0 1 0 1 1 0 1 0 0 1 0 0 0]
65 20 52 0.046675814887735534 [1 1 1 1 1 1 1 1 1 0 0 1 0 1 0 1 0 1 0 1 1 0 1 0 0 0 1 1 1 0 1 0 0 0]
66 20 47 0.046675814887735534 [1 1 1 1 1 1 1 1 1 0 0 1 0 1 0 1 0 1 0 1 1 0 1 0 0 0 1 1 1 0 1 0 0 0]
67 20 50 0.046675814887735534 [1 1 1 1 1 1 1 1 1 0 0 1 0 1 0 1 0 1 0 1 1 0 1 0 0 0 1 1 1 0 1 0 0 0]
68 20 49 0.046675814887735534 [1 1 1 1 1 1 1 1 1 0 0 1 0 1 0 1 0 1 0 1 1 0 1 0 0 0 1 1 1 0 1 0 0 0]
69 20 53 0.046675814887735534 [1 1 1 1 1 1 1 1 1 0 0 1 0 1 0 1 0 1 0 1 1 0 1 0 0 0 1 1 1 0 1 0 0 0]
70 20 49 0.046675814887735534 [1 1 1 1 1 1 1 1 1 0 0 1 0 1 0 1 0 1 0 1 1 0 1 0 0 0 1 1 1 0 1 0 0 0]
71 20 51 0.046675814887735534 [1 1 1 1 1 1 1 1 1 0 0 1 0 1 0 1 0 1 0 1 1 0 1 0 0 0 1 1 1 0 1 0 0 0]
72 20 51 0.046675814887735534 [1 1 1 1 1 1 1 1 1 0 0 1 0 1 0 1 0 1 0 1 1 0 1 0 0 0 1 1 1 0 1 0 0 0]
73 20 49 0.046675814887735534 [1 1 1 1 1 1 1 1 1 0 0 1 0 1 0 1 0 1 0 1 1 0 1 0 0 0 1 1 1 0 1 0 0 0]
74 20 52 0.046675814887735534 [1 1 1 1 1 1 1 1 1 0 0 1 0 1 0 1 0 1 0 1 1 0 1 0 0 0 1 1 1 0 1 0 0 0]
75 20 50 0.046675814887735534 [1 1 1 1 1 1 1 1 1 0 0 1 0 1 0 1 0 1 0 1 1 0 1 0 0 0 1 1 1 0 1 0 0 0]
76 20 51 0.046675814887735534 [1 1 1 1 1 1 1 1 1 0 0 1 0 1 0 1 0 1 0 1 1 0 1 0 0 0 1 1 1 0 1 0 0 0]
77 20 53 0.046675814887735534 [1 1 1 1 1 1 1 1 1 0 0 1 0 1 0 1 0 1 0 1 1 0 1 0 0 0 1 1 1 0 1 0 0 0]
78 20 54 0.046675814887735534 [1 1 1 1 1 1 1 1 1 0 0 1 0 1 0 1 0 1 0 1 1 0 1 0 0 0 1 1 1 0 1 0 0 0]
79 20 46 0.046675814887735534 [1 1 1 1 1 1 1 1 1 0 0 1 0 1 0 1 0 1 0 1 1 0 1 0 0 0 1 1 1 0 1 0 0 0]
80 20 51 0.046675814887735534 [1 1 1 1 1 1 1 1 1 0 0 1 0 1 0 1 0 1 0 1 1 0 1 0 0 0 1 1 1 0 1 0 0 0]
81 20 50 0.046675814887735534 [1 1 1 1 1 1 1 1 1 0 0 1 0 1 0 1 0 1 0 1 1 0 1 0 0 0 1 1 1 0 1 0 0 0]
82 20 49 0.046675814887735534 [1 1 1 1 1 1 1 1 1 0 0 1 0 1 0 1 0 1 0 1 1 0 1 0 0 0 1 1 1 0 1 0 0 0]
83 20 54 0.046675814887735534 [1 1 1 1 1 1 1 1 1 0 0 1 0 1 0 1 0 1 0 1 1 0 1 0 0 0 1 1 1 0 1 0 0 0]
84 20 52 0.046675814887735534 [1 1 1 1 1 1 1 1 1 0 0 1 0 1 0 1 0 1 0 1 1 0 1 0 0 0 1 1 1 0 1 0 0 0]
85 20 51 0.046675814887735534 [1 1 1 1 1 1 1 1 1 0 0 1 0 1 0 1 0 1 0 1 1 0 1 0 0 0 1 1 1 0 1 0 0 0]
86 20 50 0.046675814887735534 [1 1 1 1 1 1 1 1 1 0 0 1 0 1 0 1 0 1 0 1 1 0 1 0 0 0 1 1 1 0 1 0 0 0]
87 20 51 0.046675814887735534 [1 1 1 1 1 1 1 1 1 0 0 1 0 1 0 1 0 1 0 1 1 0 1 0 0 0 1 1 1 0 1 0 0 0]
88 20 49 0.046675814887735534 [1 1 1 1 1 1 1 1 1 0 0 1 0 1 0 1 0 1 0 1 1 0 1 0 0 0 1 1 1 0 1 0 0 0]
89 20 51 0.046675814887735534 [1 1 1 1 1 1 1 1 1 0 0 1 0 1 0 1 0 1 0 1 1 0 1 0 0 0 1 1 1 0 1 0 0 0]
90 20 52 0.046675814887735534 [1 1 1 1 1 1 1 1 1 0 0 1 0 1 0 1 0 1 0 1 1 0 1 0 0 0 1 1 1 0 1 0 0 0]
91 20 51 0.046675814887735534 [1 1 1 1 1 1 1 1 1 0 0 1 0 1 0 1 0 1 0 1 1 0 1 0 0 0 1 1 1 0 1 0 0 0]
92 20 51 0.046675814887735534 [1 1 1 1 1 1 1 1 1 0 0 1 0 1 0 1 0 1 0 1 1 0 1 0 0 0 1 1 1 0 1 0 0 0]
93 20 50 0.046675814887735534 [1 1 1 1 1 1 1 1 1 0 0 1 0 1 0 1 0 1 0 1 1 0 1 0 0 0 1 1 1 0 1 0 0 0]
94 20 51 0.046675814887735534 [1 1 1 1 1 1 1 1 1 0 0 1 0 1 0 1 0 1 0 1 1 0 1 0 0 0 1 1 1 0 1 0 0 0]
95 20 49 0.046675814887735534 [1 1 1 1 1 1 1 1 1 0 0 1 0 1 0 1 0 1 0 1 1 0 1 0 0 0 1 1 1 0 1 0 0 0]
96 19 54 0.04513020109350374 [1 1 1 1 1 1 1 1 0 0 0 1 0 0 1 0 0 0 0 1 0 1 1 0 0 1 1 1 1 0 1 0 1 0]
97 19 50 0.04513020109350374 [1 1 1 1 1 1 1 1 0 0 0 1 0 0 1 0 0 0 0 1 0 1 1 0 0 1 1 1 1 0 1 0 1 0]
98 19 49 0.04513020109350374 [1 1 1 1 1 1 1 1 0 0 0 1 0 0 1 0 0 0 0 1 0 1 1 0 0 1 1 1 1 0 1 0 1 0]
99 19 50 0.04513020109350374 [1 1 1 1 1 1 1 1 0 0 0 1 0 0 1 0 0 0 0 1 0 1 1 0 0 1 1 1 1 0 1 0 1 0]
100 19 50 0.04513020109350374 [1 1 1 1 1 1 1 1 0 0 0 1 0 0 1 0 0 0 0 1 0 1 1 0 0 1 1 1 1 0 1 0 1 0]
101 19 52 0.04513020109350374 [1 1 1 1 1 1 1 1 0 0 0 1 0 0 1 0 0 0 0 1 0 1 1 0 0 1 1 1 1 0 1 0 1 0]
102 19 52 0.04513020109350374 [1 1 1 1 1 1 1 1 0 0 0 1 0 0 1 0 0 0 0 1 0 1 1 0 0 1 1 1 1 0 1 0 1 0]
103 19 51 0.04513020109350374 [1 1 1 1 1 1 1 1 0 0 0 1 0 0 1 0 0 0 0 1 0 1 1 0 0 1 1 1 1 0 1 0 1 0]
104 19 54 0.04513020109350374 [1 1 1 1 1 1 1 1 0 0 0 1 0 0 1 0 0 0 0 1 0 1 1 0 0 1 1 1 1 0 1 0 1 0]
105 19 54 0.04513020109350374 [1 1 1 1 1 1 1 1 0 0 0 1 0 0 1 0 0 0 0 1 0 1 1 0 0 1 1 1 1 0 1 0 1 0]
106 19 51 0.04513020109350374 [1 1 1 1 1 1 1 1 0 0 0 1 0 0 1 0 0 0 0 1 0 1 1 0 0 1 1 1 1 0 1 0 1 0]
107 19 49 0.04513020109350374 [1 1 1 1 1 1 1 1 0 0 0 1 0 0 1 0 0 0 0 1 0 1 1 0 0 1 1 1 1 0 1 0 1 0]
108 19 54 0.04513020109350374 [1 1 1 1 1 1 1 1 0 0 0 1 0 0 1 0 0 0 0 1 0 1 1 0 0 1 1 1 1 0 1 0 1 0]
109 19 51 0.04513020109350374 [1 1 1 1 1 1 1 1 0 0 0 1 0 0 1 0 0 0 0 1 0 1 1 0 0 1 1 1 1 0 1 0 1 0]
110 19 51 0.04513020109350374 [1 1 1 1 1 1 1 1 0 0 0 1 0 0 1 0 0 0 0 1 0 1 1 0 0 1 1 1 1 0 1 0 1 0]
111 19 53 0.04513020109350374 [1 1 1 1 1 1 1 1 0 0 0 1 0 0 1 0 0 0 0 1 0 1 1 0 0 1 1 1 1 0 1 0 1 0]
112 19 49 0.04513020109350374 [1 1 1 1 1 1 1 1 0 0 0 1 0 0 1 0 0 0 0 1 0 1 1 0 0 1 1 1 1 0 1 0 1 0]
113 19 50 0.04513020109350374 [1 1 1 1 1 1 1 1 0 0 0 1 0 0 1 0 0 0 0 1 0 1 1 0 0 1 1 1 1 0 1 0 1 0]
114 19 49 0.04513020109350374 [1 1 1 1 1 1 1 1 0 0 0 1 0 0 1 0 0 0 0 1 0 1 1 0 0 1 1 1 1 0 1 0 1 0]
115 19 48 0.04513020109350374 [1 1 1 1 1 1 1 1 0 0 0 1 0 0 1 0 0 0 0 1 0 1 1 0 0 1 1 1 1 0 1 0 1 0]
116 19 48 0.04513020109350374 [1 1 1 1 1 1 1 1 0 0 0 1 0 0 1 0 0 0 0 1 0 1 1 0 0 1 1 1 1 0 1 0 1 0]
117 19 50 0.04513020109350374 [1 1 1 1 1 1 1 1 0 0 0 1 0 0 1 0 0 0 0 1 0 1 1 0 0 1 1 1 1 0 1 0 1 0]
118 19 56 0.04513020109350374 [1 1 1 1 1 1 1 1 0 0 0 1 0 0 1 0 0 0 0 1 0 1 1 0 0 1 1 1 1 0 1 0 1 0]
119 19 50 0.04513020109350374 [1 1 1 1 1 1 1 1 0 0 0 1 0 0 1 0 0 0 0 1 0 1 1 0 0 1 1 1 1 0 1 0 1 0]
120 19 52 0.04513020109350374 [1 1 1 1 1 1 1 1 0 0 0 1 0 0 1 0 0 0 0 1 0 1 1 0 0 1 1 1 1 0 1 0 1 0]
121 19 47 0.04513020109350374 [1 1 1 1 1 1 1 1 0 0 0 1 0 0 1 0 0 0 0 1 0 1 1 0 0 1 1 1 1 0 1 0 1 0]
122 19 52 0.04513020109350374 [1 1 1 1 1 1 1 1 0 0 0 1 0 0 1 0 0 0 0 1 0 1 1 0 0 1 1 1 1 0 1 0 1 0]
123 19 53 0.04513020109350374 [1 1 1 1 1 1 1 1 0 0 0 1 0 0 1 0 0 0 0 1 0 1 1 0 0 1 1 1 1 0 1 0 1 0]
124 19 53 0.04513020109350374 [1 1 1 1 1 1 1 1 0 0 0 1 0 0 1 0 0 0 0 1 0 1 1 0 0 1 1 1 1 0 1 0 1 0]
125 19 52 0.04513020109350374 [1 1 1 1 1 1 1 1 0 0 0 1 0 0 1 0 0 0 0 1 0 1 1 0 0 1 1 1 1 0 1 0 1 0]
126 19 50 0.04513020109350374 [1 1 1 1 1 1 1 1 0 0 0 1 0 0 1 0 0 0 0 1 0 1 1 0 0 1 1 1 1 0 1 0 1 0]
127 19 51 0.04513020109350374 [1 1 1 1 1 1 1 1 0 0 0 1 0 0 1 0 0 0 0 1 0 1 1 0 0 1 1 1 1 0 1 0 1 0]
128 19 51 0.04513020109350374 [1 1 1 1 1 1 1 1 0 0 0 1 0 0 1 0 0 0 0 1 0 1 1 0 0 1 1 1 1 0 1 0 1 0]
129 19 48 0.04513020109350374 [1 1 1 1 1 1 1 1 0 0 0 1 0 0 1 0 0 0 0 1 0 1 1 0 0 1 1 1 1 0 1 0 1 0]
130 19 50 0.04513020109350374 [1 1 1 1 1 1 1 1 0 0 0 1 0 0 1 0 0 0 0 1 0 1 1 0 0 1 1 1 1 0 1 0 1 0]
131 19 51 0.04513020109350374 [1 1 1 1 1 1 1 1 0 0 0 1 0 0 1 0 0 0 0 1 0 1 1 0 0 1 1 1 1 0 1 0 1 0]
132 19 49 0.04513020109350374 [1 1 1 1 1 1 1 1 0 0 0 1 0 0 1 0 0 0 0 1 0 1 1 0 0 1 1 1 1 0 1 0 1 0]
133 19 52 0.04513020109350374 [1 1 1 1 1 1 1 1 0 0 0 1 0 0 1 0 0 0 0 1 0 1 1 0 0 1 1 1 1 0 1 0 1 0]
134 19 48 0.04513020109350374 [1 1 1 1 1 1 1 1 0 0 0 1 0 0 1 0 0 0 0 1 0 1 1 0 0 1 1 1 1 0 1 0 1 0]
135 19 49 0.04513020109350374 [1 1 1 1 1 1 1 1 0 0 0 1 0 0 1 0 0 0 0 1 0 1 1 0 0 1 1 1 1 0 1 0 1 0]
136 19 48 0.04513020109350374 [1 1 1 1 1 1 1 1 0 0 0 1 0 0 1 0 0 0 0 1 0 1 1 0 0 1 1 1 1 0 1 0 1 0]
137 19 53 0.04513020109350374 [1 1 1 1 1 1 1 1 0 0 0 1 0 0 1 0 0 0 0 1 0 1 1 0 0 1 1 1 1 0 1 0 1 0]
138 19 52 0.04513020109350374 [1 1 1 1 1 1 1 1 0 0 0 1 0 0 1 0 0 0 0 1 0 1 1 0 0 1 1 1 1 0 1 0 1 0]
139 19 50 0.04513020109350374 [1 1 1 1 1 1 1 1 0 0 0 1 0 0 1 0 0 0 0 1 0 1 1 0 0 1 1 1 1 0 1 0 1 0]
140 19 53 0.04513020109350374 [1 1 1 1 1 1 1 1 0 0 0 1 0 0 1 0 0 0 0 1 0 1 1 0 0 1 1 1 1 0 1 0 1 0]
141 19 55 0.04513020109350374 [1 1 1 1 1 1 1 1 0 0 0 1 0 0 1 0 0 0 0 1 0 1 1 0 0 1 1 1 1 0 1 0 1 0]
142 19 51 0.04513020109350374 [1 1 1 1 1 1 1 1 0 0 0 1 0 0 1 0 0 0 0 1 0 1 1 0 0 1 1 1 1 0 1 0 1 0]
143 19 54 0.04513020109350374 [1 1 1 1 1 1 1 1 0 0 0 1 0 0 1 0 0 0 0 1 0 1 1 0 0 1 1 1 1 0 1 0 1 0]
144 19 51 0.04513020109350374 [1 1 1 1 1 1 1 1 0 0 0 1 0 0 1 0 0 0 0 1 0 1 1 0 0 1 1 1 1 0 1 0 1 0]
145 19 51 0.04513020109350374 [1 1 1 1 1 1 1 1 0 0 0 1 0 0 1 0 0 0 0 1 0 1 1 0 0 1 1 1 1 0 1 0 1 0]
146 19 50 0.04513020109350374 [1 1 1 1 1 1 1 1 0 0 0 1 0 0 1 0 0 0 0 1 0 1 1 0 0 1 1 1 1 0 1 0 1 0]
147 19 49 0.04513020109350374 [1 1 1 1 1 1 1 1 0 0 0 1 0 0 1 0 0 0 0 1 0 1 1 0 0 1 1 1 1 0 1 0 1 0]
148 19 54 0.04513020109350374 [1 1 1 1 1 1 1 1 0 0 0 1 0 0 1 0 0 0 0 1 0 1 1 0 0 1 1 1 1 0 1 0 1 0]
149 19 52 0.04513020109350374 [1 1 1 1 1 1 1 1 0 0 0 1 0 0 1 0 0 0 0 1 0 1 1 0 0 1 1 1 1 0 1 0 1 0]
150 19 50 0.04513020109350374 [1 1 1 1 1 1 1 1 0 0 0 1 0 0 1 0 0 0 0 1 0 1 1 0 0 1 1 1 1 0 1 0 1 0]
