0 23 100 0.056482764622789894 [1 1 1 1 1 1 1 1 0 1 0 1 0 0 0 1 1 1 0 1 1 1 1 0 0 1 1 0 1 1 1 1 0 0]
1 23 88 0.056482764622789894 [1 1 1 1 1 1 1 1 0 1 0 1 0 0 0 1 1 1 0 1 1 1 1 0 0 1 1 0 1 1 1 1 0 0]
2 23 58 0.056482764622789894 [1 1 1 1 1 1 1 1 0 1 0 1 0 0 0 1 1 1 0 1 1 1 1 0 0 1 1 0 1 1 1 1 0 0]
3 23 53 0.056482764622789894 [1 1 1 1 1 1 1 1 0 1 0 1 0 0 0 1 1 1 0 1 1 1 1 0 0 1 1 0 1 1 1 1 0 0]
4 23 52 0.056482764622789894 [1 1 1 1 1 1 1 1 0 1 0 1 0 0 0 1 1 1 0 1 1 1 1 0 0 1 1 0 1 1 1 1 0 0]
5 23 56 0.056482764622789894 [1 1 1 1 1 1 1 1 0 1 0 1 0 0 0 1 1 1 0 1 1 1 1 0 0 1 1 0 1 1 1 1 0 0]
6 23 53 0.056482764622789894 [1 1 1 1 1 1 1 1 0 1 0 1 0 0 0 1 1 1 0 1 1 1 1 0 0 1 1 0 1 1 1 1 0 0]
7 17 53 0.054473564692367304 [1 1 1 1 1 0 1 1 0 0 0 1 1 1 0 0 1 1 0 1 0 0 0 0 0 1 1 0 0 1 1 0 0 0]
8 17 53 0.054473564692367304 [1 1 1 1 1 0 1 1 0 0 0 1 1 1 0 0 1 1 0 1 0 0 0 0 0 1 1 0 0 1 1 0 0 0]
9 17 54 0.054473564692367304 [1 1 1 1 1 0 1 1 0 0 0 1 1 1 0 0 1 1 0 1 0 0 0 0 0 1 1 0 0 1 1 0 0 0]
10 17 49 0.054473564692367304 [1 1 1 1 1 0 1 1 0 0 0 1 1 1 0 0 1 1 0 1 0 0 0 0 0 1 1 0 0 1 1 0 0 0]
11 17 51 0.054473564692367304 [1 1 1 1 1 0 1 1 0 0 0 1 1 1 0 0 1 1 0 1 0 0 0 0 0 1 1 0 0 1 1 0 0 0]
12 17 52 0.054473564692367304 [1 1 1 1 1 0 1 1 0 0 0 1 1 1 0 0 1 1 0 1 0 0 0 0 0 1 1 0 0 1 1 0 0 0]
13 16 52 0.05290465424911128 [1 0 1 1 1 1 1 1 0 1 0 1 0 1 0 0 0 0 0 0 0 0 1 0 1 0 0 1 0 1 1 0 0 1]
14 16 52 0.05290465424911128 [1 0 1 1 1 1 1 1 0 1 0 1 0 1 0 0 0 0 0 0 0 0 1 0 1 0 0 1 0 1 1 0 0 1]
15 16 51 0.05290465424911128 [1 0 1 1 1 1 1 1 0 1 0 1 0 1 0 0 0 0 0 0 0 0 1 0 1 0 0 1 0 1 1 0 0 1]
16 16 52 0.05290465424911128 [1 0 1 1 1 1 1 1 0 1 0 1 0 1 0 0 0 0 0 0 0 0 1 0 1 0 0 1 0 1 1 0 0 1]
17 16 53 0.05290465424911128 [1 0 1 1 1 1 1 1 0 1 0 1 0 1 0 0 0 0 0 0 0 0 1 0 1 0 0 1 0 1 1 0 0 1]
18 22 53 0.046675814887735534 [1 1 1 1 1 1 1 1 0 1 0 1 0 1 0 1 1 1 1 0 0 0 1 0 1 0 0 0 1 1 1 0 1 1]
19 22 53 0.046675814887735534 [1 1 1 1 1 1 1 1 0 1 0 1 0 1 0 1 1 1 1 0 0 0 1 0 1 0 0 0 1 1 1 0 1 1]
20 22 52 0.046675814887735534 [1 1 1 1 1 1 1 1 0 1 0 1 0 1 0 1 1 1 1 0 0 0 1 0 1 0 0 0 1 1 1 0 1 1]
21 22 52 0.046675814887735534 [1 1 1 1 1 1 1 1 0 1 0 1 0 1 0 1 1 1 1 0 0 0 1 0 1 0 0 0 1 1 1 0 1 1]
22 22 55 0.046675814887735534 [1 1 1 1 1 1 1 1 0 1 0 1 0 1 0 1 1 1 1 0 0 0 1 0 1 0 0 0 1 1 1 0 1 1]
23 22 54 0.046675814887735534 [1 1 1 1 1 1 1 1 0 1 0 1 0 1 0 1 1 1 1 0 0 0 1 0 1 0 0 0 1 1 1 0 1 1]
24 22 55 0.046675814887735534 [1 1 1 1 1 1 1 1 0 1 0 1 0 1 0 1 1 1 1 0 0 0 1 0 1 0 0 0 1 1 1 0 1 1]
25 22 51 0.046675814887735534 [1 1 1 1 1 1 1 1 0 1 0 1 0 1 0 1 1 1 1 0 0 0 1 0 1 0 0 0 1 1 1 0 1 1]
26 22 54 0.046675814887735534 [1 1 1 1 1 1 1 1 0 1 0 1 0 1 0 1 1 1 1 0 0 0 1 0 1 0 0 0 1 1 1 0 1 1]
27 22 49 0.046675814887735534 [1 1 1 1 1 1 1 1 0 1 0 1 0 1 0 1 1 1 1 0 0 0 1 0 1 0 0 0 1 1 1 0 1 1]
28 22 51 0.046675814887735534 [1 1 1 1 1 1 1 1 0 1 0 1 0 1 0 1 1 1 1 0 0 0 1 0 1 0 0 0 1 1 1 0 1 1]
29 22 53 0.046675814887735534 [1 1 1 1 1 1 1 1 0 1 0 1 0 1 0 1 1 1 1 0 0 0 1 0 1 0 0 0 1 1 1 0 1 1]
30 22 51 0.046675814887735534 [1 1 1 1 1 1 1 1 0 1 0 1 0 1 0 1 1 1 1 0 0 0 1 0 1 0 0 0 1 1 1 0 1 1]
31 22 55 0.046675814887735534 [1 1 1 1 1 1 1 1 0 1 0 1 0 1 0 1 1 1 1 0 0 0 1 0 1 0 0 0 1 1 1 0 1 1]
32 22 51 0.046675814887735534 [1 1 1 1 1 1 1 1 0 1 0 1 0 1 0 1 1 1 1 0 0 0 1 0 1 0 0 0 1 1 1 0 1 1]
33 22 51 0.046675814887735534 [1 1 1 1 1 1 1 1 0 1 0 1 0 1 0 1 1 1 1 0 0 0 1 0 1 0 0 0 1 1 1 0 1 1]
34 22 51 0.046675814887735534 [1 1 1 1 1 1 1 1 0 1 0 1 0 1 0 1 1 1 1 0 0 0 1 0 1 0 0 0 1 1 1 0 1 1]
35 22 50 0.046675814887735534 [1 1 1 1 1 1 1 1 0 1 0 1 0 1 0 1 1 1 1 0 0 0 1 0 1 0 0 0 1 1 1 0 1 1]
36 22 53 0.046675814887735534 [1 1 1 1 1 1 1 1 0 1 0 1 0 1 0 1 1 1 1 0 0 0 1 0 1 0 0 0 1 1 1 0 1 1]
37 22 52 0.046675814887735534 [1 1 1 1 1 1 1 1 0 1 0 1 0 1 0 1 1 1 1 0 0 0 1 0 1 0 0 0 1 1 1 0 1 1]
38 22 52 0.046675814887735534 [1 1 1 1 1 1 1 1 0 1 0 1 0 1 0 1 1 1 1 0 0 0 1 0 1 0 0 0 1 1 1 0 1 1]
39 22 51 0.046675814887735534 [1 1 1 1 1 1 1 1 0 1 0 1 0 1 0 1 1 1 1 0 0 0 1 0 1 0 0 0 1 1 1 0 1 1]
40 22 52 0.046675814887735534 [1 1 1 1 1 1 1 1 0 1 0 1 0 1 0 1 1 1 1 0 0 0 1 0 1 0 0 0 1 1 1 0 1 1]
41 22 53 0.046675814887735534 [1 1 1 1 1 1 1 1 0 1 0 1 0 1 0 1 1 1 1 0 0 0 1 0 1 0 0 0 1 1 1 0 1 1]
42 22 50 0.046675814887735534 [1 1 1 1 1 1 1 1 0 1 0 1 0 1 0 1 1 1 1 0 0 0 1 0 1 0 0 0 1 1 1 0 1 1]
43 22 51 0.046675814887735534 [1 1 1 1 1 1 1 1 0 1 0 1 0 1 0 1 1 1 1 0 0 0 1 0 1 0 0 0 1 1 1 0 1 1]
44 22 53 0.046675814887735534 [1 1 1 1 1 1 1 1 0 1 0 1 0 1 0 1 1 1 1 0 0 0 1 0 1 0 0 0 1 1 1 0 1 1]
45 22 53 0.046675814887735534 [1 1 1 1 1 1 1 1 0 1 0 1 0 1 0 1 1 1 1 0 0 0 1 0 1 0 0 0 1 1 1 0 1 1]
46 22 52 0.046675814887735534 [1 1 1 1 1 1 1 1 0 1 0 1 0 1 0 1 1 1 1 0 0 0 1 0 1 0 0 0 1 1 1 0 1 1]
47 22 54 0.046675814887735534 [1 1 1 1 1 1 1 1 0 1 0 1 0 1 0 1 1 1 1 0 0 0 1 0 1 0 0 0 1 1 1 0 1 1]
48 22 51 0.046675814887735534 [1 1 1 1 1 1 1 1 0 1 0 1 0 1 0 1 1 1 1 0 0 0 1 0 1 0 0 0 1 1 1 0 1 1]
49 22 51 0.046675814887735534 [1 1 1 1 1 1 1 1 0 1 0 1 0 1 0 1 1 1 1 0 0 0 1 0 1 0 0 0 1 1 1 0 1 1]
50 22 52 0.046675814887735534 [1 1 1 1 1 1 1 1 0 1 0 1 0 1 0 1 1 1 1 0 0 0 1 0 1 0 0 0 1 1 1 0 1 1]
51 22 53 0.046675814887735534 [1 1 1 1 1 1 1 1 0 1 0 1 0 1 0 1 1 1 1 0 0 0 1 0 1 0 0 0 1 1 1 0 1 1]
52 22 53 0.046675814887735534 [1 1 1 1 1 1 1 1 0 1 0 1 0 1 0 1 1 1 1 0 0 0 1 0 1 0 0 0 1 1 1 0 1 1]
53 22 48 0.046675814887735534 [1 1 1 1 1 1 1 1 0 1 0 1 0 1 0 1 1 1 1 0 0 0 1 0 1 0 0 0 1 1 1 0 1 1]
54 22 50 0.046675814887735534 [1 1 1 1 1 1 1 1 0 1 0 1 0 1 0 1 1 1 1 0 0 0 1 0 1 0 0 0 1 1 1 0 1 1]
55 22 50 0.046675814887735534 [1 1 1 1 1 1 1 1 0 1 0 1 0 1 0 1 1 1 1 0 0 0 1 0 1 0 0 0 1 1 1 0 1 1]
56 22 50 0.046675814887735534 [1 1 1 1 1 1 1 1 0 1 0 1 0 1 0 1 1 1 1 0 0 0 1 0 1 0 0 0 1 1 1 0 1 1]
57 22 54 0.046675814887735534 [1 1 1 1 1 1 1 1 0 1 0 1 0 1 0 1 1 1 1 0 0 0 1 0 1 0 0 0 1 1 1 0 1 1]
58 22 52 0.046675814887735534 [1 1 1 1 1 1 1 1 0 1 0 1 0 1 0 1 1 1 1 0 0 0 1 0 1 0 0 0 1 1 1 0 1 1]
59 22 51 0.046675814887735534 [1 1 1 1 1 1 1 1 0 1 0 1 0 1 0 1 1 1 1 0 0 0 1 0 1 0 0 0 1 1 1 0 1 1]
60 22 52 0.046675814887735534 [1 1 1 1 1 1 1 1 0 1 0 1 0 1 0 1 1 1 1 0 0 0 1 0 1 0 0 0 1 1 1 0 1 1]
61 22 53 0.046675814887735534 [1 1 1 1 1 1 1 1 0 1 0 1 0 1 0 1 1 1 1 0 0 0 1 0 1 0 0 0 1 1 1 0 1 1]
62 22 50 0.046675814887735534 [1 1 1 1 1 1 1 1 0 1 0 1 0 1 0 1 1 1 1 0 0 0 1 0 1 0 0 0 1 1 1 0 1 1]
63 22 52 0.046675814887735534 [1 1 1 1 1 1 1 1 0 1 0 1 0 1 0 1 1 1 1 0 0 0 1 0 1 0 0 0 1 1 1 0 1 1]
64 22 52 0.046675814887735534 [1 1 1 1 1 1 1 1 0 1 0 1 0 1 0 1 1 1 1 0 0 0 1 0 1 0 0 0 1 1 1 0 1 1]
65 22 49 0.046675814887735534 [1 1 1 1 1 1 1 1 0 1 0 1 0 1 0 1 1 1 1 0 0 0 1 0 1 0 0 0 1 1 1 0 1 1]
66 22 52 0.046675814887735534 [1 1 1 1 1 1 1 1 0 1 0 1 0 1 0 1 1 1 1 0 0 0 1 0 1 0 0 0 1 1 1 0 1 1]
67 22 51 0.046675814887735534 [1 1 1 1 1 1 1 1 0 1 0 1 0 1 0 1 1 1 1 0 0 0 1 0 1 0 0 0 1 1 1 0 1 1]
68 22 55 0.046675814887735534 [1 1 1 1 1 1 1 1 0 1 0 1 0 1 0 1 1 1 1 0 0 0 1 0 1 0 0 0 1 1 1 0 1 1]
69 22 52 0.046675814887735534 [1 1 1 1 1 1 1 1 0 1 0 1 0 1 0 1 1 1 1 0 0 0 1 0 1 0 0 0 1 1 1 0 1 1]
70 22 50 0.046675814887735534 [1 1 1 1 1 1 1 1 0 1 0 1 0 1 0 1 1 1 1 0 0 0 1 0 1 0 0 0 1 1 1 0 1 1]
71 22 53 0.046675814887735534 [1 1 1 1 1 1 1 1 0 1 0 1 0 1 0 1 1 1 1 0 0 0 1 0 1 0 0 0 1 1 1 0 1 1]
72 22 52 0.046675814887735534 [1 1 1 1 1 1 1 1 0 1 0 1 0 1 0 1 1 1 1 0 0 0 1 0 1 0 0 0 1 1 1 0 1 1]
73 22 51 0.046675814887735534 [1 1 1 1 1 1 1 1 0 1 0 1 0 1 0 1 1 1 1 0 0 0 1 0 1 0 0 0 1 1 1 0 1 1]
74 22 54 0.046675814887735534 [1 1 1 1 1 1 1 1 0 1 0 1 0 1 0 1 1 1 1 0 0 0 1 0 1 0 0 0 1 1 1 0 1 1]
75 22 54 0.046675814887735534 [1 1 1 1 1 1 1 1 0 1 0 1 0 1 0 1 1 1 1 0 0 0 1 0 1 0 0 0 1 1 1 0 1 1]
76 22 52 0.046675814887735534 [1 1 1 1 1 1 1 1 0 1 0 1 0 1 0 1 1 1 1 0 0 0 1 0 1 0 0 0 1 1 1 0 1 1]
77 22 52 0.046675814887735534 [1 1 1 1 1 1 1 1 0 1 0 1 0 1 0 1 1 1 1 0 0 0 1 0 1 0 0 0 1 1 1 0 1 1]
78 22 50 0.046675814887735534 [1 1 1 1 1 1 1 1 0 1 0 1 0 1 0 1 1 1 1 0 0 0 1 0 1 0 0 0 1 1 1 0 1 1]
79 22 52 0.046675814887735534 [1 1 1 1 1 1 1 1 0 1 0 1 0 1 0 1 1 1 1 0 0 0 1 0 1 0 0 0 1 1 1 0 1 1]
80 22 54 0.046675814887735534 [1 1 1 1 1 1 1 1 0 1 0 1 0 1 0 1 1 1 1 0 0 0 1 0 1 0 0 0 1 1 1 0 1 1]
81 22 53 0.046675814887735534 [1 1 1 1 1 1 1 1 0 1 0 1 0 1 0 1 1 1 1 0 0 0 1 0 1 0 0 0 1 1 1 0 1 1]
82 22 54 0.046675814887735534 [1 1 1 1 1 1 1 1 0 1 0 1 0 1 0 1 1 1 1 0 0 0 1 0 1 0 0 0 1 1 1 0 1 1]
83 22 55 0.046675814887735534 [1 1 1 1 1 1 1 1 0 1 0 1 0 1 0 1 1 1 1 0 0 0 1 0 1 0 0 0 1 1 1 0 1 1]
84 22 51 0.046675814887735534 [1 1 1 1 1 1 1 1 0 1 0 1 0 1 0 1 1 1 1 0 0 0 1 0 1 0 0 0 1 1 1 0 1 1]
85 22 51 0.046675814887735534 [1 1 1 1 1 1 1 1 0 1 0 1 0 1 0 1 1 1 1 0 0 0 1 0 1 0 0 0 1 1 1 0 1 1]
86 22 54 0.046675814887735534 [1 1 1 1 1 1 1 1 0 1 0 1 0 1 0 1 1 1 1 0 0 0 1 0 1 0 0 0 1 1 1 0 1 1]
87 22 53 0.046675814887735534 [1 1 1 1 1 1 1 1 0 1 0 1 0 1 0 1 1 1 1 0 0 0 1 0 1 0 0 0 1 1 1 0 1 1]
88 22 56 0.046675814887735534 [1 1 1 1 1 1 1 1 0 1 0 1 0 1 0 1 1 1 1 0 0 0 1 0 1 0 0 0 1 1 1 0 1 1]
89 20 53 0.04513020109350374 [1 1 1 1 1 1 1 1 0 1 0 1 0 1 1 1 0 0 1 0 0 0 1 0 0 0 0 1 1 1 1 0 1 0]
90 20 50 0.04513020109350374 [1 1 1 1 1 1 1 1 0 1 0 1 0 1 1 1 0 0 1 0 0 0 1 0 0 0 0 1 1 1 1 0 1 0]
91 20 52 0.04513020109350374 [1 1 1 1 1 1 1 1 0 1 0 1 0 1 1 1 0 0 1 0 0 0 1 0 0 0 0 1 1 1 1 0 1 0]
92 20 52 0.04513020109350374 [1 1 1 1 1 1 1 1 0 1 0 1 0 1 1 1 0 0 1 0 0 0 1 0 0 0 0 1 1 1 1 0 1 0]
93 20 49 0.04513020109350374 [1 1 1 1 1 1 1 1 0 1 0 1 0 1 1 1 0 0 1 0 0 0 1 0 0 0 0 1 1 1 1 0 1 0]
94 20 52 0.04513020109350374 [1 1 1 1 1 1 1 1 0 1 0 1 0 1 1 1 0 0 1 0 0 0 1 0 0 0 0 1 1 1 1 0 1 0]
95 20 50 0.04513020109350374 [1 1 1 1 1 1 1 1 0 1 0 1 0 1 1 1 0 0 1 0 0 0 1 0 0 0 0 1 1 1 1 0 1 0]
96 20 52 0.04513020109350374 [1 1 1 1 1 1 1 1 0 1 0 1 0 1 1 1 0 0 1 0 0 0 1 0 0 0 0 1 1 1 1 0 1 0]
97 20 51 0.04513020109350374 [1 1 1 1 1 1 1 1 0 1 0 1 0 1 1 1 0 0 1 0 0 0 1 0 0 0 0 1 1 1 1 0 1 0]
98 20 54 0.04513020109350374 [1 1 1 1 1 1 1 1 0 1 0 1 0 1 1 1 0 0 1 0 0 0 1 0 0 0 0 1 1 1 1 0 1 0]
99 20 53 0.04513020109350374 [1 1 1 1 1 1 1 1 0 1 0 1 0 1 1 1 0 0 1 0 0 0 1 0 0 0 0 1 1 1 1 0 1 0]
100 20 52 0.04513020109350374 [1 1 1 1 1 1 1 1 0 1 0 1 0 1 1 1 0 0 1 0 0 0 1 0 0 0 0 1 1 1 1 0 1 0]
101 20 53 0.04513020109350374 [1 1 1 1 1 1 1 1 0 1 0 1 0 1 1 1 0 0 1 0 0 0 1 0 0 0 0 1 1 1 1 0 1 0]
102 20 51 0.04513020109350374 [1 1 1 1 1 1 1 1 0 1 0 1 0 1 1 1 0 0 1 0 0 0 1 0 0 0 0 1 1 1 1 0 1 0]
103 20 55 0.04513020109350374 [1 1 1 1 1 1 1 1 0 1 0 1 0 1 1 1 0 0 1 0 0 0 1 0 0 0 0 1 1 1 1 0 1 0]
104 20 54 0.04513020109350374 [1 1 1 1 1 1 1 1 0 1 0 1 0 1 1 1 0 0 1 0 0 0 1 0 0 0 0 1 1 1 1 0 1 0]
105 20 52 0.04513020109350374 [1 1 1 1 1 1 1 1 0 1 0 1 0 1 1 1 0 0 1 0 0 0 1 0 0 0 0 1 1 1 1 0 1 0]
106 20 55 0.04513020109350374 [1 1 1 1 1 1 1 1 0 1 0 1 0 1 1 1 0 0 1 0 0 0 1 0 0 0 0 1 1 1 1 0 1 0]
107 20 54 0.04513020109350374 [1 1 1 1 1 1 1 1 0 1 0 1 0 1 1 1 0 0 1 0 0 0 1 0 0 0 0 1 1 1 1 0 1 0]
108 20 51 0.04513020109350374 [1 1 1 1 1 1 1 1 0 1 0 1 0 1 1 1 0 0 1 0 0 0 1 0 0 0 0 1 1 1 1 0 1 0]
109 20 50 0.04513020109350374 [1 1 1 1 1 1 1 1 0 1 0 1 0 1 1 1 0 0 1 0 0 0 1 0 0 0 0 1 1 1 1 0 1 0]
110 20 50 0.04513020109350374 [1 1 1 1 1 1 1 1 0 1 0 1 0 1 1 1 0 0 1 0 0 0 1 0 0 0 0 1 1 1 1 0 1 0]
111 20 49 0.04513020109350374 [1 1 1 1 1 1 1 1 0 1 0 1 0 1 1 1 0 0 1 0 0 0 1 0 0 0 0 1 1 1 1 0 1 0]
112 20 53 0.04513020109350374 [1 1 1 1 1 1 1 1 0 1 0 1 0 1 1 1 0 0 1 0 0 0 1 0 0 0 0 1 1 1 1 0 1 0]
113 20 52 0.04513020109350374 [1 1 1 1 1 1 1 1 0 1 0 1 0 1 1 1 0 0 1 0 0 0 1 0 0 0 0 1 1 1 1 0 1 0]
114 20 50 0.04513020109350374 [1 1 1 1 1 1 1 1 0 1 0 1 0 1 1 1 0 0 1 0 0 0 1 0 0 0 0 1 1 1 1 0 1 0]
115 20 52 0.04513020109350374 [1 1 1 1 1 1 1 1 0 1 0 1 0 1 1 1 0 0 1 0 0 0 1 0 0 0 0 1 1 1 1 0 1 0]
116 20 52 0.04513020109350374 [1 1 1 1 1 1 1 1 0 1 0 1 0 1 1 1 0 0 1 0 0 0 1 0 0 0 0 1 1 1 1 0 1 0]
117 20 50 0.04513020109350374 [1 1 1 1 1 1 1 1 0 1 0 1 0 1 1 1 0 0 1 0 0 0 1 0 0 0 0 1 1 1 1 0 1 0]
118 20 54 0.04513020109350374 [1 1 1 1 1 1 1 1 0 1 0 1 0 1 1 1 0 0 1 0 0 0 1 0 0 0 0 1 1 1 1 0 1 0]
119 20 54 0.04513020109350374 [1 1 1 1 1 1 1 1 0 1 0 1 0 1 1 1 0 0 1 0 0 0 1 0 0 0 0 1 1 1 1 0 1 0]
120 20 53 0.04513020109350374 [1 1 1 1 1 1 1 1 0 1 0 1 0 1 1 1 0 0 1 0 0 0 1 0 0 0 0 1 1 1 1 0 1 0]
121 20 52 0.04513020109350374 [1 1 1 1 1 1 1 1 0 1 0 1 0 1 1 1 0 0 1 0 0 0 1 0 0 0 0 1 1 1 1 0 1 0]
122 20 54 0.04513020109350374 [1 1 1 1 1 1 1 1 0 1 0 1 0 1 1 1 0 0 1 0 0 0 1 0 0 0 0 1 1 1 1 0 1 0]
123 20 53 0.04513020109350374 [1 1 1 1 1 1 1 1 0 1 0 1 0 1 1 1 0 0 1 0 0 0 1 0 0 0 0 1 1 1 1 0 1 0]
124 20 52 0.04513020109350374 [1 1 1 1 1 1 1 1 0 1 0 1 0 1 1 1 0 0 1 0 0 0 1 0 0 0 0 1 1 1 1 0 1 0]
125 20 52 0.04513020109350374 [1 1 1 1 1 1 1 1 0 1 0 1 0 1 1 1 0 0 1 0 0 0 1 0 0 0 0 1 1 1 1 0 1 0]
126 20 52 0.04513020109350374 [1 1 1 1 1 1 1 1 0 1 0 1 0 1 1 1 0 0 1 0 0 0 1 0 0 0 0 1 1 1 1 0 1 0]
127 20 53 0.04513020109350374 [1 1 1 1 1 1 1 1 0 1 0 1 0 1 1 1 0 0 1 0 0 0 1 0 0 0 0 1 1 1 1 0 1 0]
128 20 50 0.04513020109350374 [1 1 1 1 1 1 1 1 0 1 0 1 0 1 1 1 0 0 1 0 0 0 1 0 0 0 0 1 1 1 1 0 1 0]
129 20 48 0.04513020109350374 [1 1 1 1 1 1 1 1 0 1 0 1 0 1 1 1 0 0 1 0 0 0 1 0 0 0 0 1 1 1 1 0 1 0]
130 20 52 0.04513020109350374 [1 1 1 1 1 1 1 1 0 1 0 1 0 1 1 1 0 0 1 0 0 0 1 0 0 0 0 1 1 1 1 0 1 0]
131 20 50 0.04513020109350374 [1 1 1 1 1 1 1 1 0 1 0 1 0 1 1 1 0 0 1 0 0 0 1 0 0 0 0 1 1 1 1 0 1 0]
132 20 48 0.04513020109350374 [1 1 1 1 1 1 1 1 0 1 0 1 0 1 1 1 0 0 1 0 0 0 1 0 0 0 0 1 1 1 1 0 1 0]
133 20 51 0.04513020109350374 [1 1 1 1 1 1 1 1 0 1 0 1 0 1 1 1 0 0 1 0 0 0 1 0 0 0 0 1 1 1 1 0 1 0]
134 20 53 0.04513020109350374 [1 1 1 1 1 1 1 1 0 1 0 1 0 1 1 1 0 0 1 0 0 0 1 0 0 0 0 1 1 1 1 0 1 0]
135 20 56 0.04513020109350374 [1 1 1 1 1 1 1 1 0 1 0 1 0 1 1 1 0 0 1 0 0 0 1 0 0 0 0 1 1 1 1 0 1 0]
136 20 52 0.04513020109350374 [1 1 1 1 1 1 1 1 0 1 0 1 0 1 1 1 0 0 1 0 0 0 1 0 0 0 0 1 1 1 1 0 1 0]
137 20 50 0.04513020109350374 [1 1 1 1 1 1 1 1 0 1 0 1 0 1 1 1 0 0 1 0 0 0 1 0 0 0 0 1 1 1 1 0 1 0]
138 20 51 0.04513020109350374 [1 1 1 1 1 1 1 1 0 1 0 1 0 1 1 1 0 0 1 0 0 0 1 0 0 0 0 1 1 1 1 0 1 0]
139 20 53 0.04513020109350374 [1 1 1 1 1 1 1 1 0 1 0 1 0 1 1 1 0 0 1 0 0 0 1 0 0 0 0 1 1 1 1 0 1 0]
140 20 54 0.04513020109350374 [1 1 1 1 1 1 1 1 0 1 0 1 0 1 1 1 0 0 1 0 0 0 1 0 0 0 0 1 1 1 1 0 1 0]
141 20 54 0.04513020109350374 [1 1 1 1 1 1 1 1 0 1 0 1 0 1 1 1 0 0 1 0 0 0 1 0 0 0 0 1 1 1 1 0 1 0]
142 20 50 0.04513020109350374 [1 1 1 1 1 1 1 1 0 1 0 1 0 1 1 1 0 0 1 0 0 0 1 0 0 0 0 1 1 1 1 0 1 0]
143 20 51 0.04513020109350374 [1 1 1 1 1 1 1 1 0 1 0 1 0 1 1 1 0 0 1 0 0 0 1 0 0 0 0 1 1 1 1 0 1 0]
144 20 50 0.04513020109350374 [1 1 1 1 1 1 1 1 0 1 0 1 0 1 1 1 0 0 1 0 0 0 1 0 0 0 0 1 1 1 1 0 1 0]
145 20 51 0.04513020109350374 [1 1 1 1 1 1 1 1 0 1 0 1 0 1 1 1 0 0 1 0 0 0 1 0 0 0 0 1 1 1 1 0 1 0]
146 20 51 0.04513020109350374 [1 1 1 1 1 1 1 1 0 1 0 1 0 1 1 1 0 0 1 0 0 0 1 0 0 0 0 1 1 1 1 0 1 0]
147 20 52 0.04513020109350374 [1 1 1 1 1 1 1 1 0 1 0 1 0 1 1 1 0 0 1 0 0 0 1 0 0 0 0 1 1 1 1 0 1 0]
148 20 49 0.04513020109350374 [1 1 1 1 1 1 1 1 0 1 0 1 0 1 1 1 0 0 1 0 0 0 1 0 0 0 0 1 1 1 1 0 1 0]
149 20 52 0.04513020109350374 [1 1 1 1 1 1 1 1 0 1 0 1 0 1 1 1 0 0 1 0 0 0 1 0 0 0 0 1 1 1 1 0 1 0]
150 20 51 0.04513020109350374 [1 1 1 1 1 1 1 1 0 1 0 1 0 1 1 1 0 0 1 0 0 0 1 0 0 0 0 1 1 1 1 0 1 0]
