0 22 100 0.06162668605120747 [1 1 1 1 1 0 1 0 0 1 1 1 0 1 1 1 0 1 0 0 0 0 1 1 0 1 1 0 1 0 1 1 1 1]
1 22 90 0.053362968302597014 [1 1 1 1 1 1 1 0 0 0 1 1 0 0 0 0 1 0 1 1 1 1 0 1 0 0 1 1 1 1 1 1 1 0]
2 22 57 0.053362968302597014 [1 1 1 1 1 1 1 0 0 0 1 1 0 0 0 0 1 0 1 1 1 1 0 1 0 0 1 1 1 1 1 1 1 0]
3 22 54 0.053362968302597014 [1 1 1 1 1 1 1 0 0 0 1 1 0 0 0 0 1 0 1 1 1 1 0 1 0 0 1 1 1 1 1 1 1 0]
4 22 53 0.053362968302597014 [1 1 1 1 1 1 1 0 0 0 1 1 0 0 0 0 1 0 1 1 1 1 0 1 0 0 1 1 1 1 1 1 1 0]
5 22 52 0.053362968302597014 [1 1 1 1 1 1 1 0 0 0 1 1 0 0 0 0 1 0 1 1 1 1 0 1 0 0 1 1 1 1 1 1 1 0]
6 21 56 0.051340445083702946 [1 1 1 1 1 1 1 1 0 0 0 0 0 1 1 0 1 0 0 1 1 0 0 1 1 1 0 1 1 1 1 0 0 1]
7 21 51 0.051340445083702946 [1 1 1 1 1 1 1 1 0 0 0 0 0 1 1 0 1 0 0 1 1 0 0 1 1 1 0 1 1 1 1 0 0 1]
8 21 53 0.051340445083702946 [1 1 1 1 1 1 1 1 0 0 0 0 0 1 1 0 1 0 0 1 1 0 0 1 1 1 0 1 1 1 1 0 0 1]
9 21 51 0.051340445083702946 [1 1 1 1 1 1 1 1 0 0 0 0 0 1 1 0 1 0 0 1 1 0 0 1 1 1 0 1 1 1 1 0 0 1]
10 21 53 0.051340445083702946 [1 1 1 1 1 1 1 1 0 0 0 0 0 1 1 0 1 0 0 1 1 0 0 1 1 1 0 1 1 1 1 0 0 1]
11 21 53 0.051340445083702946 [1 1 1 1 1 1 1 1 0 0 0 0 0 1 1 0 1 0 0 1 1 0 0 1 1 1 0 1 1 1 1 0 0 1]
12 21 52 0.051340445083702946 [1 1 1 1 1 1 1 1 0 0 0 0 0 1 1 0 1 0 0 1 1 0 0 1 1 1 0 1 1 1 1 0 0 1]
13 21 50 0.051340445083702946 [1 1 1 1 1 1 1 1 0 0 0 0 0 1 1 0 1 0 0 1 1 0 0 1 1 1 0 1 1 1 1 0 0 1]
14 21 54 0.051340445083702946 [1 1 1 1 1 1 1 1 0 0 0 0 0 1 1 0 1 0 0 1 1 0 0 1 1 1 0 1 1 1 1 0 0 1]
15 21 53 0.051340445083702946 [1 1 1 1 1 1 1 1 0 0 0 0 0 1 1 0 1 0 0 1 1 0 0 1 1 1 0 1 1 1 1 0 0 1]
16 19 53 0.048226046314000404 [1 1 1 1 1 1 1 1 0 0 0 0 0 1 1 1 1 0 0 1 0 0 1 1 1 1 1 0 1 0 0 0 0 0]
17 19 54 0.048226046314000404 [1 1 1 1 1 1 1 1 0 0 0 0 0 1 1 1 1 0 0 1 0 0 1 1 1 1 1 0 1 0 0 0 0 0]
18 19 50 0.048226046314000404 [1 1 1 1 1 1 1 1 0 0 0 0 0 1 1 1 1 0 0 1 0 0 1 1 1 1 1 0 1 0 0 0 0 0]
19 19 52 0.048226046314000404 [1 1 1 1 1 1 1 1 0 0 0 0 0 1 1 1 1 0 0 1 0 0 1 1 1 1 1 0 1 0 0 0 0 0]
20 19 54 0.048226046314000404 [1 1 1 1 1 1 1 1 0 0 0 0 0 1 1 1 1 0 0 1 0 0 1 1 1 1 1 0 1 0 0 0 0 0]
21 19 53 0.048226046314000404 [1 1 1 1 1 1 1 1 0 0 0 0 0 1 1 1 1 0 0 1 0 0 1 1 1 1 1 0 1 0 0 0 0 0]
22 19 53 0.048226046314000404 [1 1 1 1 1 1 1 1 0 0 0 0 0 1 1 1 1 0 0 1 0 0 1 1 1 1 1 0 1 0 0 0 0 0]
23 19 52 0.048226046314000404 [1 1 1 1 1 1 1 1 0 0 0 0 0 1 1 1 1 0 0 1 0 0 1 1 1 1 1 0 1 0 0 0 0 0]
24 19 49 0.048226046314000404 [1 1 1 1 1 1 1 1 0 0 0 0 0 1 1 1 1 0 0 1 0 0 1 1 1 1 1 0 1 0 0 0 0 0]
25 19 58 0.048226046314000404 [1 1 1 1 1 1 1 1 0 0 0 0 0 1 1 1 1 0 0 1 0 0 1 1 1 1 1 0 1 0 0 0 0 0]
26 19 50 0.048226046314000404 [1 1 1 1 1 1 1 1 0 0 0 0 0 1 1 1 1 0 0 1 0 0 1 1 1 1 1 0 1 0 0 0 0 0]
27 19 51 0.048226046314000404 [1 1 1 1 1 1 1 1 0 0 0 0 0 1 1 1 1 0 0 1 0 0 1 1 1 1 1 0 1 0 0 0 0 0]
28 19 49 0.048226046314000404 [1 1 1 1 1 1 1 1 0 0 0 0 0 1 1 1 1 0 0 1 0 0 1 1 1 1 1 0 1 0 0 0 0 0]
29 19 52 0.048226046314000404 [1 1 1 1 1 1 1 1 0 0 0 0 0 1 1 1 1 0 0 1 0 0 1 1 1 1 1 0 1 0 0 0 0 0]
30 19 52 0.048226046314000404 [1 1 1 1 1 1 1 1 0 0 0 0 0 1 1 1 1 0 0 1 0 0 1 1 1 1 1 0 1 0 0 0 0 0]
31 19 53 0.048226046314000404 [1 1 1 1 1 1 1 1 0 0 0 0 0 1 1 1 1 0 0 1 0 0 1 1 1 1 1 0 1 0 0 0 0 0]
32 19 52 0.048226046314000404 [1 1 1 1 1 1 1 1 0 0 0 0 0 1 1 1 1 0 0 1 0 0 1 1 1 1 1 0 1 0 0 0 0 0]
33 19 53 0.048226046314000404 [1 1 1 1 1 1 1 1 0 0 0 0 0 1 1 1 1 0 0 1 0 0 1 1 1 1 1 0 1 0 0 0 0 0]
34 19 54 0.048226046314000404 [1 1 1 1 1 1 1 1 0 0 0 0 0 1 1 1 1 0 0 1 0 0 1 1 1 1 1 0 1 0 0 0 0 0]
35 19 51 0.048226046314000404 [1 1 1 1 1 1 1 1 0 0 0 0 0 1 1 1 1 0 0 1 0 0 1 1 1 1 1 0 1 0 0 0 0 0]
36 19 53 0.048226046314000404 [1 1 1 1 1 1 1 1 0 0 0 0 0 1 1 1 1 0 0 1 0 0 1 1 1 1 1 0 1 0 0 0 0 0]
37 19 56 0.048226046314000404 [1 1 1 1 1 1 1 1 0 0 0 0 0 1 1 1 1 0 0 1 0 0 1 1 1 1 1 0 1 0 0 0 0 0]
38 19 53 0.048226046314000404 [1 1 1 1 1 1 1 1 0 0 0 0 0 1 1 1 1 0 0 1 0 0 1 1 1 1 1 0 1 0 0 0 0 0]
39 19 53 0.048226046314000404 [1 1 1 1 1 1 1 1 0 0 0 0 0 1 1 1 1 0 0 1 0 0 1 1 1 1 1 0 1 0 0 0 0 0]
40 19 52 0.048226046314000404 [1 1 1 1 1 1 1 1 0 0 0 0 0 1 1 1 1 0 0 1 0 0 1 1 1 1 1 0 1 0 0 0 0 0]
41 19 51 0.048226046314000404 [1 1 1 1 1 1 1 1 0 0 0 0 0 1 1 1 1 0 0 1 0 0 1 1 1 1 1 0 1 0 0 0 0 0]
42 19 48 0.048226046314000404 [1 1 1 1 1 1 1 1 0 0 0 0 0 1 1 1 1 0 0 1 0 0 1 1 1 1 1 0 1 0 0 0 0 0]
43 22 50 0.04513020109350374 [1 1 1 1 1 1 1 1 1 0 0 1 0 1 1 1 0 0 1 1 0 0 1 1 1 1 1 0 1 0 1 0 0 0]
44 22 54 0.04513020109350374 [1 1 1 1 1 1 1 1 1 0 0 1 0 1 1 1 0 0 1 1 0 0 1 1 1 1 1 0 1 0 1 0 0 0]
45 22 52 0.04513020109350374 [1 1 1 1 1 1 1 1 1 0 0 1 0 1 1 1 0 0 1 1 0 0 1 1 1 1 1 0 1 0 1 0 0 0]
46 22 50 0.04513020109350374 [1 1 1 1 1 1 1 1 1 0 0 1 0 1 1 1 0 0 1 1 0 0 1 1 1 1 1 0 1 0 1 0 0 0]
47 22 51 0.04513020109350374 [1 1 1 1 1 1 1 1 1 0 0 1 0 1 1 1 0 0 1 1 0 0 1 1 1 1 1 0 1 0 1 0 0 0]
48 22 50 0.04513020109350374 [1 1 1 1 1 1 1 1 1 0 0 1 0 1 1 1 0 0 1 1 0 0 1 1 1 1 1 0 1 0 1 0 0 0]
49 22 55 0.04513020109350374 [1 1 1 1 1 1 1 1 1 0 0 1 0 1 1 1 0 0 1 1 0 0 1 1 1 1 1 0 1 0 1 0 0 0]
50 22 54 0.04513020109350374 [1 1 1 1 1 1 1 1 1 0 0 1 0 1 1 1 0 0 1 1 0 0 1 1 1 1 1 0 1 0 1 0 0 0]
51 22 51 0.04513020109350374 [1 1 1 1 1 1 1 1 1 0 0 1 0 1 1 1 0 0 1 1 0 0 1 1 1 1 1 0 1 0 1 0 0 0]
52 22 50 0.04513020109350374 [1 1 1 1 1 1 1 1 1 0 0 1 0 1 1 1 0 0 1 1 0 0 1 1 1 1 1 0 1 0 1 0 0 0]
53 22 53 0.04513020109350374 [1 1 1 1 1 1 1 1 1 0 0 1 0 1 1 1 0 0 1 1 0 0 1 1 1 1 1 0 1 0 1 0 0 0]
54 22 56 0.04513020109350374 [1 1 1 1 1 1 1 1 1 0 0 1 0 1 1 1 0 0 1 1 0 0 1 1 1 1 1 0 1 0 1 0 0 0]
55 22 53 0.04513020109350374 [1 1 1 1 1 1 1 1 1 0 0 1 0 1 1 1 0 0 1 1 0 0 1 1 1 1 1 0 1 0 1 0 0 0]
56 22 51 0.04513020109350374 [1 1 1 1 1 1 1 1 1 0 0 1 0 1 1 1 0 0 1 1 0 0 1 1 1 1 1 0 1 0 1 0 0 0]
57 22 52 0.04513020109350374 [1 1 1 1 1 1 1 1 1 0 0 1 0 1 1 1 0 0 1 1 0 0 1 1 1 1 1 0 1 0 1 0 0 0]
58 22 51 0.04513020109350374 [1 1 1 1 1 1 1 1 1 0 0 1 0 1 1 1 0 0 1 1 0 0 1 1 1 1 1 0 1 0 1 0 0 0]
59 22 49 0.04513020109350374 [1 1 1 1 1 1 1 1 1 0 0 1 0 1 1 1 0 0 1 1 0 0 1 1 1 1 1 0 1 0 1 0 0 0]
60 22 53 0.04513020109350374 [1 1 1 1 1 1 1 1 1 0 0 1 0 1 1 1 0 0 1 1 0 0 1 1 1 1 1 0 1 0 1 0 0 0]
61 22 55 0.04513020109350374 [1 1 1 1 1 1 1 1 1 0 0 1 0 1 1 1 0 0 1 1 0 0 1 1 1 1 1 0 1 0 1 0 0 0]
62 22 53 0.04513020109350374 [1 1 1 1 1 1 1 1 1 0 0 1 0 1 1 1 0 0 1 1 0 0 1 1 1 1 1 0 1 0 1 0 0 0]
63 22 55 0.04513020109350374 [1 1 1 1 1 1 1 1 1 0 0 1 0 1 1 1 0 0 1 1 0 0 1 1 1 1 1 0 1 0 1 0 0 0]
64 22 51 0.04513020109350374 [1 1 1 1 1 1 1 1 1 0 0 1 0 1 1 1 0 0 1 1 0 0 1 1 1 1 1 0 1 0 1 0 0 0]
65 22 53 0.04513020109350374 [1 1 1 1 1 1 1 1 1 0 0 1 0 1 1 1 0 0 1 1 0 0 1 1 1 1 1 0 1 0 1 0 0 0]
66 22 51 0.04513020109350374 [1 1 1 1 1 1 1 1 1 0 0 1 0 1 1 1 0 0 1 1 0 0 1 1 1 1 1 0 1 0 1 0 0 0]
67 22 53 0.04513020109350374 [1 1 1 1 1 1 1 1 1 0 0 1 0 1 1 1 0 0 1 1 0 0 1 1 1 1 1 0 1 0 1 0 0 0]
68 22 50 0.04513020109350374 [1 1 1 1 1 1 1 1 1 0 0 1 0 1 1 1 0 0 1 1 0 0 1 1 1 1 1 0 1 0 1 0 0 0]
69 22 53 0.04513020109350374 [1 1 1 1 1 1 1 1 1 0 0 1 0 1 1 1 0 0 1 1 0 0 1 1 1 1 1 0 1 0 1 0 0 0]
70 22 51 0.04513020109350374 [1 1 1 1 1 1 1 1 1 0 0 1 0 1 1 1 0 0 1 1 0 0 1 1 1 1 1 0 1 0 1 0 0 0]
71 22 53 0.04513020109350374 [1 1 1 1 1 1 1 1 1 0 0 1 0 1 1 1 0 0 1 1 0 0 1 1 1 1 1 0 1 0 1 0 0 0]
72 22 53 0.04513020109350374 [1 1 1 1 1 1 1 1 1 0 0 1 0 1 1 1 0 0 1 1 0 0 1 1 1 1 1 0 1 0 1 0 0 0]
73 22 52 0.04513020109350374 [1 1 1 1 1 1 1 1 1 0 0 1 0 1 1 1 0 0 1 1 0 0 1 1 1 1 1 0 1 0 1 0 0 0]
74 22 53 0.04513020109350374 [1 1 1 1 1 1 1 1 1 0 0 1 0 1 1 1 0 0 1 1 0 0 1 1 1 1 1 0 1 0 1 0 0 0]
75 22 53 0.04513020109350374 [1 1 1 1 1 1 1 1 1 0 0 1 0 1 1 1 0 0 1 1 0 0 1 1 1 1 1 0 1 0 1 0 0 0]
76 22 49 0.04513020109350374 [1 1 1 1 1 1 1 1 1 0 0 1 0 1 1 1 0 0 1 1 0 0 1 1 1 1 1 0 1 0 1 0 0 0]
77 22 51 0.04513020109350374 [1 1 1 1 1 1 1 1 1 0 0 1 0 1 1 1 0 0 1 1 0 0 1 1 1 1 1 0 1 0 1 0 0 0]
78 22 55 0.04513020109350374 [1 1 1 1 1 1 1 1 1 0 0 1 0 1 1 1 0 0 1 1 0 0 1 1 1 1 1 0 1 0 1 0 0 0]
79 22 50 0.04513020109350374 [1 1 1 1 1 1 1 1 1 0 0 1 0 1 1 1 0 0 1 1 0 0 1 1 1 1 1 0 1 0 1 0 0 0]
80 22 53 0.04513020109350374 [1 1 1 1 1 1 1 1 1 0 0 1 0 1 1 1 0 0 1 1 0 0 1 1 1 1 1 0 1 0 1 0 0 0]
81 22 52 0.04513020109350374 [1 1 1 1 1 1 1 1 1 0 0 1 0 1 1 1 0 0 1 1 0 0 1 1 1 1 1 0 1 0 1 0 0 0]
82 22 50 0.04513020109350374 [1 1 1 1 1 1 1 1 1 0 0 1 0 1 1 1 0 0 1 1 0 0 1 1 1 1 1 0 1 0 1 0 0 0]
83 22 51 0.04513020109350374 [1 1 1 1 1 1 1 1 1 0 0 1 0 1 1 1 0 0 1 1 0 0 1 1 1 1 1 0 1 0 1 0 0 0]
84 22 54 0.04513020109350374 [1 1 1 1 1 1 1 1 1 0 0 1 0 1 1 1 0 0 1 1 0 0 1 1 1 1 1 0 1 0 1 0 0 0]
85 22 51 0.04513020109350374 [1 1 1 1 1 1 1 1 1 0 0 1 0 1 1 1 0 0 1 1 0 0 1 1 1 1 1 0 1 0 1 0 0 0]
86 22 51 0.04513020109350374 [1 1 1 1 1 1 1 1 1 0 0 1 0 1 1 1 0 0 1 1 0 0 1 1 1 1 1 0 1 0 1 0 0 0]
87 22 53 0.04513020109350374 [1 1 1 1 1 1 1 1 1 0 0 1 0 1 1 1 0 0 1 1 0 0 1 1 1 1 1 0 1 0 1 0 0 0]
88 22 50 0.04513020109350374 [1 1 1 1 1 1 1 1 1 0 0 1 0 1 1 1 0 0 1 1 0 0 1 1 1 1 1 0 1 0 1 0 0 0]
89 22 51 0.04513020109350374 [1 1 1 1 1 1 1 1 1 0 0 1 0 1 1 1 0 0 1 1 0 0 1 1 1 1 1 0 1 0 1 0 0 0]
90 22 53 0.04513020109350374 [1 1 1 1 1 1 1 1 1 0 0 1 0 1 1 1 0 0 1 1 0 0 1 1 1 1 1 0 1 0 1 0 0 0]
91 22 52 0.04513020109350374 [1 1 1 1 1 1 1 1 1 0 0 1 0 1 1 1 0 0 1 1 0 0 1 1 1 1 1 0 1 0 1 0 0 0]
92 22 53 0.04513020109350374 [1 1 1 1 1 1 1 1 1 0 0 1 0 1 1 1 0 0 1 1 0 0 1 1 1 1 1 0 1 0 1 0 0 0]
93 22 54 0.04513020109350374 [1 1 1 1 1 1 1 1 1 0 0 1 0 1 1 1 0 0 1 1 0 0 1 1 1 1 1 0 1 0 1 0 0 0]
94 22 52 0.04513020109350374 [1 1 1 1 1 1 1 1 1 0 0 1 0 1 1 1 0 0 1 1 0 0 1 1 1 1 1 0 1 0 1 0 0 0]
95 22 48 0.04513020109350374 [1 1 1 1 1 1 1 1 1 0 0 1 0 1 1 1 0 0 1 1 0 0 1 1 1 1 1 0 1 0 1 0 0 0]
96 22 51 0.04513020109350374 [1 1 1 1 1 1 1 1 1 0 0 1 0 1 1 1 0 0 1 1 0 0 1 1 1 1 1 0 1 0 1 0 0 0]
97 22 52 0.04513020109350374 [1 1 1 1 1 1 1 1 1 0 0 1 0 1 1 1 0 0 1 1 0 0 1 1 1 1 1 0 1 0 1 0 0 0]
98 22 52 0.04513020109350374 [1 1 1 1 1 1 1 1 1 0 0 1 0 1 1 1 0 0 1 1 0 0 1 1 1 1 1 0 1 0 1 0 0 0]
99 22 53 0.04513020109350374 [1 1 1 1 1 1 1 1 1 0 0 1 0 1 1 1 0 0 1 1 0 0 1 1 1 1 1 0 1 0 1 0 0 0]
100 22 53 0.04513020109350374 [1 1 1 1 1 1 1 1 1 0 0 1 0 1 1 1 0 0 1 1 0 0 1 1 1 1 1 0 1 0 1 0 0 0]
101 22 50 0.04513020109350374 [1 1 1 1 1 1 1 1 1 0 0 1 0 1 1 1 0 0 1 1 0 0 1 1 1 1 1 0 1 0 1 0 0 0]
102 22 52 0.04513020109350374 [1 1 1 1 1 1 1 1 1 0 0 1 0 1 1 1 0 0 1 1 0 0 1 1 1 1 1 0 1 0 1 0 0 0]
103 22 52 0.04513020109350374 [1 1 1 1 1 1 1 1 1 0 0 1 0 1 1 1 0 0 1 1 0 0 1 1 1 1 1 0 1 0 1 0 0 0]
104 22 53 0.04513020109350374 [1 1 1 1 1 1 1 1 1 0 0 1 0 1 1 1 0 0 1 1 0 0 1 1 1 1 1 0 1 0 1 0 0 0]
105 22 53 0.04513020109350374 [1 1 1 1 1 1 1 1 1 0 0 1 0 1 1 1 0 0 1 1 0 0 1 1 1 1 1 0 1 0 1 0 0 0]
106 22 50 0.04513020109350374 [1 1 1 1 1 1 1 1 1 0 0 1 0 1 1 1 0 0 1 1 0 0 1 1 1 1 1 0 1 0 1 0 0 0]
107 22 55 0.04513020109350374 [1 1 1 1 1 1 1 1 1 0 0 1 0 1 1 1 0 0 1 1 0 0 1 1 1 1 1 0 1 0 1 0 0 0]
108 22 53 0.04513020109350374 [1 1 1 1 1 1 1 1 1 0 0 1 0 1 1 1 0 0 1 1 0 0 1 1 1 1 1 0 1 0 1 0 0 0]
109 22 49 0.04513020109350374 [1 1 1 1 1 1 1 1 1 0 0 1 0 1 1 1 0 0 1 1 0 0 1 1 1 1 1 0 1 0 1 0 0 0]
110 22 50 0.04513020109350374 [1 1 1 1 1 1 1 1 1 0 0 1 0 1 1 1 0 0 1 1 0 0 1 1 1 1 1 0 1 0 1 0 0 0]
111 22 49 0.04513020109350374 [1 1 1 1 1 1 1 1 1 0 0 1 0 1 1 1 0 0 1 1 0 0 1 1 1 1 1 0 1 0 1 0 0 0]
112 22 51 0.04513020109350374 [1 1 1 1 1 1 1 1 1 0 0 1 0 1 1 1 0 0 1 1 0 0 1 1 1 1 1 0 1 0 1 0 0 0]
113 22 51 0.04513020109350374 [1 1 1 1 1 1 1 1 1 0 0 1 0 1 1 1 0 0 1 1 0 0 1 1 1 1 1 0 1 0 1 0 0 0]
114 22 50 0.04513020109350374 [1 1 1 1 1 1 1 1 1 0 0 1 0 1 1 1 0 0 1 1 0 0 1 1 1 1 1 0 1 0 1 0 0 0]
115 22 51 0.04513020109350374 [1 1 1 1 1 1 1 1 1 0 0 1 0 1 1 1 0 0 1 1 0 0 1 1 1 1 1 0 1 0 1 0 0 0]
116 22 53 0.04513020109350374 [1 1 1 1 1 1 1 1 1 0 0 1 0 1 1 1 0 0 1 1 0 0 1 1 1 1 1 0 1 0 1 0 0 0]
117 22 49 0.04513020109350374 [1 1 1 1 1 1 1 1 1 0 0 1 0 1 1 1 0 0 1 1 0 0 1 1 1 1 1 0 1 0 1 0 0 0]
118 22 48 0.04513020109350374 [1 1 1 1 1 1 1 1 1 0 0 1 0 1 1 1 0 0 1 1 0 0 1 1 1 1 1 0 1 0 1 0 0 0]
119 22 50 0.04513020109350374 [1 1 1 1 1 1 1 1 1 0 0 1 0 1 1 1 0 0 1 1 0 0 1 1 1 1 1 0 1 0 1 0 0 0]
120 22 50 0.04513020109350374 [1 1 1 1 1 1 1 1 1 0 0 1 0 1 1 1 0 0 1 1 0 0 1 1 1 1 1 0 1 0 1 0 0 0]
121 22 48 0.04513020109350374 [1 1 1 1 1 1 1 1 1 0 0 1 0 1 1 1 0 0 1 1 0 0 1 1 1 1 1 0 1 0 1 0 0 0]
122 22 54 0.04513020109350374 [1 1 1 1 1 1 1 1 1 0 0 1 0 1 1 1 0 0 1 1 0 0 1 1 1 1 1 0 1 0 1 0 0 0]
123 22 48 0.04513020109350374 [1 1 1 1 1 1 1 1 1 0 0 1 0 1 1 1 0 0 1 1 0 0 1 1 1 1 1 0 1 0 1 0 0 0]
124 22 49 0.04513020109350374 [1 1 1 1 1 1 1 1 1 0 0 1 0 1 1 1 0 0 1 1 0 0 1 1 1 1 1 0 1 0 1 0 0 0]
125 22 51 0.04513020109350374 [1 1 1 1 1 1 1 1 1 0 0 1 0 1 1 1 0 0 1 1 0 0 1 1 1 1 1 0 1 0 1 0 0 0]
126 22 52 0.04513020109350374 [1 1 1 1 1 1 1 1 1 0 0 1 0 1 1 1 0 0 1 1 0 0 1 1 1 1 1 0 1 0 1 0 0 0]
127 22 51 0.04513020109350374 [1 1 1 1 1 1 1 1 1 0 0 1 0 1 1 1 0 0 1 1 0 0 1 1 1 1 1 0 1 0 1 0 0 0]
128 22 50 0.04513020109350374 [1 1 1 1 1 1 1 1 1 0 0 1 0 1 1 1 0 0 1 1 0 0 1 1 1 1 1 0 1 0 1 0 0 0]
129 22 50 0.04513020109350374 [1 1 1 1 1 1 1 1 1 0 0 1 0 1 1 1 0 0 1 1 0 0 1 1 1 1 1 0 1 0 1 0 0 0]
130 22 54 0.04513020109350374 [1 1 1 1 1 1 1 1 1 0 0 1 0 1 1 1 0 0 1 1 0 0 1 1 1 1 1 0 1 0 1 0 0 0]
131 22 47 0.04513020109350374 [1 1 1 1 1 1 1 1 1 0 0 1 0 1 1 1 0 0 1 1 0 0 1 1 1 1 1 0 1 0 1 0 0 0]
132 22 51 0.04513020109350374 [1 1 1 1 1 1 1 1 1 0 0 1 0 1 1 1 0 0 1 1 0 0 1 1 1 1 1 0 1 0 1 0 0 0]
133 22 47 0.04513020109350374 [1 1 1 1 1 1 1 1 1 0 0 1 0 1 1 1 0 0 1 1 0 0 1 1 1 1 1 0 1 0 1 0 0 0]
134 22 54 0.04513020109350374 [1 1 1 1 1 1 1 1 1 0 0 1 0 1 1 1 0 0 1 1 0 0 1 1 1 1 1 0 1 0 1 0 0 0]
135 22 49 0.04513020109350374 [1 1 1 1 1 1 1 1 1 0 0 1 0 1 1 1 0 0 1 1 0 0 1 1 1 1 1 0 1 0 1 0 0 0]
136 22 50 0.04513020109350374 [1 1 1 1 1 1 1 1 1 0 0 1 0 1 1 1 0 0 1 1 0 0 1 1 1 1 1 0 1 0 1 0 0 0]
137 22 55 0.04513020109350374 [1 1 1 1 1 1 1 1 1 0 0 1 0 1 1 1 0 0 1 1 0 0 1 1 1 1 1 0 1 0 1 0 0 0]
138 22 49 0.04513020109350374 [1 1 1 1 1 1 1 1 1 0 0 1 0 1 1 1 0 0 1 1 0 0 1 1 1 1 1 0 1 0 1 0 0 0]
139 22 51 0.04513020109350374 [1 1 1 1 1 1 1 1 1 0 0 1 0 1 1 1 0 0 1 1 0 0 1 1 1 1 1 0 1 0 1 0 0 0]
140 22 50 0.04513020109350374 [1 1 1 1 1 1 1 1 1 0 0 1 0 1 1 1 0 0 1 1 0 0 1 1 1 1 1 0 1 0 1 0 0 0]
141 22 54 0.04513020109350374 [1 1 1 1 1 1 1 1 1 0 0 1 0 1 1 1 0 0 1 1 0 0 1 1 1 1 1 0 1 0 1 0 0 0]
142 22 52 0.04513020109350374 [1 1 1 1 1 1 1 1 1 0 0 1 0 1 1 1 0 0 1 1 0 0 1 1 1 1 1 0 1 0 1 0 0 0]
143 22 53 0.04513020109350374 [1 1 1 1 1 1 1 1 1 0 0 1 0 1 1 1 0 0 1 1 0 0 1 1 1 1 1 0 1 0 1 0 0 0]
144 22 47 0.04513020109350374 [1 1 1 1 1 1 1 1 1 0 0 1 0 1 1 1 0 0 1 1 0 0 1 1 1 1 1 0 1 0 1 0 0 0]
145 22 50 0.04513020109350374 [1 1 1 1 1 1 1 1 1 0 0 1 0 1 1 1 0 0 1 1 0 0 1 1 1 1 1 0 1 0 1 0 0 0]
146 22 52 0.04513020109350374 [1 1 1 1 1 1 1 1 1 0 0 1 0 1 1 1 0 0 1 1 0 0 1 1 1 1 1 0 1 0 1 0 0 0]
147 22 49 0.04513020109350374 [1 1 1 1 1 1 1 1 1 0 0 1 0 1 1 1 0 0 1 1 0 0 1 1 1 1 1 0 1 0 1 0 0 0]
148 22 48 0.04513020109350374 [1 1 1 1 1 1 1 1 1 0 0 1 0 1 1 1 0 0 1 1 0 0 1 1 1 1 1 0 1 0 1 0 0 0]
149 22 49 0.04513020109350374 [1 1 1 1 1 1 1 1 1 0 0 1 0 1 1 1 0 0 1 1 0 0 1 1 1 1 1 0 1 0 1 0 0 0]
150 22 53 0.04513020109350374 [1 1 1 1 1 1 1 1 1 0 0 1 0 1 1 1 0 0 1 1 0 0 1 1 1 1 1 0 1 0 1 0 0 0]
