0 15 100 0.052473763118440764 [1 0 1 1 1 1 1 1 1 1 0 1 0 0 0 0 0 0 0 0 1 1 0 1 0 0 1 0 1 0 0 0 0 0]
1 15 87 0.052473763118440764 [1 0 1 1 1 1 1 1 1 1 0 1 0 0 0 0 0 0 0 0 1 1 0 1 0 0 1 0 1 0 0 0 0 0]
2 15 59 0.052473763118440764 [1 0 1 1 1 1 1 1 1 1 0 1 0 0 0 0 0 0 0 0 1 1 0 1 0 0 1 0 1 0 0 0 0 0]
3 15 52 0.052473763118440764 [1 0 1 1 1 1 1 1 1 1 0 1 0 0 0 0 0 0 0 0 1 1 0 1 0 0 1 0 1 0 0 0 0 0]
4 15 53 0.052473763118440764 [1 0 1 1 1 1 1 1 1 1 0 1 0 0 0 0 0 0 0 0 1 1 0 1 0 0 1 0 1 0 0 0 0 0]
5 15 53 0.052473763118440764 [1 0 1 1 1 1 1 1 1 1 0 1 0 0 0 0 0 0 0 0 1 1 0 1 0 0 1 0 1 0 0 0 0 0]
6 15 51 0.052473763118440764 [1 0 1 1 1 1 1 1 1 1 0 1 0 0 0 0 0 0 0 0 1 1 0 1 0 0 1 0 1 0 0 0 0 0]
7 15 53 0.052473763118440764 [1 0 1 1 1 1 1 1 1 1 0 1 0 0 0 0 0 0 0 0 1 1 0 1 0 0 1 0 1 0 0 0 0 0]
8 15 52 0.052473763118440764 [1 0 1 1 1 1 1 1 1 1 0 1 0 0 0 0 0 0 0 0 1 1 0 1 0 0 1 0 1 0 0 0 0 0]
9 15 54 0.052473763118440764 [1 0 1 1 1 1 1 1 1 1 0 1 0 0 0 0 0 0 0 0 1 1 0 1 0 0 1 0 1 0 0 0 0 0]
10 15 53 0.052473763118440764 [1 0 1 1 1 1 1 1 1 1 0 1 0 0 0 0 0 0 0 0 1 1 0 1 0 0 1 0 1 0 0 0 0 0]
11 15 55 0.052473763118440764 [1 0 1 1 1 1 1 1 1 1 0 1 0 0 0 0 0 0 0 0 1 1 0 1 0 0 1 0 1 0 0 0 0 0]
12 15 52 0.052473763118440764 [1 0 1 1 1 1 1 1 1 1 0 1 0 0 0 0 0 0 0 0 1 1 0 1 0 0 1 0 1 0 0 0 0 0]
13 15 54 0.052473763118440764 [1 0 1 1 1 1 1 1 1 1 0 1 0 0 0 0 0 0 0 0 1 1 0 1 0 0 1 0 1 0 0 0 0 0]
14 15 52 0.052473763118440764 [1 0 1 1 1 1 1 1 1 1 0 1 0 0 0 0 0 0 0 0 1 1 0 1 0 0 1 0 1 0 0 0 0 0]
15 15 49 0.052473763118440764 [1 0 1 1 1 1 1 1 1 1 0 1 0 0 0 0 0 0 0 0 1 1 0 1 0 0 1 0 1 0 0 0 0 0]
16 15 52 0.052473763118440764 [1 0 1 1 1 1 1 1 1 1 0 1 0 0 0 0 0 0 0 0 1 1 0 1 0 0 1 0 1 0 0 0 0 0]
17 15 51 0.052473763118440764 [1 0 1 1 1 1 1 1 1 1 0 1 0 0 0 0 0 0 0 0 1 1 0 1 0 0 1 0 1 0 0 0 0 0]
18 17 52 0.051340445083702946 [1 1 1 1 1 1 1 1 0 1 0 1 0 0 1 0 0 0 0 1 1 0 0 1 1 0 1 0 1 0 0 0 0 0]
19 17 53 0.051340445083702946 [1 1 1 1 1 1 1 1 0 1 0 1 0 0 1 0 0 0 0 1 1 0 0 1 1 0 1 0 1 0 0 0 0 0]
20 17 55 0.051340445083702946 [1 1 1 1 1 1 1 1 0 1 0 1 0 0 1 0 0 0 0 1 1 0 0 1 1 0 1 0 1 0 0 0 0 0]
21 17 52 0.051340445083702946 [1 1 1 1 1 1 1 1 0 1 0 1 0 0 1 0 0 0 0 1 1 0 0 1 1 0 1 0 1 0 0 0 0 0]
22 17 51 0.051340445083702946 [1 1 1 1 1 1 1 1 0 1 0 1 0 0 1 0 0 0 0 1 1 0 0 1 1 0 1 0 1 0 0 0 0 0]
23 17 53 0.051340445083702946 [1 1 1 1 1 1 1 1 0 1 0 1 0 0 1 0 0 0 0 1 1 0 0 1 1 0 1 0 1 0 0 0 0 0]
24 17 52 0.051340445083702946 [1 1 1 1 1 1 1 1 0 1 0 1 0 0 1 0 0 0 0 1 1 0 0 1 1 0 1 0 1 0 0 0 0 0]
25 17 55 0.051340445083702946 [1 1 1 1 1 1 1 1 0 1 0 1 0 0 1 0 0 0 0 1 1 0 0 1 1 0 1 0 1 0 0 0 0 0]
26 17 54 0.051340445083702946 [1 1 1 1 1 1 1 1 0 1 0 1 0 0 1 0 0 0 0 1 1 0 0 1 1 0 1 0 1 0 0 0 0 0]
27 17 50 0.051340445083702946 [1 1 1 1 1 1 1 1 0 1 0 1 0 0 1 0 0 0 0 1 1 0 0 1 1 0 1 0 1 0 0 0 0 0]
28 17 51 0.051340445083702946 [1 1 1 1 1 1 1 1 0 1 0 1 0 0 1 0 0 0 0 1 1 0 0 1 1 0 1 0 1 0 0 0 0 0]
29 17 54 0.051340445083702946 [1 1 1 1 1 1 1 1 0 1 0 1 0 0 1 0 0 0 0 1 1 0 0 1 1 0 1 0 1 0 0 0 0 0]
30 17 51 0.051340445083702946 [1 1 1 1 1 1 1 1 0 1 0 1 0 0 1 0 0 0 0 1 1 0 0 1 1 0 1 0 1 0 0 0 0 0]
31 17 56 0.051340445083702946 [1 1 1 1 1 1 1 1 0 1 0 1 0 0 1 0 0 0 0 1 1 0 0 1 1 0 1 0 1 0 0 0 0 0]
32 17 53 0.051340445083702946 [1 1 1 1 1 1 1 1 0 1 0 1 0 0 1 0 0 0 0 1 1 0 0 1 1 0 1 0 1 0 0 0 0 0]
33 17 51 0.051340445083702946 [1 1 1 1 1 1 1 1 0 1 0 1 0 0 1 0 0 0 0 1 1 0 0 1 1 0 1 0 1 0 0 0 0 0]
34 17 48 0.051340445083702946 [1 1 1 1 1 1 1 1 0 1 0 1 0 0 1 0 0 0 0 1 1 0 0 1 1 0 1 0 1 0 0 0 0 0]
35 17 50 0.051340445083702946 [1 1 1 1 1 1 1 1 0 1 0 1 0 0 1 0 0 0 0 1 1 0 0 1 1 0 1 0 1 0 0 0 0 0]
36 17 51 0.051340445083702946 [1 1 1 1 1 1 1 1 0 1 0 1 0 0 1 0 0 0 0 1 1 0 0 1 1 0 1 0 1 0 0 0 0 0]
37 17 50 0.051340445083702946 [1 1 1 1 1 1 1 1 0 1 0 1 0 0 1 0 0 0 0 1 1 0 0 1 1 0 1 0 1 0 0 0 0 0]
38 17 51 0.051340445083702946 [1 1 1 1 1 1 1 1 0 1 0 1 0 0 1 0 0 0 0 1 1 0 0 1 1 0 1 0 1 0 0 0 0 0]
39 17 54 0.051340445083702946 [1 1 1 1 1 1 1 1 0 1 0 1 0 0 1 0 0 0 0 1 1 0 0 1 1 0 1 0 1 0 0 0 0 0]
40 17 54 0.051340445083702946 [1 1 1 1 1 1 1 1 0 1 0 1 0 0 1 0 0 0 0 1 1 0 0 1 1 0 1 0 1 0 0 0 0 0]
41 17 52 0.051340445083702946 [1 1 1 1 1 1 1 1 0 1 0 1 0 0 1 0 0 0 0 1 1 0 0 1 1 0 1 0 1 0 0 0 0 0]
42 17 49 0.051340445083702946 [1 1 1 1 1 1 1 1 0 1 0 1 0 0 1 0 0 0 0 1 1 0 0 1 1 0 1 0 1 0 0 0 0 0]
43 19 50 0.046675814887735534 [1 0 1 1 1 1 1 1 0 1 0 1 0 1 1 1 0 0 0 1 0 0 1 1 1 0 1 0 1 0 1 0 0 0]
44 19 47 0.046675814887735534 [1 0 1 1 1 1 1 1 0 1 0 1 0 1 1 1 0 0 0 1 0 0 1 1 1 0 1 0 1 0 1 0 0 0]
45 19 52 0.046675814887735534 [1 0 1 1 1 1 1 1 0 1 0 1 0 1 1 1 0 0 0 1 0 0 1 1 1 0 1 0 1 0 1 0 0 0]
46 19 50 0.046675814887735534 [1 0 1 1 1 1 1 1 0 1 0 1 0 1 1 1 0 0 0 1 0 0 1 1 1 0 1 0 1 0 1 0 0 0]
47 19 50 0.046675814887735534 [1 0 1 1 1 1 1 1 0 1 0 1 0 1 1 1 0 0 0 1 0 0 1 1 1 0 1 0 1 0 1 0 0 0]
48 19 50 0.046675814887735534 [1 0 1 1 1 1 1 1 0 1 0 1 0 1 1 1 0 0 0 1 0 0 1 1 1 0 1 0 1 0 1 0 0 0]
49 19 54 0.046675814887735534 [1 0 1 1 1 1 1 1 0 1 0 1 0 1 1 1 0 0 0 1 0 0 1 1 1 0 1 0 1 0 1 0 0 0]
50 19 50 0.046675814887735534 [1 0 1 1 1 1 1 1 0 1 0 1 0 1 1 1 0 0 0 1 0 0 1 1 1 0 1 0 1 0 1 0 0 0]
51 19 51 0.046675814887735534 [1 0 1 1 1 1 1 1 0 1 0 1 0 1 1 1 0 0 0 1 0 0 1 1 1 0 1 0 1 0 1 0 0 0]
52 19 53 0.046675814887735534 [1 0 1 1 1 1 1 1 0 1 0 1 0 1 1 1 0 0 0 1 0 0 1 1 1 0 1 0 1 0 1 0 0 0]
53 19 52 0.046675814887735534 [1 0 1 1 1 1 1 1 0 1 0 1 0 1 1 1 0 0 0 1 0 0 1 1 1 0 1 0 1 0 1 0 0 0]
54 19 53 0.046675814887735534 [1 0 1 1 1 1 1 1 0 1 0 1 0 1 1 1 0 0 0 1 0 0 1 1 1 0 1 0 1 0 1 0 0 0]
55 19 51 0.046675814887735534 [1 0 1 1 1 1 1 1 0 1 0 1 0 1 1 1 0 0 0 1 0 0 1 1 1 0 1 0 1 0 1 0 0 0]
56 19 54 0.046675814887735534 [1 0 1 1 1 1 1 1 0 1 0 1 0 1 1 1 0 0 0 1 0 0 1 1 1 0 1 0 1 0 1 0 0 0]
57 19 53 0.046675814887735534 [1 0 1 1 1 1 1 1 0 1 0 1 0 1 1 1 0 0 0 1 0 0 1 1 1 0 1 0 1 0 1 0 0 0]
58 19 54 0.046675814887735534 [1 0 1 1 1 1 1 1 0 1 0 1 0 1 1 1 0 0 0 1 0 0 1 1 1 0 1 0 1 0 1 0 0 0]
59 19 48 0.046675814887735534 [1 0 1 1 1 1 1 1 0 1 0 1 0 1 1 1 0 0 0 1 0 0 1 1 1 0 1 0 1 0 1 0 0 0]
60 19 49 0.046675814887735534 [1 0 1 1 1 1 1 1 0 1 0 1 0 1 1 1 0 0 0 1 0 0 1 1 1 0 1 0 1 0 1 0 0 0]
61 19 52 0.046675814887735534 [1 0 1 1 1 1 1 1 0 1 0 1 0 1 1 1 0 0 0 1 0 0 1 1 1 0 1 0 1 0 1 0 0 0]
62 19 54 0.046675814887735534 [1 0 1 1 1 1 1 1 0 1 0 1 0 1 1 1 0 0 0 1 0 0 1 1 1 0 1 0 1 0 1 0 0 0]
63 19 50 0.046675814887735534 [1 0 1 1 1 1 1 1 0 1 0 1 0 1 1 1 0 0 0 1 0 0 1 1 1 0 1 0 1 0 1 0 0 0]
64 19 57 0.046675814887735534 [1 0 1 1 1 1 1 1 0 1 0 1 0 1 1 1 0 0 0 1 0 0 1 1 1 0 1 0 1 0 1 0 0 0]
65 19 53 0.046675814887735534 [1 0 1 1 1 1 1 1 0 1 0 1 0 1 1 1 0 0 0 1 0 0 1 1 1 0 1 0 1 0 1 0 0 0]
66 19 51 0.046675814887735534 [1 0 1 1 1 1 1 1 0 1 0 1 0 1 1 1 0 0 0 1 0 0 1 1 1 0 1 0 1 0 1 0 0 0]
67 19 51 0.046675814887735534 [1 0 1 1 1 1 1 1 0 1 0 1 0 1 1 1 0 0 0 1 0 0 1 1 1 0 1 0 1 0 1 0 0 0]
68 19 52 0.046675814887735534 [1 0 1 1 1 1 1 1 0 1 0 1 0 1 1 1 0 0 0 1 0 0 1 1 1 0 1 0 1 0 1 0 0 0]
69 19 52 0.046675814887735534 [1 0 1 1 1 1 1 1 0 1 0 1 0 1 1 1 0 0 0 1 0 0 1 1 1 0 1 0 1 0 1 0 0 0]
70 19 52 0.046675814887735534 [1 0 1 1 1 1 1 1 0 1 0 1 0 1 1 1 0 0 0 1 0 0 1 1 1 0 1 0 1 0 1 0 0 0]
71 19 49 0.046675814887735534 [1 0 1 1 1 1 1 1 0 1 0 1 0 1 1 1 0 0 0 1 0 0 1 1 1 0 1 0 1 0 1 0 0 0]
72 19 53 0.046675814887735534 [1 0 1 1 1 1 1 1 0 1 0 1 0 1 1 1 0 0 0 1 0 0 1 1 1 0 1 0 1 0 1 0 0 0]
73 19 51 0.046675814887735534 [1 0 1 1 1 1 1 1 0 1 0 1 0 1 1 1 0 0 0 1 0 0 1 1 1 0 1 0 1 0 1 0 0 0]
74 19 52 0.046675814887735534 [1 0 1 1 1 1 1 1 0 1 0 1 0 1 1 1 0 0 0 1 0 0 1 1 1 0 1 0 1 0 1 0 0 0]
75 19 51 0.046675814887735534 [1 0 1 1 1 1 1 1 0 1 0 1 0 1 1 1 0 0 0 1 0 0 1 1 1 0 1 0 1 0 1 0 0 0]
76 19 48 0.046675814887735534 [1 0 1 1 1 1 1 1 0 1 0 1 0 1 1 1 0 0 0 1 0 0 1 1 1 0 1 0 1 0 1 0 0 0]
77 19 54 0.046675814887735534 [1 0 1 1 1 1 1 1 0 1 0 1 0 1 1 1 0 0 0 1 0 0 1 1 1 0 1 0 1 0 1 0 0 0]
78 19 52 0.046675814887735534 [1 0 1 1 1 1 1 1 0 1 0 1 0 1 1 1 0 0 0 1 0 0 1 1 1 0 1 0 1 0 1 0 0 0]
79 19 52 0.046675814887735534 [1 0 1 1 1 1 1 1 0 1 0 1 0 1 1 1 0 0 0 1 0 0 1 1 1 0 1 0 1 0 1 0 0 0]
80 19 50 0.046675814887735534 [1 0 1 1 1 1 1 1 0 1 0 1 0 1 1 1 0 0 0 1 0 0 1 1 1 0 1 0 1 0 1 0 0 0]
81 19 50 0.046675814887735534 [1 0 1 1 1 1 1 1 0 1 0 1 0 1 1 1 0 0 0 1 0 0 1 1 1 0 1 0 1 0 1 0 0 0]
82 19 49 0.046675814887735534 [1 0 1 1 1 1 1 1 0 1 0 1 0 1 1 1 0 0 0 1 0 0 1 1 1 0 1 0 1 0 1 0 0 0]
83 19 50 0.046675814887735534 [1 0 1 1 1 1 1 1 0 1 0 1 0 1 1 1 0 0 0 1 0 0 1 1 1 0 1 0 1 0 1 0 0 0]
84 19 49 0.046675814887735534 [1 0 1 1 1 1 1 1 0 1 0 1 0 1 1 1 0 0 0 1 0 0 1 1 1 0 1 0 1 0 1 0 0 0]
85 19 53 0.046675814887735534 [1 0 1 1 1 1 1 1 0 1 0 1 0 1 1 1 0 0 0 1 0 0 1 1 1 0 1 0 1 0 1 0 0 0]
86 19 51 0.046675814887735534 [1 0 1 1 1 1 1 1 0 1 0 1 0 1 1 1 0 0 0 1 0 0 1 1 1 0 1 0 1 0 1 0 0 0]
87 19 51 0.046675814887735534 [1 0 1 1 1 1 1 1 0 1 0 1 0 1 1 1 0 0 0 1 0 0 1 1 1 0 1 0 1 0 1 0 0 0]
88 19 53 0.046675814887735534 [1 0 1 1 1 1 1 1 0 1 0 1 0 1 1 1 0 0 0 1 0 0 1 1 1 0 1 0 1 0 1 0 0 0]
89 19 53 0.046675814887735534 [1 0 1 1 1 1 1 1 0 1 0 1 0 1 1 1 0 0 0 1 0 0 1 1 1 0 1 0 1 0 1 0 0 0]
90 19 51 0.046675814887735534 [1 0 1 1 1 1 1 1 0 1 0 1 0 1 1 1 0 0 0 1 0 0 1 1 1 0 1 0 1 0 1 0 0 0]
91 19 54 0.046675814887735534 [1 0 1 1 1 1 1 1 0 1 0 1 0 1 1 1 0 0 0 1 0 0 1 1 1 0 1 0 1 0 1 0 0 0]
92 19 53 0.046675814887735534 [1 0 1 1 1 1 1 1 0 1 0 1 0 1 1 1 0 0 0 1 0 0 1 1 1 0 1 0 1 0 1 0 0 0]
93 19 52 0.046675814887735534 [1 0 1 1 1 1 1 1 0 1 0 1 0 1 1 1 0 0 0 1 0 0 1 1 1 0 1 0 1 0 1 0 0 0]
94 19 51 0.046675814887735534 [1 0 1 1 1 1 1 1 0 1 0 1 0 1 1 1 0 0 0 1 0 0 1 1 1 0 1 0 1 0 1 0 0 0]
95 19 50 0.046675814887735534 [1 0 1 1 1 1 1 1 0 1 0 1 0 1 1 1 0 0 0 1 0 0 1 1 1 0 1 0 1 0 1 0 0 0]
96 19 50 0.046675814887735534 [1 0 1 1 1 1 1 1 0 1 0 1 0 1 1 1 0 0 0 1 0 0 1 1 1 0 1 0 1 0 1 0 0 0]
97 19 55 0.046675814887735534 [1 0 1 1 1 1 1 1 0 1 0 1 0 1 1 1 0 0 0 1 0 0 1 1 1 0 1 0 1 0 1 0 0 0]
98 19 51 0.046675814887735534 [1 0 1 1 1 1 1 1 0 1 0 1 0 1 1 1 0 0 0 1 0 0 1 1 1 0 1 0 1 0 1 0 0 0]
99 19 50 0.046675814887735534 [1 0 1 1 1 1 1 1 0 1 0 1 0 1 1 1 0 0 0 1 0 0 1 1 1 0 1 0 1 0 1 0 0 0]
100 19 55 0.046675814887735534 [1 0 1 1 1 1 1 1 0 1 0 1 0 1 1 1 0 0 0 1 0 0 1 1 1 0 1 0 1 0 1 0 0 0]
101 19 50 0.046675814887735534 [1 0 1 1 1 1 1 1 0 1 0 1 0 1 1 1 0 0 0 1 0 0 1 1 1 0 1 0 1 0 1 0 0 0]
102 19 52 0.046675814887735534 [1 0 1 1 1 1 1 1 0 1 0 1 0 1 1 1 0 0 0 1 0 0 1 1 1 0 1 0 1 0 1 0 0 0]
103 19 51 0.046675814887735534 [1 0 1 1 1 1 1 1 0 1 0 1 0 1 1 1 0 0 0 1 0 0 1 1 1 0 1 0 1 0 1 0 0 0]
104 19 50 0.046675814887735534 [1 0 1 1 1 1 1 1 0 1 0 1 0 1 1 1 0 0 0 1 0 0 1 1 1 0 1 0 1 0 1 0 0 0]
105 19 48 0.046675814887735534 [1 0 1 1 1 1 1 1 0 1 0 1 0 1 1 1 0 0 0 1 0 0 1 1 1 0 1 0 1 0 1 0 0 0]
106 19 53 0.046675814887735534 [1 0 1 1 1 1 1 1 0 1 0 1 0 1 1 1 0 0 0 1 0 0 1 1 1 0 1 0 1 0 1 0 0 0]
107 19 56 0.046675814887735534 [1 0 1 1 1 1 1 1 0 1 0 1 0 1 1 1 0 0 0 1 0 0 1 1 1 0 1 0 1 0 1 0 0 0]
108 19 54 0.046675814887735534 [1 0 1 1 1 1 1 1 0 1 0 1 0 1 1 1 0 0 0 1 0 0 1 1 1 0 1 0 1 0 1 0 0 0]
109 19 49 0.046675814887735534 [1 0 1 1 1 1 1 1 0 1 0 1 0 1 1 1 0 0 0 1 0 0 1 1 1 0 1 0 1 0 1 0 0 0]
110 19 58 0.046675814887735534 [1 0 1 1 1 1 1 1 0 1 0 1 0 1 1 1 0 0 0 1 0 0 1 1 1 0 1 0 1 0 1 0 0 0]
111 19 52 0.046675814887735534 [1 0 1 1 1 1 1 1 0 1 0 1 0 1 1 1 0 0 0 1 0 0 1 1 1 0 1 0 1 0 1 0 0 0]
112 19 52 0.046675814887735534 [1 0 1 1 1 1 1 1 0 1 0 1 0 1 1 1 0 0 0 1 0 0 1 1 1 0 1 0 1 0 1 0 0 0]
113 19 53 0.046675814887735534 [1 0 1 1 1 1 1 1 0 1 0 1 0 1 1 1 0 0 0 1 0 0 1 1 1 0 1 0 1 0 1 0 0 0]
114 19 51 0.046675814887735534 [1 0 1 1 1 1 1 1 0 1 0 1 0 1 1 1 0 0 0 1 0 0 1 1 1 0 1 0 1 0 1 0 0 0]
115 19 47 0.046675814887735534 [1 0 1 1 1 1 1 1 0 1 0 1 0 1 1 1 0 0 0 1 0 0 1 1 1 0 1 0 1 0 1 0 0 0]
116 19 50 0.046675814887735534 [1 0 1 1 1 1 1 1 0 1 0 1 0 1 1 1 0 0 0 1 0 0 1 1 1 0 1 0 1 0 1 0 0 0]
117 19 52 0.046675814887735534 [1 0 1 1 1 1 1 1 0 1 0 1 0 1 1 1 0 0 0 1 0 0 1 1 1 0 1 0 1 0 1 0 0 0]
118 19 51 0.046675814887735534 [1 0 1 1 1 1 1 1 0 1 0 1 0 1 1 1 0 0 0 1 0 0 1 1 1 0 1 0 1 0 1 0 0 0]
119 19 50 0.046675814887735534 [1 0 1 1 1 1 1 1 0 1 0 1 0 1 1 1 0 0 0 1 0 0 1 1 1 0 1 0 1 0 1 0 0 0]
120 19 52 0.046675814887735534 [1 0 1 1 1 1 1 1 0 1 0 1 0 1 1 1 0 0 0 1 0 0 1 1 1 0 1 0 1 0 1 0 0 0]
121 19 50 0.046675814887735534 [1 0 1 1 1 1 1 1 0 1 0 1 0 1 1 1 0 0 0 1 0 0 1 1 1 0 1 0 1 0 1 0 0 0]
122 19 53 0.046675814887735534 [1 0 1 1 1 1 1 1 0 1 0 1 0 1 1 1 0 0 0 1 0 0 1 1 1 0 1 0 1 0 1 0 0 0]
123 19 51 0.046675814887735534 [1 0 1 1 1 1 1 1 0 1 0 1 0 1 1 1 0 0 0 1 0 0 1 1 1 0 1 0 1 0 1 0 0 0]
124 19 52 0.046675814887735534 [1 0 1 1 1 1 1 1 0 1 0 1 0 1 1 1 0 0 0 1 0 0 1 1 1 0 1 0 1 0 1 0 0 0]
125 19 52 0.046675814887735534 [1 0 1 1 1 1 1 1 0 1 0 1 0 1 1 1 0 0 0 1 0 0 1 1 1 0 1 0 1 0 1 0 0 0]
126 19 52 0.046675814887735534 [1 0 1 1 1 1 1 1 0 1 0 1 0 1 1 1 0 0 0 1 0 0 1 1 1 0 1 0 1 0 1 0 0 0]
127 19 55 0.046675814887735534 [1 0 1 1 1 1 1 1 0 1 0 1 0 1 1 1 0 0 0 1 0 0 1 1 1 0 1 0 1 0 1 0 0 0]
128 19 49 0.046675814887735534 [1 0 1 1 1 1 1 1 0 1 0 1 0 1 1 1 0 0 0 1 0 0 1 1 1 0 1 0 1 0 1 0 0 0]
129 19 51 0.046675814887735534 [1 0 1 1 1 1 1 1 0 1 0 1 0 1 1 1 0 0 0 1 0 0 1 1 1 0 1 0 1 0 1 0 0 0]
130 19 51 0.046675814887735534 [1 0 1 1 1 1 1 1 0 1 0 1 0 1 1 1 0 0 0 1 0 0 1 1 1 0 1 0 1 0 1 0 0 0]
131 19 51 0.046675814887735534 [1 0 1 1 1 1 1 1 0 1 0 1 0 1 1 1 0 0 0 1 0 0 1 1 1 0 1 0 1 0 1 0 0 0]
132 19 51 0.046675814887735534 [1 0 1 1 1 1 1 1 0 1 0 1 0 1 1 1 0 0 0 1 0 0 1 1 1 0 1 0 1 0 1 0 0 0]
133 19 50 0.046675814887735534 [1 0 1 1 1 1 1 1 0 1 0 1 0 1 1 1 0 0 0 1 0 0 1 1 1 0 1 0 1 0 1 0 0 0]
134 19 50 0.046675814887735534 [1 0 1 1 1 1 1 1 0 1 0 1 0 1 1 1 0 0 0 1 0 0 1 1 1 0 1 0 1 0 1 0 0 0]
135 19 51 0.046675814887735534 [1 0 1 1 1 1 1 1 0 1 0 1 0 1 1 1 0 0 0 1 0 0 1 1 1 0 1 0 1 0 1 0 0 0]
136 19 47 0.046675814887735534 [1 0 1 1 1 1 1 1 0 1 0 1 0 1 1 1 0 0 0 1 0 0 1 1 1 0 1 0 1 0 1 0 0 0]
137 19 51 0.046675814887735534 [1 0 1 1 1 1 1 1 0 1 0 1 0 1 1 1 0 0 0 1 0 0 1 1 1 0 1 0 1 0 1 0 0 0]
138 19 50 0.046675814887735534 [1 0 1 1 1 1 1 1 0 1 0 1 0 1 1 1 0 0 0 1 0 0 1 1 1 0 1 0 1 0 1 0 0 0]
139 19 49 0.046675814887735534 [1 0 1 1 1 1 1 1 0 1 0 1 0 1 1 1 0 0 0 1 0 0 1 1 1 0 1 0 1 0 1 0 0 0]
140 19 51 0.046675814887735534 [1 0 1 1 1 1 1 1 0 1 0 1 0 1 1 1 0 0 0 1 0 0 1 1 1 0 1 0 1 0 1 0 0 0]
141 19 52 0.046675814887735534 [1 0 1 1 1 1 1 1 0 1 0 1 0 1 1 1 0 0 0 1 0 0 1 1 1 0 1 0 1 0 1 0 0 0]
142 19 47 0.046675814887735534 [1 0 1 1 1 1 1 1 0 1 0 1 0 1 1 1 0 0 0 1 0 0 1 1 1 0 1 0 1 0 1 0 0 0]
143 19 49 0.046675814887735534 [1 0 1 1 1 1 1 1 0 1 0 1 0 1 1 1 0 0 0 1 0 0 1 1 1 0 1 0 1 0 1 0 0 0]
144 19 51 0.046675814887735534 [1 0 1 1 1 1 1 1 0 1 0 1 0 1 1 1 0 0 0 1 0 0 1 1 1 0 1 0 1 0 1 0 0 0]
145 19 51 0.046675814887735534 [1 0 1 1 1 1 1 1 0 1 0 1 0 1 1 1 0 0 0 1 0 0 1 1 1 0 1 0 1 0 1 0 0 0]
146 19 52 0.046675814887735534 [1 0 1 1 1 1 1 1 0 1 0 1 0 1 1 1 0 0 0 1 0 0 1 1 1 0 1 0 1 0 1 0 0 0]
147 19 50 0.046675814887735534 [1 0 1 1 1 1 1 1 0 1 0 1 0 1 1 1 0 0 0 1 0 0 1 1 1 0 1 0 1 0 1 0 0 0]
148 19 50 0.046675814887735534 [1 0 1 1 1 1 1 1 0 1 0 1 0 1 1 1 0 0 0 1 0 0 1 1 1 0 1 0 1 0 1 0 0 0]
149 19 49 0.046675814887735534 [1 0 1 1 1 1 1 1 0 1 0 1 0 1 1 1 0 0 0 1 0 0 1 1 1 0 1 0 1 0 1 0 0 0]
150 19 51 0.046675814887735534 [1 0 1 1 1 1 1 1 0 1 0 1 0 1 1 1 0 0 0 1 0 0 1 1 1 0 1 0 1 0 1 0 0 0]
