0 20 100 0.05694586825865844 [1 1 1 1 1 1 1 1 1 0 0 1 0 1 1 1 1 0 0 1 0 0 0 0 1 0 0 0 1 0 1 0 1 1]
1 21 89 0.048226046314000404 [1 1 1 1 1 1 1 1 0 0 0 1 0 1 0 1 1 0 1 1 0 1 0 0 1 0 0 1 1 0 1 0 1 1]
2 21 55 0.048226046314000404 [1 1 1 1 1 1 1 1 0 0 0 1 0 1 0 1 1 0 1 1 0 1 0 0 1 0 0 1 1 0 1 0 1 1]
3 21 51 0.048226046314000404 [1 1 1 1 1 1 1 1 0 0 0 1 0 1 0 1 1 0 1 1 0 1 0 0 1 0 0 1 1 0 1 0 1 1]
4 21 55 0.048226046314000404 [1 1 1 1 1 1 1 1 0 0 0 1 0 1 0 1 1 0 1 1 0 1 0 0 1 0 0 1 1 0 1 0 1 1]
5 21 56 0.048226046314000404 [1 1 1 1 1 1 1 1 0 0 0 1 0 1 0 1 1 0 1 1 0 1 0 0 1 0 0 1 1 0 1 0 1 1]
6 21 54 0.048226046314000404 [1 1 1 1 1 1 1 1 0 0 0 1 0 1 0 1 1 0 1 1 0 1 0 0 1 0 0 1 1 0 1 0 1 1]
7 21 54 0.048226046314000404 [1 1 1 1 1 1 1 1 0 0 0 1 0 1 0 1 1 0 1 1 0 1 0 0 1 0 0 1 1 0 1 0 1 1]
8 21 53 0.048226046314000404 [1 1 1 1 1 1 1 1 0 0 0 1 0 1 0 1 1 0 1 1 0 1 0 0 1 0 0 1 1 0 1 0 1 1]
9 21 53 0.048226046314000404 [1 1 1 1 1 1 1 1 0 0 0 1 0 1 0 1 1 0 1 1 0 1 0 0 1 0 0 1 1 0 1 0 1 1]
10 21 49 0.048226046314000404 [1 1 1 1 1 1 1 1 0 0 0 1 0 1 0 1 1 0 1 1 0 1 0 0 1 0 0 1 1 0 1 0 1 1]
11 21 51 0.048226046314000404 [1 1 1 1 1 1 1 1 0 0 0 1 0 1 0 1 1 0 1 1 0 1 0 0 1 0 0 1 1 0 1 0 1 1]
12 21 54 0.048226046314000404 [1 1 1 1 1 1 1 1 0 0 0 1 0 1 0 1 1 0 1 1 0 1 0 0 1 0 0 1 1 0 1 0 1 1]
13 21 51 0.048226046314000404 [1 1 1 1 1 1 1 1 0 0 0 1 0 1 0 1 1 0 1 1 0 1 0 0 1 0 0 1 1 0 1 0 1 1]
14 21 53 0.048226046314000404 [1 1 1 1 1 1 1 1 0 0 0 1 0 1 0 1 1 0 1 1 0 1 0 0 1 0 0 1 1 0 1 0 1 1]
15 20 55 0.04717926262083416 [1 0 1 1 1 1 1 1 0 0 1 1 0 1 0 1 0 0 1 1 1 1 1 0 1 0 0 1 1 0 1 0 0 0]
16 20 53 0.04717926262083416 [1 0 1 1 1 1 1 1 0 0 1 1 0 1 0 1 0 0 1 1 1 1 1 0 1 0 0 1 1 0 1 0 0 0]
17 20 51 0.04717926262083416 [1 0 1 1 1 1 1 1 0 0 1 1 0 1 0 1 0 0 1 1 1 1 1 0 1 0 0 1 1 0 1 0 0 0]
18 20 52 0.04717926262083416 [1 0 1 1 1 1 1 1 0 0 1 1 0 1 0 1 0 0 1 1 1 1 1 0 1 0 0 1 1 0 1 0 0 0]
19 20 52 0.04717926262083416 [1 0 1 1 1 1 1 1 0 0 1 1 0 1 0 1 0 0 1 1 1 1 1 0 1 0 0 1 1 0 1 0 0 0]
20 20 54 0.04717926262083416 [1 0 1 1 1 1 1 1 0 0 1 1 0 1 0 1 0 0 1 1 1 1 1 0 1 0 0 1 1 0 1 0 0 0]
21 20 54 0.04717926262083416 [1 0 1 1 1 1 1 1 0 0 1 1 0 1 0 1 0 0 1 1 1 1 1 0 1 0 0 1 1 0 1 0 0 0]
22 20 49 0.04717926262083416 [1 0 1 1 1 1 1 1 0 0 1 1 0 1 0 1 0 0 1 1 1 1 1 0 1 0 0 1 1 0 1 0 0 0]
23 20 54 0.04717926262083416 [1 0 1 1 1 1 1 1 0 0 1 1 0 1 0 1 0 0 1 1 1 1 1 0 1 0 0 1 1 0 1 0 0 0]
24 20 51 0.04717926262083416 [1 0 1 1 1 1 1 1 0 0 1 1 0 1 0 1 0 0 1 1 1 1 1 0 1 0 0 1 1 0 1 0 0 0]
25 20 52 0.04717926262083416 [1 0 1 1 1 1 1 1 0 0 1 1 0 1 0 1 0 0 1 1 1 1 1 0 1 0 0 1 1 0 1 0 0 0]
26 20 52 0.04717926262083416 [1 0 1 1 1 1 1 1 0 0 1 1 0 1 0 1 0 0 1 1 1 1 1 0 1 0 0 1 1 0 1 0 0 0]
27 20 49 0.04717926262083416 [1 0 1 1 1 1 1 1 0 0 1 1 0 1 0 1 0 0 1 1 1 1 1 0 1 0 0 1 1 0 1 0 0 0]
28 20 52 0.04717926262083416 [1 0 1 1 1 1 1 1 0 0 1 1 0 1 0 1 0 0 1 1 1 1 1 0 1 0 0 1 1 0 1 0 0 0]
29 20 55 0.04717926262083416 [1 0 1 1 1 1 1 1 0 0 1 1 0 1 0 1 0 0 1 1 1 1 1 0 1 0 0 1 1 0 1 0 0 0]
30 20 51 0.04717926262083416 [1 0 1 1 1 1 1 1 0 0 1 1 0 1 0 1 0 0 1 1 1 1 1 0 1 0 0 1 1 0 1 0 0 0]
31 20 52 0.04717926262083416 [1 0 1 1 1 1 1 1 0 0 1 1 0 1 0 1 0 0 1 1 1 1 1 0 1 0 0 1 1 0 1 0 0 0]
32 20 54 0.04717926262083416 [1 0 1 1 1 1 1 1 0 0 1 1 0 1 0 1 0 0 1 1 1 1 1 0 1 0 0 1 1 0 1 0 0 0]
33 20 49 0.04717926262083416 [1 0 1 1 1 1 1 1 0 0 1 1 0 1 0 1 0 0 1 1 1 1 1 0 1 0 0 1 1 0 1 0 0 0]
34 20 54 0.04717926262083416 [1 0 1 1 1 1 1 1 0 0 1 1 0 1 0 1 0 0 1 1 1 1 1 0 1 0 0 1 1 0 1 0 0 0]
35 20 53 0.04717926262083416 [1 0 1 1 1 1 1 1 0 0 1 1 0 1 0 1 0 0 1 1 1 1 1 0 1 0 0 1 1 0 1 0 0 0]
36 20 57 0.04717926262083416 [1 0 1 1 1 1 1 1 0 0 1 1 0 1 0 1 0 0 1 1 1 1 1 0 1 0 0 1 1 0 1 0 0 0]
37 20 53 0.04717926262083416 [1 0 1 1 1 1 1 1 0 0 1 1 0 1 0 1 0 0 1 1 1 1 1 0 1 0 0 1 1 0 1 0 0 0]
38 20 56 0.04717926262083416 [1 0 1 1 1 1 1 1 0 0 1 1 0 1 0 1 0 0 1 1 1 1 1 0 1 0 0 1 1 0 1 0 0 0]
39 20 50 0.04717926262083416 [1 0 1 1 1 1 1 1 0 0 1 1 0 1 0 1 0 0 1 1 1 1 1 0 1 0 0 1 1 0 1 0 0 0]
40 20 53 0.04717926262083416 [1 0 1 1 1 1 1 1 0 0 1 1 0 1 0 1 0 0 1 1 1 1 1 0 1 0 0 1 1 0 1 0 0 0]
41 20 51 0.04717926262083416 [1 0 1 1 1 1 1 1 0 0 1 1 0 1 0 1 0 0 1 1 1 1 1 0 1 0 0 1 1 0 1 0 0 0]
42 20 52 0.04717926262083416 [1 0 1 1 1 1 1 1 0 0 1 1 0 1 0 1 0 0 1 1 1 1 1 0 1 0 0 1 1 0 1 0 0 0]
43 20 52 0.04717926262083416 [1 0 1 1 1 1 1 1 0 0 1 1 0 1 0 1 0 0 1 1 1 1 1 0 1 0 0 1 1 0 1 0 0 0]
44 20 52 0.04717926262083416 [1 0 1 1 1 1 1 1 0 0 1 1 0 1 0 1 0 0 1 1 1 1 1 0 1 0 0 1 1 0 1 0 0 0]
45 20 54 0.04717926262083416 [1 0 1 1 1 1 1 1 0 0 1 1 0 1 0 1 0 0 1 1 1 1 1 0 1 0 0 1 1 0 1 0 0 0]
46 20 51 0.04717926262083416 [1 0 1 1 1 1 1 1 0 0 1 1 0 1 0 1 0 0 1 1 1 1 1 0 1 0 0 1 1 0 1 0 0 0]
47 20 52 0.04717926262083416 [1 0 1 1 1 1 1 1 0 0 1 1 0 1 0 1 0 0 1 1 1 1 1 0 1 0 0 1 1 0 1 0 0 0]
48 20 51 0.04717926262083416 [1 0 1 1 1 1 1 1 0 0 1 1 0 1 0 1 0 0 1 1 1 1 1 0 1 0 0 1 1 0 1 0 0 0]
49 20 54 0.04717926262083416 [1 0 1 1 1 1 1 1 0 0 1 1 0 1 0 1 0 0 1 1 1 1 1 0 1 0 0 1 1 0 1 0 0 0]
50 20 50 0.04717926262083416 [1 0 1 1 1 1 1 1 0 0 1 1 0 1 0 1 0 0 1 1 1 1 1 0 1 0 0 1 1 0 1 0 0 0]
51 20 56 0.04717926262083416 [1 0 1 1 1 1 1 1 0 0 1 1 0 1 0 1 0 0 1 1 1 1 1 0 1 0 0 1 1 0 1 0 0 0]
52 20 53 0.04717926262083416 [1 0 1 1 1 1 1 1 0 0 1 1 0 1 0 1 0 0 1 1 1 1 1 0 1 0 0 1 1 0 1 0 0 0]
53 20 53 0.04717926262083416 [1 0 1 1 1 1 1 1 0 0 1 1 0 1 0 1 0 0 1 1 1 1 1 0 1 0 0 1 1 0 1 0 0 0]
54 20 52 0.04717926262083416 [1 0 1 1 1 1 1 1 0 0 1 1 0 1 0 1 0 0 1 1 1 1 1 0 1 0 0 1 1 0 1 0 0 0]
55 20 58 0.04717926262083416 [1 0 1 1 1 1 1 1 0 0 1 1 0 1 0 1 0 0 1 1 1 1 1 0 1 0 0 1 1 0 1 0 0 0]
56 20 51 0.04717926262083416 [1 0 1 1 1 1 1 1 0 0 1 1 0 1 0 1 0 0 1 1 1 1 1 0 1 0 0 1 1 0 1 0 0 0]
57 20 53 0.04717926262083416 [1 0 1 1 1 1 1 1 0 0 1 1 0 1 0 1 0 0 1 1 1 1 1 0 1 0 0 1 1 0 1 0 0 0]
58 20 50 0.04717926262083416 [1 0 1 1 1 1 1 1 0 0 1 1 0 1 0 1 0 0 1 1 1 1 1 0 1 0 0 1 1 0 1 0 0 0]
59 20 49 0.04717926262083416 [1 0 1 1 1 1 1 1 0 0 1 1 0 1 0 1 0 0 1 1 1 1 1 0 1 0 0 1 1 0 1 0 0 0]
60 20 54 0.04717926262083416 [1 0 1 1 1 1 1 1 0 0 1 1 0 1 0 1 0 0 1 1 1 1 1 0 1 0 0 1 1 0 1 0 0 0]
61 20 50 0.04717926262083416 [1 0 1 1 1 1 1 1 0 0 1 1 0 1 0 1 0 0 1 1 1 1 1 0 1 0 0 1 1 0 1 0 0 0]
62 20 51 0.04717926262083416 [1 0 1 1 1 1 1 1 0 0 1 1 0 1 0 1 0 0 1 1 1 1 1 0 1 0 0 1 1 0 1 0 0 0]
63 20 53 0.04717926262083416 [1 0 1 1 1 1 1 1 0 0 1 1 0 1 0 1 0 0 1 1 1 1 1 0 1 0 0 1 1 0 1 0 0 0]
64 20 53 0.04717926262083416 [1 0 1 1 1 1 1 1 0 0 1 1 0 1 0 1 0 0 1 1 1 1 1 0 1 0 0 1 1 0 1 0 0 0]
65 20 53 0.04717926262083416 [1 0 1 1 1 1 1 1 0 0 1 1 0 1 0 1 0 0 1 1 1 1 1 0 1 0 0 1 1 0 1 0 0 0]
66 20 53 0.04717926262083416 [1 0 1 1 1 1 1 1 0 0 1 1 0 1 0 1 0 0 1 1 1 1 1 0 1 0 0 1 1 0 1 0 0 0]
67 20 53 0.04717926262083416 [1 0 1 1 1 1 1 1 0 0 1 1 0 1 0 1 0 0 1 1 1 1 1 0 1 0 0 1 1 0 1 0 0 0]
68 20 50 0.04717926262083416 [1 0 1 1 1 1 1 1 0 0 1 1 0 1 0 1 0 0 1 1 1 1 1 0 1 0 0 1 1 0 1 0 0 0]
69 20 56 0.04717926262083416 [1 0 1 1 1 1 1 1 0 0 1 1 0 1 0 1 0 0 1 1 1 1 1 0 1 0 0 1 1 0 1 0 0 0]
70 20 54 0.04717926262083416 [1 0 1 1 1 1 1 1 0 0 1 1 0 1 0 1 0 0 1 1 1 1 1 0 1 0 0 1 1 0 1 0 0 0]
71 20 50 0.04717926262083416 [1 0 1 1 1 1 1 1 0 0 1 1 0 1 0 1 0 0 1 1 1 1 1 0 1 0 0 1 1 0 1 0 0 0]
72 20 50 0.04717926262083416 [1 0 1 1 1 1 1 1 0 0 1 1 0 1 0 1 0 0 1 1 1 1 1 0 1 0 0 1 1 0 1 0 0 0]
73 20 50 0.04717926262083416 [1 0 1 1 1 1 1 1 0 0 1 1 0 1 0 1 0 0 1 1 1 1 1 0 1 0 0 1 1 0 1 0 0 0]
74 20 53 0.04717926262083416 [1 0 1 1 1 1 1 1 0 0 1 1 0 1 0 1 0 0 1 1 1 1 1 0 1 0 0 1 1 0 1 0 0 0]
75 20 51 0.04717926262083416 [1 0 1 1 1 1 1 1 0 0 1 1 0 1 0 1 0 0 1 1 1 1 1 0 1 0 0 1 1 0 1 0 0 0]
76 20 53 0.04717926262083416 [1 0 1 1 1 1 1 1 0 0 1 1 0 1 0 1 0 0 1 1 1 1 1 0 1 0 0 1 1 0 1 0 0 0]
77 20 52 0.04717926262083416 [1 0 1 1 1 1 1 1 0 0 1 1 0 1 0 1 0 0 1 1 1 1 1 0 1 0 0 1 1 0 1 0 0 0]
78 20 54 0.04717926262083416 [1 0 1 1 1 1 1 1 0 0 1 1 0 1 0 1 0 0 1 1 1 1 1 0 1 0 0 1 1 0 1 0 0 0]
79 20 52 0.04717926262083416 [1 0 1 1 1 1 1 1 0 0 1 1 0 1 0 1 0 0 1 1 1 1 1 0 1 0 0 1 1 0 1 0 0 0]
80 20 49 0.04717926262083416 [1 0 1 1 1 1 1 1 0 0 1 1 0 1 0 1 0 0 1 1 1 1 1 0 1 0 0 1 1 0 1 0 0 0]
81 20 51 0.04717926262083416 [1 0 1 1 1 1 1 1 0 0 1 1 0 1 0 1 0 0 1 1 1 1 1 0 1 0 0 1 1 0 1 0 0 0]
82 20 53 0.04717926262083416 [1 0 1 1 1 1 1 1 0 0 1 1 0 1 0 1 0 0 1 1 1 1 1 0 1 0 0 1 1 0 1 0 0 0]
83 20 51 0.04717926262083416 [1 0 1 1 1 1 1 1 0 0 1 1 0 1 0 1 0 0 1 1 1 1 1 0 1 0 0 1 1 0 1 0 0 0]
84 20 52 0.04717926262083416 [1 0 1 1 1 1 1 1 0 0 1 1 0 1 0 1 0 0 1 1 1 1 1 0 1 0 0 1 1 0 1 0 0 0]
85 20 51 0.04717926262083416 [1 0 1 1 1 1 1 1 0 0 1 1 0 1 0 1 0 0 1 1 1 1 1 0 1 0 0 1 1 0 1 0 0 0]
86 20 53 0.04717926262083416 [1 0 1 1 1 1 1 1 0 0 1 1 0 1 0 1 0 0 1 1 1 1 1 0 1 0 0 1 1 0 1 0 0 0]
87 20 53 0.04717926262083416 [1 0 1 1 1 1 1 1 0 0 1 1 0 1 0 1 0 0 1 1 1 1 1 0 1 0 0 1 1 0 1 0 0 0]
88 20 51 0.04717926262083416 [1 0 1 1 1 1 1 1 0 0 1 1 0 1 0 1 0 0 1 1 1 1 1 0 1 0 0 1 1 0 1 0 0 0]
89 20 54 0.04717926262083416 [1 0 1 1 1 1 1 1 0 0 1 1 0 1 0 1 0 0 1 1 1 1 1 0 1 0 0 1 1 0 1 0 0 0]
90 20 52 0.04717926262083416 [1 0 1 1 1 1 1 1 0 0 1 1 0 1 0 1 0 0 1 1 1 1 1 0 1 0 0 1 1 0 1 0 0 0]
91 20 52 0.04717926262083416 [1 0 1 1 1 1 1 1 0 0 1 1 0 1 0 1 0 0 1 1 1 1 1 0 1 0 0 1 1 0 1 0 0 0]
92 20 52 0.04717926262083416 [1 0 1 1 1 1 1 1 0 0 1 1 0 1 0 1 0 0 1 1 1 1 1 0 1 0 0 1 1 0 1 0 0 0]
93 20 56 0.04717926262083416 [1 0 1 1 1 1 1 1 0 0 1 1 0 1 0 1 0 0 1 1 1 1 1 0 1 0 0 1 1 0 1 0 0 0]
94 20 57 0.04717926262083416 [1 0 1 1 1 1 1 1 0 0 1 1 0 1 0 1 0 0 1 1 1 1 1 0 1 0 0 1 1 0 1 0 0 0]
95 20 55 0.04717926262083416 [1 0 1 1 1 1 1 1 0 0 1 1 0 1 0 1 0 0 1 1 1 1 1 0 1 0 0 1 1 0 1 0 0 0]
96 20 51 0.04717926262083416 [1 0 1 1 1 1 1 1 0 0 1 1 0 1 0 1 0 0 1 1 1 1 1 0 1 0 0 1 1 0 1 0 0 0]
97 20 51 0.04717926262083416 [1 0 1 1 1 1 1 1 0 0 1 1 0 1 0 1 0 0 1 1 1 1 1 0 1 0 0 1 1 0 1 0 0 0]
98 20 52 0.04717926262083416 [1 0 1 1 1 1 1 1 0 0 1 1 0 1 0 1 0 0 1 1 1 1 1 0 1 0 0 1 1 0 1 0 0 0]
99 20 49 0.04717926262083416 [1 0 1 1 1 1 1 1 0 0 1 1 0 1 0 1 0 0 1 1 1 1 1 0 1 0 0 1 1 0 1 0 0 0]
100 20 52 0.04717926262083416 [1 0 1 1 1 1 1 1 0 0 1 1 0 1 0 1 0 0 1 1 1 1 1 0 1 0 0 1 1 0 1 0 0 0]
101 20 55 0.04717926262083416 [1 0 1 1 1 1 1 1 0 0 1 1 0 1 0 1 0 0 1 1 1 1 1 0 1 0 0 1 1 0 1 0 0 0]
102 20 51 0.04717926262083416 [1 0 1 1 1 1 1 1 0 0 1 1 0 1 0 1 0 0 1 1 1 1 1 0 1 0 0 1 1 0 1 0 0 0]
103 20 52 0.04717926262083416 [1 0 1 1 1 1 1 1 0 0 1 1 0 1 0 1 0 0 1 1 1 1 1 0 1 0 0 1 1 0 1 0 0 0]
104 20 52 0.04717926262083416 [1 0 1 1 1 1 1 1 0 0 1 1 0 1 0 1 0 0 1 1 1 1 1 0 1 0 0 1 1 0 1 0 0 0]
105 20 53 0.04717926262083416 [1 0 1 1 1 1 1 1 0 0 1 1 0 1 0 1 0 0 1 1 1 1 1 0 1 0 0 1 1 0 1 0 0 0]
106 19 50 0.046675814887735534 [1 0 1 1 1 1 1 1 0 1 0 1 0 0 1 1 0 1 1 1 0 0 1 0 0 1 0 0 1 0 1 0 1 0]
107 19 51 0.046675814887735534 [1 0 1 1 1 1 1 1 0 1 0 1 0 0 1 1 0 1 1 1 0 0 1 0 0 1 0 0 1 0 1 0 1 0]
108 19 50 0.046675814887735534 [1 0 1 1 1 1 1 1 0 1 0 1 0 0 1 1 0 1 1 1 0 0 1 0 0 1 0 0 1 0 1 0 1 0]
109 19 52 0.046675814887735534 [1 0 1 1 1 1 1 1 0 1 0 1 0 0 1 1 0 1 1 1 0 0 1 0 0 1 0 0 1 0 1 0 1 0]
110 19 50 0.046675814887735534 [1 0 1 1 1 1 1 1 0 1 0 1 0 0 1 1 0 1 1 1 0 0 1 0 0 1 0 0 1 0 1 0 1 0]
111 19 52 0.046675814887735534 [1 0 1 1 1 1 1 1 0 1 0 1 0 0 1 1 0 1 1 1 0 0 1 0 0 1 0 0 1 0 1 0 1 0]
112 19 52 0.046675814887735534 [1 0 1 1 1 1 1 1 0 1 0 1 0 0 1 1 0 1 1 1 0 0 1 0 0 1 0 0 1 0 1 0 1 0]
113 19 53 0.046675814887735534 [1 0 1 1 1 1 1 1 0 1 0 1 0 0 1 1 0 1 1 1 0 0 1 0 0 1 0 0 1 0 1 0 1 0]
114 19 51 0.046675814887735534 [1 0 1 1 1 1 1 1 0 1 0 1 0 0 1 1 0 1 1 1 0 0 1 0 0 1 0 0 1 0 1 0 1 0]
115 19 52 0.046675814887735534 [1 0 1 1 1 1 1 1 0 1 0 1 0 0 1 1 0 1 1 1 0 0 1 0 0 1 0 0 1 0 1 0 1 0]
116 19 51 0.046675814887735534 [1 0 1 1 1 1 1 1 0 1 0 1 0 0 1 1 0 1 1 1 0 0 1 0 0 1 0 0 1 0 1 0 1 0]
117 19 52 0.046675814887735534 [1 0 1 1 1 1 1 1 0 1 0 1 0 0 1 1 0 1 1 1 0 0 1 0 0 1 0 0 1 0 1 0 1 0]
118 19 53 0.046675814887735534 [1 0 1 1 1 1 1 1 0 1 0 1 0 0 1 1 0 1 1 1 0 0 1 0 0 1 0 0 1 0 1 0 1 0]
119 19 54 0.046675814887735534 [1 0 1 1 1 1 1 1 0 1 0 1 0 0 1 1 0 1 1 1 0 0 1 0 0 1 0 0 1 0 1 0 1 0]
120 19 52 0.046675814887735534 [1 0 1 1 1 1 1 1 0 1 0 1 0 0 1 1 0 1 1 1 0 0 1 0 0 1 0 0 1 0 1 0 1 0]
121 19 56 0.046675814887735534 [1 0 1 1 1 1 1 1 0 1 0 1 0 0 1 1 0 1 1 1 0 0 1 0 0 1 0 0 1 0 1 0 1 0]
122 19 47 0.046675814887735534 [1 0 1 1 1 1 1 1 0 1 0 1 0 0 1 1 0 1 1 1 0 0 1 0 0 1 0 0 1 0 1 0 1 0]
123 19 54 0.046675814887735534 [1 0 1 1 1 1 1 1 0 1 0 1 0 0 1 1 0 1 1 1 0 0 1 0 0 1 0 0 1 0 1 0 1 0]
124 19 48 0.046675814887735534 [1 0 1 1 1 1 1 1 0 1 0 1 0 0 1 1 0 1 1 1 0 0 1 0 0 1 0 0 1 0 1 0 1 0]
125 19 52 0.046675814887735534 [1 0 1 1 1 1 1 1 0 1 0 1 0 0 1 1 0 1 1 1 0 0 1 0 0 1 0 0 1 0 1 0 1 0]
126 19 47 0.046675814887735534 [1 0 1 1 1 1 1 1 0 1 0 1 0 0 1 1 0 1 1 1 0 0 1 0 0 1 0 0 1 0 1 0 1 0]
127 19 52 0.046675814887735534 [1 0 1 1 1 1 1 1 0 1 0 1 0 0 1 1 0 1 1 1 0 0 1 0 0 1 0 0 1 0 1 0 1 0]
128 19 52 0.046675814887735534 [1 0 1 1 1 1 1 1 0 1 0 1 0 0 1 1 0 1 1 1 0 0 1 0 0 1 0 0 1 0 1 0 1 0]
129 19 50 0.046675814887735534 [1 0 1 1 1 1 1 1 0 1 0 1 0 0 1 1 0 1 1 1 0 0 1 0 0 1 0 0 1 0 1 0 1 0]
130 19 50 0.046675814887735534 [1 0 1 1 1 1 1 1 0 1 0 1 0 0 1 1 0 1 1 1 0 0 1 0 0 1 0 0 1 0 1 0 1 0]
131 19 49 0.046675814887735534 [1 0 1 1 1 1 1 1 0 1 0 1 0 0 1 1 0 1 1 1 0 0 1 0 0 1 0 0 1 0 1 0 1 0]
132 19 54 0.046675814887735534 [1 0 1 1 1 1 1 1 0 1 0 1 0 0 1 1 0 1 1 1 0 0 1 0 0 1 0 0 1 0 1 0 1 0]
133 19 53 0.046675814887735534 [1 0 1 1 1 1 1 1 0 1 0 1 0 0 1 1 0 1 1 1 0 0 1 0 0 1 0 0 1 0 1 0 1 0]
134 19 52 0.046675814887735534 [1 0 1 1 1 1 1 1 0 1 0 1 0 0 1 1 0 1 1 1 0 0 1 0 0 1 0 0 1 0 1 0 1 0]
135 19 50 0.046675814887735534 [1 0 1 1 1 1 1 1 0 1 0 1 0 0 1 1 0 1 1 1 0 0 1 0 0 1 0 0 1 0 1 0 1 0]
136 19 50 0.046675814887735534 [1 0 1 1 1 1 1 1 0 1 0 1 0 0 1 1 0 1 1 1 0 0 1 0 0 1 0 0 1 0 1 0 1 0]
137 19 52 0.046675814887735534 [1 0 1 1 1 1 1 1 0 1 0 1 0 0 1 1 0 1 1 1 0 0 1 0 0 1 0 0 1 0 1 0 1 0]
138 19 50 0.046675814887735534 [1 0 1 1 1 1 1 1 0 1 0 1 0 0 1 1 0 1 1 1 0 0 1 0 0 1 0 0 1 0 1 0 1 0]
139 19 54 0.046675814887735534 [1 0 1 1 1 1 1 1 0 1 0 1 0 0 1 1 0 1 1 1 0 0 1 0 0 1 0 0 1 0 1 0 1 0]
140 19 53 0.046675814887735534 [1 0 1 1 1 1 1 1 0 1 0 1 0 0 1 1 0 1 1 1 0 0 1 0 0 1 0 0 1 0 1 0 1 0]
141 19 56 0.046675814887735534 [1 0 1 1 1 1 1 1 0 1 0 1 0 0 1 1 0 1 1 1 0 0 1 0 0 1 0 0 1 0 1 0 1 0]
142 19 53 0.046675814887735534 [1 0 1 1 1 1 1 1 0 1 0 1 0 0 1 1 0 1 1 1 0 0 1 0 0 1 0 0 1 0 1 0 1 0]
143 19 53 0.046675814887735534 [1 0 1 1 1 1 1 1 0 1 0 1 0 0 1 1 0 1 1 1 0 0 1 0 0 1 0 0 1 0 1 0 1 0]
144 19 52 0.046675814887735534 [1 0 1 1 1 1 1 1 0 1 0 1 0 0 1 1 0 1 1 1 0 0 1 0 0 1 0 0 1 0 1 0 1 0]
145 19 53 0.046675814887735534 [1 0 1 1 1 1 1 1 0 1 0 1 0 0 1 1 0 1 1 1 0 0 1 0 0 1 0 0 1 0 1 0 1 0]
146 19 48 0.046675814887735534 [1 0 1 1 1 1 1 1 0 1 0 1 0 0 1 1 0 1 1 1 0 0 1 0 0 1 0 0 1 0 1 0 1 0]
147 19 54 0.046675814887735534 [1 0 1 1 1 1 1 1 0 1 0 1 0 0 1 1 0 1 1 1 0 0 1 0 0 1 0 0 1 0 1 0 1 0]
148 19 49 0.046675814887735534 [1 0 1 1 1 1 1 1 0 1 0 1 0 0 1 1 0 1 1 1 0 0 1 0 0 1 0 0 1 0 1 0 1 0]
149 19 50 0.046675814887735534 [1 0 1 1 1 1 1 1 0 1 0 1 0 0 1 1 0 1 1 1 0 0 1 0 0 1 0 0 1 0 1 0 1 0]
150 19 50 0.046675814887735534 [1 0 1 1 1 1 1 1 0 1 0 1 0 0 1 1 0 1 1 1 0 0 1 0 0 1 0 0 1 0 1 0 1 0]
