0 8 99 0.007874015748031482 [1 0 1 1 1 0 0 0 0 1 1 1 1]
1 8 29 0.007874015748031482 [1 0 1 1 1 0 0 0 0 1 1 1 1]
2 8 14 0.007874015748031482 [1 0 1 1 1 0 0 0 0 1 1 1 1]
3 8 8 0.007874015748031482 [1 0 1 1 1 0 0 0 0 1 1 1 1]
4 8 3 0.007874015748031482 [1 0 1 1 1 0 0 0 0 1 1 1 1]
5 8 3 0.007874015748031482 [1 0 1 1 1 0 0 0 0 1 1 1 1]
6 8 0 0.007874015748031482 [1 0 1 1 1 0 0 0 0 1 1 1 1]
7 8 0 0.007874015748031482 [1 0 1 1 1 0 0 0 0 1 1 1 1]
8 8 0 0.007874015748031482 [1 0 1 1 1 0 0 0 0 1 1 1 1]
9 8 1 0.007874015748031482 [1 0 1 1 1 0 0 0 0 1 1 1 1]
10 8 0 0.007874015748031482 [1 0 1 1 1 0 0 0 0 1 1 1 1]
11 8 2 0.007874015748031482 [1 0 1 1 1 0 0 0 0 1 1 1 1]
12 8 0 0.007874015748031482 [1 0 1 1 1 0 0 0 0 1 1 1 1]
13 8 0 0.007874015748031482 [1 0 1 1 1 0 0 0 0 1 1 1 1]
14 8 0 0.007874015748031482 [1 0 1 1 1 0 0 0 0 1 1 1 1]
15 8 0 0.007874015748031482 [1 0 1 1 1 0 0 0 0 1 1 1 1]
16 8 0 0.007874015748031482 [1 0 1 1 1 0 0 0 0 1 1 1 1]
17 8 0 0.007874015748031482 [1 0 1 1 1 0 0 0 0 1 1 1 1]
18 8 0 0.007874015748031482 [1 0 1 1 1 0 0 0 0 1 1 1 1]
19 8 0 0.007874015748031482 [1 0 1 1 1 0 0 0 0 1 1 1 1]
20 8 0 0.007874015748031482 [1 0 1 1 1 0 0 0 0 1 1 1 1]
21 8 0 0.007874015748031482 [1 0 1 1 1 0 0 0 0 1 1 1 1]
22 8 0 0.007874015748031482 [1 0 1 1 1 0 0 0 0 1 1 1 1]
23 8 0 0.007874015748031482 [1 0 1 1 1 0 0 0 0 1 1 1 1]
24 8 0 0.007874015748031482 [1 0 1 1 1 0 0 0 0 1 1 1 1]
25 8 0 0.007874015748031482 [1 0 1 1 1 0 0 0 0 1 1 1 1]
26 8 0 0.007874015748031482 [1 0 1 1 1 0 0 0 0 1 1 1 1]
27 8 0 0.007874015748031482 [1 0 1 1 1 0 0 0 0 1 1 1 1]
28 8 0 0.007874015748031482 [1 0 1 1 1 0 0 0 0 1 1 1 1]
29 8 0 0.007874015748031482 [1 0 1 1 1 0 0 0 0 1 1 1 1]
30 8 0 0.007874015748031482 [1 0 1 1 1 0 0 0 0 1 1 1 1]
31 8 0 0.007874015748031482 [1 0 1 1 1 0 0 0 0 1 1 1 1]
32 8 0 0.007874015748031482 [1 0 1 1 1 0 0 0 0 1 1 1 1]
33 8 0 0.007874015748031482 [1 0 1 1 1 0 0 0 0 1 1 1 1]
34 8 0 0.007874015748031482 [1 0 1 1 1 0 0 0 0 1 1 1 1]
35 8 0 0.007874015748031482 [1 0 1 1 1 0 0 0 0 1 1 1 1]
36 8 0 0.007874015748031482 [1 0 1 1 1 0 0 0 0 1 1 1 1]
37 8 0 0.007874015748031482 [1 0 1 1 1 0 0 0 0 1 1 1 1]
38 8 0 0.007874015748031482 [1 0 1 1 1 0 0 0 0 1 1 1 1]
39 8 0 0.007874015748031482 [1 0 1 1 1 0 0 0 0 1 1 1 1]
40 8 0 0.007874015748031482 [1 0 1 1 1 0 0 0 0 1 1 1 1]
41 8 0 0.007874015748031482 [1 0 1 1 1 0 0 0 0 1 1 1 1]
42 8 0 0.007874015748031482 [1 0 1 1 1 0 0 0 0 1 1 1 1]
43 8 0 0.007874015748031482 [1 0 1 1 1 0 0 0 0 1 1 1 1]
44 8 0 0.007874015748031482 [1 0 1 1 1 0 0 0 0 1 1 1 1]
45 8 0 0.007874015748031482 [1 0 1 1 1 0 0 0 0 1 1 1 1]
46 8 0 0.007874015748031482 [1 0 1 1 1 0 0 0 0 1 1 1 1]
47 8 0 0.007874015748031482 [1 0 1 1 1 0 0 0 0 1 1 1 1]
48 8 0 0.007874015748031482 [1 0 1 1 1 0 0 0 0 1 1 1 1]
49 8 0 0.007874015748031482 [1 0 1 1 1 0 0 0 0 1 1 1 1]
50 8 0 0.007874015748031482 [1 0 1 1 1 0 0 0 0 1 1 1 1]
51 8 0 0.007874015748031482 [1 0 1 1 1 0 0 0 0 1 1 1 1]
52 8 0 0.007874015748031482 [1 0 1 1 1 0 0 0 0 1 1 1 1]
53 8 0 0.007874015748031482 [1 0 1 1 1 0 0 0 0 1 1 1 1]
54 8 0 0.007874015748031482 [1 0 1 1 1 0 0 0 0 1 1 1 1]
55 8 0 0.007874015748031482 [1 0 1 1 1 0 0 0 0 1 1 1 1]
56 8 0 0.007874015748031482 [1 0 1 1 1 0 0 0 0 1 1 1 1]
57 8 0 0.007874015748031482 [1 0 1 1 1 0 0 0 0 1 1 1 1]
58 8 0 0.007874015748031482 [1 0 1 1 1 0 0 0 0 1 1 1 1]
59 8 0 0.007874015748031482 [1 0 1 1 1 0 0 0 0 1 1 1 1]
60 8 0 0.007874015748031482 [1 0 1 1 1 0 0 0 0 1 1 1 1]
61 8 0 0.007874015748031482 [1 0 1 1 1 0 0 0 0 1 1 1 1]
62 8 0 0.007874015748031482 [1 0 1 1 1 0 0 0 0 1 1 1 1]
63 8 0 0.007874015748031482 [1 0 1 1 1 0 0 0 0 1 1 1 1]
64 8 0 0.007874015748031482 [1 0 1 1 1 0 0 0 0 1 1 1 1]
65 8 0 0.007874015748031482 [1 0 1 1 1 0 0 0 0 1 1 1 1]
66 8 0 0.007874015748031482 [1 0 1 1 1 0 0 0 0 1 1 1 1]
67 8 0 0.007874015748031482 [1 0 1 1 1 0 0 0 0 1 1 1 1]
68 8 0 0.007874015748031482 [1 0 1 1 1 0 0 0 0 1 1 1 1]
69 8 0 0.007874015748031482 [1 0 1 1 1 0 0 0 0 1 1 1 1]
70 8 0 0.007874015748031482 [1 0 1 1 1 0 0 0 0 1 1 1 1]
71 8 0 0.007874015748031482 [1 0 1 1 1 0 0 0 0 1 1 1 1]
72 8 0 0.007874015748031482 [1 0 1 1 1 0 0 0 0 1 1 1 1]
73 8 0 0.007874015748031482 [1 0 1 1 1 0 0 0 0 1 1 1 1]
74 8 0 0.007874015748031482 [1 0 1 1 1 0 0 0 0 1 1 1 1]
75 8 0 0.007874015748031482 [1 0 1 1 1 0 0 0 0 1 1 1 1]
76 8 0 0.007874015748031482 [1 0 1 1 1 0 0 0 0 1 1 1 1]
77 8 0 0.007874015748031482 [1 0 1 1 1 0 0 0 0 1 1 1 1]
78 8 0 0.007874015748031482 [1 0 1 1 1 0 0 0 0 1 1 1 1]
79 8 0 0.007874015748031482 [1 0 1 1 1 0 0 0 0 1 1 1 1]
80 8 0 0.007874015748031482 [1 0 1 1 1 0 0 0 0 1 1 1 1]
81 8 0 0.007874015748031482 [1 0 1 1 1 0 0 0 0 1 1 1 1]
82 8 0 0.007874015748031482 [1 0 1 1 1 0 0 0 0 1 1 1 1]
83 8 0 0.007874015748031482 [1 0 1 1 1 0 0 0 0 1 1 1 1]
84 8 0 0.007874015748031482 [1 0 1 1 1 0 0 0 0 1 1 1 1]
85 8 0 0.007874015748031482 [1 0 1 1 1 0 0 0 0 1 1 1 1]
86 8 0 0.007874015748031482 [1 0 1 1 1 0 0 0 0 1 1 1 1]
87 8 0 0.007874015748031482 [1 0 1 1 1 0 0 0 0 1 1 1 1]
88 8 0 0.007874015748031482 [1 0 1 1 1 0 0 0 0 1 1 1 1]
89 8 0 0.007874015748031482 [1 0 1 1 1 0 0 0 0 1 1 1 1]
90 8 0 0.007874015748031482 [1 0 1 1 1 0 0 0 0 1 1 1 1]
91 8 0 0.007874015748031482 [1 0 1 1 1 0 0 0 0 1 1 1 1]
92 8 0 0.007874015748031482 [1 0 1 1 1 0 0 0 0 1 1 1 1]
93 8 0 0.007874015748031482 [1 0 1 1 1 0 0 0 0 1 1 1 1]
94 8 0 0.007874015748031482 [1 0 1 1 1 0 0 0 0 1 1 1 1]
95 8 0 0.007874015748031482 [1 0 1 1 1 0 0 0 0 1 1 1 1]
96 8 0 0.007874015748031482 [1 0 1 1 1 0 0 0 0 1 1 1 1]
97 8 0 0.007874015748031482 [1 0 1 1 1 0 0 0 0 1 1 1 1]
98 8 0 0.007874015748031482 [1 0 1 1 1 0 0 0 0 1 1 1 1]
99 8 0 0.007874015748031482 [1 0 1 1 1 0 0 0 0 1 1 1 1]
100 8 0 0.007874015748031482 [1 0 1 1 1 0 0 0 0 1 1 1 1]
101 8 0 0.007874015748031482 [1 0 1 1 1 0 0 0 0 1 1 1 1]
102 8 0 0.007874015748031482 [1 0 1 1 1 0 0 0 0 1 1 1 1]
103 8 0 0.007874015748031482 [1 0 1 1 1 0 0 0 0 1 1 1 1]
104 8 0 0.007874015748031482 [1 0 1 1 1 0 0 0 0 1 1 1 1]
105 8 0 0.007874015748031482 [1 0 1 1 1 0 0 0 0 1 1 1 1]
106 8 0 0.007874015748031482 [1 0 1 1 1 0 0 0 0 1 1 1 1]
107 8 0 0.007874015748031482 [1 0 1 1 1 0 0 0 0 1 1 1 1]
108 8 0 0.007874015748031482 [1 0 1 1 1 0 0 0 0 1 1 1 1]
109 8 0 0.007874015748031482 [1 0 1 1 1 0 0 0 0 1 1 1 1]
110 8 0 0.007874015748031482 [1 0 1 1 1 0 0 0 0 1 1 1 1]
111 8 0 0.007874015748031482 [1 0 1 1 1 0 0 0 0 1 1 1 1]
112 8 0 0.007874015748031482 [1 0 1 1 1 0 0 0 0 1 1 1 1]
113 8 0 0.007874015748031482 [1 0 1 1 1 0 0 0 0 1 1 1 1]
114 8 0 0.007874015748031482 [1 0 1 1 1 0 0 0 0 1 1 1 1]
115 8 0 0.007874015748031482 [1 0 1 1 1 0 0 0 0 1 1 1 1]
116 8 0 0.007874015748031482 [1 0 1 1 1 0 0 0 0 1 1 1 1]
117 8 0 0.007874015748031482 [1 0 1 1 1 0 0 0 0 1 1 1 1]
118 8 0 0.007874015748031482 [1 0 1 1 1 0 0 0 0 1 1 1 1]
119 8 0 0.007874015748031482 [1 0 1 1 1 0 0 0 0 1 1 1 1]
120 8 0 0.007874015748031482 [1 0 1 1 1 0 0 0 0 1 1 1 1]
121 8 0 0.007874015748031482 [1 0 1 1 1 0 0 0 0 1 1 1 1]
122 8 0 0.007874015748031482 [1 0 1 1 1 0 0 0 0 1 1 1 1]
123 8 0 0.007874015748031482 [1 0 1 1 1 0 0 0 0 1 1 1 1]
124 8 0 0.007874015748031482 [1 0 1 1 1 0 0 0 0 1 1 1 1]
125 8 0 0.007874015748031482 [1 0 1 1 1 0 0 0 0 1 1 1 1]
126 8 0 0.007874015748031482 [1 0 1 1 1 0 0 0 0 1 1 1 1]
127 8 0 0.007874015748031482 [1 0 1 1 1 0 0 0 0 1 1 1 1]
128 8 0 0.007874015748031482 [1 0 1 1 1 0 0 0 0 1 1 1 1]
129 8 0 0.007874015748031482 [1 0 1 1 1 0 0 0 0 1 1 1 1]
130 8 0 0.007874015748031482 [1 0 1 1 1 0 0 0 0 1 1 1 1]
131 8 0 0.007874015748031482 [1 0 1 1 1 0 0 0 0 1 1 1 1]
132 8 0 0.007874015748031482 [1 0 1 1 1 0 0 0 0 1 1 1 1]
133 8 0 0.007874015748031482 [1 0 1 1 1 0 0 0 0 1 1 1 1]
134 8 0 0.007874015748031482 [1 0 1 1 1 0 0 0 0 1 1 1 1]
135 8 0 0.007874015748031482 [1 0 1 1 1 0 0 0 0 1 1 1 1]
136 8 0 0.007874015748031482 [1 0 1 1 1 0 0 0 0 1 1 1 1]
137 8 0 0.007874015748031482 [1 0 1 1 1 0 0 0 0 1 1 1 1]
138 8 0 0.007874015748031482 [1 0 1 1 1 0 0 0 0 1 1 1 1]
139 8 0 0.007874015748031482 [1 0 1 1 1 0 0 0 0 1 1 1 1]
140 8 0 0.007874015748031482 [1 0 1 1 1 0 0 0 0 1 1 1 1]
141 8 0 0.007874015748031482 [1 0 1 1 1 0 0 0 0 1 1 1 1]
142 8 0 0.007874015748031482 [1 0 1 1 1 0 0 0 0 1 1 1 1]
143 8 0 0.007874015748031482 [1 0 1 1 1 0 0 0 0 1 1 1 1]
144 8 0 0.007874015748031482 [1 0 1 1 1 0 0 0 0 1 1 1 1]
145 8 0 0.007874015748031482 [1 0 1 1 1 0 0 0 0 1 1 1 1]
146 8 0 0.007874015748031482 [1 0 1 1 1 0 0 0 0 1 1 1 1]
147 8 0 0.007874015748031482 [1 0 1 1 1 0 0 0 0 1 1 1 1]
148 8 0 0.007874015748031482 [1 0 1 1 1 0 0 0 0 1 1 1 1]
149 8 0 0.007874015748031482 [1 0 1 1 1 0 0 0 0 1 1 1 1]
150 8 0 0.007874015748031482 [1 0 1 1 1 0 0 0 0 1 1 1 1]
