0 5 98 0.015289794950811952 [1 0 0 0 1 0 0 0 1 0 1 0 1]
1 6 88 0.004048582995951455 [1 0 0 1 1 0 0 0 1 1 0 0 1]
2 7 59 0.003984063745019917 [1 0 0 1 1 0 0 0 1 1 0 1 1]
3 7 52 0.003984063745019917 [1 0 0 1 1 0 0 0 1 1 0 1 1]
4 8 52 0.0039215686274509665 [1 0 1 1 1 0 1 0 1 1 0 0 1]
5 8 48 0.0039215686274509665 [1 0 1 1 1 0 1 0 1 1 0 0 1]
6 8 50 0.0039215686274509665 [1 0 1 1 1 0 1 0 1 1 0 0 1]
7 8 49 0.0039215686274509665 [1 0 1 1 1 0 1 0 1 1 0 0 1]
8 8 49 0.0039215686274509665 [1 0 1 1 1 0 1 0 1 1 0 0 1]
9 8 51 0.0039215686274509665 [1 0 1 1 1 0 1 0 1 1 0 0 1]
10 8 43 0.0039215686274509665 [1 0 1 1 1 0 1 0 1 1 0 0 1]
11 8 43 0.0039215686274509665 [1 0 1 1 1 0 1 0 1 1 0 0 1]
12 8 47 0.0039215686274509665 [1 0 1 1 1 0 1 0 1 1 0 0 1]
13 7 50 0.0038910505836575737 [1 0 1 1 1 0 1 0 0 1 0 0 1]
14 7 43 0.0038910505836575737 [1 0 1 1 1 0 1 0 0 1 0 0 1]
15 7 43 0.0038910505836575737 [1 0 1 1 1 0 1 0 0 1 0 0 1]
16 7 43 0.0038910505836575737 [1 0 1 1 1 0 1 0 0 1 0 0 1]
17 7 44 0.0038910505836575737 [1 0 1 1 1 0 1 0 0 1 0 0 1]
18 7 43 0.0038910505836575737 [1 0 1 1 1 0 1 0 0 1 0 0 1]
19 7 37 0.0038910505836575737 [1 0 1 1 1 0 1 0 0 1 0 0 1]
20 7 44 0.0038910505836575737 [1 0 1 1 1 0 1 0 0 1 0 0 1]
21 7 44 0.0038910505836575737 [1 0 1 1 1 0 1 0 0 1 0 0 1]
22 7 40 0.0038910505836575737 [1 0 1 1 1 0 1 0 0 1 0 0 1]
23 7 39 0.0038910505836575737 [1 0 1 1 1 0 1 0 0 1 0 0 1]
24 7 37 0.0038910505836575737 [1 0 1 1 1 0 1 0 0 1 0 0 1]
25 7 42 0.0038910505836575737 [1 0 1 1 1 0 1 0 0 1 0 0 1]
26 7 41 0.0038910505836575737 [1 0 1 1 1 0 1 0 0 1 0 0 1]
27 7 41 0.0038910505836575737 [1 0 1 1 1 0 1 0 0 1 0 0 1]
28 7 40 0.0038910505836575737 [1 0 1 1 1 0 1 0 0 1 0 0 1]
29 7 39 0.0038910505836575737 [1 0 1 1 1 0 1 0 0 1 0 0 1]
30 7 44 0.0038910505836575737 [1 0 1 1 1 0 1 0 0 1 0 0 1]
31 7 37 0.0038910505836575737 [1 0 1 1 1 0 1 0 0 1 0 0 1]
32 7 38 0.0038910505836575737 [1 0 1 1 1 0 1 0 0 1 0 0 1]
33 7 41 0.0038910505836575737 [1 0 1 1 1 0 1 0 0 1 0 0 1]
34 7 40 0.0038910505836575737 [1 0 1 1 1 0 1 0 0 1 0 0 1]
35 7 41 0.0038910505836575737 [1 0 1 1 1 0 1 0 0 1 0 0 1]
36 7 39 0.0038910505836575737 [1 0 1 1 1 0 1 0 0 1 0 0 1]
37 7 35 0.0038910505836575737 [1 0 1 1 1 0 1 0 0 1 0 0 1]
38 7 27 0.0038910505836575737 [1 0 1 1 1 0 1 0 0 1 0 0 1]
39 7 42 0.0038910505836575737 [1 0 1 1 1 0 1 0 0 1 0 0 1]
40 7 36 0.0038910505836575737 [1 0 1 1 1 0 1 0 0 1 0 0 1]
41 7 35 0.0038910505836575737 [1 0 1 1 1 0 1 0 0 1 0 0 1]
42 7 34 0.0038910505836575737 [1 0 1 1 1 0 1 0 0 1 0 0 1]
43 7 32 0.0038910505836575737 [1 0 1 1 1 0 1 0 0 1 0 0 1]
44 7 36 0.0038910505836575737 [1 0 1 1 1 0 1 0 0 1 0 0 1]
45 7 32 0.0038910505836575737 [1 0 1 1 1 0 1 0 0 1 0 0 1]
46 7 37 0.0038910505836575737 [1 0 1 1 1 0 1 0 0 1 0 0 1]
47 7 32 0.0038910505836575737 [1 0 1 1 1 0 1 0 0 1 0 0 1]
48 7 37 0.0038910505836575737 [1 0 1 1 1 0 1 0 0 1 0 0 1]
49 7 29 0.0038910505836575737 [1 0 1 1 1 0 1 0 0 1 0 0 1]
50 7 33 0.0038910505836575737 [1 0 1 1 1 0 1 0 0 1 0 0 1]
51 7 29 0.0038910505836575737 [1 0 1 1 1 0 1 0 0 1 0 0 1]
52 7 36 0.0038910505836575737 [1 0 1 1 1 0 1 0 0 1 0 0 1]
53 7 32 0.0038910505836575737 [1 0 1 1 1 0 1 0 0 1 0 0 1]
54 7 25 0.0038910505836575737 [1 0 1 1 1 0 1 0 0 1 0 0 1]
55 7 29 0.0038910505836575737 [1 0 1 1 1 0 1 0 0 1 0 0 1]
56 7 35 0.0038910505836575737 [1 0 1 1 1 0 1 0 0 1 0 0 1]
57 7 31 0.0038910505836575737 [1 0 1 1 1 0 1 0 0 1 0 0 1]
58 7 32 0.0038910505836575737 [1 0 1 1 1 0 1 0 0 1 0 0 1]
59 7 28 0.0038910505836575737 [1 0 1 1 1 0 1 0 0 1 0 0 1]
60 7 30 0.0038910505836575737 [1 0 1 1 1 0 1 0 0 1 0 0 1]
61 7 29 0.0038910505836575737 [1 0 1 1 1 0 1 0 0 1 0 0 1]
62 7 32 0.0038910505836575737 [1 0 1 1 1 0 1 0 0 1 0 0 1]
63 7 29 0.0038910505836575737 [1 0 1 1 1 0 1 0 0 1 0 0 1]
64 7 23 0.0038910505836575737 [1 0 1 1 1 0 1 0 0 1 0 0 1]
65 7 23 0.0038910505836575737 [1 0 1 1 1 0 1 0 0 1 0 0 1]
66 7 31 0.0038910505836575737 [1 0 1 1 1 0 1 0 0 1 0 0 1]
67 7 30 0.0038910505836575737 [1 0 1 1 1 0 1 0 0 1 0 0 1]
68 7 24 0.0038910505836575737 [1 0 1 1 1 0 1 0 0 1 0 0 1]
69 7 17 0.0038910505836575737 [1 0 1 1 1 0 1 0 0 1 0 0 1]
70 7 31 0.0038910505836575737 [1 0 1 1 1 0 1 0 0 1 0 0 1]
71 7 28 0.0038910505836575737 [1 0 1 1 1 0 1 0 0 1 0 0 1]
72 7 23 0.0038910505836575737 [1 0 1 1 1 0 1 0 0 1 0 0 1]
73 7 36 0.0038910505836575737 [1 0 1 1 1 0 1 0 0 1 0 0 1]
74 7 29 0.0038910505836575737 [1 0 1 1 1 0 1 0 0 1 0 0 1]
75 7 23 0.0038910505836575737 [1 0 1 1 1 0 1 0 0 1 0 0 1]
76 7 27 0.0038910505836575737 [1 0 1 1 1 0 1 0 0 1 0 0 1]
77 7 32 0.0038910505836575737 [1 0 1 1 1 0 1 0 0 1 0 0 1]
78 7 23 0.0038910505836575737 [1 0 1 1 1 0 1 0 0 1 0 0 1]
79 7 22 0.0038910505836575737 [1 0 1 1 1 0 1 0 0 1 0 0 1]
80 7 22 0.0038910505836575737 [1 0 1 1 1 0 1 0 0 1 0 0 1]
81 7 26 0.0038910505836575737 [1 0 1 1 1 0 1 0 0 1 0 0 1]
82 7 24 0.0038910505836575737 [1 0 1 1 1 0 1 0 0 1 0 0 1]
83 7 26 0.0038910505836575737 [1 0 1 1 1 0 1 0 0 1 0 0 1]
84 7 24 0.0038910505836575737 [1 0 1 1 1 0 1 0 0 1 0 0 1]
85 7 24 0.0038910505836575737 [1 0 1 1 1 0 1 0 0 1 0 0 1]
86 7 17 0.0038910505836575737 [1 0 1 1 1 0 1 0 0 1 0 0 1]
87 7 20 0.0038910505836575737 [1 0 1 1 1 0 1 0 0 1 0 0 1]
88 7 23 0.0038910505836575737 [1 0 1 1 1 0 1 0 0 1 0 0 1]
89 7 24 0.0038910505836575737 [1 0 1 1 1 0 1 0 0 1 0 0 1]
90 7 18 0.0038910505836575737 [1 0 1 1 1 0 1 0 0 1 0 0 1]
91 7 23 0.0038910505836575737 [1 0 1 1 1 0 1 0 0 1 0 0 1]
92 7 25 0.0038910505836575737 [1 0 1 1 1 0 1 0 0 1 0 0 1]
93 7 16 0.0038910505836575737 [1 0 1 1 1 0 1 0 0 1 0 0 1]
94 7 16 0.0038910505836575737 [1 0 1 1 1 0 1 0 0 1 0 0 1]
95 7 21 0.0038910505836575737 [1 0 1 1 1 0 1 0 0 1 0 0 1]
96 7 22 0.0038910505836575737 [1 0 1 1 1 0 1 0 0 1 0 0 1]
97 7 18 0.0038910505836575737 [1 0 1 1 1 0 1 0 0 1 0 0 1]
98 7 21 0.0038910505836575737 [1 0 1 1 1 0 1 0 0 1 0 0 1]
99 7 24 0.0038910505836575737 [1 0 1 1 1 0 1 0 0 1 0 0 1]
100 7 27 0.0038910505836575737 [1 0 1 1 1 0 1 0 0 1 0 0 1]
101 7 18 0.0038910505836575737 [1 0 1 1 1 0 1 0 0 1 0 0 1]
102 5 24 0.0 [1 0 0 1 1 0 0 1 0 0 0 0 1]
103 5 20 0.0 [1 0 0 1 1 0 0 1 0 0 0 0 1]
104 5 23 0.0 [1 0 0 1 1 0 0 1 0 0 0 0 1]
105 5 21 0.0 [1 0 0 1 1 0 0 1 0 0 0 0 1]
106 5 21 0.0 [1 0 0 1 1 0 0 1 0 0 0 0 1]
107 5 18 0.0 [1 0 0 1 1 0 0 1 0 0 0 0 1]
108 5 26 0.0 [1 0 0 1 1 0 0 1 0 0 0 0 1]
109 5 19 0.0 [1 0 0 1 1 0 0 1 0 0 0 0 1]
110 5 22 0.0 [1 0 0 1 1 0 0 1 0 0 0 0 1]
111 5 23 0.0 [1 0 0 1 1 0 0 1 0 0 0 0 1]
112 5 25 0.0 [1 0 0 1 1 0 0 1 0 0 0 0 1]
113 5 19 0.0 [1 0 0 1 1 0 0 1 0 0 0 0 1]
114 5 27 0.0 [1 0 0 1 1 0 0 1 0 0 0 0 1]
115 5 19 0.0 [1 0 0 1 1 0 0 1 0 0 0 0 1]
116 5 20 0.0 [1 0 0 1 1 0 0 1 0 0 0 0 1]
117 5 25 0.0 [1 0 0 1 1 0 0 1 0 0 0 0 1]
118 5 14 0.0 [1 0 0 1 1 0 0 1 0 0 0 0 1]
119 5 14 0.0 [1 0 0 1 1 0 0 1 0 0 0 0 1]
120 5 19 0.0 [1 0 0 1 1 0 0 1 0 0 0 0 1]
121 5 14 0.0 [1 0 0 1 1 0 0 1 0 0 0 0 1]
122 5 18 0.0 [1 0 0 1 1 0 0 1 0 0 0 0 1]
123 5 13 0.0 [1 0 0 1 1 0 0 1 0 0 0 0 1]
124 5 22 0.0 [1 0 0 1 1 0 0 1 0 0 0 0 1]
125 5 14 0.0 [1 0 0 1 1 0 0 1 0 0 0 0 1]
126 5 14 0.0 [1 0 0 1 1 0 0 1 0 0 0 0 1]
127 5 25 0.0 [1 0 0 1 1 0 0 1 0 0 0 0 1]
128 5 14 0.0 [1 0 0 1 1 0 0 1 0 0 0 0 1]
129 5 16 0.0 [1 0 0 1 1 0 0 1 0 0 0 0 1]
130 5 17 0.0 [1 0 0 1 1 0 0 1 0 0 0 0 1]
131 5 22 0.0 [1 0 0 1 1 0 0 1 0 0 0 0 1]
132 5 23 0.0 [1 0 0 1 1 0 0 1 0 0 0 0 1]
133 5 14 0.0 [1 0 0 1 1 0 0 1 0 0 0 0 1]
134 5 19 0.0 [1 0 0 1 1 0 0 1 0 0 0 0 1]
135 5 16 0.0 [1 0 0 1 1 0 0 1 0 0 0 0 1]
136 5 20 0.0 [1 0 0 1 1 0 0 1 0 0 0 0 1]
137 5 15 0.0 [1 0 0 1 1 0 0 1 0 0 0 0 1]
138 5 19 0.0 [1 0 0 1 1 0 0 1 0 0 0 0 1]
139 5 14 0.0 [1 0 0 1 1 0 0 1 0 0 0 0 1]
140 5 20 0.0 [1 0 0 1 1 0 0 1 0 0 0 0 1]
141 5 21 0.0 [1 0 0 1 1 0 0 1 0 0 0 0 1]
142 5 19 0.0 [1 0 0 1 1 0 0 1 0 0 0 0 1]
143 5 17 0.0 [1 0 0 1 1 0 0 1 0 0 0 0 1]
144 5 14 0.0 [1 0 0 1 1 0 0 1 0 0 0 0 1]
145 5 23 0.0 [1 0 0 1 1 0 0 1 0 0 0 0 1]
146 5 16 0.0 [1 0 0 1 1 0 0 1 0 0 0 0 1]
147 5 15 0.0 [1 0 0 1 1 0 0 1 0 0 0 0 1]
148 5 12 0.0 [1 0 0 1 1 0 0 1 0 0 0 0 1]
149 5 20 0.0 [1 0 0 1 1 0 0 1 0 0 0 0 1]
150 5 19 0.0 [1 0 0 1 1 0 0 1 0 0 0 0 1]
