0 9 100 0.0078125 [1 0 1 1 1 1 0 1 0 1 1 0 1]
1 9 76 0.0039525691699604515 [1 0 1 1 1 0 0 1 1 1 1 0 1]
2 9 50 0.0039525691699604515 [1 0 1 1 1 0 0 1 1 1 1 0 1]
3 8 47 0.0039215686274509665 [1 0 1 1 0 0 0 1 1 1 1 0 1]
4 8 52 0.0039215686274509665 [1 0 1 1 0 0 0 1 1 1 1 0 1]
5 8 52 0.0039215686274509665 [1 0 1 1 0 0 0 1 1 1 1 0 1]
6 8 50 0.0039215686274509665 [1 0 1 1 0 0 0 1 1 1 1 0 1]
7 8 47 0.0039215686274509665 [1 0 1 1 0 0 0 1 1 1 1 0 1]
8 8 48 0.0039215686274509665 [1 0 1 1 0 0 0 1 1 1 1 0 1]
9 8 45 0.0039215686274509665 [1 0 1 1 0 0 0 1 1 1 1 0 1]
10 8 45 0.0039215686274509665 [1 0 1 1 0 0 0 1 1 1 1 0 1]
11 8 47 0.0039215686274509665 [1 0 1 1 0 0 0 1 1 1 1 0 1]
12 8 41 0.0039215686274509665 [1 0 1 1 0 0 0 1 1 1 1 0 1]
13 8 43 0.0039215686274509665 [1 0 1 1 0 0 0 1 1 1 1 0 1]
14 8 41 0.0039215686274509665 [1 0 1 1 0 0 0 1 1 1 1 0 1]
15 8 43 0.0039215686274509665 [1 0 1 1 0 0 0 1 1 1 1 0 1]
16 8 47 0.0039215686274509665 [1 0 1 1 0 0 0 1 1 1 1 0 1]
17 8 44 0.0039215686274509665 [1 0 1 1 0 0 0 1 1 1 1 0 1]
18 8 46 0.0039215686274509665 [1 0 1 1 0 0 0 1 1 1 1 0 1]
19 8 45 0.0039215686274509665 [1 0 1 1 0 0 0 1 1 1 1 0 1]
20 8 44 0.0039215686274509665 [1 0 1 1 0 0 0 1 1 1 1 0 1]
21 8 41 0.0039215686274509665 [1 0 1 1 0 0 0 1 1 1 1 0 1]
22 8 39 0.0039215686274509665 [1 0 1 1 0 0 0 1 1 1 1 0 1]
23 8 39 0.0039215686274509665 [1 0 1 1 0 0 0 1 1 1 1 0 1]
24 8 39 0.0039215686274509665 [1 0 1 1 0 0 0 1 1 1 1 0 1]
25 8 40 0.0039215686274509665 [1 0 1 1 0 0 0 1 1 1 1 0 1]
26 8 36 0.0039215686274509665 [1 0 1 1 0 0 0 1 1 1 1 0 1]
27 8 37 0.0039215686274509665 [1 0 1 1 0 0 0 1 1 1 1 0 1]
28 8 36 0.0039215686274509665 [1 0 1 1 0 0 0 1 1 1 1 0 1]
29 8 41 0.0039215686274509665 [1 0 1 1 0 0 0 1 1 1 1 0 1]
30 8 36 0.0039215686274509665 [1 0 1 1 0 0 0 1 1 1 1 0 1]
31 8 39 0.0039215686274509665 [1 0 1 1 0 0 0 1 1 1 1 0 1]
32 8 43 0.0039215686274509665 [1 0 1 1 0 0 0 1 1 1 1 0 1]
33 8 42 0.0039215686274509665 [1 0 1 1 0 0 0 1 1 1 1 0 1]
34 8 38 0.0039215686274509665 [1 0 1 1 0 0 0 1 1 1 1 0 1]
35 8 37 0.0039215686274509665 [1 0 1 1 0 0 0 1 1 1 1 0 1]
36 8 39 0.0039215686274509665 [1 0 1 1 0 0 0 1 1 1 1 0 1]
37 8 37 0.0039215686274509665 [1 0 1 1 0 0 0 1 1 1 1 0 1]
38 8 34 0.0039215686274509665 [1 0 1 1 0 0 0 1 1 1 1 0 1]
39 8 34 0.0039215686274509665 [1 0 1 1 0 0 0 1 1 1 1 0 1]
40 7 33 0.0038910505836575737 [1 0 1 1 0 0 1 0 1 1 0 0 1]
41 7 35 0.0038910505836575737 [1 0 1 1 0 0 1 0 1 1 0 0 1]
42 7 43 0.0038910505836575737 [1 0 1 1 0 0 1 0 1 1 0 0 1]
43 7 36 0.0038910505836575737 [1 0 1 1 0 0 1 0 1 1 0 0 1]
44 7 34 0.0038910505836575737 [1 0 1 1 0 0 1 0 1 1 0 0 1]
45 7 34 0.0038910505836575737 [1 0 1 1 0 0 1 0 1 1 0 0 1]
46 7 42 0.0038910505836575737 [1 0 1 1 0 0 1 0 1 1 0 0 1]
47 7 28 0.0038910505836575737 [1 0 1 1 0 0 1 0 1 1 0 0 1]
48 7 39 0.0038910505836575737 [1 0 1 1 0 0 1 0 1 1 0 0 1]
49 7 30 0.0038910505836575737 [1 0 1 1 0 0 1 0 1 1 0 0 1]
50 7 26 0.0038910505836575737 [1 0 1 1 0 0 1 0 1 1 0 0 1]
51 7 30 0.0038910505836575737 [1 0 1 1 0 0 1 0 1 1 0 0 1]
52 7 27 0.0038910505836575737 [1 0 1 1 0 0 1 0 1 1 0 0 1]
53 7 33 0.0038910505836575737 [1 0 1 1 0 0 1 0 1 1 0 0 1]
54 7 27 0.0038910505836575737 [1 0 1 1 0 0 1 0 1 1 0 0 1]
55 7 32 0.0038910505836575737 [1 0 1 1 0 0 1 0 1 1 0 0 1]
56 7 28 0.0038910505836575737 [1 0 1 1 0 0 1 0 1 1 0 0 1]
57 7 27 0.0038910505836575737 [1 0 1 1 0 0 1 0 1 1 0 0 1]
58 7 33 0.0038910505836575737 [1 0 1 1 0 0 1 0 1 1 0 0 1]
59 7 33 0.0038910505836575737 [1 0 1 1 0 0 1 0 1 1 0 0 1]
60 7 23 0.0038910505836575737 [1 0 1 1 0 0 1 0 1 1 0 0 1]
61 7 30 0.0038910505836575737 [1 0 1 1 0 0 1 0 1 1 0 0 1]
62 7 33 0.0038910505836575737 [1 0 1 1 0 0 1 0 1 1 0 0 1]
63 7 31 0.0038910505836575737 [1 0 1 1 0 0 1 0 1 1 0 0 1]
64 7 34 0.0038910505836575737 [1 0 1 1 0 0 1 0 1 1 0 0 1]
65 7 31 0.0038910505836575737 [1 0 1 1 0 0 1 0 1 1 0 0 1]
66 7 24 0.0038910505836575737 [1 0 1 1 0 0 1 0 1 1 0 0 1]
67 7 23 0.0038910505836575737 [1 0 1 1 0 0 1 0 1 1 0 0 1]
68 7 25 0.0038910505836575737 [1 0 1 1 0 0 1 0 1 1 0 0 1]
69 7 25 0.0038910505836575737 [1 0 1 1 0 0 1 0 1 1 0 0 1]
70 7 31 0.0038910505836575737 [1 0 1 1 0 0 1 0 1 1 0 0 1]
71 7 25 0.0038910505836575737 [1 0 1 1 0 0 1 0 1 1 0 0 1]
72 5 29 0.0 [1 0 0 1 1 0 0 1 0 0 0 0 1]
73 5 30 0.0 [1 0 0 1 1 0 0 1 0 0 0 0 1]
74 5 26 0.0 [1 0 0 1 1 0 0 1 0 0 0 0 1]
75 5 22 0.0 [1 0 0 1 1 0 0 1 0 0 0 0 1]
76 5 27 0.0 [1 0 0 1 1 0 0 1 0 0 0 0 1]
77 5 24 0.0 [1 0 0 1 1 0 0 1 0 0 0 0 1]
78 5 23 0.0 [1 0 0 1 1 0 0 1 0 0 0 0 1]
79 5 28 0.0 [1 0 0 1 1 0 0 1 0 0 0 0 1]
80 5 27 0.0 [1 0 0 1 1 0 0 1 0 0 0 0 1]
81 5 27 0.0 [1 0 0 1 1 0 0 1 0 0 0 0 1]
82 5 24 0.0 [1 0 0 1 1 0 0 1 0 0 0 0 1]
83 5 23 0.0 [1 0 0 1 1 0 0 1 0 0 0 0 1]
84 5 32 0.0 [1 0 0 1 1 0 0 1 0 0 0 0 1]
85 5 24 0.0 [1 0 0 1 1 0 0 1 0 0 0 0 1]
86 5 23 0.0 [1 0 0 1 1 0 0 1 0 0 0 0 1]
87 5 22 0.0 [1 0 0 1 1 0 0 1 0 0 0 0 1]
88 5 26 0.0 [1 0 0 1 1 0 0 1 0 0 0 0 1]
89 5 29 0.0 [1 0 0 1 1 0 0 1 0 0 0 0 1]
90 5 26 0.0 [1 0 0 1 1 0 0 1 0 0 0 0 1]
91 5 19 0.0 [1 0 0 1 1 0 0 1 0 0 0 0 1]
92 5 27 0.0 [1 0 0 1 1 0 0 1 0 0 0 0 1]
93 5 26 0.0 [1 0 0 1 1 0 0 1 0 0 0 0 1]
94 5 25 0.0 [1 0 0 1 1 0 0 1 0 0 0 0 1]
95 5 18 0.0 [1 0 0 1 1 0 0 1 0 0 0 0 1]
96 5 26 0.0 [1 0 0 1 1 0 0 1 0 0 0 0 1]
97 5 27 0.0 [1 0 0 1 1 0 0 1 0 0 0 0 1]
98 5 28 0.0 [1 0 0 1 1 0 0 1 0 0 0 0 1]
99 5 28 0.0 [1 0 0 1 1 0 0 1 0 0 0 0 1]
100 5 25 0.0 [1 0 0 1 1 0 0 1 0 0 0 0 1]
101 5 23 0.0 [1 0 0 1 1 0 0 1 0 0 0 0 1]
102 5 26 0.0 [1 0 0 1 1 0 0 1 0 0 0 0 1]
103 5 26 0.0 [1 0 0 1 1 0 0 1 0 0 0 0 1]
104 5 22 0.0 [1 0 0 1 1 0 0 1 0 0 0 0 1]
105 5 26 0.0 [1 0 0 1 1 0 0 1 0 0 0 0 1]
106 5 19 0.0 [1 0 0 1 1 0 0 1 0 0 0 0 1]
107 5 19 0.0 [1 0 0 1 1 0 0 1 0 0 0 0 1]
108 5 19 0.0 [1 0 0 1 1 0 0 1 0 0 0 0 1]
109 5 21 0.0 [1 0 0 1 1 0 0 1 0 0 0 0 1]
110 5 25 0.0 [1 0 0 1 1 0 0 1 0 0 0 0 1]
111 5 23 0.0 [1 0 0 1 1 0 0 1 0 0 0 0 1]
112 5 22 0.0 [1 0 0 1 1 0 0 1 0 0 0 0 1]
113 5 25 0.0 [1 0 0 1 1 0 0 1 0 0 0 0 1]
114 5 18 0.0 [1 0 0 1 1 0 0 1 0 0 0 0 1]
115 5 16 0.0 [1 0 0 1 1 0 0 1 0 0 0 0 1]
116 5 12 0.0 [1 0 0 1 1 0 0 1 0 0 0 0 1]
117 5 25 0.0 [1 0 0 1 1 0 0 1 0 0 0 0 1]
118 5 20 0.0 [1 0 0 1 1 0 0 1 0 0 0 0 1]
119 5 23 0.0 [1 0 0 1 1 0 0 1 0 0 0 0 1]
120 5 16 0.0 [1 0 0 1 1 0 0 1 0 0 0 0 1]
121 5 19 0.0 [1 0 0 1 1 0 0 1 0 0 0 0 1]
122 5 17 0.0 [1 0 0 1 1 0 0 1 0 0 0 0 1]
123 5 25 0.0 [1 0 0 1 1 0 0 1 0 0 0 0 1]
124 5 19 0.0 [1 0 0 1 1 0 0 1 0 0 0 0 1]
125 5 13 0.0 [1 0 0 1 1 0 0 1 0 0 0 0 1]
126 5 19 0.0 [1 0 0 1 1 0 0 1 0 0 0 0 1]
127 5 21 0.0 [1 0 0 1 1 0 0 1 0 0 0 0 1]
128 5 15 0.0 [1 0 0 1 1 0 0 1 0 0 0 0 1]
129 5 13 0.0 [1 0 0 1 1 0 0 1 0 0 0 0 1]
130 5 17 0.0 [1 0 0 1 1 0 0 1 0 0 0 0 1]
131 5 15 0.0 [1 0 0 1 1 0 0 1 0 0 0 0 1]
132 5 14 0.0 [1 0 0 1 1 0 0 1 0 0 0 0 1]
133 5 22 0.0 [1 0 0 1 1 0 0 1 0 0 0 0 1]
134 5 16 0.0 [1 0 0 1 1 0 0 1 0 0 0 0 1]
135 5 18 0.0 [1 0 0 1 1 0 0 1 0 0 0 0 1]
136 5 14 0.0 [1 0 0 1 1 0 0 1 0 0 0 0 1]
137 5 17 0.0 [1 0 0 1 1 0 0 1 0 0 0 0 1]
138 5 14 0.0 [1 0 0 1 1 0 0 1 0 0 0 0 1]
139 5 14 0.0 [1 0 0 1 1 0 0 1 0 0 0 0 1]
140 5 20 0.0 [1 0 0 1 1 0 0 1 0 0 0 0 1]
141 5 18 0.0 [1 0 0 1 1 0 0 1 0 0 0 0 1]
142 5 18 0.0 [1 0 0 1 1 0 0 1 0 0 0 0 1]
143 5 18 0.0 [1 0 0 1 1 0 0 1 0 0 0 0 1]
144 5 9 0.0 [1 0 0 1 1 0 0 1 0 0 0 0 1]
145 5 11 0.0 [1 0 0 1 1 0 0 1 0 0 0 0 1]
146 5 22 0.0 [1 0 0 1 1 0 0 1 0 0 0 0 1]
147 5 16 0.0 [1 0 0 1 1 0 0 1 0 0 0 0 1]
148 5 14 0.0 [1 0 0 1 1 0 0 1 0 0 0 0 1]
149 5 13 0.0 [1 0 0 1 1 0 0 1 0 0 0 0 1]
150 5 15 0.0 [1 0 0 1 1 0 0 1 0 0 0 0 1]
