0 5 99 0.008000000000000118 [1 0 0 1 0 0 0 0 1 0 1 0 1]
1 11 83 0.0078125 [1 1 1 1 1 0 1 1 1 1 1 0 1]
2 7 53 0.0039525691699604515 [1 0 1 1 0 1 0 0 1 1 0 0 1]
3 7 52 0.0039525691699604515 [1 0 1 1 0 1 0 0 1 1 0 0 1]
4 7 51 0.0039525691699604515 [1 0 1 1 0 1 0 0 1 1 0 0 1]
5 7 47 0.0039525691699604515 [1 0 1 1 0 1 0 0 1 1 0 0 1]
6 7 50 0.0039525691699604515 [1 0 1 1 0 1 0 0 1 1 0 0 1]
7 7 47 0.0039525691699604515 [1 0 1 1 0 1 0 0 1 1 0 0 1]
8 7 53 0.0039525691699604515 [1 0 1 1 0 1 0 0 1 1 0 0 1]
9 7 49 0.0039525691699604515 [1 0 1 1 0 1 0 0 1 1 0 0 1]
10 7 42 0.0038910505836575737 [1 0 1 1 0 0 1 0 1 1 0 0 1]
11 7 49 0.0038910505836575737 [1 0 1 1 0 0 1 0 1 1 0 0 1]
12 7 46 0.0038910505836575737 [1 0 1 1 0 0 1 0 1 1 0 0 1]
13 7 43 0.0038910505836575737 [1 0 1 1 0 0 1 0 1 1 0 0 1]
14 7 42 0.0038910505836575737 [1 0 1 1 0 0 1 0 1 1 0 0 1]
15 7 45 0.0038910505836575737 [1 0 1 1 0 0 1 0 1 1 0 0 1]
16 7 48 0.0038910505836575737 [1 0 1 1 0 0 1 0 1 1 0 0 1]
17 7 42 0.0038910505836575737 [1 0 1 1 0 0 1 0 1 1 0 0 1]
18 7 42 0.0038910505836575737 [1 0 1 1 0 0 1 0 1 1 0 0 1]
19 7 44 0.0038910505836575737 [1 0 1 1 0 0 1 0 1 1 0 0 1]
20 7 47 0.0038910505836575737 [1 0 1 1 0 0 1 0 1 1 0 0 1]
21 7 43 0.0038910505836575737 [1 0 1 1 0 0 1 0 1 1 0 0 1]
22 7 40 0.0038910505836575737 [1 0 1 1 0 0 1 0 1 1 0 0 1]
23 7 45 0.0038910505836575737 [1 0 1 1 0 0 1 0 1 1 0 0 1]
24 5 34 0.0 [1 0 0 1 1 0 0 1 0 0 0 0 1]
25 5 38 0.0 [1 0 0 1 1 0 0 1 0 0 0 0 1]
26 5 41 0.0 [1 0 0 1 1 0 0 1 0 0 0 0 1]
27 5 44 0.0 [1 0 0 1 1 0 0 1 0 0 0 0 1]
28 5 44 0.0 [1 0 0 1 1 0 0 1 0 0 0 0 1]
29 5 43 0.0 [1 0 0 1 1 0 0 1 0 0 0 0 1]
30 5 41 0.0 [1 0 0 1 1 0 0 1 0 0 0 0 1]
31 5 42 0.0 [1 0 0 1 1 0 0 1 0 0 0 0 1]
32 5 45 0.0 [1 0 0 1 1 0 0 1 0 0 0 0 1]
33 5 41 0.0 [1 0 0 1 1 0 0 1 0 0 0 0 1]
34 5 42 0.0 [1 0 0 1 1 0 0 1 0 0 0 0 1]
35 5 41 0.0 [1 0 0 1 1 0 0 1 0 0 0 0 1]
36 5 44 0.0 [1 0 0 1 1 0 0 1 0 0 0 0 1]
37 5 38 0.0 [1 0 0 1 1 0 0 1 0 0 0 0 1]
38 5 38 0.0 [1 0 0 1 1 0 0 1 0 0 0 0 1]
39 5 37 0.0 [1 0 0 1 1 0 0 1 0 0 0 0 1]
40 5 41 0.0 [1 0 0 1 1 0 0 1 0 0 0 0 1]
41 5 42 0.0 [1 0 0 1 1 0 0 1 0 0 0 0 1]
42 5 35 0.0 [1 0 0 1 1 0 0 1 0 0 0 0 1]
43 5 33 0.0 [1 0 0 1 1 0 0 1 0 0 0 0 1]
44 5 30 0.0 [1 0 0 1 1 0 0 1 0 0 0 0 1]
45 5 35 0.0 [1 0 0 1 1 0 0 1 0 0 0 0 1]
46 5 37 0.0 [1 0 0 1 1 0 0 1 0 0 0 0 1]
47 5 39 0.0 [1 0 0 1 1 0 0 1 0 0 0 0 1]
48 5 36 0.0 [1 0 0 1 1 0 0 1 0 0 0 0 1]
49 5 36 0.0 [1 0 0 1 1 0 0 1 0 0 0 0 1]
50 5 32 0.0 [1 0 0 1 1 0 0 1 0 0 0 0 1]
51 5 32 0.0 [1 0 0 1 1 0 0 1 0 0 0 0 1]
52 5 28 0.0 [1 0 0 1 1 0 0 1 0 0 0 0 1]
53 5 33 0.0 [1 0 0 1 1 0 0 1 0 0 0 0 1]
54 5 36 0.0 [1 0 0 1 1 0 0 1 0 0 0 0 1]
55 5 35 0.0 [1 0 0 1 1 0 0 1 0 0 0 0 1]
56 5 31 0.0 [1 0 0 1 1 0 0 1 0 0 0 0 1]
57 5 28 0.0 [1 0 0 1 1 0 0 1 0 0 0 0 1]
58 5 38 0.0 [1 0 0 1 1 0 0 1 0 0 0 0 1]
59 5 30 0.0 [1 0 0 1 1 0 0 1 0 0 0 0 1]
60 5 27 0.0 [1 0 0 1 1 0 0 1 0 0 0 0 1]
61 5 27 0.0 [1 0 0 1 1 0 0 1 0 0 0 0 1]
62 5 28 0.0 [1 0 0 1 1 0 0 1 0 0 0 0 1]
63 5 37 0.0 [1 0 0 1 1 0 0 1 0 0 0 0 1]
64 5 24 0.0 [1 0 0 1 1 0 0 1 0 0 0 0 1]
65 5 35 0.0 [1 0 0 1 1 0 0 1 0 0 0 0 1]
66 5 30 0.0 [1 0 0 1 1 0 0 1 0 0 0 0 1]
67 5 28 0.0 [1 0 0 1 1 0 0 1 0 0 0 0 1]
68 5 19 0.0 [1 0 0 1 1 0 0 1 0 0 0 0 1]
69 5 25 0.0 [1 0 0 1 1 0 0 1 0 0 0 0 1]
70 5 26 0.0 [1 0 0 1 1 0 0 1 0 0 0 0 1]
71 5 25 0.0 [1 0 0 1 1 0 0 1 0 0 0 0 1]
72 5 31 0.0 [1 0 0 1 1 0 0 1 0 0 0 0 1]
73 5 31 0.0 [1 0 0 1 1 0 0 1 0 0 0 0 1]
74 5 24 0.0 [1 0 0 1 1 0 0 1 0 0 0 0 1]
75 5 24 0.0 [1 0 0 1 1 0 0 1 0 0 0 0 1]
76 5 24 0.0 [1 0 0 1 1 0 0 1 0 0 0 0 1]
77 5 23 0.0 [1 0 0 1 1 0 0 1 0 0 0 0 1]
78 5 27 0.0 [1 0 0 1 1 0 0 1 0 0 0 0 1]
79 5 29 0.0 [1 0 0 1 1 0 0 1 0 0 0 0 1]
80 5 26 0.0 [1 0 0 1 1 0 0 1 0 0 0 0 1]
81 5 29 0.0 [1 0 0 1 1 0 0 1 0 0 0 0 1]
82 5 25 0.0 [1 0 0 1 1 0 0 1 0 0 0 0 1]
83 5 26 0.0 [1 0 0 1 1 0 0 1 0 0 0 0 1]
84 5 26 0.0 [1 0 0 1 1 0 0 1 0 0 0 0 1]
85 5 27 0.0 [1 0 0 1 1 0 0 1 0 0 0 0 1]
86 5 25 0.0 [1 0 0 1 1 0 0 1 0 0 0 0 1]
87 5 24 0.0 [1 0 0 1 1 0 0 1 0 0 0 0 1]
88 5 20 0.0 [1 0 0 1 1 0 0 1 0 0 0 0 1]
89 5 21 0.0 [1 0 0 1 1 0 0 1 0 0 0 0 1]
90 5 22 0.0 [1 0 0 1 1 0 0 1 0 0 0 0 1]
91 5 24 0.0 [1 0 0 1 1 0 0 1 0 0 0 0 1]
92 5 23 0.0 [1 0 0 1 1 0 0 1 0 0 0 0 1]
93 5 27 0.0 [1 0 0 1 1 0 0 1 0 0 0 0 1]
94 5 18 0.0 [1 0 0 1 1 0 0 1 0 0 0 0 1]
95 5 24 0.0 [1 0 0 1 1 0 0 1 0 0 0 0 1]
96 5 29 0.0 [1 0 0 1 1 0 0 1 0 0 0 0 1]
97 5 27 0.0 [1 0 0 1 1 0 0 1 0 0 0 0 1]
98 5 26 0.0 [1 0 0 1 1 0 0 1 0 0 0 0 1]
99 5 21 0.0 [1 0 0 1 1 0 0 1 0 0 0 0 1]
100 5 25 0.0 [1 0 0 1 1 0 0 1 0 0 0 0 1]
101 5 19 0.0 [1 0 0 1 1 0 0 1 0 0 0 0 1]
102 5 19 0.0 [1 0 0 1 1 0 0 1 0 0 0 0 1]
103 5 19 0.0 [1 0 0 1 1 0 0 1 0 0 0 0 1]
104 5 22 0.0 [1 0 0 1 1 0 0 1 0 0 0 0 1]
105 5 17 0.0 [1 0 0 1 1 0 0 1 0 0 0 0 1]
106 5 24 0.0 [1 0 0 1 1 0 0 1 0 0 0 0 1]
107 5 25 0.0 [1 0 0 1 1 0 0 1 0 0 0 0 1]
108 5 18 0.0 [1 0 0 1 1 0 0 1 0 0 0 0 1]
109 5 20 0.0 [1 0 0 1 1 0 0 1 0 0 0 0 1]
110 5 17 0.0 [1 0 0 1 1 0 0 1 0 0 0 0 1]
111 5 23 0.0 [1 0 0 1 1 0 0 1 0 0 0 0 1]
112 5 15 0.0 [1 0 0 1 1 0 0 1 0 0 0 0 1]
113 5 22 0.0 [1 0 0 1 1 0 0 1 0 0 0 0 1]
114 5 19 0.0 [1 0 0 1 1 0 0 1 0 0 0 0 1]
115 5 22 0.0 [1 0 0 1 1 0 0 1 0 0 0 0 1]
116 5 23 0.0 [1 0 0 1 1 0 0 1 0 0 0 0 1]
117 5 19 0.0 [1 0 0 1 1 0 0 1 0 0 0 0 1]
118 5 18 0.0 [1 0 0 1 1 0 0 1 0 0 0 0 1]
119 5 20 0.0 [1 0 0 1 1 0 0 1 0 0 0 0 1]
120 5 21 0.0 [1 0 0 1 1 0 0 1 0 0 0 0 1]
121 5 18 0.0 [1 0 0 1 1 0 0 1 0 0 0 0 1]
122 5 22 0.0 [1 0 0 1 1 0 0 1 0 0 0 0 1]
123 5 20 0.0 [1 0 0 1 1 0 0 1 0 0 0 0 1]
124 5 19 0.0 [1 0 0 1 1 0 0 1 0 0 0 0 1]
125 5 10 0.0 [1 0 0 1 1 0 0 1 0 0 0 0 1]
126 5 14 0.0 [1 0 0 1 1 0 0 1 0 0 0 0 1]
127 5 18 0.0 [1 0 0 1 1 0 0 1 0 0 0 0 1]
128 5 24 0.0 [1 0 0 1 1 0 0 1 0 0 0 0 1]
129 5 14 0.0 [1 0 0 1 1 0 0 1 0 0 0 0 1]
130 5 17 0.0 [1 0 0 1 1 0 0 1 0 0 0 0 1]
131 5 24 0.0 [1 0 0 1 1 0 0 1 0 0 0 0 1]
132 5 19 0.0 [1 0 0 1 1 0 0 1 0 0 0 0 1]
133 5 20 0.0 [1 0 0 1 1 0 0 1 0 0 0 0 1]
134 5 14 0.0 [1 0 0 1 1 0 0 1 0 0 0 0 1]
135 5 13 0.0 [1 0 0 1 1 0 0 1 0 0 0 0 1]
136 5 22 0.0 [1 0 0 1 1 0 0 1 0 0 0 0 1]
137 5 15 0.0 [1 0 0 1 1 0 0 1 0 0 0 0 1]
138 5 22 0.0 [1 0 0 1 1 0 0 1 0 0 0 0 1]
139 5 24 0.0 [1 0 0 1 1 0 0 1 0 0 0 0 1]
140 5 17 0.0 [1 0 0 1 1 0 0 1 0 0 0 0 1]
141 5 17 0.0 [1 0 0 1 1 0 0 1 0 0 0 0 1]
142 5 22 0.0 [1 0 0 1 1 0 0 1 0 0 0 0 1]
143 5 15 0.0 [1 0 0 1 1 0 0 1 0 0 0 0 1]
144 5 12 0.0 [1 0 0 1 1 0 0 1 0 0 0 0 1]
145 5 16 0.0 [1 0 0 1 1 0 0 1 0 0 0 0 1]
146 5 15 0.0 [1 0 0 1 1 0 0 1 0 0 0 0 1]
147 5 17 0.0 [1 0 0 1 1 0 0 1 0 0 0 0 1]
148 5 21 0.0 [1 0 0 1 1 0 0 1 0 0 0 0 1]
149 5 16 0.0 [1 0 0 1 1 0 0 1 0 0 0 0 1]
150 5 14 0.0 [1 0 0 1 1 0 0 1 0 0 0 0 1]
