0 7 100 0.01489517171603616 [1 0 0 0 1 0 1 0 0 1 1 1 1]
1 8 89 0.007874015748031482 [1 0 1 1 1 0 0 0 0 1 1 1 1]
2 8 57 0.007874015748031482 [1 0 1 1 1 0 0 0 0 1 1 1 1]
3 8 49 0.007874015748031482 [1 0 1 1 1 0 0 0 0 1 1 1 1]
4 8 50 0.0039525691699604515 [1 0 1 1 1 1 0 0 1 1 0 0 1]
5 8 51 0.0039525691699604515 [1 0 1 1 1 1 0 0 1 1 0 0 1]
6 8 50 0.0039215686274509665 [1 0 1 1 1 0 1 0 1 1 0 0 1]
7 8 50 0.0039215686274509665 [1 0 1 1 1 0 1 0 1 1 0 0 1]
8 7 50 0.0038910505836575737 [1 0 1 1 1 0 1 0 0 1 0 0 1]
9 7 45 0.0038910505836575737 [1 0 1 1 1 0 1 0 0 1 0 0 1]
10 7 45 0.0038910505836575737 [1 0 1 1 1 0 1 0 0 1 0 0 1]
11 7 44 0.0038910505836575737 [1 0 1 1 1 0 1 0 0 1 0 0 1]
12 7 44 0.0038910505836575737 [1 0 1 1 1 0 1 0 0 1 0 0 1]
13 7 43 0.0038910505836575737 [1 0 1 1 1 0 1 0 0 1 0 0 1]
14 7 45 0.0038910505836575737 [1 0 1 1 1 0 1 0 0 1 0 0 1]
15 7 44 0.0038910505836575737 [1 0 1 1 1 0 1 0 0 1 0 0 1]
16 7 44 0.0038910505836575737 [1 0 1 1 1 0 1 0 0 1 0 0 1]
17 7 42 0.0038910505836575737 [1 0 1 1 1 0 1 0 0 1 0 0 1]
18 7 39 0.0038910505836575737 [1 0 1 1 1 0 1 0 0 1 0 0 1]
19 7 39 0.0038910505836575737 [1 0 1 1 1 0 1 0 0 1 0 0 1]
20 7 40 0.0038910505836575737 [1 0 1 1 1 0 1 0 0 1 0 0 1]
21 7 38 0.0038910505836575737 [1 0 1 1 1 0 1 0 0 1 0 0 1]
22 7 41 0.0038910505836575737 [1 0 1 1 1 0 1 0 0 1 0 0 1]
23 7 40 0.0038910505836575737 [1 0 1 1 1 0 1 0 0 1 0 0 1]
24 7 39 0.0038910505836575737 [1 0 1 1 1 0 1 0 0 1 0 0 1]
25 7 35 0.0038910505836575737 [1 0 1 1 1 0 1 0 0 1 0 0 1]
26 7 42 0.0038910505836575737 [1 0 1 1 1 0 1 0 0 1 0 0 1]
27 7 40 0.0038910505836575737 [1 0 1 1 1 0 1 0 0 1 0 0 1]
28 7 49 0.0038910505836575737 [1 0 1 1 1 0 1 0 0 1 0 0 1]
29 7 41 0.0038910505836575737 [1 0 1 1 1 0 1 0 0 1 0 0 1]
30 7 39 0.0038910505836575737 [1 0 1 1 1 0 1 0 0 1 0 0 1]
31 7 39 0.0038910505836575737 [1 0 1 1 1 0 1 0 0 1 0 0 1]
32 7 33 0.0038910505836575737 [1 0 1 1 1 0 1 0 0 1 0 0 1]
33 7 38 0.0038910505836575737 [1 0 1 1 1 0 1 0 0 1 0 0 1]
34 7 36 0.0038910505836575737 [1 0 1 1 1 0 1 0 0 1 0 0 1]
35 7 34 0.0038910505836575737 [1 0 1 1 1 0 1 0 0 1 0 0 1]
36 7 33 0.0038910505836575737 [1 0 1 1 1 0 1 0 0 1 0 0 1]
37 7 34 0.0038910505836575737 [1 0 1 1 1 0 1 0 0 1 0 0 1]
38 7 37 0.0038910505836575737 [1 0 1 1 1 0 1 0 0 1 0 0 1]
39 7 36 0.0038910505836575737 [1 0 1 1 1 0 1 0 0 1 0 0 1]
40 7 32 0.0038910505836575737 [1 0 1 1 1 0 1 0 0 1 0 0 1]
41 7 30 0.0038910505836575737 [1 0 1 1 1 0 1 0 0 1 0 0 1]
42 7 39 0.0038910505836575737 [1 0 1 1 1 0 1 0 0 1 0 0 1]
43 7 33 0.0038910505836575737 [1 0 1 1 1 0 1 0 0 1 0 0 1]
44 7 28 0.0038910505836575737 [1 0 1 1 1 0 1 0 0 1 0 0 1]
45 7 26 0.0038910505836575737 [1 0 1 1 1 0 1 0 0 1 0 0 1]
46 7 37 0.0038910505836575737 [1 0 1 1 1 0 1 0 0 1 0 0 1]
47 7 31 0.0038910505836575737 [1 0 1 1 1 0 1 0 0 1 0 0 1]
48 7 27 0.0038910505836575737 [1 0 1 1 1 0 1 0 0 1 0 0 1]
49 7 29 0.0038910505836575737 [1 0 1 1 1 0 1 0 0 1 0 0 1]
50 7 31 0.0038910505836575737 [1 0 1 1 1 0 1 0 0 1 0 0 1]
51 7 34 0.0038910505836575737 [1 0 1 1 1 0 1 0 0 1 0 0 1]
52 7 29 0.0038910505836575737 [1 0 1 1 1 0 1 0 0 1 0 0 1]
53 7 33 0.0038910505836575737 [1 0 1 1 1 0 1 0 0 1 0 0 1]
54 7 40 0.0038910505836575737 [1 0 1 1 1 0 1 0 0 1 0 0 1]
55 7 27 0.0038910505836575737 [1 0 1 1 1 0 1 0 0 1 0 0 1]
56 7 28 0.0038910505836575737 [1 0 1 1 1 0 1 0 0 1 0 0 1]
57 7 29 0.0038910505836575737 [1 0 1 1 1 0 1 0 0 1 0 0 1]
58 7 30 0.0038910505836575737 [1 0 1 1 1 0 1 0 0 1 0 0 1]
59 7 27 0.0038910505836575737 [1 0 1 1 1 0 1 0 0 1 0 0 1]
60 7 32 0.0038910505836575737 [1 0 1 1 1 0 1 0 0 1 0 0 1]
61 7 29 0.0038910505836575737 [1 0 1 1 1 0 1 0 0 1 0 0 1]
62 7 26 0.0038910505836575737 [1 0 1 1 1 0 1 0 0 1 0 0 1]
63 7 27 0.0038910505836575737 [1 0 1 1 1 0 1 0 0 1 0 0 1]
64 7 23 0.0038910505836575737 [1 0 1 1 1 0 1 0 0 1 0 0 1]
65 7 29 0.0038910505836575737 [1 0 1 1 1 0 1 0 0 1 0 0 1]
66 7 22 0.0038910505836575737 [1 0 1 1 1 0 1 0 0 1 0 0 1]
67 7 27 0.0038910505836575737 [1 0 1 1 1 0 1 0 0 1 0 0 1]
68 7 26 0.0038910505836575737 [1 0 1 1 1 0 1 0 0 1 0 0 1]
69 7 21 0.0038910505836575737 [1 0 1 1 1 0 1 0 0 1 0 0 1]
70 7 30 0.0038910505836575737 [1 0 1 1 1 0 1 0 0 1 0 0 1]
71 7 24 0.0038910505836575737 [1 0 1 1 1 0 1 0 0 1 0 0 1]
72 7 23 0.0038910505836575737 [1 0 1 1 1 0 1 0 0 1 0 0 1]
73 7 21 0.0038910505836575737 [1 0 1 1 1 0 1 0 0 1 0 0 1]
74 7 26 0.0038910505836575737 [1 0 1 1 1 0 1 0 0 1 0 0 1]
75 7 26 0.0038910505836575737 [1 0 1 1 1 0 1 0 0 1 0 0 1]
76 7 26 0.0038910505836575737 [1 0 1 1 1 0 1 0 0 1 0 0 1]
77 7 20 0.0038910505836575737 [1 0 1 1 1 0 1 0 0 1 0 0 1]
78 7 19 0.0038910505836575737 [1 0 1 1 1 0 1 0 0 1 0 0 1]
79 7 19 0.0038910505836575737 [1 0 1 1 1 0 1 0 0 1 0 0 1]
80 7 24 0.0038910505836575737 [1 0 1 1 1 0 1 0 0 1 0 0 1]
81 7 23 0.0038910505836575737 [1 0 1 1 1 0 1 0 0 1 0 0 1]
82 7 29 0.0038910505836575737 [1 0 1 1 1 0 1 0 0 1 0 0 1]
83 7 23 0.0038910505836575737 [1 0 1 1 1 0 1 0 0 1 0 0 1]
84 7 18 0.0038910505836575737 [1 0 1 1 1 0 1 0 0 1 0 0 1]
85 7 19 0.0038910505836575737 [1 0 1 1 1 0 1 0 0 1 0 0 1]
86 7 17 0.0038910505836575737 [1 0 1 1 1 0 1 0 0 1 0 0 1]
87 7 23 0.0038910505836575737 [1 0 1 1 1 0 1 0 0 1 0 0 1]
88 7 24 0.0038910505836575737 [1 0 1 1 1 0 1 0 0 1 0 0 1]
89 7 17 0.0038910505836575737 [1 0 1 1 1 0 1 0 0 1 0 0 1]
90 7 28 0.0038910505836575737 [1 0 1 1 1 0 1 0 0 1 0 0 1]
91 7 27 0.0038910505836575737 [1 0 1 1 1 0 1 0 0 1 0 0 1]
92 7 27 0.0038910505836575737 [1 0 1 1 1 0 1 0 0 1 0 0 1]
93 7 26 0.0038910505836575737 [1 0 1 1 1 0 1 0 0 1 0 0 1]
94 7 16 0.0038910505836575737 [1 0 1 1 1 0 1 0 0 1 0 0 1]
95 7 23 0.0038910505836575737 [1 0 1 1 1 0 1 0 0 1 0 0 1]
96 7 23 0.0038910505836575737 [1 0 1 1 1 0 1 0 0 1 0 0 1]
97 7 26 0.0038910505836575737 [1 0 1 1 1 0 1 0 0 1 0 0 1]
98 7 22 0.0038910505836575737 [1 0 1 1 1 0 1 0 0 1 0 0 1]
99 7 18 0.0038910505836575737 [1 0 1 1 1 0 1 0 0 1 0 0 1]
100 7 21 0.0038910505836575737 [1 0 1 1 1 0 1 0 0 1 0 0 1]
101 7 20 0.0038910505836575737 [1 0 1 1 1 0 1 0 0 1 0 0 1]
102 7 20 0.0038910505836575737 [1 0 1 1 1 0 1 0 0 1 0 0 1]
103 7 21 0.0038910505836575737 [1 0 1 1 1 0 1 0 0 1 0 0 1]
104 5 20 0.0 [1 0 0 1 1 0 0 1 0 0 0 0 1]
105 5 25 0.0 [1 0 0 1 1 0 0 1 0 0 0 0 1]
106 5 19 0.0 [1 0 0 1 1 0 0 1 0 0 0 0 1]
107 5 26 0.0 [1 0 0 1 1 0 0 1 0 0 0 0 1]
108 5 18 0.0 [1 0 0 1 1 0 0 1 0 0 0 0 1]
109 5 15 0.0 [1 0 0 1 1 0 0 1 0 0 0 0 1]
110 5 22 0.0 [1 0 0 1 1 0 0 1 0 0 0 0 1]
111 5 26 0.0 [1 0 0 1 1 0 0 1 0 0 0 0 1]
112 5 18 0.0 [1 0 0 1 1 0 0 1 0 0 0 0 1]
113 5 21 0.0 [1 0 0 1 1 0 0 1 0 0 0 0 1]
114 5 14 0.0 [1 0 0 1 1 0 0 1 0 0 0 0 1]
115 5 19 0.0 [1 0 0 1 1 0 0 1 0 0 0 0 1]
116 5 16 0.0 [1 0 0 1 1 0 0 1 0 0 0 0 1]
117 5 21 0.0 [1 0 0 1 1 0 0 1 0 0 0 0 1]
118 5 22 0.0 [1 0 0 1 1 0 0 1 0 0 0 0 1]
119 5 18 0.0 [1 0 0 1 1 0 0 1 0 0 0 0 1]
120 5 19 0.0 [1 0 0 1 1 0 0 1 0 0 0 0 1]
121 5 20 0.0 [1 0 0 1 1 0 0 1 0 0 0 0 1]
122 5 17 0.0 [1 0 0 1 1 0 0 1 0 0 0 0 1]
123 5 26 0.0 [1 0 0 1 1 0 0 1 0 0 0 0 1]
124 5 21 0.0 [1 0 0 1 1 0 0 1 0 0 0 0 1]
125 5 26 0.0 [1 0 0 1 1 0 0 1 0 0 0 0 1]
126 5 16 0.0 [1 0 0 1 1 0 0 1 0 0 0 0 1]
127 5 22 0.0 [1 0 0 1 1 0 0 1 0 0 0 0 1]
128 5 21 0.0 [1 0 0 1 1 0 0 1 0 0 0 0 1]
129 5 17 0.0 [1 0 0 1 1 0 0 1 0 0 0 0 1]
130 5 15 0.0 [1 0 0 1 1 0 0 1 0 0 0 0 1]
131 5 17 0.0 [1 0 0 1 1 0 0 1 0 0 0 0 1]
132 5 21 0.0 [1 0 0 1 1 0 0 1 0 0 0 0 1]
133 5 29 0.0 [1 0 0 1 1 0 0 1 0 0 0 0 1]
134 5 24 0.0 [1 0 0 1 1 0 0 1 0 0 0 0 1]
135 5 20 0.0 [1 0 0 1 1 0 0 1 0 0 0 0 1]
136 5 24 0.0 [1 0 0 1 1 0 0 1 0 0 0 0 1]
137 5 16 0.0 [1 0 0 1 1 0 0 1 0 0 0 0 1]
138 5 15 0.0 [1 0 0 1 1 0 0 1 0 0 0 0 1]
139 5 18 0.0 [1 0 0 1 1 0 0 1 0 0 0 0 1]
140 5 14 0.0 [1 0 0 1 1 0 0 1 0 0 0 0 1]
141 5 15 0.0 [1 0 0 1 1 0 0 1 0 0 0 0 1]
142 5 20 0.0 [1 0 0 1 1 0 0 1 0 0 0 0 1]
143 5 15 0.0 [1 0 0 1 1 0 0 1 0 0 0 0 1]
144 5 17 0.0 [1 0 0 1 1 0 0 1 0 0 0 0 1]
145 5 11 0.0 [1 0 0 1 1 0 0 1 0 0 0 0 1]
146 5 17 0.0 [1 0 0 1 1 0 0 1 0 0 0 0 1]
147 5 14 0.0 [1 0 0 1 1 0 0 1 0 0 0 0 1]
148 5 17 0.0 [1 0 0 1 1 0 0 1 0 0 0 0 1]
149 5 20 0.0 [1 0 0 1 1 0 0 1 0 0 0 0 1]
150 5 14 0.0 [1 0 0 1 1 0 0 1 0 0 0 0 1]
