0 6 100 0.011673151750972832 [1 0 1 1 0 0 1 0 0 0 1 0 1]
1 11 84 0.007874015748031482 [1 1 1 1 1 0 0 1 1 1 1 1 1]
2 11 54 0.007874015748031482 [1 1 1 1 1 0 0 1 1 1 1 1 1]
3 8 51 0.004016064257028162 [1 1 0 1 1 0 0 1 1 1 0 0 1]
4 8 52 0.004016064257028162 [1 1 0 1 1 0 0 1 1 1 0 0 1]
5 8 44 0.004016064257028162 [1 1 0 1 1 0 0 1 1 1 0 0 1]
6 10 47 0.003984063745019917 [1 1 1 1 1 0 0 1 1 1 1 0 1]
7 7 50 0.0039215686274509665 [1 0 1 1 0 0 0 0 1 1 1 0 1]
8 7 49 0.0039215686274509665 [1 0 1 1 0 0 0 0 1 1 1 0 1]
9 7 46 0.0039215686274509665 [1 0 1 1 0 0 0 0 1 1 1 0 1]
10 7 46 0.0039215686274509665 [1 0 1 1 0 0 0 0 1 1 1 0 1]
11 7 49 0.0039215686274509665 [1 0 1 1 0 0 0 0 1 1 1 0 1]
12 7 46 0.0039215686274509665 [1 0 1 1 0 0 0 0 1 1 1 0 1]
13 7 44 0.0039215686274509665 [1 0 1 1 0 0 0 0 1 1 1 0 1]
14 7 45 0.0039215686274509665 [1 0 1 1 0 0 0 0 1 1 1 0 1]
15 7 49 0.0039215686274509665 [1 0 1 1 0 0 0 0 1 1 1 0 1]
16 7 41 0.0039215686274509665 [1 0 1 1 0 0 0 0 1 1 1 0 1]
17 7 41 0.0039215686274509665 [1 0 1 1 0 0 0 0 1 1 1 0 1]
18 7 45 0.0039215686274509665 [1 0 1 1 0 0 0 0 1 1 1 0 1]
19 7 35 0.0039215686274509665 [1 0 1 1 0 0 0 0 1 1 1 0 1]
20 7 41 0.0039215686274509665 [1 0 1 1 0 0 0 0 1 1 1 0 1]
21 7 48 0.0039215686274509665 [1 0 1 1 0 0 0 0 1 1 1 0 1]
22 7 40 0.0039215686274509665 [1 0 1 1 0 0 0 0 1 1 1 0 1]
23 7 44 0.0039215686274509665 [1 0 1 1 0 0 0 0 1 1 1 0 1]
24 7 39 0.0039215686274509665 [1 0 1 1 0 0 0 0 1 1 1 0 1]
25 7 45 0.0039215686274509665 [1 0 1 1 0 0 0 0 1 1 1 0 1]
26 7 43 0.0039215686274509665 [1 0 1 1 0 0 0 0 1 1 1 0 1]
27 7 39 0.0039215686274509665 [1 0 1 1 0 0 0 0 1 1 1 0 1]
28 7 38 0.0039215686274509665 [1 0 1 1 0 0 0 0 1 1 1 0 1]
29 7 40 0.0039215686274509665 [1 0 1 1 0 0 0 0 1 1 1 0 1]
30 7 45 0.0039215686274509665 [1 0 1 1 0 0 0 0 1 1 1 0 1]
31 7 43 0.0039215686274509665 [1 0 1 1 0 0 0 0 1 1 1 0 1]
32 7 38 0.0039215686274509665 [1 0 1 1 0 0 0 0 1 1 1 0 1]
33 7 42 0.0039215686274509665 [1 0 1 1 0 0 0 0 1 1 1 0 1]
34 7 42 0.0039215686274509665 [1 0 1 1 0 0 0 0 1 1 1 0 1]
35 7 39 0.0039215686274509665 [1 0 1 1 0 0 0 0 1 1 1 0 1]
36 7 38 0.0039215686274509665 [1 0 1 1 0 0 0 0 1 1 1 0 1]
37 7 33 0.0039215686274509665 [1 0 1 1 0 0 0 0 1 1 1 0 1]
38 7 32 0.0039215686274509665 [1 0 1 1 0 0 0 0 1 1 1 0 1]
39 7 34 0.0039215686274509665 [1 0 1 1 0 0 0 0 1 1 1 0 1]
40 7 31 0.0039215686274509665 [1 0 1 1 0 0 0 0 1 1 1 0 1]
41 7 33 0.0039215686274509665 [1 0 1 1 0 0 0 0 1 1 1 0 1]
42 7 28 0.0039215686274509665 [1 0 1 1 0 0 0 0 1 1 1 0 1]
43 7 35 0.0039215686274509665 [1 0 1 1 0 0 0 0 1 1 1 0 1]
44 7 28 0.0039215686274509665 [1 0 1 1 0 0 0 0 1 1 1 0 1]
45 7 36 0.0039215686274509665 [1 0 1 1 0 0 0 0 1 1 1 0 1]
46 7 32 0.0039215686274509665 [1 0 1 1 0 0 0 0 1 1 1 0 1]
47 7 30 0.0039215686274509665 [1 0 1 1 0 0 0 0 1 1 1 0 1]
48 7 33 0.0039215686274509665 [1 0 1 1 0 0 0 0 1 1 1 0 1]
49 7 27 0.0039215686274509665 [1 0 1 1 0 0 0 0 1 1 1 0 1]
50 7 30 0.0039215686274509665 [1 0 1 1 0 0 0 0 1 1 1 0 1]
51 7 31 0.0039215686274509665 [1 0 1 1 0 0 0 0 1 1 1 0 1]
52 7 32 0.0039215686274509665 [1 0 1 1 0 0 0 0 1 1 1 0 1]
53 7 29 0.0039215686274509665 [1 0 1 1 0 0 0 0 1 1 1 0 1]
54 7 30 0.0039215686274509665 [1 0 1 1 0 0 0 0 1 1 1 0 1]
55 7 29 0.0039215686274509665 [1 0 1 1 0 0 0 0 1 1 1 0 1]
56 7 31 0.0039215686274509665 [1 0 1 1 0 0 0 0 1 1 1 0 1]
57 7 26 0.0039215686274509665 [1 0 1 1 0 0 0 0 1 1 1 0 1]
58 7 32 0.0038910505836575737 [1 0 1 1 0 0 1 0 1 1 0 0 1]
59 7 30 0.0038910505836575737 [1 0 1 1 0 0 1 0 1 1 0 0 1]
60 7 32 0.0038910505836575737 [1 0 1 1 0 0 1 0 1 1 0 0 1]
61 7 24 0.0038910505836575737 [1 0 1 1 0 0 1 0 1 1 0 0 1]
62 7 29 0.0038910505836575737 [1 0 1 1 0 0 1 0 1 1 0 0 1]
63 7 30 0.0038910505836575737 [1 0 1 1 0 0 1 0 1 1 0 0 1]
64 7 28 0.0038910505836575737 [1 0 1 1 0 0 1 0 1 1 0 0 1]
65 7 39 0.0038910505836575737 [1 0 1 1 0 0 1 0 1 1 0 0 1]
66 7 24 0.0038910505836575737 [1 0 1 1 0 0 1 0 1 1 0 0 1]
67 7 24 0.0038910505836575737 [1 0 1 1 0 0 1 0 1 1 0 0 1]
68 7 31 0.0038910505836575737 [1 0 1 1 0 0 1 0 1 1 0 0 1]
69 7 28 0.0038910505836575737 [1 0 1 1 0 0 1 0 1 1 0 0 1]
70 7 29 0.0038910505836575737 [1 0 1 1 0 0 1 0 1 1 0 0 1]
71 7 28 0.0038910505836575737 [1 0 1 1 0 0 1 0 1 1 0 0 1]
72 7 34 0.0038910505836575737 [1 0 1 1 0 0 1 0 1 1 0 0 1]
73 7 23 0.0038910505836575737 [1 0 1 1 0 0 1 0 1 1 0 0 1]
74 7 21 0.0038910505836575737 [1 0 1 1 0 0 1 0 1 1 0 0 1]
75 7 26 0.0038910505836575737 [1 0 1 1 0 0 1 0 1 1 0 0 1]
76 7 26 0.0038910505836575737 [1 0 1 1 0 0 1 0 1 1 0 0 1]
77 7 26 0.0038910505836575737 [1 0 1 1 0 0 1 0 1 1 0 0 1]
78 7 26 0.0038910505836575737 [1 0 1 1 0 0 1 0 1 1 0 0 1]
79 7 22 0.0038910505836575737 [1 0 1 1 0 0 1 0 1 1 0 0 1]
80 7 20 0.0038910505836575737 [1 0 1 1 0 0 1 0 1 1 0 0 1]
81 7 24 0.0038910505836575737 [1 0 1 1 0 0 1 0 1 1 0 0 1]
82 7 24 0.0038910505836575737 [1 0 1 1 0 0 1 0 1 1 0 0 1]
83 7 24 0.0038910505836575737 [1 0 1 1 0 0 1 0 1 1 0 0 1]
84 7 24 0.0038910505836575737 [1 0 1 1 0 0 1 0 1 1 0 0 1]
85 7 21 0.0038910505836575737 [1 0 1 1 0 0 1 0 1 1 0 0 1]
86 7 25 0.0038910505836575737 [1 0 1 1 0 0 1 0 1 1 0 0 1]
87 7 28 0.0038910505836575737 [1 0 1 1 0 0 1 0 1 1 0 0 1]
88 7 23 0.0038910505836575737 [1 0 1 1 0 0 1 0 1 1 0 0 1]
89 7 22 0.0038910505836575737 [1 0 1 1 0 0 1 0 1 1 0 0 1]
90 7 24 0.0038910505836575737 [1 0 1 1 0 0 1 0 1 1 0 0 1]
91 7 26 0.0038910505836575737 [1 0 1 1 0 0 1 0 1 1 0 0 1]
92 7 26 0.0038910505836575737 [1 0 1 1 0 0 1 0 1 1 0 0 1]
93 7 21 0.0038910505836575737 [1 0 1 1 0 0 1 0 1 1 0 0 1]
94 7 26 0.0038910505836575737 [1 0 1 1 0 0 1 0 1 1 0 0 1]
95 7 21 0.0038910505836575737 [1 0 1 1 0 0 1 0 1 1 0 0 1]
96 7 19 0.0038910505836575737 [1 0 1 1 0 0 1 0 1 1 0 0 1]
97 7 25 0.0038910505836575737 [1 0 1 1 0 0 1 0 1 1 0 0 1]
98 7 21 0.0038910505836575737 [1 0 1 1 0 0 1 0 1 1 0 0 1]
99 7 22 0.0038910505836575737 [1 0 1 1 0 0 1 0 1 1 0 0 1]
100 7 23 0.0038910505836575737 [1 0 1 1 0 0 1 0 1 1 0 0 1]
101 7 25 0.0038910505836575737 [1 0 1 1 0 0 1 0 1 1 0 0 1]
102 7 21 0.0038910505836575737 [1 0 1 1 0 0 1 0 1 1 0 0 1]
103 7 25 0.0038910505836575737 [1 0 1 1 0 0 1 0 1 1 0 0 1]
104 7 21 0.0038910505836575737 [1 0 1 1 0 0 1 0 1 1 0 0 1]
105 7 13 0.0038910505836575737 [1 0 1 1 0 0 1 0 1 1 0 0 1]
106 7 25 0.0038910505836575737 [1 0 1 1 0 0 1 0 1 1 0 0 1]
107 7 14 0.0038910505836575737 [1 0 1 1 0 0 1 0 1 1 0 0 1]
108 7 17 0.0038910505836575737 [1 0 1 1 0 0 1 0 1 1 0 0 1]
109 7 19 0.0038910505836575737 [1 0 1 1 0 0 1 0 1 1 0 0 1]
110 7 18 0.0038910505836575737 [1 0 1 1 0 0 1 0 1 1 0 0 1]
111 7 22 0.0038910505836575737 [1 0 1 1 0 0 1 0 1 1 0 0 1]
112 7 21 0.0038910505836575737 [1 0 1 1 0 0 1 0 1 1 0 0 1]
113 7 17 0.0038910505836575737 [1 0 1 1 0 0 1 0 1 1 0 0 1]
114 7 14 0.0038910505836575737 [1 0 1 1 0 0 1 0 1 1 0 0 1]
115 7 17 0.0038910505836575737 [1 0 1 1 0 0 1 0 1 1 0 0 1]
116 7 21 0.0038910505836575737 [1 0 1 1 0 0 1 0 1 1 0 0 1]
117 7 19 0.0038910505836575737 [1 0 1 1 0 0 1 0 1 1 0 0 1]
118 7 18 0.0038910505836575737 [1 0 1 1 0 0 1 0 1 1 0 0 1]
119 7 24 0.0038910505836575737 [1 0 1 1 0 0 1 0 1 1 0 0 1]
120 7 17 0.0038910505836575737 [1 0 1 1 0 0 1 0 1 1 0 0 1]
121 7 14 0.0038910505836575737 [1 0 1 1 0 0 1 0 1 1 0 0 1]
122 7 15 0.0038910505836575737 [1 0 1 1 0 0 1 0 1 1 0 0 1]
123 7 18 0.0038910505836575737 [1 0 1 1 0 0 1 0 1 1 0 0 1]
124 7 19 0.0038910505836575737 [1 0 1 1 0 0 1 0 1 1 0 0 1]
125 7 19 0.0038910505836575737 [1 0 1 1 0 0 1 0 1 1 0 0 1]
126 7 15 0.0038910505836575737 [1 0 1 1 0 0 1 0 1 1 0 0 1]
127 7 15 0.0038910505836575737 [1 0 1 1 0 0 1 0 1 1 0 0 1]
128 7 19 0.0038910505836575737 [1 0 1 1 0 0 1 0 1 1 0 0 1]
129 7 18 0.0038910505836575737 [1 0 1 1 0 0 1 0 1 1 0 0 1]
130 7 20 0.0038910505836575737 [1 0 1 1 0 0 1 0 1 1 0 0 1]
131 7 13 0.0038910505836575737 [1 0 1 1 0 0 1 0 1 1 0 0 1]
132 7 18 0.0038910505836575737 [1 0 1 1 0 0 1 0 1 1 0 0 1]
133 7 18 0.0038910505836575737 [1 0 1 1 0 0 1 0 1 1 0 0 1]
134 7 17 0.0038910505836575737 [1 0 1 1 0 0 1 0 1 1 0 0 1]
135 7 16 0.0038910505836575737 [1 0 1 1 0 0 1 0 1 1 0 0 1]
136 7 20 0.0038910505836575737 [1 0 1 1 0 0 1 0 1 1 0 0 1]
137 7 21 0.0038910505836575737 [1 0 1 1 0 0 1 0 1 1 0 0 1]
138 7 13 0.0038910505836575737 [1 0 1 1 0 0 1 0 1 1 0 0 1]
139 7 15 0.0038910505836575737 [1 0 1 1 0 0 1 0 1 1 0 0 1]
140 7 18 0.0038910505836575737 [1 0 1 1 0 0 1 0 1 1 0 0 1]
141 7 19 0.0038910505836575737 [1 0 1 1 0 0 1 0 1 1 0 0 1]
142 7 16 0.0038910505836575737 [1 0 1 1 0 0 1 0 1 1 0 0 1]
143 7 23 0.0038910505836575737 [1 0 1 1 0 0 1 0 1 1 0 0 1]
144 7 15 0.0038910505836575737 [1 0 1 1 0 0 1 0 1 1 0 0 1]
145 7 15 0.0038910505836575737 [1 0 1 1 0 0 1 0 1 1 0 0 1]
146 7 13 0.0038910505836575737 [1 0 1 1 0 0 1 0 1 1 0 0 1]
147 7 14 0.0038910505836575737 [1 0 1 1 0 0 1 0 1 1 0 0 1]
148 7 15 0.0038910505836575737 [1 0 1 1 0 0 1 0 1 1 0 0 1]
149 7 17 0.0038910505836575737 [1 0 1 1 0 0 1 0 1 1 0 0 1]
150 7 14 0.0038910505836575737 [1 0 1 1 0 0 1 0 1 1 0 0 1]
