0 6 100 0.007936507936507908 [1 0 0 1 0 0 0 1 1 0 1 0 1]
1 7 85 0.0039525691699604515 [1 0 1 1 0 0 0 1 1 0 1 0 1]
2 7 50 0.0039525691699604515 [1 0 1 1 0 0 0 1 1 0 1 0 1]
3 7 50 0.0039525691699604515 [1 0 1 1 0 0 0 1 1 0 1 0 1]
4 7 49 0.0039525691699604515 [1 0 1 1 0 0 0 1 1 0 1 0 1]
5 7 51 0.0039525691699604515 [1 0 1 1 0 0 0 1 1 0 1 0 1]
6 7 47 0.0039215686274509665 [1 0 1 1 0 0 0 0 1 1 1 0 1]
7 7 51 0.0039215686274509665 [1 0 1 1 0 0 0 0 1 1 1 0 1]
8 7 49 0.0039215686274509665 [1 0 1 1 0 0 0 0 1 1 1 0 1]
9 7 46 0.0038910505836575737 [1 0 1 1 1 0 1 0 0 1 0 0 1]
10 7 48 0.0038910505836575737 [1 0 1 1 1 0 1 0 0 1 0 0 1]
11 7 49 0.0038910505836575737 [1 0 1 1 1 0 1 0 0 1 0 0 1]
12 7 51 0.0038910505836575737 [1 0 1 1 1 0 1 0 0 1 0 0 1]
13 7 45 0.0038910505836575737 [1 0 1 1 1 0 1 0 0 1 0 0 1]
14 7 45 0.0038910505836575737 [1 0 1 1 1 0 1 0 0 1 0 0 1]
15 7 43 0.0038910505836575737 [1 0 1 1 1 0 1 0 0 1 0 0 1]
16 7 46 0.0038910505836575737 [1 0 1 1 1 0 1 0 0 1 0 0 1]
17 7 41 0.0038910505836575737 [1 0 1 1 1 0 1 0 0 1 0 0 1]
18 7 42 0.0038910505836575737 [1 0 1 1 1 0 1 0 0 1 0 0 1]
19 7 50 0.0038910505836575737 [1 0 1 1 1 0 1 0 0 1 0 0 1]
20 7 42 0.0038910505836575737 [1 0 1 1 1 0 1 0 0 1 0 0 1]
21 7 35 0.0038910505836575737 [1 0 1 1 1 0 1 0 0 1 0 0 1]
22 7 44 0.0038910505836575737 [1 0 1 1 1 0 1 0 0 1 0 0 1]
23 7 41 0.0038910505836575737 [1 0 1 1 1 0 1 0 0 1 0 0 1]
24 7 38 0.0038910505836575737 [1 0 1 1 1 0 1 0 0 1 0 0 1]
25 7 42 0.0038910505836575737 [1 0 1 1 1 0 1 0 0 1 0 0 1]
26 7 42 0.0038910505836575737 [1 0 1 1 1 0 1 0 0 1 0 0 1]
27 7 41 0.0038910505836575737 [1 0 1 1 1 0 1 0 0 1 0 0 1]
28 7 38 0.0038910505836575737 [1 0 1 1 1 0 1 0 0 1 0 0 1]
29 7 43 0.0038910505836575737 [1 0 1 1 1 0 1 0 0 1 0 0 1]
30 7 40 0.0038910505836575737 [1 0 1 1 1 0 1 0 0 1 0 0 1]
31 7 37 0.0038910505836575737 [1 0 1 1 1 0 1 0 0 1 0 0 1]
32 7 36 0.0038910505836575737 [1 0 1 1 1 0 1 0 0 1 0 0 1]
33 7 37 0.0038910505836575737 [1 0 1 1 1 0 1 0 0 1 0 0 1]
34 7 40 0.0038910505836575737 [1 0 1 1 1 0 1 0 0 1 0 0 1]
35 7 32 0.0038910505836575737 [1 0 1 1 1 0 1 0 0 1 0 0 1]
36 7 33 0.0038910505836575737 [1 0 1 1 1 0 1 0 0 1 0 0 1]
37 7 32 0.0038910505836575737 [1 0 1 1 1 0 1 0 0 1 0 0 1]
38 7 35 0.0038910505836575737 [1 0 1 1 1 0 1 0 0 1 0 0 1]
39 7 36 0.0038910505836575737 [1 0 1 1 1 0 1 0 0 1 0 0 1]
40 7 38 0.0038910505836575737 [1 0 1 1 1 0 1 0 0 1 0 0 1]
41 7 28 0.0038910505836575737 [1 0 1 1 1 0 1 0 0 1 0 0 1]
42 7 34 0.0038910505836575737 [1 0 1 1 1 0 1 0 0 1 0 0 1]
43 7 34 0.0038910505836575737 [1 0 1 1 1 0 1 0 0 1 0 0 1]
44 7 30 0.0038910505836575737 [1 0 1 1 1 0 1 0 0 1 0 0 1]
45 7 29 0.0038910505836575737 [1 0 1 1 1 0 1 0 0 1 0 0 1]
46 7 33 0.0038910505836575737 [1 0 1 1 1 0 1 0 0 1 0 0 1]
47 7 38 0.0038910505836575737 [1 0 1 1 1 0 1 0 0 1 0 0 1]
48 7 28 0.0038910505836575737 [1 0 1 1 1 0 1 0 0 1 0 0 1]
49 7 28 0.0038910505836575737 [1 0 1 1 1 0 1 0 0 1 0 0 1]
50 7 32 0.0038910505836575737 [1 0 1 1 1 0 1 0 0 1 0 0 1]
51 7 29 0.0038910505836575737 [1 0 1 1 1 0 1 0 0 1 0 0 1]
52 7 30 0.0038910505836575737 [1 0 1 1 1 0 1 0 0 1 0 0 1]
53 7 36 0.0038910505836575737 [1 0 1 1 1 0 1 0 0 1 0 0 1]
54 7 34 0.0038910505836575737 [1 0 1 1 1 0 1 0 0 1 0 0 1]
55 7 32 0.0038910505836575737 [1 0 1 1 1 0 1 0 0 1 0 0 1]
56 7 29 0.0038910505836575737 [1 0 1 1 1 0 1 0 0 1 0 0 1]
57 7 31 0.0038910505836575737 [1 0 1 1 1 0 1 0 0 1 0 0 1]
58 7 29 0.0038910505836575737 [1 0 1 1 1 0 1 0 0 1 0 0 1]
59 7 29 0.0038910505836575737 [1 0 1 1 1 0 1 0 0 1 0 0 1]
60 7 27 0.0038910505836575737 [1 0 1 1 1 0 1 0 0 1 0 0 1]
61 7 25 0.0038910505836575737 [1 0 1 1 1 0 1 0 0 1 0 0 1]
62 7 31 0.0038910505836575737 [1 0 1 1 1 0 1 0 0 1 0 0 1]
63 7 31 0.0038910505836575737 [1 0 1 1 1 0 1 0 0 1 0 0 1]
64 7 34 0.0038910505836575737 [1 0 1 1 1 0 1 0 0 1 0 0 1]
65 7 24 0.0038910505836575737 [1 0 1 1 1 0 1 0 0 1 0 0 1]
66 7 29 0.0038910505836575737 [1 0 1 1 1 0 1 0 0 1 0 0 1]
67 7 29 0.0038910505836575737 [1 0 1 1 1 0 1 0 0 1 0 0 1]
68 7 33 0.0038910505836575737 [1 0 1 1 1 0 1 0 0 1 0 0 1]
69 7 27 0.0038910505836575737 [1 0 1 1 1 0 1 0 0 1 0 0 1]
70 7 28 0.0038910505836575737 [1 0 1 1 1 0 1 0 0 1 0 0 1]
71 7 32 0.0038910505836575737 [1 0 1 1 1 0 1 0 0 1 0 0 1]
72 7 24 0.0038910505836575737 [1 0 1 1 1 0 1 0 0 1 0 0 1]
73 7 28 0.0038910505836575737 [1 0 1 1 1 0 1 0 0 1 0 0 1]
74 7 26 0.0038910505836575737 [1 0 1 1 1 0 1 0 0 1 0 0 1]
75 7 26 0.0038910505836575737 [1 0 1 1 1 0 1 0 0 1 0 0 1]
76 5 13 0.0 [1 0 0 1 1 0 0 1 0 0 0 0 1]
77 5 27 0.0 [1 0 0 1 1 0 0 1 0 0 0 0 1]
78 5 30 0.0 [1 0 0 1 1 0 0 1 0 0 0 0 1]
79 5 24 0.0 [1 0 0 1 1 0 0 1 0 0 0 0 1]
80 5 30 0.0 [1 0 0 1 1 0 0 1 0 0 0 0 1]
81 5 27 0.0 [1 0 0 1 1 0 0 1 0 0 0 0 1]
82 5 34 0.0 [1 0 0 1 1 0 0 1 0 0 0 0 1]
83 5 25 0.0 [1 0 0 1 1 0 0 1 0 0 0 0 1]
84 5 20 0.0 [1 0 0 1 1 0 0 1 0 0 0 0 1]
85 5 24 0.0 [1 0 0 1 1 0 0 1 0 0 0 0 1]
86 5 29 0.0 [1 0 0 1 1 0 0 1 0 0 0 0 1]
87 5 27 0.0 [1 0 0 1 1 0 0 1 0 0 0 0 1]
88 5 25 0.0 [1 0 0 1 1 0 0 1 0 0 0 0 1]
89 5 19 0.0 [1 0 0 1 1 0 0 1 0 0 0 0 1]
90 5 21 0.0 [1 0 0 1 1 0 0 1 0 0 0 0 1]
91 5 21 0.0 [1 0 0 1 1 0 0 1 0 0 0 0 1]
92 5 18 0.0 [1 0 0 1 1 0 0 1 0 0 0 0 1]
93 5 18 0.0 [1 0 0 1 1 0 0 1 0 0 0 0 1]
94 5 18 0.0 [1 0 0 1 1 0 0 1 0 0 0 0 1]
95 5 23 0.0 [1 0 0 1 1 0 0 1 0 0 0 0 1]
96 5 29 0.0 [1 0 0 1 1 0 0 1 0 0 0 0 1]
97 5 17 0.0 [1 0 0 1 1 0 0 1 0 0 0 0 1]
98 5 23 0.0 [1 0 0 1 1 0 0 1 0 0 0 0 1]
99 5 24 0.0 [1 0 0 1 1 0 0 1 0 0 0 0 1]
100 5 23 0.0 [1 0 0 1 1 0 0 1 0 0 0 0 1]
101 5 17 0.0 [1 0 0 1 1 0 0 1 0 0 0 0 1]
102 5 22 0.0 [1 0 0 1 1 0 0 1 0 0 0 0 1]
103 5 21 0.0 [1 0 0 1 1 0 0 1 0 0 0 0 1]
104 5 18 0.0 [1 0 0 1 1 0 0 1 0 0 0 0 1]
105 5 27 0.0 [1 0 0 1 1 0 0 1 0 0 0 0 1]
106 5 24 0.0 [1 0 0 1 1 0 0 1 0 0 0 0 1]
107 5 16 0.0 [1 0 0 1 1 0 0 1 0 0 0 0 1]
108 5 25 0.0 [1 0 0 1 1 0 0 1 0 0 0 0 1]
109 5 28 0.0 [1 0 0 1 1 0 0 1 0 0 0 0 1]
110 5 15 0.0 [1 0 0 1 1 0 0 1 0 0 0 0 1]
111 5 23 0.0 [1 0 0 1 1 0 0 1 0 0 0 0 1]
112 5 26 0.0 [1 0 0 1 1 0 0 1 0 0 0 0 1]
113 5 23 0.0 [1 0 0 1 1 0 0 1 0 0 0 0 1]
114 5 19 0.0 [1 0 0 1 1 0 0 1 0 0 0 0 1]
115 5 20 0.0 [1 0 0 1 1 0 0 1 0 0 0 0 1]
116 5 23 0.0 [1 0 0 1 1 0 0 1 0 0 0 0 1]
117 5 26 0.0 [1 0 0 1 1 0 0 1 0 0 0 0 1]
118 5 25 0.0 [1 0 0 1 1 0 0 1 0 0 0 0 1]
119 5 20 0.0 [1 0 0 1 1 0 0 1 0 0 0 0 1]
120 5 20 0.0 [1 0 0 1 1 0 0 1 0 0 0 0 1]
121 5 23 0.0 [1 0 0 1 1 0 0 1 0 0 0 0 1]
122 5 18 0.0 [1 0 0 1 1 0 0 1 0 0 0 0 1]
123 5 17 0.0 [1 0 0 1 1 0 0 1 0 0 0 0 1]
124 5 23 0.0 [1 0 0 1 1 0 0 1 0 0 0 0 1]
125 5 12 0.0 [1 0 0 1 1 0 0 1 0 0 0 0 1]
126 5 21 0.0 [1 0 0 1 1 0 0 1 0 0 0 0 1]
127 5 20 0.0 [1 0 0 1 1 0 0 1 0 0 0 0 1]
128 5 22 0.0 [1 0 0 1 1 0 0 1 0 0 0 0 1]
129 5 22 0.0 [1 0 0 1 1 0 0 1 0 0 0 0 1]
130 5 17 0.0 [1 0 0 1 1 0 0 1 0 0 0 0 1]
131 5 18 0.0 [1 0 0 1 1 0 0 1 0 0 0 0 1]
132 5 23 0.0 [1 0 0 1 1 0 0 1 0 0 0 0 1]
133 5 18 0.0 [1 0 0 1 1 0 0 1 0 0 0 0 1]
134 5 9 0.0 [1 0 0 1 1 0 0 1 0 0 0 0 1]
135 5 20 0.0 [1 0 0 1 1 0 0 1 0 0 0 0 1]
136 5 20 0.0 [1 0 0 1 1 0 0 1 0 0 0 0 1]
137 5 15 0.0 [1 0 0 1 1 0 0 1 0 0 0 0 1]
138 5 17 0.0 [1 0 0 1 1 0 0 1 0 0 0 0 1]
139 5 16 0.0 [1 0 0 1 1 0 0 1 0 0 0 0 1]
140 5 19 0.0 [1 0 0 1 1 0 0 1 0 0 0 0 1]
141 5 12 0.0 [1 0 0 1 1 0 0 1 0 0 0 0 1]
142 5 25 0.0 [1 0 0 1 1 0 0 1 0 0 0 0 1]
143 5 23 0.0 [1 0 0 1 1 0 0 1 0 0 0 0 1]
144 5 14 0.0 [1 0 0 1 1 0 0 1 0 0 0 0 1]
145 5 18 0.0 [1 0 0 1 1 0 0 1 0 0 0 0 1]
146 5 17 0.0 [1 0 0 1 1 0 0 1 0 0 0 0 1]
147 5 15 0.0 [1 0 0 1 1 0 0 1 0 0 0 0 1]
148 5 18 0.0 [1 0 0 1 1 0 0 1 0 0 0 0 1]
149 5 13 0.0 [1 0 0 1 1 0 0 1 0 0 0 0 1]
150 5 25 0.0 [1 0 0 1 1 0 0 1 0 0 0 0 1]
