0 20 100 0.05920871659655558 [1 0 1 1 1 0 0 1 0 1 1 1 0 1 1 0 1 1 0 1 0 1 0 0 1 1 0 0 1 0 1 1 0 1]
1 20 31 0.05920871659655558 [1 0 1 1 1 0 0 1 0 1 1 1 0 1 1 0 1 1 0 1 0 1 0 0 1 1 0 0 1 0 1 1 0 1]
2 17 25 0.05694586825865844 [1 0 1 1 1 1 1 1 1 0 0 0 1 1 0 0 0 0 1 1 0 0 1 0 0 1 1 0 0 0 1 1 0 0]
3 17 12 0.05694586825865844 [1 0 1 1 1 1 1 1 1 0 0 0 1 1 0 0 0 0 1 1 0 0 1 0 0 1 1 0 0 0 1 1 0 0]
4 17 11 0.05694586825865844 [1 0 1 1 1 1 1 1 1 0 0 0 1 1 0 0 0 0 1 1 0 0 1 0 0 1 1 0 0 0 1 1 0 0]
5 17 2 0.05694586825865844 [1 0 1 1 1 1 1 1 1 0 0 0 1 1 0 0 0 0 1 1 0 0 1 0 0 1 1 0 0 0 1 1 0 0]
6 17 7 0.05694586825865844 [1 0 1 1 1 1 1 1 1 0 0 0 1 1 0 0 0 0 1 1 0 0 1 0 0 1 1 0 0 0 1 1 0 0]
7 17 3 0.05694586825865844 [1 0 1 1 1 1 1 1 1 0 0 0 1 1 0 0 0 0 1 1 0 0 1 0 0 1 1 0 0 0 1 1 0 0]
8 21 3 0.054920520327811806 [1 0 1 1 1 1 1 1 0 1 1 1 0 1 1 0 0 1 1 1 0 0 0 0 1 0 0 0 1 1 1 1 0 1]
9 21 4 0.05384877452453951 [1 0 1 1 1 1 1 1 0 0 0 1 1 1 1 0 0 1 1 1 0 0 1 0 1 0 0 0 1 1 1 1 0 1]
10 21 1 0.05384877452453951 [1 0 1 1 1 1 1 1 0 0 0 1 1 1 1 0 0 1 1 1 0 0 1 0 1 0 0 0 1 1 1 1 0 1]
11 21 1 0.05384877452453951 [1 0 1 1 1 1 1 1 0 0 0 1 1 1 1 0 0 1 1 1 0 0 1 0 1 0 0 0 1 1 1 1 0 1]
12 21 0 0.05384877452453951 [1 0 1 1 1 1 1 1 0 0 0 1 1 1 1 0 0 1 1 1 0 0 1 0 1 0 0 0 1 1 1 1 0 1]
13 21 1 0.050261856754040934 [1 0 1 1 1 1 1 1 0 0 0 1 1 1 1 0 0 1 1 1 0 0 1 0 1 1 0 0 1 0 1 1 0 1]
14 21 1 0.050261856754040934 [1 0 1 1 1 1 1 1 0 0 0 1 1 1 1 0 0 1 1 1 0 0 1 0 1 1 0 0 1 0 1 1 0 1]
15 21 0 0.050261856754040934 [1 0 1 1 1 1 1 1 0 0 0 1 1 1 1 0 0 1 1 1 0 0 1 0 1 1 0 0 1 0 1 1 0 1]
16 21 0 0.050261856754040934 [1 0 1 1 1 1 1 1 0 0 0 1 1 1 1 0 0 1 1 1 0 0 1 0 1 1 0 0 1 0 1 1 0 1]
17 21 0 0.050261856754040934 [1 0 1 1 1 1 1 1 0 0 0 1 1 1 1 0 0 1 1 1 0 0 1 0 1 1 0 0 1 0 1 1 0 1]
18 21 0 0.050261856754040934 [1 0 1 1 1 1 1 1 0 0 0 1 1 1 1 0 0 1 1 1 0 0 1 0 1 1 0 0 1 0 1 1 0 1]
19 21 0 0.050261856754040934 [1 0 1 1 1 1 1 1 0 0 0 1 1 1 1 0 0 1 1 1 0 0 1 0 1 1 0 0 1 0 1 1 0 1]
20 21 0 0.050261856754040934 [1 0 1 1 1 1 1 1 0 0 0 1 1 1 1 0 0 1 1 1 0 0 1 0 1 1 0 0 1 0 1 1 0 1]
21 21 0 0.050261856754040934 [1 0 1 1 1 1 1 1 0 0 0 1 1 1 1 0 0 1 1 1 0 0 1 0 1 1 0 0 1 0 1 1 0 1]
22 21 0 0.050261856754040934 [1 0 1 1 1 1 1 1 0 0 0 1 1 1 1 0 0 1 1 1 0 0 1 0 1 1 0 0 1 0 1 1 0 1]
23 21 0 0.050261856754040934 [1 0 1 1 1 1 1 1 0 0 0 1 1 1 1 0 0 1 1 1 0 0 1 0 1 1 0 0 1 0 1 1 0 1]
24 21 0 0.050261856754040934 [1 0 1 1 1 1 1 1 0 0 0 1 1 1 1 0 0 1 1 1 0 0 1 0 1 1 0 0 1 0 1 1 0 1]
25 21 0 0.050261856754040934 [1 0 1 1 1 1 1 1 0 0 0 1 1 1 1 0 0 1 1 1 0 0 1 0 1 1 0 0 1 0 1 1 0 1]
26 21 0 0.050261856754040934 [1 0 1 1 1 1 1 1 0 0 0 1 1 1 1 0 0 1 1 1 0 0 1 0 1 1 0 0 1 0 1 1 0 1]
27 21 0 0.050261856754040934 [1 0 1 1 1 1 1 1 0 0 0 1 1 1 1 0 0 1 1 1 0 0 1 0 1 1 0 0 1 0 1 1 0 1]
28 21 0 0.050261856754040934 [1 0 1 1 1 1 1 1 0 0 0 1 1 1 1 0 0 1 1 1 0 0 1 0 1 1 0 0 1 0 1 1 0 1]
29 21 0 0.050261856754040934 [1 0 1 1 1 1 1 1 0 0 0 1 1 1 1 0 0 1 1 1 0 0 1 0 1 1 0 0 1 0 1 1 0 1]
30 21 0 0.050261856754040934 [1 0 1 1 1 1 1 1 0 0 0 1 1 1 1 0 0 1 1 1 0 0 1 0 1 1 0 0 1 0 1 1 0 1]
31 21 0 0.050261856754040934 [1 0 1 1 1 1 1 1 0 0 0 1 1 1 1 0 0 1 1 1 0 0 1 0 1 1 0 0 1 0 1 1 0 1]
32 21 0 0.050261856754040934 [1 0 1 1 1 1 1 1 0 0 0 1 1 1 1 0 0 1 1 1 0 0 1 0 1 1 0 0 1 0 1 1 0 1]
33 21 0 0.050261856754040934 [1 0 1 1 1 1 1 1 0 0 0 1 1 1 1 0 0 1 1 1 0 0 1 0 1 1 0 0 1 0 1 1 0 1]
34 21 0 0.050261856754040934 [1 0 1 1 1 1 1 1 0 0 0 1 1 1 1 0 0 1 1 1 0 0 1 0 1 1 0 0 1 0 1 1 0 1]
35 21 0 0.050261856754040934 [1 0 1 1 1 1 1 1 0 0 0 1 1 1 1 0 0 1 1 1 0 0 1 0 1 1 0 0 1 0 1 1 0 1]
36 21 0 0.050261856754040934 [1 0 1 1 1 1 1 1 0 0 0 1 1 1 1 0 0 1 1 1 0 0 1 0 1 1 0 0 1 0 1 1 0 1]
37 21 0 0.050261856754040934 [1 0 1 1 1 1 1 1 0 0 0 1 1 1 1 0 0 1 1 1 0 0 1 0 1 1 0 0 1 0 1 1 0 1]
38 21 0 0.050261856754040934 [1 0 1 1 1 1 1 1 0 0 0 1 1 1 1 0 0 1 1 1 0 0 1 0 1 1 0 0 1 0 1 1 0 1]
39 21 0 0.050261856754040934 [1 0 1 1 1 1 1 1 0 0 0 1 1 1 1 0 0 1 1 1 0 0 1 0 1 1 0 0 1 0 1 1 0 1]
40 21 0 0.050261856754040934 [1 0 1 1 1 1 1 1 0 0 0 1 1 1 1 0 0 1 1 1 0 0 1 0 1 1 0 0 1 0 1 1 0 1]
41 21 0 0.050261856754040934 [1 0 1 1 1 1 1 1 0 0 0 1 1 1 1 0 0 1 1 1 0 0 1 0 1 1 0 0 1 0 1 1 0 1]
42 21 0 0.050261856754040934 [1 0 1 1 1 1 1 1 0 0 0 1 1 1 1 0 0 1 1 1 0 0 1 0 1 1 0 0 1 0 1 1 0 1]
43 21 0 0.050261856754040934 [1 0 1 1 1 1 1 1 0 0 0 1 1 1 1 0 0 1 1 1 0 0 1 0 1 1 0 0 1 0 1 1 0 1]
44 21 0 0.050261856754040934 [1 0 1 1 1 1 1 1 0 0 0 1 1 1 1 0 0 1 1 1 0 0 1 0 1 1 0 0 1 0 1 1 0 1]
45 21 0 0.050261856754040934 [1 0 1 1 1 1 1 1 0 0 0 1 1 1 1 0 0 1 1 1 0 0 1 0 1 1 0 0 1 0 1 1 0 1]
46 21 0 0.050261856754040934 [1 0 1 1 1 1 1 1 0 0 0 1 1 1 1 0 0 1 1 1 0 0 1 0 1 1 0 0 1 0 1 1 0 1]
47 21 0 0.050261856754040934 [1 0 1 1 1 1 1 1 0 0 0 1 1 1 1 0 0 1 1 1 0 0 1 0 1 1 0 0 1 0 1 1 0 1]
48 21 0 0.050261856754040934 [1 0 1 1 1 1 1 1 0 0 0 1 1 1 1 0 0 1 1 1 0 0 1 0 1 1 0 0 1 0 1 1 0 1]
49 21 0 0.050261856754040934 [1 0 1 1 1 1 1 1 0 0 0 1 1 1 1 0 0 1 1 1 0 0 1 0 1 1 0 0 1 0 1 1 0 1]
50 21 0 0.050261856754040934 [1 0 1 1 1 1 1 1 0 0 0 1 1 1 1 0 0 1 1 1 0 0 1 0 1 1 0 0 1 0 1 1 0 1]
51 21 0 0.050261856754040934 [1 0 1 1 1 1 1 1 0 0 0 1 1 1 1 0 0 1 1 1 0 0 1 0 1 1 0 0 1 0 1 1 0 1]
52 21 0 0.050261856754040934 [1 0 1 1 1 1 1 1 0 0 0 1 1 1 1 0 0 1 1 1 0 0 1 0 1 1 0 0 1 0 1 1 0 1]
53 21 0 0.050261856754040934 [1 0 1 1 1 1 1 1 0 0 0 1 1 1 1 0 0 1 1 1 0 0 1 0 1 1 0 0 1 0 1 1 0 1]
54 21 0 0.050261856754040934 [1 0 1 1 1 1 1 1 0 0 0 1 1 1 1 0 0 1 1 1 0 0 1 0 1 1 0 0 1 0 1 1 0 1]
55 21 0 0.050261856754040934 [1 0 1 1 1 1 1 1 0 0 0 1 1 1 1 0 0 1 1 1 0 0 1 0 1 1 0 0 1 0 1 1 0 1]
56 21 0 0.050261856754040934 [1 0 1 1 1 1 1 1 0 0 0 1 1 1 1 0 0 1 1 1 0 0 1 0 1 1 0 0 1 0 1 1 0 1]
57 21 0 0.050261856754040934 [1 0 1 1 1 1 1 1 0 0 0 1 1 1 1 0 0 1 1 1 0 0 1 0 1 1 0 0 1 0 1 1 0 1]
58 21 0 0.050261856754040934 [1 0 1 1 1 1 1 1 0 0 0 1 1 1 1 0 0 1 1 1 0 0 1 0 1 1 0 0 1 0 1 1 0 1]
59 21 0 0.050261856754040934 [1 0 1 1 1 1 1 1 0 0 0 1 1 1 1 0 0 1 1 1 0 0 1 0 1 1 0 0 1 0 1 1 0 1]
60 21 0 0.050261856754040934 [1 0 1 1 1 1 1 1 0 0 0 1 1 1 1 0 0 1 1 1 0 0 1 0 1 1 0 0 1 0 1 1 0 1]
61 21 0 0.050261856754040934 [1 0 1 1 1 1 1 1 0 0 0 1 1 1 1 0 0 1 1 1 0 0 1 0 1 1 0 0 1 0 1 1 0 1]
62 21 0 0.050261856754040934 [1 0 1 1 1 1 1 1 0 0 0 1 1 1 1 0 0 1 1 1 0 0 1 0 1 1 0 0 1 0 1 1 0 1]
63 21 0 0.050261856754040934 [1 0 1 1 1 1 1 1 0 0 0 1 1 1 1 0 0 1 1 1 0 0 1 0 1 1 0 0 1 0 1 1 0 1]
64 21 0 0.050261856754040934 [1 0 1 1 1 1 1 1 0 0 0 1 1 1 1 0 0 1 1 1 0 0 1 0 1 1 0 0 1 0 1 1 0 1]
65 21 0 0.050261856754040934 [1 0 1 1 1 1 1 1 0 0 0 1 1 1 1 0 0 1 1 1 0 0 1 0 1 1 0 0 1 0 1 1 0 1]
66 21 0 0.050261856754040934 [1 0 1 1 1 1 1 1 0 0 0 1 1 1 1 0 0 1 1 1 0 0 1 0 1 1 0 0 1 0 1 1 0 1]
67 21 0 0.050261856754040934 [1 0 1 1 1 1 1 1 0 0 0 1 1 1 1 0 0 1 1 1 0 0 1 0 1 1 0 0 1 0 1 1 0 1]
68 21 0 0.050261856754040934 [1 0 1 1 1 1 1 1 0 0 0 1 1 1 1 0 0 1 1 1 0 0 1 0 1 1 0 0 1 0 1 1 0 1]
69 21 0 0.050261856754040934 [1 0 1 1 1 1 1 1 0 0 0 1 1 1 1 0 0 1 1 1 0 0 1 0 1 1 0 0 1 0 1 1 0 1]
70 21 0 0.050261856754040934 [1 0 1 1 1 1 1 1 0 0 0 1 1 1 1 0 0 1 1 1 0 0 1 0 1 1 0 0 1 0 1 1 0 1]
71 21 0 0.050261856754040934 [1 0 1 1 1 1 1 1 0 0 0 1 1 1 1 0 0 1 1 1 0 0 1 0 1 1 0 0 1 0 1 1 0 1]
72 21 0 0.050261856754040934 [1 0 1 1 1 1 1 1 0 0 0 1 1 1 1 0 0 1 1 1 0 0 1 0 1 1 0 0 1 0 1 1 0 1]
73 21 0 0.050261856754040934 [1 0 1 1 1 1 1 1 0 0 0 1 1 1 1 0 0 1 1 1 0 0 1 0 1 1 0 0 1 0 1 1 0 1]
74 21 0 0.050261856754040934 [1 0 1 1 1 1 1 1 0 0 0 1 1 1 1 0 0 1 1 1 0 0 1 0 1 1 0 0 1 0 1 1 0 1]
75 21 0 0.050261856754040934 [1 0 1 1 1 1 1 1 0 0 0 1 1 1 1 0 0 1 1 1 0 0 1 0 1 1 0 0 1 0 1 1 0 1]
76 21 0 0.050261856754040934 [1 0 1 1 1 1 1 1 0 0 0 1 1 1 1 0 0 1 1 1 0 0 1 0 1 1 0 0 1 0 1 1 0 1]
77 21 0 0.050261856754040934 [1 0 1 1 1 1 1 1 0 0 0 1 1 1 1 0 0 1 1 1 0 0 1 0 1 1 0 0 1 0 1 1 0 1]
78 21 0 0.050261856754040934 [1 0 1 1 1 1 1 1 0 0 0 1 1 1 1 0 0 1 1 1 0 0 1 0 1 1 0 0 1 0 1 1 0 1]
79 21 0 0.050261856754040934 [1 0 1 1 1 1 1 1 0 0 0 1 1 1 1 0 0 1 1 1 0 0 1 0 1 1 0 0 1 0 1 1 0 1]
80 21 0 0.050261856754040934 [1 0 1 1 1 1 1 1 0 0 0 1 1 1 1 0 0 1 1 1 0 0 1 0 1 1 0 0 1 0 1 1 0 1]
81 21 0 0.050261856754040934 [1 0 1 1 1 1 1 1 0 0 0 1 1 1 1 0 0 1 1 1 0 0 1 0 1 1 0 0 1 0 1 1 0 1]
82 21 0 0.050261856754040934 [1 0 1 1 1 1 1 1 0 0 0 1 1 1 1 0 0 1 1 1 0 0 1 0 1 1 0 0 1 0 1 1 0 1]
83 21 0 0.050261856754040934 [1 0 1 1 1 1 1 1 0 0 0 1 1 1 1 0 0 1 1 1 0 0 1 0 1 1 0 0 1 0 1 1 0 1]
84 21 0 0.050261856754040934 [1 0 1 1 1 1 1 1 0 0 0 1 1 1 1 0 0 1 1 1 0 0 1 0 1 1 0 0 1 0 1 1 0 1]
85 21 0 0.050261856754040934 [1 0 1 1 1 1 1 1 0 0 0 1 1 1 1 0 0 1 1 1 0 0 1 0 1 1 0 0 1 0 1 1 0 1]
86 21 0 0.050261856754040934 [1 0 1 1 1 1 1 1 0 0 0 1 1 1 1 0 0 1 1 1 0 0 1 0 1 1 0 0 1 0 1 1 0 1]
87 21 0 0.050261856754040934 [1 0 1 1 1 1 1 1 0 0 0 1 1 1 1 0 0 1 1 1 0 0 1 0 1 1 0 0 1 0 1 1 0 1]
88 21 0 0.050261856754040934 [1 0 1 1 1 1 1 1 0 0 0 1 1 1 1 0 0 1 1 1 0 0 1 0 1 1 0 0 1 0 1 1 0 1]
89 21 0 0.050261856754040934 [1 0 1 1 1 1 1 1 0 0 0 1 1 1 1 0 0 1 1 1 0 0 1 0 1 1 0 0 1 0 1 1 0 1]
90 21 0 0.050261856754040934 [1 0 1 1 1 1 1 1 0 0 0 1 1 1 1 0 0 1 1 1 0 0 1 0 1 1 0 0 1 0 1 1 0 1]
91 21 0 0.050261856754040934 [1 0 1 1 1 1 1 1 0 0 0 1 1 1 1 0 0 1 1 1 0 0 1 0 1 1 0 0 1 0 1 1 0 1]
92 21 0 0.050261856754040934 [1 0 1 1 1 1 1 1 0 0 0 1 1 1 1 0 0 1 1 1 0 0 1 0 1 1 0 0 1 0 1 1 0 1]
93 21 0 0.050261856754040934 [1 0 1 1 1 1 1 1 0 0 0 1 1 1 1 0 0 1 1 1 0 0 1 0 1 1 0 0 1 0 1 1 0 1]
94 21 0 0.050261856754040934 [1 0 1 1 1 1 1 1 0 0 0 1 1 1 1 0 0 1 1 1 0 0 1 0 1 1 0 0 1 0 1 1 0 1]
95 21 0 0.050261856754040934 [1 0 1 1 1 1 1 1 0 0 0 1 1 1 1 0 0 1 1 1 0 0 1 0 1 1 0 0 1 0 1 1 0 1]
96 21 0 0.050261856754040934 [1 0 1 1 1 1 1 1 0 0 0 1 1 1 1 0 0 1 1 1 0 0 1 0 1 1 0 0 1 0 1 1 0 1]
97 21 0 0.050261856754040934 [1 0 1 1 1 1 1 1 0 0 0 1 1 1 1 0 0 1 1 1 0 0 1 0 1 1 0 0 1 0 1 1 0 1]
98 21 0 0.050261856754040934 [1 0 1 1 1 1 1 1 0 0 0 1 1 1 1 0 0 1 1 1 0 0 1 0 1 1 0 0 1 0 1 1 0 1]
99 21 0 0.050261856754040934 [1 0 1 1 1 1 1 1 0 0 0 1 1 1 1 0 0 1 1 1 0 0 1 0 1 1 0 0 1 0 1 1 0 1]
100 21 0 0.050261856754040934 [1 0 1 1 1 1 1 1 0 0 0 1 1 1 1 0 0 1 1 1 0 0 1 0 1 1 0 0 1 0 1 1 0 1]
101 21 0 0.050261856754040934 [1 0 1 1 1 1 1 1 0 0 0 1 1 1 1 0 0 1 1 1 0 0 1 0 1 1 0 0 1 0 1 1 0 1]
102 21 0 0.050261856754040934 [1 0 1 1 1 1 1 1 0 0 0 1 1 1 1 0 0 1 1 1 0 0 1 0 1 1 0 0 1 0 1 1 0 1]
103 21 0 0.050261856754040934 [1 0 1 1 1 1 1 1 0 0 0 1 1 1 1 0 0 1 1 1 0 0 1 0 1 1 0 0 1 0 1 1 0 1]
104 21 0 0.050261856754040934 [1 0 1 1 1 1 1 1 0 0 0 1 1 1 1 0 0 1 1 1 0 0 1 0 1 1 0 0 1 0 1 1 0 1]
105 21 0 0.050261856754040934 [1 0 1 1 1 1 1 1 0 0 0 1 1 1 1 0 0 1 1 1 0 0 1 0 1 1 0 0 1 0 1 1 0 1]
106 21 0 0.050261856754040934 [1 0 1 1 1 1 1 1 0 0 0 1 1 1 1 0 0 1 1 1 0 0 1 0 1 1 0 0 1 0 1 1 0 1]
107 21 0 0.050261856754040934 [1 0 1 1 1 1 1 1 0 0 0 1 1 1 1 0 0 1 1 1 0 0 1 0 1 1 0 0 1 0 1 1 0 1]
108 21 0 0.050261856754040934 [1 0 1 1 1 1 1 1 0 0 0 1 1 1 1 0 0 1 1 1 0 0 1 0 1 1 0 0 1 0 1 1 0 1]
109 21 0 0.050261856754040934 [1 0 1 1 1 1 1 1 0 0 0 1 1 1 1 0 0 1 1 1 0 0 1 0 1 1 0 0 1 0 1 1 0 1]
110 21 0 0.050261856754040934 [1 0 1 1 1 1 1 1 0 0 0 1 1 1 1 0 0 1 1 1 0 0 1 0 1 1 0 0 1 0 1 1 0 1]
111 21 0 0.050261856754040934 [1 0 1 1 1 1 1 1 0 0 0 1 1 1 1 0 0 1 1 1 0 0 1 0 1 1 0 0 1 0 1 1 0 1]
112 21 0 0.050261856754040934 [1 0 1 1 1 1 1 1 0 0 0 1 1 1 1 0 0 1 1 1 0 0 1 0 1 1 0 0 1 0 1 1 0 1]
113 21 0 0.050261856754040934 [1 0 1 1 1 1 1 1 0 0 0 1 1 1 1 0 0 1 1 1 0 0 1 0 1 1 0 0 1 0 1 1 0 1]
114 21 0 0.050261856754040934 [1 0 1 1 1 1 1 1 0 0 0 1 1 1 1 0 0 1 1 1 0 0 1 0 1 1 0 0 1 0 1 1 0 1]
115 21 0 0.050261856754040934 [1 0 1 1 1 1 1 1 0 0 0 1 1 1 1 0 0 1 1 1 0 0 1 0 1 1 0 0 1 0 1 1 0 1]
116 21 0 0.050261856754040934 [1 0 1 1 1 1 1 1 0 0 0 1 1 1 1 0 0 1 1 1 0 0 1 0 1 1 0 0 1 0 1 1 0 1]
117 21 0 0.050261856754040934 [1 0 1 1 1 1 1 1 0 0 0 1 1 1 1 0 0 1 1 1 0 0 1 0 1 1 0 0 1 0 1 1 0 1]
118 21 0 0.050261856754040934 [1 0 1 1 1 1 1 1 0 0 0 1 1 1 1 0 0 1 1 1 0 0 1 0 1 1 0 0 1 0 1 1 0 1]
119 21 0 0.050261856754040934 [1 0 1 1 1 1 1 1 0 0 0 1 1 1 1 0 0 1 1 1 0 0 1 0 1 1 0 0 1 0 1 1 0 1]
120 21 0 0.050261856754040934 [1 0 1 1 1 1 1 1 0 0 0 1 1 1 1 0 0 1 1 1 0 0 1 0 1 1 0 0 1 0 1 1 0 1]
121 21 0 0.050261856754040934 [1 0 1 1 1 1 1 1 0 0 0 1 1 1 1 0 0 1 1 1 0 0 1 0 1 1 0 0 1 0 1 1 0 1]
122 21 0 0.050261856754040934 [1 0 1 1 1 1 1 1 0 0 0 1 1 1 1 0 0 1 1 1 0 0 1 0 1 1 0 0 1 0 1 1 0 1]
123 21 0 0.050261856754040934 [1 0 1 1 1 1 1 1 0 0 0 1 1 1 1 0 0 1 1 1 0 0 1 0 1 1 0 0 1 0 1 1 0 1]
124 21 0 0.050261856754040934 [1 0 1 1 1 1 1 1 0 0 0 1 1 1 1 0 0 1 1 1 0 0 1 0 1 1 0 0 1 0 1 1 0 1]
125 21 0 0.050261856754040934 [1 0 1 1 1 1 1 1 0 0 0 1 1 1 1 0 0 1 1 1 0 0 1 0 1 1 0 0 1 0 1 1 0 1]
126 21 0 0.050261856754040934 [1 0 1 1 1 1 1 1 0 0 0 1 1 1 1 0 0 1 1 1 0 0 1 0 1 1 0 0 1 0 1 1 0 1]
127 21 0 0.050261856754040934 [1 0 1 1 1 1 1 1 0 0 0 1 1 1 1 0 0 1 1 1 0 0 1 0 1 1 0 0 1 0 1 1 0 1]
128 21 0 0.050261856754040934 [1 0 1 1 1 1 1 1 0 0 0 1 1 1 1 0 0 1 1 1 0 0 1 0 1 1 0 0 1 0 1 1 0 1]
129 21 0 0.050261856754040934 [1 0 1 1 1 1 1 1 0 0 0 1 1 1 1 0 0 1 1 1 0 0 1 0 1 1 0 0 1 0 1 1 0 1]
130 21 0 0.050261856754040934 [1 0 1 1 1 1 1 1 0 0 0 1 1 1 1 0 0 1 1 1 0 0 1 0 1 1 0 0 1 0 1 1 0 1]
131 21 0 0.050261856754040934 [1 0 1 1 1 1 1 1 0 0 0 1 1 1 1 0 0 1 1 1 0 0 1 0 1 1 0 0 1 0 1 1 0 1]
132 21 0 0.050261856754040934 [1 0 1 1 1 1 1 1 0 0 0 1 1 1 1 0 0 1 1 1 0 0 1 0 1 1 0 0 1 0 1 1 0 1]
133 21 0 0.050261856754040934 [1 0 1 1 1 1 1 1 0 0 0 1 1 1 1 0 0 1 1 1 0 0 1 0 1 1 0 0 1 0 1 1 0 1]
134 21 0 0.050261856754040934 [1 0 1 1 1 1 1 1 0 0 0 1 1 1 1 0 0 1 1 1 0 0 1 0 1 1 0 0 1 0 1 1 0 1]
135 21 0 0.050261856754040934 [1 0 1 1 1 1 1 1 0 0 0 1 1 1 1 0 0 1 1 1 0 0 1 0 1 1 0 0 1 0 1 1 0 1]
136 21 0 0.050261856754040934 [1 0 1 1 1 1 1 1 0 0 0 1 1 1 1 0 0 1 1 1 0 0 1 0 1 1 0 0 1 0 1 1 0 1]
137 21 0 0.050261856754040934 [1 0 1 1 1 1 1 1 0 0 0 1 1 1 1 0 0 1 1 1 0 0 1 0 1 1 0 0 1 0 1 1 0 1]
138 21 0 0.050261856754040934 [1 0 1 1 1 1 1 1 0 0 0 1 1 1 1 0 0 1 1 1 0 0 1 0 1 1 0 0 1 0 1 1 0 1]
139 21 0 0.050261856754040934 [1 0 1 1 1 1 1 1 0 0 0 1 1 1 1 0 0 1 1 1 0 0 1 0 1 1 0 0 1 0 1 1 0 1]
140 21 0 0.050261856754040934 [1 0 1 1 1 1 1 1 0 0 0 1 1 1 1 0 0 1 1 1 0 0 1 0 1 1 0 0 1 0 1 1 0 1]
141 21 0 0.050261856754040934 [1 0 1 1 1 1 1 1 0 0 0 1 1 1 1 0 0 1 1 1 0 0 1 0 1 1 0 0 1 0 1 1 0 1]
142 21 0 0.050261856754040934 [1 0 1 1 1 1 1 1 0 0 0 1 1 1 1 0 0 1 1 1 0 0 1 0 1 1 0 0 1 0 1 1 0 1]
143 21 0 0.050261856754040934 [1 0 1 1 1 1 1 1 0 0 0 1 1 1 1 0 0 1 1 1 0 0 1 0 1 1 0 0 1 0 1 1 0 1]
144 21 0 0.050261856754040934 [1 0 1 1 1 1 1 1 0 0 0 1 1 1 1 0 0 1 1 1 0 0 1 0 1 1 0 0 1 0 1 1 0 1]
145 21 0 0.050261856754040934 [1 0 1 1 1 1 1 1 0 0 0 1 1 1 1 0 0 1 1 1 0 0 1 0 1 1 0 0 1 0 1 1 0 1]
146 21 0 0.050261856754040934 [1 0 1 1 1 1 1 1 0 0 0 1 1 1 1 0 0 1 1 1 0 0 1 0 1 1 0 0 1 0 1 1 0 1]
147 21 0 0.050261856754040934 [1 0 1 1 1 1 1 1 0 0 0 1 1 1 1 0 0 1 1 1 0 0 1 0 1 1 0 0 1 0 1 1 0 1]
148 21 0 0.050261856754040934 [1 0 1 1 1 1 1 1 0 0 0 1 1 1 1 0 0 1 1 1 0 0 1 0 1 1 0 0 1 0 1 1 0 1]
149 21 0 0.050261856754040934 [1 0 1 1 1 1 1 1 0 0 0 1 1 1 1 0 0 1 1 1 0 0 1 0 1 1 0 0 1 0 1 1 0 1]
150 21 0 0.050261856754040934 [1 0 1 1 1 1 1 1 0 0 0 1 1 1 1 0 0 1 1 1 0 0 1 0 1 1 0 0 1 0 1 1 0 1]
