[0 1 0 1 0 0 0 1 1 0 0 1 1 0 0 0 0 1 1 1 1 1 1 1 0 1 1 1 0 0 1 1 1 1] 0.7233115468409586
[0 0 0 1 1 0 1 0 0 0 0 1 1 0 1 0 0 0 1 0 1 1 1 1 1 0 1 1 0 0 1 0 1 0] 0.7673319977245184
[0 0 1 0 1 0 0 1 1 0 0 0 0 0 1 1 0 0 0 1 1 0 0 1 1 0 1 0 1 1 1 1 0 1] 0.8078414780339891
[1 1 1 0 0 0 1 1 1 1 0 0 1 0 0 0 0 0 0 0 1 1 0 1 0 1 0 0 1 0 1 0 1 0] 0.9099378881987578
[0 1 1 0 0 1 0 0 0 1 0 1 0 1 1 1 1 1 1 1 1 1 0 0 0 0 0 1 1 1 1 0 1 0] 0.7921551703469274
[1 1 0 0 1 1 1 0 1 0 1 1 0 1 1 0 1 0 0 1 0 0 1 1 1 0 1 1 1 1 0 1 1 0] 0.9074779255190016
[0 1 0 0 1 0 1 1 1 0 0 0 1 0 0 0 1 1 1 1 0 0 1 0 0 0 1 1 0 1 1 0 0 1] 0.780728204130597
[0 1 1 0 1 0 1 1 1 1 0 1 1 0 1 1 0 0 0 1 1 1 1 0 0 1 1 1 0 1 0 1 0 1] 0.8252916407813903
[0 1 1 0 0 0 0 1 0 1 0 1 0 0 0 1 0 0 1 1 1 0 0 1 0 1 0 1 0 1 1 1 0 1] 0.795213528231585
[0 1 0 1 1 0 0 0 0 0 0 1 1 1 0 1 0 1 1 0 1 1 1 0 1 0 0 1 0 1 0 1 1 1] 0.7743121965573048
[0 1 1 1 1 0 0 1 0 0 0 0 1 0 1 1 1 1 0 0 0 0 0 0 0 0 1 1 0 1 1 1 1 0] 0.8385650224215248
[1 0 0 0 1 1 0 0 0 1 1 1 0 0 1 0 0 1 0 1 1 0 1 1 1 0 0 0 1 1 1 1 1 0] 0.8941146722295973
[1 0 1 0 0 0 1 0 1 1 1 1 1 0 0 1 0 0 0 1 0 1 0 1 0 0 0 0 1 0 1 0 0 0] 0.9013080494817228
[1 1 0 1 1 0 1 1 1 0 1 0 0 0 1 0 1 1 0 0 1 1 1 0 0 0 0 0 0 0 0 1 1 1] 0.9041684931220907
[0 0 0 0 0 0 1 1 0 1 0 0 1 1 0 1 1 0 0 0 0 0 1 0 1 1 0 1 0 1 1 1 1 0] 0.7240453643223771
[1 0 1 1 1 0 1 0 0 0 0 1 0 0 1 1 0 1 0 0 1 0 0 1 0 1 1 0 0 1 1 1 0 1] 0.9392033542976939
[1 0 0 1 0 0 0 1 0 1 0 1 1 0 1 1 0 1 1 0 1 1 0 0 0 1 0 1 1 0 0 0 1 0] 0.8822103113833589
[0 0 0 1 0 1 0 0 0 0 1 1 0 1 0 0 0 1 0 1 0 1 1 1 0 1 1 1 1 0 0 0 1 1] 0.7218277137797415
[0 0 1 1 0 0 1 1 1 1 1 0 0 1 0 1 1 1 1 1 0 0 0 1 1 1 0 0 0 1 1 1 1 1] 0.7797575580546225
[0 0 1 0 1 0 1 0 0 1 1 1 0 1 0 1 1 1 0 1 1 1 0 1 1 0 1 0 0 0 0 0 0 1] 0.8239063292306275
[1 1 1 1 1 1 1 0 0 1 1 0 0 1 0 1 0 0 1 1 0 0 0 0 1 1 0 1 0 0 0 1 1 1] 0.9372209088521146
[1 1 1 0 0 1 0 0 0 0 1 1 0 1 0 0 1 1 0 1 1 0 0 0 1 1 1 1 1 0 0 1 0 0] 0.8927057899020516
[0 1 0 1 1 0 0 0 0 0 0 0 1 0 0 1 0 1 0 0 0 1 1 1 1 0 0 1 1 1 0 0 1 1] 0.7880890430760336
[1 0 1 1 0 0 1 1 0 0 0 1 0 0 0 0 0 0 0 0 0 1 1 1 1 0 0 1 1 0 0 1 1 0] 0.909776617348419
[0 0 0 1 1 1 0 0 0 1 1 0 0 0 1 1 0 1 1 1 1 1 1 1 1 1 0 0 0 0 1 1 0 1] 0.7646284848936223
[1 1 0 0 1 0 1 1 1 1 1 1 1 1 0 0 1 0 0 0 0 1 1 0 1 1 0 0 1 0 0 1 1 1] 0.909776617348419
[0 1 0 0 1 0 1 1 0 1 1 1 1 0 1 1 1 0 0 1 0 0 1 1 0 1 0 0 1 0 0 0 0 0] 0.7568566459294938
[1 0 0 1 0 1 0 1 0 1 1 1 1 1 0 0 1 1 1 1 1 1 1 0 0 1 1 0 0 1 0 0 1 1] 0.8819586748633881
[1 1 1 0 0 0 0 1 0 1 1 0 1 0 1 0 0 0 1 1 1 1 1 1 0 1 1 0 1 0 1 0 1 1] 0.8891145238397428
[0 1 1 1 1 1 0 0 1 1 1 1 0 1 1 1 0 1 0 0 1 1 0 0 1 1 0 0 1 0 0 1 1 0] 0.8156424581005587
[0 0 1 0 1 0 1 0 0 1 0 1 0 1 1 0 0 0 1 1 0 1 1 0 0 0 0 1 1 0 1 0 0 1] 0.8335042267641898
[1 0 0 0 1 0 0 0 1 1 1 0 0 1 0 1 1 0 0 0 0 0 0 0 1 0 0 0 1 1 1 1 0 1] 0.9014084507042254
[1 0 1 1 0 0 1 1 1 0 1 1 1 1 1 0 1 1 0 0 1 0 1 0 0 1 1 0 0 1 0 0 0 1] 0.8904135696588527
[1 0 0 0 0 1 1 0 1 0 1 0 1 1 1 0 1 1 1 0 0 0 0 1 0 1 1 1 0 0 0 1 0 1] 0.8698975010953806
[0 1 0 1 1 0 0 1 1 1 0 1 0 1 0 0 0 0 1 0 0 1 0 1 0 1 1 0 1 0 1 1 0 1] 0.7926788366633128
[0 1 1 1 1 1 1 0 0 0 0 0 1 0 1 1 0 1 0 1 1 0 0 1 0 0 0 0 0 1 1 0 0 1] 0.8720461722748557
[1 0 0 0 1 1 0 1 0 1 0 0 0 1 1 1 0 0 0 0 1 1 1 0 1 1 1 0 1 0 0 1 1 1] 0.9030123580355032
[0 1 0 0 0 0 0 1 1 1 0 1 1 1 1 1 1 1 0 0 1 1 1 1 1 0 0 1 0 0 0 1 0 0] 0.6877789742032268
[0 0 0 0 0 0 1 0 1 0 1 0 0 0 1 1 1 1 0 0 0 0 1 1 0 1 1 0 0 0 0 1 0 1] 0.7282984752864271
[0 0 0 1 1 0 1 0 0 0 0 0 1 1 0 0 0 0 1 0 0 1 0 1 1 0 1 1 1 1 1 0 0 0] 0.8041683391970279
[0 1 0 0 0 0 1 1 1 0 0 0 0 0 1 0 0 1 1 0 1 1 0 0 1 1 1 0 1 0 0 1 0 0] 0.7283467987142733
[0 0 0 1 1 1 0 1 1 0 1 1 0 0 0 1 1 1 0 0 1 1 0 0 0 1 1 1 0 1 1 1 0 1] 0.7867159027828059
[0 0 1 1 1 1 1 0 0 0 0 0 0 1 0 1 1 0 0 1 1 0 1 1 0 1 0 1 1 1 1 1 1 1] 0.8078414780339891
[0 1 1 1 0 1 1 0 1 1 1 1 1 1 1 0 1 1 1 1 0 1 1 1 1 0 1 0 1 1 0 0 1 0] 0.7935323383084576
[0 0 1 1 0 1 1 0 1 1 1 0 1 1 0 1 1 1 1 0 1 0 0 0 0 1 1 0 1 1 1 1 0 1] 0.7945041816009558
[0 1 1 1 0 0 0 0 0 0 1 1 1 1 1 0 1 1 0 1 1 1 1 0 1 0 1 0 0 1 1 1 1 0] 0.7715593620791494
[1 0 0 0 1 0 0 0 1 1 1 1 0 1 0 1 1 1 1 1 1 0 0 1 0 1 1 1 0 0 1 1 1 0] 0.8958035288507392
[1 0 0 1 0 1 0 0 1 0 1 1 1 1 0 1 0 0 1 0 0 0 1 1 1 1 0 1 1 0 1 0 0 0] 0.8856633562515916
[1 0 0 0 0 0 1 0 0 0 0 0 1 1 0 1 1 1 1 1 1 0 1 0 0 1 1 1 1 0 0 1 0 0] 0.876874568502267
[1 0 1 0 1 1 0 1 1 1 1 1 1 0 1 0 0 1 1 0 0 0 0 0 1 0 1 1 0 0 0 0 1 0] 0.9376106164913628
[0 0 0 1 0 0 1 0 1 1 1 1 0 1 0 0 1 1 0 0 0 0 1 1 0 0 1 0 1 1 0 1 0 0] 0.764049412174086
[0 1 1 1 1 1 1 0 0 1 1 0 1 1 0 1 0 1 0 1 0 1 1 1 1 1 1 1 0 1 1 0 0 1] 0.8018657953307762
[1 1 0 1 1 1 1 1 1 1 0 1 0 1 0 0 0 0 0 0 0 1 0 1 1 0 1 0 1 1 0 1 1 1] 0.9227712225499837
[1 0 1 0 1 0 0 0 0 1 0 1 0 0 1 1 0 0 0 1 1 1 0 1 0 0 0 0 0 0 1 0 1 0] 0.9315068493150686
[0 0 0 1 1 1 0 1 1 1 1 1 0 0 0 0 1 0 0 1 1 0 0 1 0 1 1 0 1 1 0 0 0 1] 0.8041683391970279
[0 1 1 0 1 0 0 0 1 1 0 0 0 1 0 1 1 0 1 1 0 1 1 1 1 1 1 1 1 1 1 1 0 1] 0.7945041816009558
[1 0 1 0 0 1 0 0 1 1 1 0 0 1 0 0 0 0 0 0 0 0 1 0 1 0 1 1 0 0 1 1 1 1] 0.8960713485663083
[0 0 0 1 1 0 1 1 0 0 0 1 0 1 1 0 0 1 0 1 1 1 1 0 1 0 0 0 1 0 0 1 0 0] 0.805543770329515
[1 1 1 1 0 1 0 0 0 1 0 1 1 1 0 1 0 1 0 1 0 1 0 1 0 1 0 0 1 1 1 1 1 0] 0.8972984337222748
[0 1 0 1 1 1 1 0 0 1 1 0 1 1 0 0 0 1 0 0 0 1 0 1 1 1 0 0 1 1 1 1 1 1] 0.7857746853180643
[0 0 0 1 1 0 0 1 1 1 0 0 0 1 0 1 1 1 1 0 0 1 0 1 0 0 1 1 1 1 1 1 1 1] 0.7779892940238525
[1 1 0 0 0 1 0 0 1 0 0 1 1 1 1 1 1 1 1 0 1 1 0 0 1 0 0 0 0 0 0 1 1 0] 0.8679909226703435
[0 1 0 0 1 1 0 1 0 0 1 1 1 1 1 0 0 1 0 1 1 1 1 0 0 1 1 1 0 0 1 1 0 0] 0.7683146789217502
[1 0 0 0 1 0 1 0 1 1 1 1 0 0 0 1 0 1 0 1 0 0 1 1 1 1 0 1 1 1 1 0 0 1] 0.9145696138945659
[0 1 0 0 1 0 1 0 0 0 1 0 0 1 1 1 1 1 0 0 0 1 0 0 0 0 1 1 0 1 1 1 0 0] 0.7926788366633128
[1 0 1 0 1 0 1 1 0 1 0 1 1 0 1 0 1 1 0 1 1 1 1 1 1 1 0 1 1 1 1 1 1 0] 0.924924924924925
[0 0 0 1 0 0 0 0 0 1 0 1 0 1 0 1 0 0 1 0 0 0 1 0 0 1 0 1 1 0 1 1 0 1] 0.7512626262626263
[1 1 1 0 1 1 0 1 0 1 1 0 0 0 1 0 1 1 1 0 1 0 0 0 0 0 1 1 1 0 1 0 0 1] 0.9363636363636364
[0 0 1 1 1 1 1 1 1 1 0 0 0 0 1 1 1 0 0 1 0 1 1 0 1 1 1 0 0 0 0 1 0 0] 0.8568515316753116
[0 1 0 1 0 1 1 1 0 0 0 1 0 1 1 0 0 0 1 1 0 1 0 1 0 0 1 0 0 1 0 0 0 0] 0.8059912392256607
[0 1 1 0 1 0 1 0 0 1 1 0 1 0 1 0 0 1 1 0 0 0 0 0 0 0 0 1 1 1 1 0 0 1] 0.7974276527331189
[0 1 0 0 0 0 0 1 1 1 1 1 0 1 0 0 0 0 1 1 0 0 0 1 1 0 1 0 0 1 0 0 1 0] 0.71071953010279
[1 0 1 0 0 1 1 0 1 0 1 0 0 1 0 1 1 1 1 1 0 1 1 1 1 0 1 0 1 0 1 1 0 1] 0.8904135696588527
[1 1 0 0 0 0 0 1 1 0 0 1 0 0 0 1 1 1 1 0 0 0 0 0 1 1 0 1 0 1 1 1 0 1] 0.875087329084506
[1 0 0 1 1 1 1 1 0 1 1 1 1 1 1 0 0 0 1 0 0 1 1 1 1 1 1 0 1 1 1 1 0 1] 0.9153406351174486
[1 0 0 0 0 1 1 0 0 1 0 1 0 1 0 1 0 0 0 1 0 1 1 0 1 1 0 0 0 0 0 1 0 0] 0.8839427662957074
[1 0 0 0 1 1 0 1 0 0 0 1 0 1 0 0 1 1 0 0 1 1 0 1 0 1 1 1 0 1 0 0 1 0] 0.9064050331199246
[0 1 0 0 0 1 1 0 1 0 0 1 1 1 1 0 0 0 0 1 0 1 0 0 1 0 1 1 1 1 1 1 1 0] 0.743691899070385
[0 1 0 0 1 0 1 0 1 1 0 1 0 1 0 1 0 1 0 0 1 0 0 1 1 1 0 0 0 1 0 1 1 1] 0.7784036871753603
[1 0 0 1 1 1 0 1 1 0 1 0 0 0 0 0 1 1 0 0 0 0 0 1 0 1 1 1 0 1 1 1 0 1] 0.9145696138945659
[1 1 1 0 0 0 0 0 1 1 0 1 1 0 0 0 1 1 0 0 0 1 1 0 1 0 1 1 1 0 0 0 1 1] 0.8961629387161302
[0 1 1 1 0 1 0 0 1 1 0 0 1 0 0 1 0 1 1 0 1 0 1 0 0 0 0 0 1 0 0 0 1 0] 0.7908204906620577
[1 0 1 1 0 1 0 0 1 0 0 1 0 0 0 1 1 0 0 1 1 0 1 0 0 1 1 1 1 1 0 1 0 1] 0.8993378593579751
[1 0 1 1 0 1 1 0 1 1 1 1 1 1 1 0 1 1 0 1 1 1 0 0 0 0 1 0 1 0 0 1 1 1] 0.9022808118853317
[0 0 0 0 0 1 1 0 1 0 0 1 1 0 0 1 1 0 1 0 0 1 1 1 0 0 1 1 0 1 0 0 1 0] 0.7181670721816706
[0 0 0 1 1 1 0 0 1 1 0 1 1 1 1 1 1 0 0 0 1 0 0 1 1 0 0 0 0 1 0 0 0 1] 0.7995504586429867
[1 0 1 0 0 1 0 0 0 1 1 1 0 0 1 1 0 0 1 0 0 0 0 0 1 1 1 1 1 1 1 0 1 0] 0.8943578525202808
[0 0 1 1 1 1 0 0 1 0 1 0 0 1 1 0 1 0 1 1 1 0 0 1 1 0 0 1 0 1 0 0 1 0] 0.8156424581005587
[0 0 0 0 0 1 1 0 0 0 0 0 1 0 0 0 1 1 1 1 0 1 1 0 0 0 1 1 0 1 0 0 1 0] 0.7378347534344136
[0 0 1 0 0 0 0 1 0 1 1 0 1 1 0 1 0 1 1 0 1 1 1 1 1 0 0 0 1 0 1 0 0 0] 0.7797749525062107
[0 0 1 1 1 1 1 0 0 0 1 0 0 0 0 0 1 1 0 1 0 0 0 1 1 0 1 0 1 1 0 1 1 1] 0.8464098479579398
[0 1 0 0 0 1 1 1 0 1 0 1 0 0 0 0 1 0 0 0 0 0 1 0 1 0 1 1 1 0 0 0 1 0] 0.7887106872802581
[0 1 0 0 1 1 1 0 0 1 0 1 0 1 1 0 1 0 1 0 1 0 1 1 1 0 1 0 0 0 1 1 0 1] 0.7820901801823669
[1 0 1 1 1 0 1 0 1 1 0 0 0 1 1 0 0 1 1 1 1 1 0 0 0 1 1 0 1 0 1 1 1 1] 0.9332277645816838
[0 1 0 0 0 0 1 1 0 0 1 0 1 1 1 1 0 1 1 0 0 0 1 0 1 1 1 1 1 0 0 1 1 0] 0.7327630896837739
[1 0 0 1 0 1 1 0 1 0 1 1 1 1 1 1 0 0 1 1 1 1 0 0 1 1 0 1 0 1 0 0 0 1] 0.8836604650171558
[1 1 1 0 1 1 0 0 1 0 1 1 1 0 1 0 0 0 1 1 1 1 1 0 0 1 1 1 1 1 0 0 1 0] 0.9205116084701755
[0 0 0 0 1 1 1 1 1 0 0 0 0 1 0 1 1 0 1 1 1 1 0 1 0 0 1 1 1 1 1 1 0 1] 0.7770448548812664
[1 0 0 0 0 1 0 1 0 0 1 0 0 0 1 0 0 1 0 1 1 1 1 0 1 1 0 1 1 1 1 0 0 1] 0.8769385441399816
[1 1 0 0 1 1 0 1 1 0 0 1 0 0 0 1 0 1 0 0 1 1 0 0 0 0 1 0 1 0 1 0 1 0] 0.8944370888762794
[1 0 1 0 1 1 0 0 1 1 1 0 1 1 0 0 0 0 0 1 0 1 1 1 1 1 1 1 0 0 1 1 1 1] 0.9124035182193502
[1 1 0 1 1 1 1 1 1 1 0 0 0 1 1 1 1 0 1 1 1 1 0 1 1 0 1 1 1 1 1 1 1 1] 0.9062623984631126
[1 0 1 1 0 1 1 0 1 1 1 1 1 1 1 0 1 1 0 1 1 1 0 1 0 0 1 0 1 1 0 1 1 1] 0.9069268129989786
[0 1 0 0 1 0 1 1 1 1 1 1 1 0 1 1 1 0 0 1 0 0 1 1 0 1 0 0 1 0 1 0 0 0] 0.7692624130980295
[1 0 1 1 1 1 1 0 1 0 1 1 1 1 1 1 1 0 0 1 1 0 1 1 0 1 1 1 1 1 1 1 1 1] 0.9240572100527799
[0 0 0 1 1 1 0 0 1 1 0 1 1 1 1 1 1 0 1 0 1 1 1 1 1 0 0 0 0 1 0 0 0 1] 0.7669521593478225
[1 1 1 1 1 1 1 1 1 1 1 1 1 1 1 1 0 1 0 1 1 1 1 1 1 1 1 1 0 1 1 1 1 1] 0.9173517302157776
[1 0 0 1 0 1 1 0 1 1 1 1 1 1 1 1 1 1 1 1 1 1 1 1 1 1 0 1 1 1 0 0 0 1] 0.8762601801026083
[1 1 0 1 1 1 1 1 1 0 0 1 1 1 1 1 1 1 1 0 1 1 1 1 1 1 1 0 1 0 0 1 1 0] 0.9101676952808428
[1 0 1 1 1 1 1 1 1 1 1 1 1 1 0 0 1 1 1 1 1 1 1 1 1 1 1 1 0 1 0 0 1 1] 0.9245051026681422
[1 0 1 1 0 1 1 0 0 1 1 1 0 0 1 1 0 0 1 0 0 0 0 0 1 1 1 1 1 1 1 0 1 0] 0.9077111790265909
[0 0 1 1 1 1 1 0 1 0 1 1 0 1 0 1 1 1 0 1 0 1 1 1 1 1 1 1 1 1 0 0 1 1] 0.7981859410430838
[1 0 1 0 1 1 1 1 1 1 1 1 1 1 1 1 1 1 1 1 1 0 0 1 0 1 1 1 1 0 1 1 1 1] 0.9296511430415436
[1 1 1 1 1 1 1 1 1 1 1 0 1 0 1 1 1 1 1 1 1 1 1 1 1 1 1 0 1 0 1 1 1 1] 0.9199950537900333
[1 0 0 0 0 1 0 1 0 0 1 1 0 0 1 0 0 1 0 1 1 1 1 0 1 1 0 1 1 1 1 0 0 1] 0.8821901477413038
[1 1 1 1 1 1 1 1 1 1 1 1 1 1 1 1 1 1 1 0 1 1 1 1 1 1 1 0 1 1 1 1 1 1] 0.9256141931696394
[1 1 1 1 1 1 0 0 1 1 0 1 0 0 0 1 1 1 0 1 1 0 1 0 0 1 1 1 1 1 0 1 0 1] 0.9320656590281164
[0 1 0 0 1 1 1 1 0 1 1 1 1 1 1 0 1 1 1 0 1 1 1 1 1 0 1 0 1 0 1 1 0 1] 0.7599404033593861
[0 0 1 0 1 0 1 0 0 1 0 1 0 1 1 1 0 0 1 1 0 1 1 0 0 0 0 1 1 0 1 0 0 1] 0.8399617144106054
[1 0 0 1 1 1 0 1 1 0 1 0 0 1 0 1 1 1 0 0 1 0 0 1 0 1 1 1 1 1 1 1 0 1] 0.9107667627799559
[1 1 1 1 1 1 1 1 1 1 1 1 1 0 1 1 1 1 1 1 1 1 1 1 1 1 0 1 1 1 1 1 1 0] 0.9220310176333121
[0 0 1 1 1 1 0 1 1 0 1 1 0 0 0 1 1 1 0 0 1 1 0 1 0 1 1 1 0 1 1 1 0 1] 0.8413536776212833
[1 1 1 1 1 1 1 0 1 1 1 1 1 1 1 1 1 1 0 1 1 1 1 1 1 1 1 1 1 1 1 1 1 1] 0.9168940709501364
[1 1 1 1 0 1 1 0 1 1 1 1 1 1 0 1 0 1 1 1 0 1 1 1 1 1 0 1 1 1 1 1 1 1] 0.9049927560459156
[0 1 0 1 1 1 1 0 0 1 1 0 0 0 1 1 0 1 1 1 1 1 1 1 1 1 0 0 1 0 1 1 0 1] 0.7760658677753322
[0 1 1 1 0 1 1 1 1 1 1 1 1 0 0 1 1 1 1 0 1 0 1 0 0 0 1 0 1 1 0 0 1 0] 0.7935323383084576
[0 1 1 1 1 1 1 0 1 1 1 1 1 0 1 1 0 1 1 1 1 1 0 1 0 1 0 1 1 1 1 1 1 1] 0.7847993099389746
[1 1 0 1 1 1 1 1 1 1 0 1 0 1 0 1 0 0 0 1 1 1 0 1 1 0 1 1 1 1 0 1 1 1] 0.9133884366001699
[1 1 1 0 0 0 1 1 1 1 1 0 1 0 1 0 0 1 0 0 1 1 0 1 0 1 0 0 1 0 1 1 1 0] 0.9062400310683921
[1 1 1 1 1 0 1 0 1 0 1 1 0 0 1 1 1 1 0 1 1 1 1 1 1 1 1 0 0 1 1 1 1 1] 0.922495429428319
[0 1 0 1 1 1 0 1 1 1 1 1 0 1 1 0 0 0 1 1 1 1 1 1 1 1 1 0 1 0 1 1 0 1] 0.7683146789217502
[1 1 1 0 1 1 1 0 1 0 1 1 0 1 1 1 1 0 0 1 1 1 1 1 1 1 1 1 1 1 1 1 1 1] 0.9142079672910106
[1 1 0 1 1 1 1 0 0 1 1 0 1 1 0 0 0 1 0 0 1 1 1 1 1 1 0 0 1 1 1 1 1 1] 0.9104813315339632
[0 1 1 1 1 1 1 1 1 0 1 1 1 1 1 0 1 1 0 1 1 1 1 0 1 1 1 0 1 1 0 1 1 1] 0.7945041816009558
[0 1 1 1 1 1 1 0 1 0 1 1 1 0 1 1 1 1 1 0 0 1 1 1 1 0 0 1 1 1 1 1 1 1] 0.7945041816009558
[1 1 0 0 0 0 1 0 1 0 1 0 0 0 1 1 1 1 0 0 0 0 1 1 0 1 1 0 0 1 1 1 0 1] 0.8733660656218062
[1 1 1 1 1 0 0 1 0 1 0 1 1 1 1 1 1 1 0 1 1 0 0 1 0 0 1 1 1 1 1 1 1 0] 0.9372209088521146
[1 1 0 0 0 1 1 1 1 1 0 1 0 0 1 0 1 1 0 0 0 1 1 0 1 0 1 1 1 0 0 1 1 0] 0.8769385441399816
[1 0 0 1 1 1 1 1 1 1 0 0 1 1 1 1 0 1 0 0 1 1 1 0 1 1 1 1 1 0 1 1 1 1] 0.9062623984631126
[1 0 0 0 0 1 1 0 0 1 0 1 0 1 0 1 0 0 0 1 0 1 1 0 1 1 0 0 0 0 0 1 0 1] 0.8839427662957074
[1 1 1 1 1 1 1 0 1 1 1 1 0 1 1 1 1 0 0 1 1 1 1 1 1 1 1 1 1 1 1 1 1 1] 0.9220310176333121
[0 1 1 1 1 0 1 1 0 1 0 1 1 1 1 1 1 1 0 0 1 1 0 1 1 1 1 1 1 1 1 1 1 0] 0.8069143471134012
[1 0 1 1 0 1 1 0 1 1 1 1 1 1 1 1 1 1 0 1 1 1 0 0 0 0 1 1 1 0 0 1 1 1] 0.9003838650808634
[1 0 1 1 1 1 1 1 0 0 0 0 1 1 1 1 1 1 0 1 1 0 1 1 1 1 0 1 1 1 1 1 1 1] 0.9291964996022275
[0 1 0 1 1 0 0 0 1 1 1 1 1 0 0 1 1 1 0 0 0 1 1 1 1 0 1 1 1 1 0 0 1 1] 0.7646284848936223
[1 1 1 1 1 1 1 1 1 1 1 1 1 1 1 1 1 1 1 0 1 1 1 0 1 1 1 1 1 1 1 0 0 1] 0.9291964996022275
[1 1 1 0 1 0 1 1 1 1 1 1 1 1 0 1 1 1 0 1 1 1 1 1 1 1 1 1 1 1 1 1 1 1] 0.9146137815868285
[1 1 1 1 1 1 1 0 1 1 0 1 0 1 0 1 1 1 1 1 1 1 1 1 1 1 1 1 1 1 0 1 0 1] 0.9316552126116601
[1 1 1 0 0 0 1 1 1 1 1 0 1 0 1 0 0 1 0 0 1 1 0 1 0 1 0 1 1 1 1 1 1 1] 0.9027029285207001
[1 0 1 1 1 1 1 0 0 0 0 1 0 0 1 1 0 1 0 0 1 1 0 1 0 1 1 0 0 1 1 1 0 1] 0.9372209088521146
[1 0 1 1 1 1 1 1 1 1 1 1 1 1 1 1 1 1 1 1 1 0 1 1 1 1 1 1 1 1 1 1 1 1] 0.9271664008506113
[0 0 1 1 1 1 1 0 0 1 1 1 0 0 1 1 0 1 1 1 1 1 1 1 1 1 1 1 0 1 1 1 1 1] 0.7820901801823669
[1 1 1 1 1 1 1 0 1 1 1 1 1 1 1 1 0 1 1 1 0 1 1 1 1 1 1 1 1 1 1 1 1 1] 0.9184469626602266
[1 0 1 1 1 1 1 1 1 0 1 1 0 1 0 1 1 1 0 1 0 1 1 1 1 1 1 1 1 1 0 1 1 1] 0.9209288290883155
[1 1 1 0 1 1 0 0 1 0 1 1 1 0 1 0 1 0 1 1 1 1 1 0 0 1 1 1 1 1 0 0 1 0] 0.9205116084701755
[1 1 1 1 1 1 1 1 0 1 1 0 0 1 1 1 1 0 1 1 0 0 0 1 1 1 0 1 0 1 1 1 1 1] 0.9265051620157415
[0 0 1 0 1 0 1 0 0 1 0 1 0 1 1 0 0 0 1 1 0 1 1 0 1 1 0 1 1 0 1 0 1 1] 0.817458104884924
[1 1 0 1 1 1 1 1 1 1 1 1 1 1 1 1 1 1 0 1 1 1 1 0 1 1 1 1 1 1 1 1 1 1] 0.8971610252947301
[1 0 0 1 1 1 1 0 1 0 1 1 1 1 1 1 0 0 1 1 1 1 1 0 1 1 0 1 0 1 0 1 0 1] 0.9085497835497836
[1 1 0 0 0 1 0 1 1 1 0 1 1 1 1 1 1 1 1 1 1 1 0 1 1 0 1 1 0 1 1 1 1 1] 0.8610711012177557
[1 1 0 1 1 1 1 1 1 0 0 0 1 0 1 0 1 1 1 1 0 1 1 0 0 0 1 1 1 1 1 1 1 1] 0.9082198058576011
[1 1 1 1 1 1 1 1 1 1 1 1 1 0 1 1 1 1 1 1 1 1 1 1 1 1 1 0 1 0 1 1 1 1] 0.9184469626602266
[1 1 1 1 1 1 0 0 0 1 1 1 0 1 1 1 1 0 1 0 1 0 0 0 1 1 1 1 1 1 1 0 1 0] 0.9288829115213759
[1 1 1 1 1 1 1 1 1 1 1 0 1 0 1 1 1 1 1 1 1 1 1 1 1 1 1 1 1 0 1 1 1 1] 0.9204760728111357
[1 1 1 1 1 0 1 0 1 0 1 1 0 0 1 1 1 1 0 0 1 0 1 1 0 1 1 0 0 1 1 1 0 1] 0.9197702427274412
[1 1 1 1 0 1 1 0 1 1 1 1 1 1 1 0 1 1 0 1 1 1 0 0 0 0 1 0 1 1 0 1 1 1] 0.9003838650808634
[1 0 1 1 1 1 1 1 1 1 1 1 1 1 0 1 1 1 1 1 1 1 1 1 1 1 1 1 0 1 1 1 1 1] 0.9173517302157776
[1 1 1 0 1 0 0 1 1 1 0 1 1 0 0 1 1 1 0 0 1 1 1 0 1 0 1 1 1 0 0 0 1 1] 0.9328033314404695
[1 1 1 1 1 1 0 1 1 1 0 1 1 0 1 1 1 1 0 1 1 0 1 1 0 1 1 1 1 1 0 1 0 1] 0.9265051620157415
[1 0 0 1 1 1 1 1 0 1 1 1 1 1 1 0 0 0 1 0 1 1 1 1 1 1 1 0 1 1 1 1 1 1] 0.9085497835497836
[1 1 1 1 1 1 1 1 1 1 1 1 1 1 0 0 1 1 1 1 1 1 1 1 1 1 1 1 0 1 1 0 1 1] 0.9291964996022275
[1 1 1 1 1 1 1 0 1 1 1 1 1 1 1 1 1 1 1 1 1 1 1 1 1 1 1 1 1 1 1 1 1 1] 0.9168940709501364
[1 1 1 1 1 1 0 1 1 1 0 1 1 1 1 1 1 1 0 1 1 1 0 1 0 1 1 1 1 1 1 1 1 0] 0.9209288290883155
[1 0 1 1 1 0 1 0 1 1 0 0 0 1 1 1 0 1 1 1 1 1 0 0 0 1 1 0 1 0 1 1 1 1] 0.9332277645816838
[1 1 0 1 1 1 1 1 1 0 1 1 0 1 0 1 1 1 0 0 1 1 0 1 1 1 1 1 0 1 0 1 1 0] 0.9052987598647125
[1 1 1 1 1 1 0 0 1 1 0 1 0 0 0 1 1 1 1 1 1 0 1 1 0 1 1 1 1 1 0 1 1 1] 0.9253167491782932
[1 1 1 0 1 0 0 0 1 1 1 0 0 1 1 1 1 0 0 0 1 1 0 1 1 0 0 1 1 1 1 1 1 1] 0.9208402636604448
[1 0 0 1 1 1 1 1 1 1 1 1 1 1 1 1 1 0 1 0 1 1 0 1 1 1 1 0 1 1 1 1 1 1] 0.9133884366001699
[1 0 1 1 1 1 1 1 1 1 1 1 1 1 1 1 1 1 1 0 0 0 0 1 1 0 1 0 0 0 0 1 1 0] 0.9323002460699977
[1 1 0 1 1 1 1 1 1 1 1 0 1 0 1 1 1 1 1 1 1 1 1 1 0 0 1 1 1 1 1 1 1 1] 0.9062623984631126
[1 1 1 1 1 1 1 1 0 0 0 0 1 1 1 1 1 1 0 1 1 0 1 1 1 1 0 1 1 1 1 1 1 1] 0.9291964996022275
[1 1 1 1 1 0 1 1 1 1 1 0 1 1 1 1 0 1 1 1 1 1 0 0 0 1 1 1 1 0 1 1 1 1] 0.922495429428319
[1 0 1 1 1 1 1 0 0 0 0 1 0 0 1 1 0 1 0 1 1 1 0 1 0 1 1 0 1 1 1 1 0 1] 0.9372209088521146
[1 1 1 1 1 1 1 0 1 1 1 1 0 1 1 1 0 1 1 1 0 1 1 0 1 1 1 1 0 1 1 1 1 1] 0.922495429428319
[1 0 1 1 1 1 1 1 0 0 1 1 0 0 1 1 0 1 0 0 1 1 0 1 0 1 1 0 0 1 1 1 1 1] 0.9368035754009182
[1 1 1 1 1 1 1 0 1 1 1 0 0 1 1 1 1 0 1 1 0 0 1 0 1 1 0 1 0 0 0 1 1 1] 0.9240572100527799
[1 1 1 1 1 1 1 1 1 1 1 1 1 1 0 1 1 1 1 1 1 1 1 1 1 1 1 1 1 1 1 1 1 1] 0.9168940709501364
[1 1 1 1 1 1 1 1 1 1 1 1 0 1 1 1 1 0 0 1 1 1 1 1 1 1 1 1 1 1 1 1 1 1] 0.9220310176333121
[1 1 1 1 1 1 1 1 1 1 1 1 1 1 0 1 1 1 1 1 1 1 1 1 1 1 1 1 0 1 1 0 1 1] 0.9245051026681422
[1 1 1 1 1 1 1 0 1 1 1 1 1 1 0 1 1 1 1 1 1 1 1 1 1 1 1 0 1 1 0 1 0 1] 0.9245051026681422
[1 1 1 1 1 1 1 1 1 1 0 1 1 0 1 1 1 1 1 1 1 0 1 1 1 1 1 1 1 1 0 1 0 1] 0.9245051026681422
[1 1 1 1 1 1 1 0 1 1 1 1 0 1 0 1 1 1 1 1 1 0 0 0 1 1 1 1 1 1 0 1 1 1] 0.9245051026681422
[1 1 1 1 1 1 1 1 1 1 1 1 1 1 1 1 1 1 1 1 1 1 1 1 1 1 1 1 1 1 1 1 1 1] 0.9220310176333121
[1 0 1 1 1 0 1 0 1 0 0 1 0 0 1 1 0 1 0 0 1 0 0 1 0 1 1 0 0 1 1 1 0 1] 0.9300778571961906
[1 0 1 0 1 0 0 0 0 1 0 1 0 0 1 1 0 1 0 1 1 1 0 1 0 1 1 0 0 0 1 1 1 1] 0.9178654483340536
[1 1 1 1 1 1 1 0 0 0 1 1 0 0 1 1 0 1 0 1 1 1 1 1 0 1 1 0 1 1 1 1 1 1] 0.9332277645816838
[1 1 1 1 1 1 1 0 1 1 1 1 0 1 1 1 1 1 1 1 1 0 0 1 1 1 1 1 1 1 0 1 1 1] 0.9245051026681422
[1 1 1 1 1 1 1 1 1 1 1 1 1 1 0 1 1 1 0 1 1 1 1 1 1 1 1 1 1 1 1 1 1 1] 0.9168940709501364
[1 1 1 1 1 0 0 1 0 1 0 1 1 1 1 1 1 1 0 1 1 0 1 1 0 0 1 1 1 1 1 1 1 0] 0.9352290679304898
[1 1 1 1 1 1 1 1 0 1 1 0 0 1 1 1 0 0 1 1 1 0 0 0 1 1 0 1 0 1 1 1 1 1] 0.9260737012256257
[1 1 1 1 1 1 1 1 0 1 0 1 1 1 1 1 0 1 0 1 1 1 0 1 1 1 1 1 0 1 1 1 1 1] 0.931216931216931
[1 1 1 1 1 1 1 0 0 1 1 0 0 1 1 1 0 0 1 1 1 0 0 0 1 1 0 1 0 0 1 1 1 1] 0.9399383052077663
[1 1 1 1 1 1 1 1 0 1 0 1 1 1 1 1 0 1 0 1 1 0 0 1 1 1 1 1 1 1 1 1 1 1] 0.9291964996022275
[1 1 1 1 1 1 1 0 1 1 1 0 1 1 0 1 1 0 1 1 1 0 0 1 1 1 0 1 0 0 1 1 1 1] 0.9256141931696394
[1 0 1 1 1 1 1 0 0 1 0 1 0 0 1 1 0 1 0 1 1 1 0 1 0 1 1 0 0 1 1 1 1 1] 0.9336497697722063
[1 1 1 1 1 1 1 0 0 1 0 1 0 1 1 1 0 1 0 1 1 0 0 1 1 1 1 1 0 1 1 1 1 1] 0.9316552126116601
[1 1 1 1 1 0 1 0 0 1 0 1 1 1 1 1 1 1 0 1 1 0 0 1 0 1 1 1 1 1 1 1 1 1] 0.9245051026681422
[1 1 1 1 1 1 1 1 0 1 0 1 1 1 1 1 0 1 0 1 1 1 0 1 1 1 1 1 1 1 1 1 1 1] 0.930750743411137
[1 1 1 1 1 1 1 0 1 1 0 1 0 1 1 1 1 1 1 1 1 0 1 1 1 1 1 1 1 1 1 1 1 1] 0.9260737012256257
[1 0 1 0 1 1 0 1 1 1 1 1 1 0 1 0 0 1 1 0 0 0 0 0 1 1 1 1 0 0 1 1 1 0] 0.934410627138894
[1 1 1 1 1 1 1 0 0 1 1 0 0 1 0 1 0 0 1 1 0 0 1 0 1 1 0 1 1 1 0 1 1 1] 0.9352290679304898
[1 1 1 1 1 1 1 1 0 1 1 1 0 1 1 1 0 1 1 1 1 0 0 1 1 1 1 1 0 1 1 1 1 1] 0.9260737012256257
[1 0 1 1 1 0 1 1 0 1 0 1 1 0 1 1 0 1 0 0 1 0 0 1 0 1 1 1 0 1 1 1 1 1] 0.9336497697722063
[1 0 1 1 1 1 1 1 0 1 1 1 1 0 1 1 0 1 1 0 0 0 0 0 1 1 1 1 0 0 0 1 1 1] 0.9316552126116601
[1 1 1 1 1 1 1 1 0 1 0 1 1 1 1 1 0 1 0 1 1 0 0 1 1 1 1 1 0 1 1 1 1 1] 0.9296511430415436
[1 0 1 1 1 0 1 0 0 0 0 1 0 0 1 1 0 1 0 0 1 0 0 1 0 1 1 0 0 1 1 1 1 1] 0.9336497697722063
[1 0 1 1 1 0 1 0 0 0 0 1 0 0 1 1 0 1 0 0 1 0 0 1 0 1 1 1 0 1 1 1 0 1] 0.9376106164913628
[1 0 1 1 1 1 1 0 0 1 0 1 0 0 1 1 0 1 0 0 1 0 0 1 0 1 1 1 0 1 1 1 1 1] 0.9368035754009182
[1 0 1 1 1 1 0 1 0 1 1 1 1 0 1 1 0 1 1 0 1 0 0 0 1 0 1 1 0 0 1 1 1 0] 0.9269086477248742
[1 0 1 1 1 1 1 0 0 1 1 1 0 0 1 1 0 1 1 0 1 0 0 0 1 1 1 1 0 0 1 1 1 1] 0.9332277645816838
[1 1 1 1 1 1 1 1 0 1 1 1 1 1 1 1 0 1 1 1 1 0 0 0 1 1 1 1 0 0 1 1 1 1] 0.9379168182369347
[1 0 1 1 1 0 1 0 0 1 0 1 0 0 1 1 0 1 0 0 1 0 0 1 0 1 1 1 0 1 1 1 1 1] 0.9336497697722063
[1 0 1 1 1 1 1 0 0 0 1 1 0 0 1 1 0 1 1 0 1 0 0 0 1 1 1 0 0 0 1 1 0 1] 0.9403785849062939
[0 0 1 0 0 1 1 0 1 1 1 1 0 0 0 0 1 0 0 1 1 1 0 0 0 1 0 0 0 1 0 0 1 1] 0.8183168546627675
[0 1 1 0 1 0 0 0 0 0 1 0 0 1 1 0 0 0 0 1 0 0 1 1 1 1 1 0 1 0 1 1 0 0] 0.8264386835815408
[0 1 1 0 1 1 1 1 1 1 0 1 0 0 1 0 1 0 1 1 1 1 0 1 1 1 1 1 1 1 1 1 0 1] 0.7811064946424666
[1 1 0 1 0 0 1 1 1 1 1 1 1 0 1 0 1 1 1 0 1 0 1 1 0 0 1 0 0 0 0 0 0 1] 0.8785386954473425
[0 0 0 1 0 1 0 0 1 0 0 0 0 1 1 1 1 0 0 1 1 1 1 1 0 1 1 0 0 1 1 0 0 1] 0.7269276641681248
[1 1 1 1 1 0 1 1 0 1 0 1 1 0 1 0 0 0 0 1 0 0 0 1 0 0 0 0 0 0 1 0 1 1] 0.9332277645816838
[1 1 1 0 0 0 1 0 1 0 0 0 0 0 0 0 0 1 0 0 1 0 1 1 1 1 0 0 1 1 0 1 1 0] 0.9013080494817228
[0 1 1 0 1 0 1 1 0 1 1 1 1 1 0 0 1 0 1 1 0 0 1 0 0 0 0 0 0 1 1 1 1 0] 0.8128941836019622
[1 1 0 0 0 1 1 0 0 1 0 1 0 1 1 1 0 0 1 0 0 1 1 0 1 1 0 0 0 1 0 1 0 1] 0.88572558323448
[0 0 0 0 0 0 1 1 1 0 1 0 0 0 0 0 0 0 1 1 0 0 0 1 0 0 1 0 1 0 1 0 0 1] 0.7577807848443844
[1 1 1 1 0 1 0 1 1 1 1 0 0 0 1 1 1 0 0 0 0 1 0 0 1 1 0 1 0 1 0 1 0 1] 0.9027029285207001
[1 0 0 1 0 0 0 0 0 0 1 1 0 0 0 1 1 0 0 1 0 0 1 0 1 0 0 0 0 0 0 1 1 1] 0.8804319292793847
[0 0 1 1 1 0 0 1 0 0 0 1 1 0 0 1 1 0 1 0 0 1 1 1 0 1 0 0 0 1 0 1 1 1] 0.8399617144106054
[0 1 1 0 0 0 1 0 1 1 0 1 1 1 1 0 0 1 0 0 0 1 1 1 0 0 1 1 0 0 0 0 1 1] 0.7655845712537923
[0 1 1 0 1 0 0 0 0 0 0 0 0 0 1 1 0 1 0 1 0 1 0 0 1 0 1 1 0 1 0 0 0 0] 0.8416491774422855
[1 1 1 0 0 1 1 1 1 0 0 1 1 1 1 1 1 0 0 0 0 1 0 0 1 1 0 1 0 0 1 0 0 0] 0.9114545617555984
[1 0 0 0 1 1 1 1 1 1 0 1 0 1 1 0 0 1 1 1 1 1 0 1 0 0 0 1 1 0 0 0 0 1] 0.9114545617555984
[0 0 1 1 0 0 0 0 0 0 0 0 1 1 1 0 1 0 0 0 0 0 0 0 1 0 0 1 0 1 0 0 0 1] 0.8460876527412995
[0 0 1 0 1 0 1 1 0 0 0 0 0 1 0 0 1 1 0 0 1 1 0 0 1 0 1 1 0 0 1 1 1 1] 0.8312390526235626
[0 1 1 1 0 0 1 1 1 1 1 1 1 1 1 1 1 0 1 1 1 0 0 1 1 0 1 0 0 0 0 1 1 0] 0.7710246248020415
[0 0 1 0 0 1 1 0 1 1 0 0 0 0 0 0 0 0 1 1 0 1 1 1 0 1 0 1 1 0 0 1 1 1] 0.761904761904762
[0 1 0 1 1 1 0 1 0 1 1 1 1 1 0 0 0 1 0 1 0 0 1 0 0 0 1 0 1 1 1 0 1 0] 0.8298432314910172
[1 1 1 0 1 1 1 1 1 0 0 1 1 1 0 0 1 0 1 1 0 0 0 0 0 1 1 1 1 0 1 1 0 1] 0.9340440336974659
[0 1 1 1 1 1 1 0 0 0 0 1 1 0 0 0 1 0 0 0 0 0 1 1 0 1 0 0 0 1 0 0 1 0] 0.8728739183729717
[1 0 1 0 1 1 0 0 1 0 1 0 1 1 0 1 0 1 1 0 0 0 0 1 1 0 0 1 0 1 0 1 0 1] 0.9263249537490477
[0 1 0 1 0 1 0 0 0 1 0 1 1 0 1 1 1 1 1 1 0 1 1 0 1 1 1 1 0 1 1 0 0 0] 0.7204737554255188
[0 0 1 0 1 0 0 1 1 1 1 0 1 1 1 1 0 0 1 1 1 1 0 0 1 0 0 0 0 1 1 0 1 0] 0.7784036871753603
[1 0 0 1 0 1 0 0 1 1 0 1 1 1 1 0 1 0 1 0 1 1 0 0 1 0 0 0 0 1 1 0 1 0] 0.878671283827113
[1 0 1 0 0 1 1 1 0 0 0 0 1 0 1 1 0 1 0 1 0 1 1 1 1 1 1 1 1 1 1 0 1 0] 0.8954223571067275
[1 1 0 1 1 0 1 0 1 0 0 0 1 0 1 1 0 0 1 0 1 0 1 1 1 0 1 0 0 0 0 1 0 1] 0.911024062674874
[0 1 1 0 0 1 1 1 1 0 0 1 0 1 0 0 0 0 1 0 1 0 1 0 0 1 1 1 0 0 1 0 1 0] 0.7940630206215973
[0 1 0 1 1 1 0 0 1 1 1 0 0 0 0 1 0 1 0 0 0 1 0 0 0 0 0 0 1 1 0 1 1 1] 0.8385650224215248
[0 0 0 1 1 1 0 1 0 1 1 0 0 1 1 1 1 1 1 1 1 0 0 0 1 1 0 0 0 1 1 1 0 0] 0.7853377822912133
[1 1 1 0 1 1 0 0 1 1 1 0 0 1 0 0 1 0 1 0 1 1 0 0 0 0 1 1 0 1 1 0 0 1] 0.9230559307926371
[1 0 1 0 1 1 0 1 1 1 1 1 1 1 0 1 1 1 1 1 0 0 1 1 1 1 1 1 0 0 1 1 1 0] 0.9304767136666056
[0 1 0 1 1 1 1 1 1 0 0 1 1 1 1 1 1 0 0 0 1 0 0 0 1 0 1 1 0 1 0 0 1 1] 0.7991160536070715
[0 0 0 0 0 1 0 1 1 1 1 1 1 1 0 0 1 0 0 1 0 0 0 0 1 0 1 0 0 1 0 0 1 1] 0.7251131517672604
[1 0 1 1 0 1 1 0 1 1 0 1 1 1 0 0 1 0 0 0 0 1 0 0 0 0 1 0 1 1 1 0 1 1] 0.9093701996927804
[1 1 0 0 1 0 0 1 1 0 0 0 1 1 1 1 0 0 0 0 0 1 1 1 1 0 0 0 1 1 0 1 0 1] 0.9082426127527217
[1 1 1 1 0 0 0 1 1 1 0 1 0 1 1 0 1 1 1 0 0 0 1 0 0 1 1 0 0 1 0 1 0 1] 0.8908319077488437
[0 1 1 1 0 1 0 1 0 1 1 1 1 0 1 0 1 0 0 1 0 1 0 1 1 0 1 1 0 0 0 0 1 0] 0.7963466399580292
[1 0 0 1 1 1 1 0 1 0 1 1 1 1 1 1 1 1 0 1 1 1 1 1 0 0 0 0 0 1 1 0 1 0] 0.9033716330759088
[0 0 1 1 0 0 0 1 1 0 1 1 1 1 1 1 0 0 0 0 0 1 1 0 1 1 1 1 0 0 0 0 1 0] 0.7775090984587577
[1 1 0 0 0 1 0 1 1 0 0 1 0 0 0 0 0 0 0 1 1 0 0 0 1 1 0 1 0 0 0 1 0 1] 0.8696910436321177
[1 1 0 0 0 0 0 0 1 0 0 1 1 1 1 0 1 0 1 0 1 1 1 1 0 1 1 1 0 1 1 0 0 1] 0.859179958076753
[1 1 0 1 1 0 0 1 0 1 0 0 1 0 0 1 0 0 0 1 1 1 0 1 0 1 0 1 1 0 0 0 1 1] 0.9095874122006526
[1 0 1 0 1 1 1 0 1 1 1 0 0 1 0 0 1 0 0 0 1 0 1 1 0 1 0 1 1 1 1 0 1 1] 0.9340440336974659
[0 0 1 1 0 1 1 0 0 0 1 1 0 0 0 0 0 0 1 1 1 0 0 1 0 0 0 0 1 1 1 1 1 0] 0.8096410400694006
[0 0 1 1 1 1 1 1 0 0 0 0 1 1 1 0 1 1 0 1 0 0 1 0 0 0 0 1 0 0 1 0 1 0] 0.8436250121939323
[0 0 0 1 1 0 1 0 1 0 1 1 1 1 1 0 1 0 0 1 0 1 1 0 1 0 0 1 0 0 0 1 0 1] 0.7954422483210797
[0 1 1 1 1 0 0 1 1 0 0 1 0 1 1 0 1 1 0 0 0 0 0 1 0 0 0 0 0 1 1 1 1 1] 0.8669821240799158
[0 1 1 1 1 1 1 1 1 1 1 1 1 0 0 1 1 1 0 1 1 1 0 0 1 0 0 0 1 0 1 0 1 0] 0.8156424581005587
[1 0 0 0 1 0 1 1 1 1 0 1 0 1 0 1 1 0 1 1 0 0 0 0 1 1 0 1 0 1 1 1 0 0] 0.92
[1 0 1 1 0 0 1 1 0 0 1 0 1 1 0 1 0 0 0 0 0 0 0 0 1 0 1 0 0 1 0 1 0 0] 0.8977794552431275
[1 1 0 1 1 1 1 1 0 1 0 1 0 1 0 1 1 0 1 0 0 0 0 1 0 1 1 0 1 0 0 0 1 0] 0.9246929474996424
[1 1 1 0 0 0 1 1 1 0 1 0 1 1 1 1 1 0 0 0 0 1 1 1 0 1 0 0 0 1 0 1 0 0] 0.8908319077488437
[0 0 1 0 0 1 0 0 0 1 1 1 0 1 0 1 1 1 0 0 1 1 0 1 0 0 0 0 0 1 0 1 1 0] 0.7901412626299048
[0 1 1 1 0 0 0 1 0 1 0 0 1 1 1 1 1 0 1 0 0 1 0 1 1 0 0 1 0 0 1 1 0 0] 0.8064581959750088
[1 0 0 0 0 0 0 0 0 1 1 1 0 0 1 1 0 0 0 0 0 0 1 0 1 0 1 1 0 1 1 1 1 1] 0.8661876092445135
[0 1 1 1 0 0 0 0 1 0 1 1 0 0 0 1 1 1 0 0 0 1 1 0 1 0 1 0 0 1 0 1 0 1] 0.7980548019102924
[1 0 1 0 1 1 0 1 0 0 0 0 1 1 1 1 1 0 0 1 0 1 1 1 0 0 1 1 0 0 1 0 0 0] 0.9315068493150686
[1 0 1 1 0 1 1 0 0 0 1 0 0 0 1 0 0 0 1 0 0 0 1 0 1 1 0 0 0 1 0 0 1 1] 0.8960713485663083
[1 1 1 0 0 1 0 0 0 1 1 0 0 0 1 0 0 1 0 1 1 1 0 1 0 1 1 0 1 0 0 0 1 0] 0.8962264150943396
[1 0 1 0 1 0 0 1 0 0 0 0 0 1 0 0 1 1 1 0 1 1 1 0 0 0 1 0 1 0 1 1 0 1] 0.9263249537490477
[1 1 0 1 0 0 1 1 0 0 0 0 1 0 1 1 0 1 1 1 1 1 1 0 1 1 1 0 0 1 1 0 1 1] 0.8819586748633881
[0 0 1 0 1 0 0 1 0 1 1 1 1 0 1 1 0 0 0 0 0 1 0 1 0 1 0 0 1 1 0 1 1 0] 0.8202373786482691
[0 0 1 1 1 1 0 0 0 0 1 0 0 0 1 1 0 1 1 1 0 0 0 0 0 1 1 0 1 1 1 0 1 0] 0.8353979618896086
[1 0 0 0 1 0 1 1 0 0 0 1 1 0 0 0 0 1 0 1 1 0 1 0 1 1 0 1 0 1 0 1 1 1] 0.9062400310683921
[1 1 1 0 1 1 0 1 0 1 1 1 1 0 0 0 1 1 1 1 1 1 1 0 0 0 1 0 0 1 1 0 0 0] 0.9315068493150686
[0 0 1 0 0 1 1 0 1 0 0 0 0 1 0 0 1 0 0 1 1 0 0 1 1 0 1 0 1 1 1 0 0 0] 0.7912896696826425
[0 0 0 1 0 1 0 0 1 0 0 0 0 1 1 1 0 1 1 1 1 1 1 0 0 1 1 0 1 0 1 1 1 0] 0.7392569765451121
[0 1 1 1 1 1 1 0 0 1 1 0 0 0 0 0 0 1 1 0 0 1 0 0 0 0 0 0 1 0 1 1 1 1] 0.8633257069107121
[0 1 0 0 0 0 1 0 0 1 0 0 0 0 0 1 0 0 1 0 0 1 0 1 0 1 0 0 1 0 1 0 1 0] 0.7574975140591445
[0 1 0 0 1 1 1 1 1 1 0 1 0 0 1 1 0 0 0 1 1 0 1 0 1 0 1 1 0 0 1 0 0 1] 0.7747151782432928
[0 1 0 1 0 0 0 1 1 1 0 1 1 1 1 0 0 0 1 1 1 1 1 1 1 0 0 1 1 1 0 0 1 1] 0.7022647596903417
[1 0 1 1 1 1 1 0 0 0 0 0 1 0 0 0 1 0 1 1 0 1 1 1 0 1 1 1 1 1 0 0 1 0] 0.9320656590281164
[0 1 0 1 1 1 0 0 0 0 1 1 0 0 0 1 1 0 1 0 1 1 0 0 1 0 0 1 1 0 1 0 1 0] 0.7921788512687802
[1 1 1 0 1 1 0 1 1 0 0 0 0 1 0 1 1 0 1 1 1 0 0 1 1 0 1 0 0 1 1 0 0 1] 0.9230559307926371
[0 1 1 0 1 1 0 1 1 1 1 1 0 1 1 0 0 1 1 1 0 0 1 1 1 0 0 1 1 1 1 1 0 0] 0.7981859410430838
[0 0 0 0 0 1 0 0 0 0 0 1 0 1 1 0 0 1 0 0 0 1 1 0 1 1 1 1 1 0 1 1 1 1] 0.7307692307692308
[1 1 0 1 0 0 1 0 1 1 1 1 0 0 0 0 1 0 1 0 0 0 0 1 0 0 1 1 1 1 0 0 1 0] 0.878671283827113
[0 0 1 0 1 0 1 0 0 0 0 1 0 0 1 1 0 1 0 1 1 0 1 1 1 1 0 0 1 1 0 0 0 1] 0.8137932107408444
[1 1 1 0 1 0 0 1 0 0 1 0 1 1 1 0 1 1 0 0 0 0 0 0 1 0 1 0 0 0 0 1 0 0] 0.9347496206373292
[0 0 1 1 1 0 0 0 0 1 1 1 1 1 1 1 0 1 1 1 1 1 1 0 1 0 0 1 0 0 0 1 1 0] 0.7921788512687802
[1 0 1 0 0 1 0 0 0 1 1 0 1 1 0 1 1 0 0 0 1 1 0 1 0 0 0 1 1 1 0 0 1 0] 0.8979591836734693
[0 0 1 1 0 0 0 0 0 1 1 1 0 0 1 1 0 0 1 1 1 0 1 1 1 1 0 0 0 1 1 0 0 1] 0.7825664919433118
[0 1 0 1 1 1 1 1 0 1 1 1 1 1 1 1 1 0 0 0 0 0 0 1 0 1 1 1 1 1 0 0 0 0] 0.8211212878157091
[0 1 1 1 0 0 1 0 0 1 1 1 1 0 1 0 1 0 1 0 0 0 0 0 0 0 0 1 0 0 0 0 0 0] 0.817458104884924
[1 0 1 1 0 1 1 0 0 1 0 0 1 0 0 0 0 1 0 0 1 1 1 0 1 1 0 1 0 1 0 1 0 1] 0.9060469765117442
[0 0 0 0 0 0 1 0 1 1 0 1 1 0 1 1 1 0 1 1 0 1 0 1 1 1 0 0 0 1 1 1 0 1] 0.6891736713977309
[0 1 1 0 1 0 0 0 1 1 1 1 0 0 0 0 1 1 1 0 1 1 1 0 0 0 1 1 1 0 0 1 0 1] 0.7802844094002742
[1 1 1 1 0 1 1 0 0 0 1 1 0 1 0 0 1 0 0 0 0 0 0 0 0 1 0 0 0 1 0 1 1 0] 0.904711344284138
[0 0 0 1 0 0 1 0 1 0 0 0 0 1 1 1 1 0 1 1 1 0 0 0 1 0 1 1 1 0 0 1 1 1] 0.7493917274939174
[1 0 1 1 1 1 0 1 1 1 0 0 0 0 0 0 0 0 1 1 0 0 0 0 1 0 0 0 0 1 0 0 0 1] 0.934410627138894
[0 1 1 1 0 0 1 1 1 0 0 1 0 0 1 0 1 0 0 1 1 0 1 0 1 0 1 1 1 0 0 0 1 1] 0.777411611538305
[1 1 0 0 0 1 1 1 1 1 1 0 0 1 0 0 0 0 0 0 1 1 0 1 1 0 0 0 1 1 0 1 1 1] 0.8751767579380383
[1 0 1 0 0 0 0 0 0 1 0 0 1 1 1 0 1 0 1 0 0 1 0 1 1 0 1 1 1 1 0 0 1 0] 0.8961629387161302
[1 1 0 0 0 0 1 0 0 0 1 1 0 0 0 0 0 0 1 0 0 0 1 0 0 0 0 0 1 1 0 0 1 0] 0.8713826366559485
[0 1 0 0 1 1 0 0 1 0 1 0 1 1 0 0 1 1 1 0 1 0 1 0 0 0 0 1 0 0 0 1 0 0] 0.7890092258323306
[1 1 0 1 0 1 1 1 0 0 0 1 1 1 1 0 1 0 1 1 0 0 1 1 1 1 0 0 1 0 0 1 0 1] 0.8905814732536408
[0 0 1 1 0 0 1 1 1 1 1 1 0 0 0 0 0 0 1 1 1 0 0 1 1 0 1 0 1 0 1 0 0 1] 0.7921788512687802
[1 1 1 1 1 1 1 1 1 1 1 1 1 1 1 1 1 0 1 0 0 0 1 1 0 1 1 0 1 1 0 1 1 0] 0.9256141931696394
[0 1 1 0 1 1 0 1 1 1 1 1 1 1 1 0 1 1 1 1 0 0 1 1 1 1 0 1 1 1 1 1 1 0] 0.7723721067374316
[0 0 1 1 1 0 0 1 1 1 1 1 1 1 1 1 1 0 1 1 1 1 0 0 1 1 1 0 0 1 1 1 1 1] 0.7834472064738092
[0 0 0 1 1 1 0 1 0 1 1 0 0 1 1 1 1 1 1 1 1 1 0 1 1 1 0 1 1 1 1 1 1 1] 0.7527266917261621
[1 1 0 1 1 1 1 1 1 1 1 1 1 0 1 1 0 0 1 1 1 0 1 1 1 0 1 1 0 1 1 0 0 1] 0.9133884366001699
[0 1 1 1 1 1 0 1 1 1 1 1 1 1 1 1 0 0 1 1 0 1 0 1 1 1 0 0 1 1 1 1 1 0] 0.7871348413961639
[1 0 1 0 1 1 1 1 1 1 1 1 1 1 0 0 1 0 0 0 1 0 1 1 0 1 1 1 1 1 1 0 1 1] 0.9269086477248742
[1 1 1 1 1 0 0 1 1 0 0 1 1 1 1 0 1 1 0 0 0 0 0 1 1 0 0 0 0 1 1 1 1 1] 0.9256806475349522
[1 1 1 0 1 0 0 0 1 1 1 0 1 0 1 1 0 1 0 1 0 1 0 0 1 1 1 1 0 1 1 1 1 1] 0.9172834161392514
[1 1 1 1 1 0 0 1 1 1 0 0 1 1 0 1 1 1 1 0 1 1 1 0 0 0 1 1 1 1 1 1 1 1] 0.9221182522093626
[1 1 1 1 1 1 1 1 1 1 1 1 1 0 1 1 1 1 1 1 1 1 0 1 1 0 1 1 1 1 1 0 1 0] 0.9271664008506113
[1 1 1 0 1 1 0 1 0 0 1 1 1 1 1 1 1 1 1 0 1 0 1 1 1 1 1 0 1 0 1 1 1 1] 0.9130227447077606
[1 0 0 1 1 0 1 0 1 0 1 1 1 1 1 0 1 0 0 1 1 1 1 1 1 1 1 1 1 1 1 1 0 1] 0.9085497835497836
[1 0 0 1 1 1 1 1 1 1 0 1 1 1 1 0 1 0 1 0 1 1 1 0 1 1 1 1 1 1 1 0 1 1] 0.9169503765604043
[0 1 0 1 0 1 0 1 0 1 1 1 1 0 1 1 1 1 1 1 1 1 1 0 1 1 1 1 0 1 1 1 1 1] 0.7095801438181396
[1 1 1 1 1 1 1 0 0 0 0 1 1 1 1 1 1 1 1 1 1 1 1 1 1 1 1 1 1 1 0 1 1 1] 0.9245051026681422
[1 1 1 0 0 1 1 1 1 1 0 1 1 1 1 1 1 1 0 1 0 1 1 0 1 1 1 1 1 1 1 1 1 1] 0.9017454128760882
[0 1 1 1 1 1 1 1 1 1 0 1 1 1 0 0 1 1 0 0 0 0 1 1 0 1 0 0 0 1 0 0 1 1] 0.8523469994058229
[1 0 1 0 1 1 1 0 0 0 0 1 1 0 1 1 1 1 1 1 1 0 1 1 1 1 1 0 1 1 1 1 0 1] 0.9372209088521146
[1 1 1 1 1 1 1 1 0 1 1 1 1 1 0 1 1 1 1 1 0 0 0 1 1 1 1 0 1 1 1 1 1 0] 0.9394703741819184
[1 1 1 1 1 1 0 1 1 1 1 1 1 1 0 0 1 1 1 1 1 1 1 0 0 0 1 1 1 1 1 0 1 0] 0.9280805606586379
[1 1 0 1 0 0 1 1 1 1 0 1 1 1 1 0 1 0 1 0 1 1 1 1 1 1 1 1 1 1 1 1 1 1] 0.8589335732098846
[1 1 1 0 1 1 1 1 1 1 0 1 1 1 1 1 1 0 1 1 0 0 0 0 1 1 1 1 1 0 1 1 1 1] 0.9368035754009182
[0 1 1 0 1 1 1 1 1 1 0 1 1 1 1 0 1 1 0 0 1 0 0 0 1 1 1 1 0 1 0 0 0 1] 0.8289617361158838
[1 1 1 1 0 0 0 0 1 0 1 1 0 0 0 1 1 1 0 0 1 1 1 1 1 1 1 0 0 1 0 1 0 1] 0.8942504052716899
[1 0 0 0 0 0 1 0 0 1 1 1 0 0 1 1 0 1 0 0 0 0 1 0 1 0 1 1 0 1 1 1 1 1] 0.8769207753627836
[1 1 1 0 1 1 1 1 1 1 1 1 1 1 0 1 1 1 1 1 0 1 1 0 0 0 0 1 0 1 1 1 1 0] 0.9300778571961906
[0 1 0 1 1 1 1 1 1 1 1 1 1 1 1 1 1 0 1 0 0 1 0 1 1 1 1 1 1 1 1 0 1 1] 0.7756810338497687
[1 1 0 1 1 0 1 0 1 1 1 0 1 1 1 1 1 0 1 0 1 1 1 1 1 0 1 0 1 0 0 1 0 1] 0.8987352409765116
[0 1 1 0 1 0 1 1 0 1 0 0 0 1 0 0 1 1 0 0 1 1 0 1 1 0 1 1 0 0 1 1 1 1] 0.8252916407813903
[0 0 0 0 1 0 1 1 1 1 0 1 1 0 1 1 1 0 1 1 1 1 1 1 1 1 0 1 0 1 1 1 0 1] 0.7525401507702393
[1 0 1 1 1 1 0 1 0 0 0 1 1 0 1 1 1 1 1 1 0 1 1 1 1 1 0 0 1 1 1 1 1 1] 0.9253167491782932
[1 1 1 1 1 0 1 1 1 0 0 1 1 1 1 1 1 0 0 0 1 1 1 1 1 1 1 0 1 1 1 1 1 1] 0.9327779471028481
[0 1 1 1 0 1 1 1 0 1 1 1 1 0 1 1 1 0 1 1 0 1 1 1 1 0 1 1 0 0 1 0 1 1] 0.7857746853180643
[1 1 1 0 1 1 1 1 1 1 1 1 1 1 0 1 1 1 1 1 0 1 1 0 1 1 1 1 1 1 1 1 1 1] 0.922495429428319
[0 1 1 1 1 1 1 1 1 1 1 1 1 0 1 1 1 1 1 1 1 1 1 0 1 1 0 0 1 0 1 0 1 0] 0.7857746853180643
[1 1 1 1 1 1 1 1 1 1 1 1 1 1 0 0 1 1 1 1 0 0 1 1 1 1 1 0 1 1 1 1 1 0] 0.9271664008506113
[1 1 0 0 0 1 1 1 0 1 0 1 0 1 1 1 1 0 1 0 1 1 1 0 1 1 1 0 0 1 1 1 0 1] 0.8804452120514297
[0 0 1 1 1 1 1 0 1 0 1 0 1 1 1 1 1 1 1 1 1 0 0 0 0 1 1 0 1 1 1 0 1 1] 0.7908204906620577
[1 1 0 1 1 0 1 1 1 1 1 1 0 0 0 0 1 0 1 0 1 1 1 1 0 0 1 1 1 1 0 1 1 1] 0.9088514590697997
[1 1 0 1 1 1 1 0 1 1 0 1 1 1 1 1 0 1 1 1 1 1 1 1 1 1 1 1 1 0 1 1 1 1] 0.8955678143427811
[1 1 1 1 1 0 1 1 0 1 0 1 1 0 1 0 1 0 0 1 0 0 0 1 0 1 1 0 0 0 1 1 1 1] 0.9347955350144598
[0 1 1 0 1 1 1 1 0 1 0 0 0 1 0 0 1 1 0 0 1 1 0 1 1 0 1 1 0 0 1 1 1 1] 0.8216197893796174
[1 0 1 0 1 1 1 1 0 1 1 1 1 1 0 1 1 1 1 1 1 1 1 1 0 1 0 0 0 1 0 1 1 1] 0.9253167491782932
[1 1 1 1 1 1 1 0 0 0 1 1 0 1 0 0 1 0 0 0 0 0 1 1 0 1 1 1 0 1 0 1 1 0] 0.9324483416555028
[1 1 1 0 1 1 0 1 0 1 0 0 0 1 0 0 1 1 1 0 1 1 1 0 0 0 1 0 1 1 1 1 0 1] 0.9246929474996424
[1 1 1 1 1 1 1 1 1 1 1 1 1 1 1 1 1 1 1 1 1 1 0 1 1 0 1 1 1 1 1 0 1 0] 0.9266672123990395
[1 1 1 0 1 1 1 1 1 1 0 1 1 1 1 0 1 1 1 1 1 0 0 1 1 1 1 1 1 1 1 1 1 1] 0.9265051620157415
[1 0 1 0 0 1 1 1 1 0 1 1 1 1 1 1 1 1 1 1 1 0 1 1 1 0 1 0 1 1 1 0 0 1] 0.8902171071688463
[1 1 1 1 0 1 1 1 0 0 1 1 1 1 1 1 1 1 1 1 1 1 1 1 1 1 0 1 1 1 1 1 0 1] 0.8981914102510138
[1 1 1 1 1 1 1 0 0 0 1 1 1 0 1 1 1 0 0 0 0 0 1 1 0 1 0 1 0 1 0 1 1 1] 0.9265051620157415
[0 1 1 1 1 1 1 1 0 1 1 0 0 1 1 1 1 1 1 1 1 0 1 0 0 1 1 1 1 1 1 0 1 1] 0.7908204906620577
[1 0 0 1 1 1 1 0 1 0 1 1 1 1 1 1 1 1 0 1 1 1 1 1 0 1 0 1 0 1 1 1 1 1] 0.8965619005459644
[1 1 1 0 1 1 0 1 1 1 1 0 1 1 0 1 0 1 1 0 1 1 0 1 1 0 0 1 1 1 0 1 1 1] 0.9260166918542118
[1 1 0 1 0 1 1 1 1 1 1 1 1 1 1 0 1 0 1 0 1 1 1 1 1 1 1 1 1 1 1 1 1 1] 0.8656393266345532
[1 1 1 1 1 0 0 1 1 1 0 0 1 1 0 1 1 1 1 0 1 0 1 1 0 0 1 1 1 1 1 1 0 1] 0.9272842302904141
[0 1 1 1 1 1 1 1 0 1 1 1 1 1 1 1 1 1 0 0 0 0 0 1 0 1 1 1 1 1 0 0 0 0] 0.8472866653217671
[1 0 1 0 1 1 1 0 1 1 1 0 0 1 0 0 1 0 0 0 1 0 1 1 1 1 0 1 1 1 1 0 1 1] 0.9269086477248742
[1 1 1 1 1 1 1 1 1 1 1 1 1 1 1 1 1 0 1 1 0 0 0 1 0 1 1 1 1 0 1 0 1 1] 0.9287138550322235
[1 0 1 1 0 1 1 0 1 1 0 1 1 1 0 0 1 0 0 0 0 1 0 0 1 0 1 0 1 1 1 0 1 1] 0.9145696138945659
[1 1 1 0 1 1 1 1 1 1 1 1 1 1 1 1 1 1 1 1 1 0 1 1 1 1 1 1 1 1 1 1 1 1] 0.9168940709501364
[1 1 1 0 1 1 1 0 1 1 1 0 1 1 0 1 1 1 1 1 1 1 0 1 1 0 0 1 0 1 1 1 0 1] 0.9253167491782932
[1 1 1 0 1 1 1 1 1 1 1 1 1 1 0 0 1 0 1 0 1 0 1 1 0 1 1 1 1 1 1 0 1 1] 0.924924924924925
[1 1 1 0 1 1 0 1 1 0 1 0 0 1 0 1 1 0 1 1 1 0 0 1 1 0 1 0 0 1 1 0 0 1] 0.9195057466540638
[1 1 1 0 1 1 1 1 1 1 0 1 0 1 1 1 0 1 1 1 1 1 0 1 0 1 1 1 1 0 1 0 1 1] 0.9320656590281164
[1 1 1 0 1 1 1 1 1 1 1 1 1 1 0 1 1 1 1 1 0 1 1 1 0 1 0 1 1 1 1 1 1 0] 0.9245051026681422
[1 1 1 1 1 0 1 1 1 0 1 1 1 1 1 1 1 0 0 0 1 1 1 1 1 1 1 0 1 1 1 1 1 1] 0.9276374928495548
[1 1 1 1 1 1 0 1 1 1 1 1 1 1 1 1 1 1 1 1 1 1 1 1 1 1 1 1 1 1 1 1 1 1] 0.9133111941331119
[1 1 1 0 1 1 1 0 0 1 1 1 1 0 1 1 1 1 1 1 1 0 1 1 1 1 1 0 1 1 1 1 1 1] 0.9142079672910106
[1 0 1 0 1 1 1 1 1 1 1 1 1 1 0 1 1 1 1 0 0 0 1 1 1 1 1 0 0 0 1 1 1 0] 0.9265051620157415
[1 1 1 0 1 1 1 1 1 0 0 1 1 1 1 1 1 1 1 1 0 0 0 0 0 1 1 1 1 1 1 1 0 1] 0.9368035754009182
[1 1 1 1 1 1 1 1 1 0 1 1 0 1 0 1 1 0 0 0 0 0 0 1 1 1 1 1 1 1 1 1 1 0] 0.9347955350144598
[1 1 0 1 1 1 1 1 1 1 1 1 1 0 1 1 1 1 1 1 1 0 1 1 1 0 1 1 0 1 1 1 0 1] 0.9098257801071803
[1 1 1 1 1 1 1 1 1 1 0 1 1 1 1 1 1 1 1 1 0 0 0 1 0 1 1 1 1 1 1 1 1 1] 0.9189163177902893
[1 1 1 0 1 1 1 1 0 1 0 1 1 1 1 1 1 1 1 1 1 0 0 1 1 1 1 0 1 1 1 1 1 1] 0.9332277645816838
[1 1 1 1 0 1 1 1 1 1 0 1 1 1 0 0 1 0 0 0 0 1 0 0 0 0 1 0 1 1 1 0 1 1] 0.9143164114961053
[1 1 1 1 1 1 1 1 1 1 0 1 1 1 0 0 1 1 1 1 1 0 1 1 1 1 1 0 1 1 1 1 1 1] 0.930750743411137
[1 1 1 0 1 1 1 1 1 1 1 0 0 1 0 1 1 0 0 1 1 0 1 1 1 1 1 1 1 1 1 0 1 1] 0.924924924924925
[1 1 0 1 1 1 1 1 1 1 1 1 1 1 1 1 1 1 1 1 1 1 1 1 1 1 1 1 1 1 1 1 1 1] 0.8916077231886829
[1 1 0 1 1 1 1 1 1 1 0 1 1 1 0 1 1 0 1 0 0 0 0 1 0 1 1 0 1 1 0 0 1 1] 0.9140351965589263
[1 1 1 1 1 1 1 1 1 1 1 1 1 1 1 1 1 0 1 0 1 0 1 1 1 1 1 0 1 1 1 1 1 1] 0.9302565775168514
[1 1 1 0 1 1 1 1 1 0 1 1 0 1 0 1 1 1 0 0 1 0 1 1 1 1 1 0 1 1 1 1 1 0] 0.9347955350144598
[1 1 1 1 1 0 1 1 1 1 0 1 1 1 1 1 1 1 1 1 1 1 1 0 1 1 1 1 1 1 1 1 0 1] 0.9296511430415436
[1 0 1 0 1 1 1 0 1 1 1 0 0 1 1 0 1 1 0 1 1 0 1 1 1 1 0 1 1 1 1 0 1 1] 0.9284956762930332
[1 1 1 0 1 1 1 1 1 1 0 1 1 1 1 1 1 1 1 1 1 0 0 1 1 1 1 0 1 1 1 1 1 1] 0.9296511430415436
[1 1 1 0 1 1 1 1 1 1 1 1 1 1 1 1 1 1 1 1 1 0 1 1 1 1 1 0 1 1 1 1 1 1] 0.9256141931696394
[1 1 1 1 1 1 1 1 1 1 0 1 1 1 1 1 1 0 1 0 1 0 1 1 1 1 1 0 1 1 1 1 1 1] 0.9374325782092773
[1 1 1 0 1 1 1 1 1 1 1 1 1 1 0 1 1 0 1 0 1 0 1 1 1 1 1 0 1 1 1 1 1 1] 0.9284956762930332
[1 1 1 1 1 1 1 1 1 1 1 1 1 1 1 1 1 1 1 1 1 0 1 1 1 1 1 0 1 1 1 1 1 1] 0.9287138550322235
[1 1 1 1 1 1 0 1 1 0 1 1 1 1 0 1 1 0 1 1 1 1 1 1 1 0 1 1 0 1 1 1 1 1] 0.9161998856300337
[1 1 1 1 1 1 1 1 1 0 1 1 1 1 1 1 1 0 1 1 0 1 1 1 1 1 1 1 1 1 1 1 1 1] 0.9256141931696394
[1 1 1 0 1 1 1 1 1 1 0 1 1 1 1 1 1 1 1 1 1 0 1 1 1 1 1 0 1 1 1 1 1 1] 0.9240572100527799
[1 1 1 1 1 1 1 1 0 1 0 1 1 1 1 1 1 1 1 1 0 0 1 1 1 1 1 0 1 1 1 1 1 1] 0.9379168182369347
[1 1 1 1 1 0 1 1 1 0 0 1 1 1 1 1 1 0 0 1 1 0 1 1 1 1 1 0 1 1 1 1 1 1] 0.9394703741819184
[1 1 1 1 1 1 0 1 1 0 1 1 1 1 1 1 1 0 1 1 0 0 1 1 1 0 1 0 0 1 1 1 1 1] 0.9165892241290295
[1 1 1 1 1 1 1 1 1 1 0 1 1 1 1 1 1 0 1 1 1 1 1 1 1 1 1 0 1 1 1 1 1 1] 0.9323002460699977
[1 1 1 1 1 0 1 1 0 1 0 1 1 0 1 0 1 0 0 1 1 0 0 1 0 1 1 0 1 1 1 1 1 1] 0.9430541317413416
[1 1 1 1 1 1 1 1 1 1 1 1 0 1 0 1 1 0 0 0 0 0 1 1 1 1 1 1 1 1 1 1 1 1] 0.9347955350144598
[1 1 1 0 1 1 1 1 0 1 0 1 1 0 1 0 1 1 1 1 0 0 0 1 0 1 1 0 0 1 1 1 1 1] 0.9372209088521146
[1 1 1 1 1 0 1 1 1 0 1 1 1 1 1 1 1 0 0 1 1 1 1 1 1 1 1 1 1 1 1 1 1 1] 0.9184469626602266
[1 1 1 0 1 1 1 1 1 1 0 1 1 1 1 1 1 0 1 1 0 0 0 1 0 1 1 1 1 1 1 1 1 1] 0.9265051620157415
[1 1 1 0 1 1 0 1 0 1 1 1 1 1 1 0 1 1 1 1 0 0 0 0 1 0 1 0 0 1 1 1 0 0] 0.9328033314404695
[1 1 1 0 1 0 0 1 0 1 1 1 1 1 1 0 1 1 1 1 1 1 1 0 1 1 1 0 1 1 0 1 0 0] 0.9243964465170823
[1 1 1 1 1 1 1 1 1 1 0 1 1 1 1 1 1 1 1 1 0 0 0 1 1 1 1 0 1 1 1 1 1 1] 0.9323002460699977
[1 1 1 1 1 1 1 1 0 1 0 1 1 1 1 1 1 1 1 1 0 0 0 1 1 1 1 0 1 1 1 1 1 1] 0.9379168182369347
[1 1 1 1 1 1 1 1 0 1 1 1 1 1 1 1 1 1 1 1 0 0 0 1 1 1 1 0 1 1 1 1 1 0] 0.9358857490124582
[1 1 1 1 1 1 1 1 0 1 0 1 1 1 0 1 1 1 1 1 0 0 0 1 1 1 1 0 1 1 1 1 1 1] 0.9399383052077663
[1 1 1 1 1 1 1 1 0 1 0 1 1 1 1 1 1 1 1 1 1 0 1 1 1 1 1 0 1 1 1 1 1 1] 0.9287138550322235
[1 1 1 1 1 0 1 1 0 1 0 1 1 0 1 0 1 1 0 1 0 0 0 1 0 1 1 0 1 1 1 1 1 1] 0.9383733139487925
[1 1 1 1 1 1 1 1 1 1 0 1 1 1 1 1 1 0 1 1 0 0 0 1 1 1 1 0 1 1 1 1 1 1] 0.9358857490124582
[1 1 1 1 1 1 1 1 0 1 0 1 1 1 1 1 1 0 1 1 0 0 0 1 1 1 1 0 1 1 1 1 1 1] 0.9430541317413416
[1 1 1 1 1 1 1 1 1 1 0 1 1 1 1 1 1 0 1 1 0 0 0 1 1 1 1 1 1 1 1 1 1 1] 0.9291964996022275
[1 1 1 1 1 0 1 1 0 0 0 1 1 1 1 1 1 1 0 1 1 0 1 1 1 1 1 0 1 1 1 1 1 1] 0.9347955350144598
[1 1 1 1 1 1 1 1 0 1 0 1 1 1 1 1 1 0 1 1 1 0 0 1 1 1 1 0 1 1 1 1 1 1] 0.9394703741819184
[1 1 1 1 1 1 1 1 0 1 0 1 1 1 1 1 1 1 1 1 1 0 0 1 1 1 1 0 1 1 1 1 1 1] 0.9358857490124582
[1 1 1 1 1 1 1 1 0 1 0 1 1 0 1 1 1 1 1 1 1 0 0 1 1 1 1 0 1 1 1 1 1 1] 0.9399383052077663
[1 1 1 1 1 0 1 1 0 1 0 1 1 0 1 1 1 0 0 1 1 0 0 1 1 1 1 0 1 1 1 1 1 1] 0.9399383052077663
[1 1 1 1 1 0 1 1 0 1 0 1 1 1 1 1 1 0 0 1 1 0 0 1 1 1 1 0 1 1 1 1 1 1] 0.9383733139487925
[1 0 1 1 0 1 0 1 1 1 1 0 1 1 1 1 0 0 1 1 1 0 1 0 1 1 1 1 0 0 1 0 1 0] 0.9025059931984166
[1 1 1 1 1 1 0 1 0 0 0 0 0 1 0 1 1 1 1 0 0 1 0 0 0 0 0 0 0 0 0 1 1 1] 0.9260166918542118
[1 0 0 1 1 0 1 0 1 0 0 1 0 0 0 0 0 1 1 1 1 0 0 1 0 0 1 0 1 0 1 0 1 0] 0.9095874122006526
[0 1 0 0 0 0 1 1 1 1 0 1 0 0 1 0 0 1 1 1 0 1 1 1 0 0 1 0 0 0 1 1 1 0] 0.7422532688518718
[0 0 1 1 1 0 0 0 0 1 1 0 0 0 1 0 0 1 0 1 1 1 0 1 0 0 1 1 1 0 1 0 1 0] 0.8239063292306275
[0 1 1 0 0 0 1 1 1 0 0 1 0 1 1 0 0 0 1 1 1 1 1 0 1 1 0 1 1 1 0 0 1 1] 0.7572499185402412
[0 1 0 0 1 0 1 0 1 1 1 1 0 0 0 0 1 0 0 1 1 1 1 0 0 1 1 0 0 1 0 1 0 0] 0.7853377822912133
[1 0 0 1 1 0 0 1 1 1 0 0 0 1 0 1 0 0 0 1 0 0 1 0 1 0 1 0 1 1 0 0 1 0] 0.9114545617555984
[1 0 1 0 1 0 1 1 1 0 1 1 1 1 0 0 1 0 1 1 0 1 1 1 0 0 0 0 1 1 1 1 1 1] 0.9221182522093626
[0 0 1 0 1 1 1 0 1 0 0 0 0 1 1 0 0 1 0 1 0 0 0 1 0 0 1 0 1 0 1 1 0 0] 0.8517849577452226
[0 0 0 0 0 0 0 0 0 0 1 0 0 0 1 0 1 0 1 1 1 1 0 1 1 1 0 1 0 0 0 1 0 0] 0.6629445112523621
[0 0 1 1 1 1 1 1 0 1 0 1 1 0 1 1 1 1 1 0 1 0 1 0 0 1 0 1 0 1 0 1 0 1] 0.8312390526235626
[0 1 1 1 1 0 1 0 0 0 1 1 0 0 0 0 1 1 0 1 0 0 0 1 0 1 0 0 0 1 0 0 1 0] 0.8728739183729717
[0 1 1 1 0 1 1 1 1 1 1 0 0 0 1 0 1 1 0 1 0 0 1 1 0 1 1 1 0 1 1 0 0 0] 0.8266721793458286
[1 0 0 1 1 1 1 0 1 1 1 1 0 1 0 0 0 1 1 1 0 1 0 1 0 0 1 1 1 1 0 0 1 0] 0.9104813315339632
[1 1 1 0 0 1 1 1 0 0 0 0 0 1 0 0 1 1 1 1 1 1 1 1 1 0 1 0 0 1 0 1 1 0] 0.899482197937166
[0 0 0 1 0 1 1 0 1 0 1 1 1 1 0 0 0 0 1 0 0 0 0 1 0 0 1 1 1 0 0 1 1 1] 0.7647643172900215
[0 0 0 1 1 0 0 0 1 0 0 1 0 0 0 0 1 1 0 0 0 1 1 1 0 0 0 0 1 1 0 1 0 1] 0.8027880278802788
[1 1 0 0 0 1 0 1 0 1 0 1 0 1 0 0 1 0 1 0 0 0 1 1 0 0 0 0 0 0 0 1 0 0] 0.8713826366559485
[0 1 0 1 1 0 1 1 0 1 1 0 0 0 1 1 1 1 0 1 0 0 1 1 1 1 0 1 0 0 1 0 0 1] 0.7816644803964437
[1 0 1 0 1 1 0 1 0 1 0 0 1 0 1 1 1 0 1 1 1 1 0 1 0 1 1 1 1 0 0 0 1 1] 0.9298780487804877
[1 0 1 1 0 1 1 0 0 0 1 1 0 0 1 0 1 0 1 0 1 0 1 0 0 1 1 0 0 1 1 1 1 0] 0.8924204690951557
[0 1 1 1 1 1 1 1 1 0 0 0 0 1 0 0 0 0 1 0 1 0 1 1 0 0 0 1 0 1 1 1 1 0] 0.8509466949373209
[1 0 1 0 1 1 0 1 0 0 1 1 1 1 0 0 0 1 0 1 1 0 1 0 0 0 1 1 1 1 0 0 1 0] 0.9328033314404695
[1 0 1 1 1 1 0 0 0 1 0 1 1 0 0 1 0 0 1 1 1 1 0 1 1 1 0 1 0 0 1 1 1 0] 0.9340440336974659
[1 1 0 1 0 0 1 0 1 1 1 1 1 1 1 0 1 0 0 1 0 0 0 1 1 0 1 0 0 0 1 0 1 1] 0.8855896804157285
[1 0 1 1 0 1 1 1 0 0 0 0 1 1 0 0 1 1 1 0 0 0 1 1 1 0 1 0 1 0 1 0 0 0] 0.9147948765546686
[1 1 0 0 1 1 1 1 0 0 0 1 1 0 1 1 0 1 0 1 0 1 0 1 0 0 0 0 1 0 1 1 0 0] 0.9164572950560841
[0 1 1 0 1 1 0 0 1 1 1 0 1 0 1 0 1 1 1 0 1 0 1 0 1 0 0 1 1 1 0 0 1 1] 0.7527266917261621
[0 1 1 0 1 1 1 0 0 1 1 1 1 0 1 0 0 0 1 0 1 0 0 0 1 1 1 1 0 0 1 1 1 1] 0.7908204906620577
[1 0 1 1 1 0 1 1 1 1 0 1 1 0 1 0 0 0 1 1 1 1 0 0 0 1 1 1 0 1 1 0 1 1] 0.9327779471028481
[0 1 1 0 1 0 1 1 0 0 0 0 1 0 1 1 1 0 0 1 1 0 0 0 1 0 0 0 0 1 1 0 0 1] 0.8160611914015531
[1 1 0 1 1 1 1 1 0 0 0 0 1 0 0 0 1 1 1 1 1 0 1 1 0 1 1 1 0 0 1 1 1 0] 0.9175884158273085
[1 0 0 0 0 1 0 0 1 0 0 0 1 0 1 0 1 0 1 0 1 0 1 0 0 1 0 0 1 1 0 0 1 1] 0.8587403887189057
[1 0 1 1 0 0 0 1 1 0 0 0 1 0 0 0 1 1 0 0 0 1 0 0 1 0 1 0 0 0 1 0 1 0] 0.8944370888762794
[1 0 1 1 1 1 0 1 0 1 0 0 0 1 1 0 0 0 0 0 0 1 1 1 0 1 0 0 0 1 1 1 1 1] 0.9260166918542118
[0 0 0 1 0 1 0 1 1 0 0 0 0 1 0 1 0 0 0 1 1 0 1 0 0 1 0 1 0 0 0 1 1 1] 0.7455821095585926
[1 0 0 0 0 1 0 0 0 0 0 1 1 1 1 1 1 1 1 1 0 0 0 0 1 1 0 1 1 1 0 1 0 1] 0.8716361447854871
[1 1 1 1 0 0 0 0 0 1 0 0 1 1 0 1 0 1 0 0 1 0 1 0 0 1 1 0 1 1 1 1 1 1] 0.8891145238397428
[1 0 1 1 0 0 0 1 0 0 0 0 1 1 0 1 1 0 1 1 0 1 0 0 1 1 0 0 0 1 0 1 1 1] 0.8977794552431275
[1 0 0 1 1 1 0 1 1 0 1 0 0 1 1 1 1 1 0 1 0 0 1 1 1 0 0 1 1 1 1 0 0 0] 0.9124035182193502
[0 1 0 0 1 1 1 1 0 1 0 1 1 0 0 1 1 1 1 0 1 1 0 1 1 1 1 1 0 0 0 0 1 1] 0.7820901801823669
[0 1 0 1 0 1 1 1 1 0 0 1 1 0 1 1 1 0 1 1 0 1 1 1 0 0 0 0 0 1 0 0 1 1] 0.7466191869091525
[1 0 0 1 0 0 0 0 1 0 1 0 0 0 1 1 0 1 0 0 1 1 0 0 0 1 0 0 0 1 0 1 1 1] 0.8628729113704018
[1 0 0 0 1 1 1 1 1 1 1 1 1 0 0 1 0 1 1 1 1 0 1 0 0 1 1 0 1 1 0 0 0 0] 0.911024062674874
[1 1 1 1 0 1 1 1 1 0 0 0 1 0 1 1 1 1 0 0 0 0 1 0 1 1 0 0 1 1 0 0 0 1] 0.9022808118853317
[1 0 0 0 0 0 1 1 1 0 0 0 1 1 1 0 1 0 1 1 0 1 0 1 1 0 0 1 0 0 0 1 1 0] 0.8697884178299743
[1 1 0 0 1 0 1 0 1 0 0 1 0 0 0 1 1 1 1 0 1 1 0 0 1 1 1 0 0 0 1 1 0 1] 0.9099378881987578
[1 0 1 1 1 1 1 0 1 0 0 0 0 1 0 1 0 1 0 1 1 0 1 1 1 0 1 1 0 1 1 1 0 1] 0.9284956762930332
[1 1 1 1 0 1 1 0 0 0 1 0 1 0 0 0 1 1 0 0 0 1 0 0 0 1 0 1 0 1 0 0 0 1] 0.8959515701853954
[0 1 1 1 1 1 0 0 1 1 0 1 0 0 0 0 1 0 0 0 0 1 1 1 1 1 0 0 0 1 1 1 0 1] 0.8399617144106054
[0 0 0 0 0 1 1 1 0 1 1 0 0 1 0 0 1 0 0 1 1 1 1 0 0 0 1 0 0 0 1 1 1 0] 0.7517053206002728
[0 1 0 0 0 1 0 1 0 1 1 1 1 0 0 1 1 1 0 1 1 0 0 0 0 1 0 1 1 0 1 0 0 1] 0.7173408824333501
[1 1 1 1 1 1 1 0 1 1 1 0 1 0 1 1 1 1 1 0 0 0 1 1 0 0 1 1 1 0 0 0 1 0] 0.9276374928495548
[1 0 0 1 1 0 0 0 0 0 0 1 0 0 1 1 0 0 1 0 0 0 0 0 1 0 0 0 1 1 1 0 1 0] 0.8995983935742972
[0 1 0 0 1 0 0 0 1 1 0 1 1 0 0 1 0 1 1 0 1 0 0 1 1 0 1 1 0 1 0 0 1 1] 0.7475039767150642
[1 1 0 0 1 1 0 1 0 1 1 0 0 1 1 1 0 0 0 0 1 1 0 0 0 1 1 0 1 0 0 0 1 0] 0.8996865203761756
[1 1 0 0 1 0 0 0 0 1 1 1 1 0 0 0 0 0 0 0 0 0 1 0 1 0 1 0 1 0 1 0 0 0] 0.8944370888762794
[0 1 0 0 0 1 1 0 0 0 1 0 0 1 1 1 1 0 0 0 0 0 1 0 0 0 1 0 0 0 1 0 1 0] 0.7718970169697268
[0 1 0 0 1 0 0 1 1 0 0 1 0 1 1 1 0 1 0 0 0 0 1 1 0 0 0 0 1 0 1 1 1 0] 0.805543770329515
[1 1 0 0 1 1 0 0 0 0 1 1 1 0 0 1 1 0 0 1 1 1 1 0 0 0 0 0 1 0 1 1 0 1] 0.8960713485663083
[1 1 0 1 1 1 0 1 1 0 0 0 0 1 1 0 1 1 1 1 1 0 1 0 0 0 1 0 1 0 0 1 1 1] 0.9006252401411157
[0 0 1 1 0 1 1 0 1 1 0 0 1 1 0 1 1 1 1 1 1 1 0 0 1 1 0 0 1 0 0 0 1 0] 0.7847993099389746
[0 1 1 0 1 1 1 1 0 1 1 0 0 0 0 1 0 1 0 1 1 1 0 1 0 1 0 1 0 1 1 1 0 1] 0.8385650224215248
[0 1 0 1 0 1 1 1 0 0 1 1 1 1 0 1 1 1 1 1 1 0 1 0 1 1 1 1 1 0 1 0 1 0] 0.7349751488056782
[0 1 1 0 0 0 0 1 0 0 1 1 0 0 1 0 0 1 1 1 0 0 1 1 0 0 1 1 1 0 1 0 0 1] 0.7797749525062107
[1 1 0 0 1 1 0 0 0 1 0 1 0 0 0 1 1 1 1 0 0 0 1 1 0 1 1 0 0 1 0 1 1 0] 0.9048361934477379
[1 1 0 1 0 0 1 1 0 1 0 1 0 1 1 0 0 0 1 1 1 1 0 0 1 1 0 1 1 1 0 1 0 1] 0.8888888888888888
[1 0 0 1 0 0 0 1 0 0 1 0 0 0 1 1 1 1 0 1 0 0 1 1 0 1 0 1 0 0 1 0 0 1] 0.8839295202873599
[0 1 0 0 0 1 0 0 1 1 0 0 1 0 0 1 0 0 0 0 0 1 1 1 0 1 0 0 1 0 0 0 0 0] 0.7071178738516312
[0 1 1 1 1 1 1 0 1 0 0 0 1 1 0 0 1 0 0 1 1 1 0 0 0 1 1 0 0 0 1 0 1 1] 0.8385650224215248
[1 0 0 1 0 0 0 0 0 1 1 1 1 0 1 1 1 0 0 1 0 0 0 1 1 0 0 1 0 1 1 0 1 1] 0.8786946864855629
[0 0 1 0 1 0 0 0 0 0 0 0 1 0 0 1 1 0 1 0 0 0 1 0 1 1 1 0 0 0 0 1 1 0] 0.8163398236676205
[0 1 0 0 0 1 0 1 0 0 1 1 1 0 1 1 1 1 0 1 1 0 1 0 1 1 0 0 1 0 1 0 1 1] 0.7094984524542204
[0 0 0 1 0 1 1 1 0 1 0 0 0 0 1 1 0 1 1 1 1 1 0 1 1 1 0 0 0 0 1 0 0 0] 0.7567902164002442
[0 1 0 0 1 0 1 1 1 0 1 1 0 0 1 1 0 1 0 1 1 1 0 1 1 1 1 0 1 0 0 0 1 0] 0.7733595156275568
[0 1 0 0 1 1 0 0 1 1 0 1 1 1 1 0 1 0 0 1 0 1 0 0 0 0 1 0 1 0 1 1 0 1] 0.7995504586429867
[0 1 1 1 1 0 0 1 0 1 1 1 1 0 1 1 1 1 0 1 0 0 0 0 0 0 0 1 0 0 0 1 0 1] 0.8568515316753116
[1 1 0 0 1 0 1 0 1 1 1 0 1 0 1 1 0 1 0 1 0 1 1 0 0 1 0 0 1 1 0 1 1 0] 0.9027029285207001
[1 0 0 0 1 0 1 1 0 1 1 0 1 1 0 0 0 0 1 1 0 0 1 1 0 0 1 1 0 0 1 1 0 1] 0.9080934492801748
[0 0 0 0 0 1 1 0 1 1 1 1 1 1 0 0 1 1 1 1 0 1 1 1 1 1 0 0 1 1 0 1 0 1] 0.7095801438181396
[1 1 0 0 0 1 1 0 1 0 0 1 1 1 1 1 0 1 0 0 1 1 0 1 0 0 1 1 1 1 0 1 1 0] 0.878671283827113
[1 0 0 0 0 1 0 1 0 1 0 0 1 1 1 0 0 1 1 0 0 0 1 1 0 0 1 1 1 1 0 1 1 1] 0.8751462739389789
[1 1 0 0 1 0 0 1 1 1 0 0 1 0 0 1 1 1 1 1 1 0 1 1 0 0 0 0 1 0 0 1 1 1] 0.9030123580355032
[0 0 1 1 1 1 0 0 0 0 1 1 0 0 0 0 1 0 0 1 1 0 0 0 0 1 0 1 0 1 0 0 1 1] 0.8568515316753116
[0 1 1 1 0 0 0 0 0 0 1 0 0 0 1 0 0 1 1 1 0 0 0 0 1 0 1 1 1 0 1 1 0 1] 0.7935573425234539
[0 1 0 1 1 1 1 0 1 0 1 0 1 0 0 1 1 1 1 1 1 0 1 0 0 0 1 1 1 1 0 1 0 1] 0.7857746853180643
[0 0 0 0 1 0 0 0 0 0 0 1 0 1 1 1 1 0 1 0 1 1 0 0 1 0 1 1 0 1 1 1 1 0] 0.771998852411984
[0 0 0 0 0 0 0 0 0 1 0 1 1 0 1 0 1 0 1 0 0 0 0 1 1 0 1 1 1 1 0 1 1 1] 0.6710239651416122
[1 1 0 0 0 0 0 1 0 0 1 0 1 1 1 0 1 1 1 1 0 1 1 0 1 0 1 1 0 1 0 1 1 1] 0.8627757173531135
[1 0 0 0 1 0 1 0 0 1 1 0 1 1 0 0 0 1 0 0 1 1 0 0 0 1 1 0 0 1 0 0 1 1] 0.8944370888762794
[1 1 1 0 0 1 1 0 0 1 1 1 0 1 0 0 0 0 1 1 1 1 0 0 0 0 0 0 0 0 1 0 0 0] 0.8995983935742972
[0 0 0 1 1 0 1 0 0 0 1 1 0 1 0 0 0 0 1 0 0 1 0 1 1 0 1 0 1 1 1 0 1 0] 0.7977338189435598
[1 1 1 0 0 0 0 0 0 1 0 1 1 0 0 1 1 0 1 0 1 1 0 1 0 1 1 0 0 0 1 0 0 0] 0.8892405063291139
[1 1 0 0 0 1 1 0 0 1 0 0 1 1 1 0 1 1 0 1 1 1 0 0 1 0 1 1 0 0 0 0 0 1] 0.8714955944616088
[1 1 0 1 1 1 1 1 1 1 1 1 1 1 0 0 1 0 1 1 0 0 1 1 0 1 0 1 0 1 0 1 0 0] 0.9117805718079588
[0 1 1 1 1 0 0 0 1 0 1 0 0 0 1 0 1 1 0 0 1 1 0 1 0 1 1 1 1 0 0 1 0 0] 0.8105934618477659
[1 0 1 1 0 0 1 1 0 0 0 0 1 1 0 0 0 1 0 1 0 1 0 1 1 0 1 1 0 0 1 1 0 1] 0.9112533046185279
[1 1 0 1 0 1 0 1 1 0 1 1 1 0 1 0 1 1 1 0 1 0 0 1 0 1 1 0 1 1 1 0 1 1] 0.8802514271053814
[0 0 1 1 1 0 1 1 0 1 1 1 1 1 0 1 1 0 0 1 0 0 1 0 0 1 0 0 0 1 0 0 1 1] 0.8517849577452226
[1 1 1 1 0 1 0 1 1 0 1 1 1 1 1 0 1 1 1 0 1 1 1 1 0 1 1 0 1 1 1 1 1 1] 0.8954223571067275
[1 0 0 1 0 0 0 0 1 0 1 0 0 0 1 1 1 1 0 0 1 1 0 0 0 1 1 0 0 1 1 1 1 1] 0.8628729113704018
[1 0 0 1 1 1 1 1 1 1 1 1 1 1 0 1 0 1 1 0 0 1 0 1 1 0 1 0 1 1 1 0 1 0] 0.9185551435242412
[0 1 1 1 1 0 1 1 0 1 1 0 0 1 1 0 0 1 0 1 1 1 1 1 0 1 1 1 1 0 1 0 1 1] 0.8032333546054031
[1 1 0 1 1 1 1 1 0 0 0 0 1 0 1 1 1 1 1 1 1 0 1 1 0 1 1 1 0 0 1 1 1 1] 0.9085497835497836
[1 1 1 0 1 1 1 1 0 1 1 1 1 1 0 1 0 0 1 1 1 1 0 1 0 1 0 0 1 0 1 0 0 0] 0.9372209088521146
[1 1 1 1 0 1 1 1 1 1 1 0 1 1 1 1 0 1 1 1 1 1 1 0 1 1 1 1 1 1 1 1 1 0] 0.8975332068311196
[1 1 1 1 1 0 1 1 0 0 1 1 1 0 1 0 1 1 0 1 1 1 1 1 0 1 1 1 1 1 1 0 1 1] 0.9260737012256257
[1 0 1 1 1 1 0 1 0 1 0 0 0 1 1 0 1 0 0 0 0 1 1 1 0 1 0 0 0 1 1 1 1 1] 0.9260166918542118
[0 1 1 1 1 1 1 1 1 1 1 1 1 1 0 1 1 1 1 0 1 1 1 1 1 1 1 1 1 0 0 0 1 1] 0.7871348413961639
[0 1 1 1 1 0 1 1 0 0 1 0 0 1 1 0 1 1 1 1 0 0 1 1 1 0 1 1 1 0 1 1 0 1] 0.7958656330749354
[0 1 1 1 1 1 0 0 1 1 0 1 0 1 0 0 1 1 0 0 0 1 1 1 1 1 1 0 0 1 1 1 0 1] 0.8239063292306275
[1 1 1 1 0 1 1 0 1 1 1 1 1 0 1 1 1 1 1 1 1 1 1 1 0 1 0 0 1 1 1 1 1 1] 0.8998157837595523
[0 1 0 1 0 0 1 0 0 0 1 0 0 0 1 0 1 0 1 1 1 1 1 1 1 1 0 1 0 0 1 1 0 0] 0.7099983951211684
[1 1 1 1 1 1 1 1 1 0 1 0 1 1 1 1 1 0 0 1 1 1 0 0 0 1 1 1 1 0 1 0 1 1] 0.9287138550322235
[0 1 1 1 1 1 1 1 1 0 0 0 1 1 0 0 1 1 1 0 1 0 1 1 0 0 1 1 0 1 1 1 1 1] 0.8082800952023049
[1 0 1 1 1 1 1 1 1 0 1 1 0 1 1 0 1 0 1 0 1 0 1 0 0 1 1 0 1 1 1 1 1 1] 0.9276374928495548
[1 0 1 1 0 1 1 1 1 0 1 0 1 1 0 1 1 1 1 0 0 1 1 1 1 1 1 1 1 1 1 0 1 1] 0.8965619005459644
[1 1 0 1 0 0 1 1 0 1 1 1 0 1 1 1 0 0 1 1 1 1 0 0 1 1 1 1 1 1 0 1 0 1] 0.8835135769288197
[1 1 1 1 1 1 1 1 0 1 1 1 1 1 1 0 0 1 0 1 1 1 1 1 1 0 1 1 0 0 1 1 0 1] 0.931216931216931
[1 0 0 1 1 1 1 1 1 1 0 0 0 1 0 1 0 1 0 1 0 0 1 0 1 0 1 0 1 1 0 0 1 0] 0.9189000041167511
[1 1 1 0 1 1 1 1 0 1 1 0 0 1 1 0 1 0 1 1 1 1 1 1 1 0 1 1 1 0 1 1 1 1] 0.9300778571961906
[1 1 1 1 1 1 1 1 1 1 1 0 0 1 1 1 1 1 1 1 1 0 1 1 1 0 1 0 1 1 0 1 1 1] 0.9260737012256257
[0 1 1 1 1 1 1 1 0 1 1 1 0 0 0 0 1 0 1 1 1 1 0 0 0 1 1 1 0 1 0 1 1 1] 0.8385650224215248
[1 1 0 1 0 0 1 0 1 1 1 1 1 1 1 1 1 0 1 1 1 0 1 1 1 1 1 1 0 0 1 0 1 1] 0.86430729893073
[1 0 1 0 1 1 1 0 1 0 0 0 1 1 1 0 0 1 0 1 1 0 1 1 0 0 1 1 1 0 1 1 0 0] 0.9304767136666056
[1 1 1 1 1 1 1 1 1 1 1 0 1 1 1 1 1 1 1 1 1 0 1 1 1 1 1 1 1 1 1 1 0 1] 0.9276374928495548
[0 1 0 0 0 1 1 0 1 0 1 1 1 1 1 1 1 1 0 1 1 0 1 0 1 0 1 1 0 0 1 0 1 0] 0.7274436090225564
[1 1 1 1 1 0 1 1 1 1 0 1 1 0 1 0 1 1 1 1 1 1 0 0 0 1 1 1 0 1 1 0 1 1] 0.931216931216931
[1 1 0 0 1 1 0 1 1 1 1 1 1 0 1 1 1 1 1 1 1 0 1 1 0 1 0 0 1 0 1 1 1 1] 0.9006252401411157
[1 1 0 0 0 1 1 1 0 1 0 1 0 1 0 0 1 0 1 1 0 0 1 1 0 0 1 0 0 0 0 1 0 0] 0.8839427662957074
[1 1 1 0 0 1 0 0 0 1 1 1 1 1 1 1 1 1 1 0 1 1 0 1 1 1 1 1 1 0 1 1 0 0] 0.8888888888888888
[0 0 1 1 1 0 0 0 1 0 1 0 1 0 0 1 1 1 1 0 1 0 1 1 1 1 1 0 0 0 0 1 1 0] 0.7847993099389746
[1 0 1 1 1 1 1 1 1 1 1 1 1 1 0 0 1 1 1 1 0 1 1 1 1 1 1 0 1 1 1 1 0 1] 0.9291964996022275
[1 1 1 1 1 1 1 1 0 0 1 1 1 0 1 1 1 1 0 1 1 1 1 1 1 0 0 0 1 1 1 1 1 1] 0.9291964996022275
[1 0 0 1 1 1 1 1 1 1 1 0 1 1 1 1 1 1 0 1 1 0 1 1 1 1 1 1 1 1 1 0 1 0] 0.9126287465327495
[1 1 1 1 0 0 1 1 1 0 0 0 1 0 0 0 1 1 0 0 0 1 1 1 1 0 1 0 0 1 1 1 1 0] 0.9027029285207001
[1 1 1 1 1 0 1 1 1 1 1 1 1 0 1 0 1 0 1 1 1 1 0 1 0 1 1 1 1 1 1 0 1 1] 0.9291964996022275
[1 1 0 1 0 1 1 1 0 1 0 1 0 1 0 0 1 0 1 1 0 0 1 1 1 0 1 0 0 0 0 1 0 0] 0.9011796018756576
[1 0 1 0 1 1 1 1 0 1 0 0 1 0 1 1 1 0 1 1 1 1 0 1 1 1 1 1 1 1 0 1 1 1] 0.9272842302904141
[1 1 0 1 1 0 1 1 1 1 1 1 1 1 1 1 0 1 0 1 0 1 1 0 1 1 1 0 1 1 1 1 1 1] 0.9062623984631126
[1 1 0 0 0 1 0 1 0 1 0 1 0 1 1 1 1 0 1 0 1 0 1 1 1 0 1 0 0 0 0 1 0 1] 0.8733660656218062
[1 1 1 1 1 1 1 0 1 0 1 1 1 0 1 1 1 0 1 1 1 1 1 1 1 1 0 1 1 0 1 1 1 1] 0.9287138550322235
[1 0 0 0 1 1 1 1 1 1 1 1 1 1 1 1 0 1 1 1 1 0 1 0 0 1 1 1 1 1 0 1 1 1] 0.9069268129989786
[1 0 1 1 1 1 1 1 1 0 1 1 0 1 1 1 0 1 1 1 1 0 0 1 1 1 0 0 1 1 1 1 1 0] 0.9317945899737438
[1 1 1 1 0 0 1 1 0 1 1 1 1 1 1 1 0 1 1 1 1 1 0 1 1 1 1 1 1 1 0 1 0 1] 0.9001140713680866
[0 1 1 1 1 0 1 1 1 0 0 0 1 0 1 1 1 0 0 1 1 0 0 1 1 0 0 0 0 1 1 0 1 1] 0.8032333546054031
[1 1 1 1 1 1 1 1 1 1 1 0 1 1 1 1 1 1 1 1 1 1 1 1 0 1 1 1 1 0 1 1 1 1] 0.9204760728111357
[1 1 1 1 1 1 1 0 1 1 0 0 0 1 0 1 1 1 1 1 1 0 1 1 1 1 1 1 0 1 1 1 1 1] 0.9233398270617587
[0 1 1 1 1 1 0 0 0 0 1 1 0 0 0 0 1 1 1 1 1 1 0 0 0 1 0 1 0 1 0 0 1 1] 0.8349028706610254
[1 1 0 1 0 0 0 1 1 0 1 1 1 0 1 1 1 1 1 1 0 0 1 1 0 1 1 1 0 0 1 1 1 1] 0.8714859437751002
[1 0 1 1 1 0 1 1 1 1 1 1 1 1 0 1 1 0 1 1 0 1 1 1 0 0 0 0 1 1 1 1 1 1] 0.9291964996022275
[0 1 1 1 1 1 1 1 1 1 1 0 0 0 1 1 1 1 1 1 0 1 1 1 0 1 1 1 0 1 1 0 0 0] 0.8239063292306275
[1 1 1 1 0 1 1 0 0 0 1 1 1 0 1 0 1 0 1 0 1 0 1 0 1 1 1 0 0 1 1 1 1 0] 0.8974870642272496
[1 1 0 1 1 1 1 1 1 1 0 0 0 1 0 1 0 1 0 1 0 0 1 0 1 1 1 0 1 1 0 0 1 0] 0.9172834161392514
[1 1 1 1 1 1 1 1 1 1 1 0 1 1 1 1 1 1 1 1 1 1 1 1 1 1 1 1 1 1 1 1 0 1] 0.9276374928495548
[1 0 1 1 1 0 1 1 1 0 1 1 1 1 0 0 1 0 1 1 0 1 1 1 0 0 0 0 1 1 1 1 1 1] 0.9296511430415436
[1 1 0 1 1 1 0 1 1 0 0 1 0 1 1 0 1 1 1 1 1 0 1 1 0 0 1 0 1 0 1 1 1 1] 0.9156618213853099
[1 1 1 1 1 1 1 1 1 1 1 1 1 1 1 1 0 0 1 1 1 1 0 1 0 1 0 0 1 1 1 0 1 1] 0.9271664008506113
[1 1 1 1 1 1 1 0 1 0 1 1 1 1 0 1 1 1 1 1 1 0 1 1 1 0 1 0 1 1 1 1 1 1] 0.9251265654143351
[1 1 1 1 1 1 1 1 1 1 1 1 1 1 1 0 1 1 1 1 1 1 1 1 1 1 1 0 1 1 1 1 1 1] 0.930750743411137
[1 0 0 1 1 1 1 1 1 1 1 1 0 1 1 1 0 1 1 1 0 1 1 1 0 0 1 1 1 1 1 0 1 1] 0.9062623984631126
[1 1 0 1 0 0 1 1 0 1 1 1 0 1 1 1 1 0 1 1 1 1 0 0 1 1 1 1 1 1 1 1 1 1] 0.8762601801026083
[1 1 1 1 1 1 1 1 1 1 1 1 1 1 1 1 1 1 1 1 1 0 1 1 1 1 1 1 1 1 1 1 0 1] 0.9291964996022275
[1 0 1 1 1 1 1 1 0 1 0 0 1 1 1 1 1 0 1 1 1 1 1 1 1 1 1 1 1 1 1 1 1 1] 0.9240572100527799
[1 0 0 1 1 1 0 1 1 0 0 1 0 1 1 0 1 1 1 1 1 0 1 1 0 0 1 0 1 0 1 1 1 1] 0.9156618213853099
[1 1 1 1 1 0 1 1 1 1 0 1 1 0 1 0 1 1 1 1 1 1 0 1 0 1 1 1 1 1 1 0 1 1] 0.9327779471028481
[1 1 1 1 1 1 1 1 1 1 1 1 1 0 1 1 1 1 1 0 0 0 1 1 0 1 1 1 1 0 1 1 1 0] 0.9287138550322235
[1 1 1 1 1 1 1 1 1 0 1 0 1 1 1 1 1 1 0 1 1 1 0 1 0 1 1 1 1 1 1 0 1 1] 0.922495429428319
[1 1 1 1 0 1 1 1 0 1 1 1 1 0 1 1 1 1 1 1 1 1 1 1 1 1 1 1 1 1 1 1 1 0] 0.897876643073812
[1 1 0 1 1 1 1 1 0 1 0 1 1 0 0 1 1 1 1 1 1 0 1 1 0 1 1 1 0 1 1 1 1 0] 0.9101676952808428
[1 0 1 0 1 1 1 0 1 0 0 1 1 1 1 0 1 1 0 1 1 1 1 1 0 0 1 1 1 0 1 1 0 0] 0.9288829115213759
[1 0 1 1 1 1 1 0 1 1 0 0 0 1 1 1 1 1 1 1 1 1 1 1 1 0 1 1 1 1 1 1 1 1] 0.9189163177902893
[1 1 1 1 1 1 1 1 1 1 1 0 0 1 1 1 1 1 1 1 1 1 1 1 1 0 1 0 1 1 0 1 1 1] 0.9276374928495548
[1 1 1 1 1 1 1 1 0 0 1 0 1 0 1 0 1 1 1 1 1 1 1 1 0 1 1 1 1 0 1 1 1 0] 0.930750743411137
[1 0 0 1 1 1 1 1 1 1 0 0 0 1 0 1 0 1 1 1 0 0 1 0 1 0 1 0 1 1 0 0 1 0] 0.9189000041167511
[1 1 1 0 1 1 1 0 1 0 1 0 1 1 1 0 0 1 0 1 1 0 1 1 0 0 1 1 1 0 1 1 0 0] 0.9284956762930332
[1 0 1 1 1 1 1 1 1 1 1 1 0 1 1 0 1 1 1 0 1 1 1 0 1 1 1 0 1 1 1 1 1 1] 0.9353851144496482
[1 0 1 0 1 1 1 1 1 0 1 1 1 0 1 1 1 0 1 1 0 1 1 1 0 1 1 0 1 1 1 1 1 1] 0.924924924924925
[1 1 1 1 1 1 0 1 0 0 1 1 0 1 0 0 1 1 1 1 1 1 0 0 0 1 0 1 0 1 0 1 1 1] 0.9213533958230553
[1 1 1 1 1 1 1 1 1 0 0 0 1 1 1 1 1 1 1 1 1 1 0 1 0 0 0 0 0 1 1 1 1 1] 0.9240572100527799
[1 1 1 0 1 1 1 1 0 1 1 1 1 1 0 1 0 0 1 1 1 1 1 1 0 1 1 0 1 1 1 0 1 0] 0.9336497697722063
[1 0 1 1 0 1 1 1 0 1 0 1 1 1 0 1 1 1 1 0 1 0 1 1 1 1 1 0 1 0 1 0 0 1] 0.9211409969703808
[1 0 1 1 1 1 1 1 1 1 1 1 1 1 1 0 0 1 1 1 1 1 1 1 0 0 1 1 1 1 1 0 1 1] 0.9287138550322235
[1 0 1 0 1 1 1 0 1 0 0 0 1 1 1 0 1 1 1 1 1 1 1 1 0 0 1 1 1 0 1 1 1 0] 0.920154959031849
[1 1 1 0 1 0 1 0 1 1 0 1 1 0 0 1 1 1 1 0 1 1 1 1 1 1 1 0 1 1 1 1 1 1] 0.9217498459642636
[1 0 1 1 1 1 1 1 1 0 1 1 0 1 1 1 0 1 1 1 1 0 0 1 1 1 0 1 1 1 1 1 1 0] 0.9394703741819184
[1 1 1 1 1 1 1 1 0 1 1 1 1 1 1 0 1 1 0 1 1 1 1 1 1 0 1 1 0 0 1 1 1 1] 0.9291964996022275
[1 1 1 0 1 1 1 1 1 1 1 1 1 1 0 1 1 0 1 1 1 1 1 1 0 1 1 0 1 1 1 0 1 0] 0.9300778571961906
[1 1 1 1 1 1 1 1 1 0 1 0 0 1 0 1 1 1 1 0 1 1 0 0 1 0 0 0 1 0 1 1 1 1] 0.9347955350144598
[1 1 1 1 1 1 1 1 1 1 1 0 1 1 1 1 1 1 1 1 1 0 1 1 1 1 1 1 1 1 1 1 1 1] 0.9204760728111357
[1 1 1 1 1 0 1 1 0 1 0 0 0 1 1 0 1 1 1 1 1 1 0 0 0 1 1 1 0 0 1 1 1 1] 0.9336497697722063
[1 1 1 1 1 1 1 1 0 1 1 0 1 0 1 0 1 1 1 1 1 1 1 1 0 1 1 1 1 0 1 0 1 1] 0.931216931216931
[1 1 1 1 1 1 1 1 1 1 1 1 1 1 1 1 0 0 1 1 1 1 1 1 0 1 0 0 1 1 1 0 1 1] 0.9256141931696394
[1 0 1 1 1 1 0 1 0 1 1 1 1 1 1 0 0 1 0 1 1 0 1 0 0 1 1 1 1 1 0 0 1 0] 0.9284956762930332
[1 1 1 0 1 1 1 1 0 1 1 1 1 1 0 1 0 1 1 1 1 1 0 1 0 1 0 1 1 1 1 0 1 0] 0.9265051620157415
[1 1 1 1 1 1 1 1 1 1 1 1 1 1 1 0 1 1 1 1 1 1 1 1 0 1 1 1 1 1 1 1 1 1] 0.9271664008506113
[1 1 1 1 1 1 1 1 1 1 1 1 1 1 0 1 1 0 1 1 1 1 1 1 0 1 1 0 1 0 1 0 0 1] 0.9260737012256257
[1 1 1 1 1 1 0 1 1 1 1 1 1 1 0 1 1 1 0 1 1 1 1 1 0 1 1 1 1 1 0 0 1 1] 0.9177810797424468
[1 1 1 1 1 0 1 1 0 1 0 1 1 1 1 0 1 1 1 1 1 1 0 1 0 1 1 1 1 1 1 0 1 1] 0.931216931216931
[1 1 1 1 1 1 1 1 0 1 1 1 1 1 1 0 0 1 1 1 1 1 0 1 0 1 1 1 1 0 1 0 1 1] 0.9363585456851593
[1 1 1 0 1 1 1 1 0 1 1 1 1 1 0 1 0 0 1 1 1 1 0 1 0 1 0 1 1 0 1 0 0 0] 0.9376106164913628
[1 1 1 0 1 1 1 1 0 1 1 1 1 1 0 0 0 1 1 1 1 1 1 1 0 1 1 1 1 1 1 0 1 0] 0.9304767136666056
[1 0 1 1 1 1 1 1 1 0 1 1 0 1 1 1 1 1 1 1 1 0 0 1 1 1 0 0 1 1 1 1 1 0] 0.9333279139400344
[1 1 1 0 1 1 1 1 0 1 1 1 1 1 0 0 0 1 1 1 1 1 0 1 0 1 1 1 1 1 1 0 1 0] 0.9288829115213759
[1 1 1 0 1 1 1 1 0 1 1 1 1 1 0 1 0 0 1 1 1 1 1 1 0 1 0 0 1 0 1 0 0 0] 0.9372209088521146
[1 1 1 0 1 1 0 1 0 0 1 1 1 1 0 0 0 1 1 1 1 1 0 0 0 0 1 1 1 1 0 0 1 0] 0.9331306990881459
[1 1 1 0 1 1 1 1 0 1 1 1 1 1 0 0 0 1 1 1 1 1 0 0 0 1 1 1 1 1 1 0 1 0] 0.9288829115213759
[1 0 1 1 1 1 1 1 1 0 1 1 0 1 0 1 0 1 1 1 1 0 0 1 1 1 0 1 1 1 1 1 1 0] 0.9343342124839386
[1 0 1 0 1 1 1 1 0 0 1 1 0 1 0 1 0 1 1 1 1 0 0 1 1 1 0 1 1 1 1 1 1 0] 0.9368035754009182
[1 1 1 0 1 1 1 1 0 0 1 0 1 1 0 0 1 1 1 0 1 1 0 0 0 0 1 1 1 0 1 0 1 1] 0.9320656590281164
[1 1 1 0 1 1 1 1 0 1 1 1 1 1 0 1 0 1 1 1 1 1 1 1 0 1 0 1 1 1 1 0 1 0] 0.9300778571961906
[1 0 1 1 1 1 1 1 1 1 1 1 0 1 1 0 0 1 1 1 1 1 1 1 1 1 1 1 1 1 1 1 1 0] 0.9271664008506113
[1 1 1 1 1 1 1 1 0 0 1 1 1 1 0 1 0 1 1 1 1 1 0 1 0 1 0 1 1 1 1 0 1 0] 0.9394703741819184
[1 0 1 1 1 1 1 1 1 1 1 1 1 1 0 1 0 1 1 1 1 1 0 1 0 1 0 1 1 1 1 0 1 0] 0.9235811744741417
[1 0 1 1 1 1 1 1 1 1 1 1 0 1 1 1 0 1 1 1 1 1 0 1 1 1 0 1 1 1 1 1 1 0] 0.9199950537900333
[1 0 1 1 1 1 1 1 0 0 1 1 0 1 1 1 0 1 1 1 1 0 0 1 0 1 0 1 1 1 1 1 1 0] 0.9343342124839386
[0 1 0 0 0 1 0 1 1 1 1 1 0 0 1 0 0 1 1 1 0 0 0 0 0 1 1 1 1 1 0 0 1 0] 0.7139234670355002
[0 1 1 1 0 0 0 1 0 0 0 1 1 1 1 1 0 0 0 1 1 0 1 0 1 1 1 1 0 1 0 1 0 0] 0.8017057569296375
[0 1 0 1 1 0 1 0 0 1 1 1 0 0 0 1 1 1 0 0 1 0 1 0 1 0 1 0 0 0 1 1 0 1] 0.8018657953307762
[1 0 0 1 0 1 1 0 0 1 1 0 1 0 1 1 0 0 0 0 0 1 0 0 0 0 1 0 0 1 1 1 0 0] 0.8820644060567285
[1 0 1 1 1 1 0 1 0 1 0 1 1 0 1 0 1 0 0 0 1 0 1 0 0 1 1 1 0 0 1 1 1 0] 0.9356348820894718
[0 0 1 0 1 1 0 1 1 0 0 1 0 1 0 0 0 1 0 0 1 1 1 0 0 0 1 1 1 0 0 1 1 1] 0.8229974160206718
[1 1 1 1 1 1 0 1 1 1 0 0 1 1 0 1 0 0 0 0 0 0 1 1 0 1 1 1 1 0 1 0 0 0] 0.9308477838086914
[1 0 0 0 0 0 0 1 0 1 1 0 1 1 1 1 0 0 0 1 1 1 0 0 1 1 0 1 1 0 0 0 1 1] 0.8662822091189876
[1 1 0 0 0 0 1 1 0 0 1 1 1 0 0 0 1 0 1 1 1 1 1 0 1 1 0 0 0 1 0 1 0 1] 0.8679909226703435
[1 0 1 0 0 0 0 1 0 1 1 0 0 0 0 0 1 1 0 1 1 0 1 0 1 0 0 0 1 0 1 0 1 0] 0.878671283827113
[1 1 1 0 0 1 1 0 1 1 1 1 1 0 1 0 1 1 1 1 1 1 1 0 0 1 1 0 1 1 0 1 0 0] 0.8993378593579751
[1 1 0 1 1 1 0 0 1 0 0 1 1 1 1 1 0 0 1 1 1 0 1 1 1 0 1 1 0 0 1 1 0 0] 0.9143164114961053
[1 0 1 0 0 0 0 1 1 1 1 1 1 1 1 1 0 0 0 0 0 0 1 1 1 0 1 0 0 1 1 1 0 0] 0.8943578525202808
[1 0 0 1 1 0 0 1 0 0 1 0 1 0 0 1 0 0 1 0 1 0 0 1 0 0 1 0 1 0 0 0 0 1] 0.899482197937166
[0 1 1 0 0 0 0 0 0 0 1 1 1 1 0 0 0 0 1 0 0 1 0 1 1 0 0 0 0 0 1 0 0 1] 0.7558671290014574
[0 1 0 1 0 0 0 0 0 0 1 0 1 0 0 1 0 1 0 0 0 0 1 0 0 0 0 0 1 0 0 1 0 0] 0.7635752320853311
[1 0 0 1 0 0 1 0 1 1 1 1 0 1 0 1 1 1 0 1 0 1 1 0 0 0 1 0 1 1 0 1 1 0] 0.8836604650171558
[1 1 1 1 0 0 0 1 1 0 0 1 1 0 0 0 1 1 1 0 0 1 0 1 1 0 0 1 1 1 1 0 1 0] 0.899482197937166
[1 0 1 1 0 0 0 1 0 1 1 1 0 1 0 0 1 0 0 1 1 1 1 0 1 0 0 0 0 1 1 0 0 0] 0.899482197937166
[1 1 0 1 0 1 1 0 0 1 0 0 0 1 0 1 1 0 1 1 1 0 1 0 1 0 0 0 0 0 0 0 0 1] 0.8961629387161302
[1 0 0 1 1 0 0 1 0 0 0 1 1 0 1 0 0 1 0 0 0 0 1 1 1 0 0 1 0 1 1 0 1 1] 0.9045584936064401
[1 1 0 0 1 1 0 1 0 0 0 0 1 0 1 0 1 0 0 0 1 1 0 1 1 0 0 1 0 0 1 1 1 1] 0.9065420560747663
[1 0 0 0 0 0 1 0 1 1 0 1 0 0 0 0 0 0 0 1 0 0 0 0 0 1 1 0 0 1 1 1 1 1] 0.876874568502267
[1 0 1 1 0 0 0 0 1 0 1 1 0 1 0 0 0 1 0 1 0 1 0 0 1 0 0 0 0 1 0 1 1 0] 0.8943578525202808
[0 1 0 1 0 1 1 0 0 0 0 1 0 0 1 0 0 1 0 1 1 1 1 0 0 0 0 0 1 0 0 1 0 0] 0.7749270994143449
[0 0 1 0 0 0 0 1 0 1 0 1 0 1 1 0 1 1 1 0 1 0 1 1 0 1 1 1 0 0 1 0 0 0] 0.7907479463899697
[1 0 1 1 1 1 0 0 0 1 1 1 0 0 0 1 1 1 0 1 1 1 0 0 1 0 0 1 0 1 0 1 0 0] 0.9288829115213759
[1 0 1 0 1 0 0 1 1 0 0 0 0 1 0 1 1 0 0 1 1 0 1 0 1 1 1 0 0 0 1 1 0 1] 0.9279519725091511
[1 0 0 1 1 1 1 1 1 1 1 0 0 1 1 1 0 0 0 1 0 1 0 0 0 1 0 0 0 0 0 0 1 0] 0.9172834161392514
[0 0 0 1 1 1 1 1 0 1 0 0 1 0 1 0 1 1 1 0 1 0 1 1 0 0 1 0 1 0 1 1 1 0] 0.7884900860996766
[1 0 0 1 1 0 1 0 0 0 1 1 1 0 0 0 0 1 0 1 0 1 1 0 1 0 1 0 1 0 1 1 0 1] 0.911024062674874
[0 1 1 0 1 1 0 1 1 0 0 0 1 1 0 0 1 0 1 0 0 1 0 1 1 0 0 0 0 1 0 0 0 1] 0.8349028706610254
[0 1 1 1 0 1 0 0 1 0 0 1 0 0 1 0 1 1 1 1 0 0 1 0 0 1 1 1 0 0 1 1 0 1] 0.7867159027828059
[0 1 1 0 0 0 1 0 1 0 0 1 1 0 1 0 1 0 1 0 1 1 1 0 0 0 1 0 0 1 1 1 0 0] 0.7448880730202437
[1 1 0 1 1 0 1 0 0 1 0 0 0 0 1 1 1 1 1 0 0 0 1 0 1 1 0 1 1 0 0 1 0 1] 0.9181145861177938
[1 1 0 1 0 0 0 1 0 0 0 0 1 1 0 1 0 1 1 0 0 0 1 1 0 1 0 0 1 1 1 1 1 1] 0.8768884603021536
[0 1 0 1 0 1 0 1 1 0 1 0 0 0 0 0 1 1 0 0 1 1 1 1 0 0 1 0 1 1 1 0 1 0] 0.7560277275467149
[1 1 0 1 1 0 0 1 0 1 1 1 1 1 0 1 0 1 1 1 1 0 1 0 1 0 1 1 0 1 1 0 1 0] 0.8989644556395185
[1 0 0 1 1 0 0 0 1 1 0 1 1 0 0 1 0 0 0 0 0 1 0 1 1 1 0 1 0 1 0 1 1 1] 0.9025059931984166
[0 0 1 1 0 0 1 1 1 1 0 0 1 1 0 1 0 0 0 1 0 1 0 1 1 0 1 1 0 1 1 1 0 0] 0.8115128115128115
[0 1 0 0 0 1 1 0 0 0 1 1 0 0 1 1 0 1 0 1 1 1 0 0 1 1 1 1 0 0 1 0 0 1] 0.7378347534344136
[0 0 0 1 1 1 1 0 0 1 0 0 1 0 1 0 1 0 0 1 1 1 1 0 0 0 0 1 1 0 1 1 1 1] 0.7797575580546225
[1 1 1 1 0 1 1 0 1 1 0 1 0 1 0 0 1 0 1 0 0 1 0 1 1 1 1 1 0 0 0 0 1 0] 0.9162200785994997
[0 1 0 1 1 1 0 0 1 0 0 0 1 0 1 0 0 1 1 1 1 0 0 1 0 0 1 0 0 0 0 1 1 0] 0.7977338189435598
[1 1 0 1 0 0 0 0 0 1 1 0 0 0 1 1 0 1 1 1 0 0 1 1 0 1 1 1 1 0 1 0 0 1] 0.8786946864855629
[0 1 0 1 1 0 0 0 1 1 1 1 1 0 0 0 0 1 0 0 1 1 1 1 1 0 0 1 1 0 1 1 0 1] 0.758597685046199
[0 0 1 0 1 1 1 0 0 0 0 1 1 0 0 0 1 1 1 0 1 0 0 1 1 1 0 0 0 0 0 1 1 0] 0.8202373786482691
[1 0 0 0 0 0 1 1 1 1 1 0 1 1 1 0 0 1 1 1 1 0 1 1 0 0 1 1 0 0 1 0 1 0] 0.8716361447854871
[1 1 0 0 0 0 0 0 1 1 0 0 0 0 0 0 0 0 1 1 1 0 1 0 0 0 0 1 0 0 0 1 0 0] 0.8585365853658536
[0 1 1 1 1 1 0 1 0 0 0 0 0 1 1 0 0 1 1 1 0 1 0 0 1 1 0 1 0 0 0 0 1 1] 0.8509466949373209
[0 0 1 1 0 0 1 0 0 0 0 0 0 0 1 0 0 0 1 0 1 0 1 1 1 0 1 0 0 1 0 1 1 1] 0.7884900860996766
[0 0 1 1 0 1 1 1 1 1 0 0 0 1 0 1 0 1 0 0 0 1 1 0 0 0 0 1 0 0 1 0 1 1] 0.8582619664077541
[1 0 0 1 1 0 0 1 0 0 1 0 0 0 1 1 0 0 1 0 1 1 0 1 0 0 0 0 1 0 1 1 1 0] 0.9080934492801748
[0 1 1 0 1 1 0 0 1 1 1 1 0 0 1 1 1 0 1 1 0 1 0 1 0 0 0 1 1 0 1 1 1 1] 0.777411611538305
[0 1 1 0 0 0 0 1 1 1 0 0 1 0 0 0 0 0 0 1 0 0 1 0 0 0 1 1 1 0 0 0 1 0] 0.7836350856782762
[0 0 0 0 0 1 0 0 0 0 0 0 1 1 0 0 0 0 0 0 0 1 0 1 1 1 1 0 1 1 0 0 1 1] 0.7148681755065581
[0 1 1 1 1 0 0 0 0 0 0 0 0 0 1 0 0 1 1 0 1 0 0 0 1 1 1 1 0 1 0 0 1 1] 0.8216197893796174
[0 1 0 1 1 0 0 0 1 1 0 1 0 0 1 1 1 0 1 1 0 0 1 1 0 1 0 1 1 1 0 0 0 0] 0.7669521593478225
[1 1 0 1 1 1 1 0 1 0 0 1 1 0 0 1 1 0 0 1 1 1 0 0 0 1 1 1 1 1 1 1 1 0] 0.9133884366001699
[0 0 0 0 1 1 0 0 1 1 0 0 0 1 1 1 1 1 0 0 1 0 0 0 0 1 1 1 0 0 1 0 1 0] 0.7954422483210797
[0 0 1 0 0 1 0 0 0 1 1 1 1 0 1 0 1 0 0 0 1 1 0 1 0 1 1 0 0 0 1 1 0 0] 0.7563957721372799
[1 1 0 1 0 1 0 0 1 0 0 0 1 1 1 0 1 1 1 0 1 0 0 0 1 0 0 0 0 0 0 1 1 1] 0.8663937799146687
[0 1 0 1 1 0 0 1 1 1 1 1 1 0 1 1 0 0 1 0 1 1 0 0 1 0 1 1 0 0 1 0 0 0] 0.7747151782432928
[0 1 1 0 0 1 0 0 1 1 1 0 1 0 0 1 0 0 1 0 1 0 0 1 1 1 1 0 0 1 0 1 0 1] 0.7586696038182971
[1 1 1 0 1 0 1 0 1 0 0 1 0 1 0 0 1 1 0 0 1 0 0 0 0 1 0 0 1 0 0 0 1 0] 0.9376106164913628
[0 1 0 0 1 1 0 1 0 0 0 1 1 0 1 1 0 1 1 1 1 1 1 1 0 1 0 1 1 0 0 0 1 0] 0.7572499185402412
[0 1 0 0 1 0 1 1 1 0 1 1 1 1 1 0 1 1 0 1 1 1 1 1 0 0 0 0 1 0 1 1 1 0] 0.7599404033593861
[0 0 1 0 0 1 1 1 1 1 1 0 1 0 0 1 0 0 0 1 1 1 1 1 1 1 0 1 1 1 1 1 1 1] 0.7710246248020415
[1 1 1 1 0 1 1 1 1 1 1 0 0 0 0 1 1 0 0 1 0 0 0 0 0 1 0 1 1 1 1 1 0 0] 0.9107667627799559
[0 1 1 1 1 0 0 1 0 0 0 1 1 0 1 0 0 1 1 0 1 1 0 1 0 1 0 0 0 1 1 1 1 0] 0.8105934618477659
[0 0 1 0 1 1 0 0 0 1 1 1 1 1 0 1 1 1 1 1 0 1 1 1 0 0 1 0 1 0 0 0 1 1] 0.7958656330749354
[0 1 0 1 1 0 1 1 1 0 1 0 0 1 0 0 0 1 1 0 1 1 1 0 1 1 0 1 0 0 0 1 1 1] 0.7733595156275568
[1 0 1 1 1 0 1 1 0 1 1 1 1 1 0 0 0 0 0 0 0 1 1 1 0 0 0 1 1 0 1 1 1 0] 0.9383733139487925
[0 0 1 0 1 1 0 0 1 0 1 0 0 0 1 1 0 0 0 1 1 0 0 1 0 1 0 1 0 0 1 1 0 1] 0.8078414780339891
[1 1 0 0 0 1 0 1 0 0 1 1 0 1 1 0 0 0 0 0 0 1 1 1 0 1 0 1 0 1 1 0 1 0] 0.868072626903006
[0 1 0 0 1 0 0 1 0 0 0 1 0 0 0 1 1 1 0 0 1 0 1 0 1 0 0 1 1 0 1 1 0 0] 0.8261805699223809
[1 1 1 0 0 1 0 0 0 0 0 0 0 0 1 1 0 1 0 1 0 0 1 0 1 1 0 1 1 1 1 1 1 1] 0.8855896804157285
[1 0 1 0 0 0 1 1 1 1 0 0 0 0 1 1 1 0 1 0 0 0 0 1 1 0 1 1 0 1 1 1 1 0] 0.909776617348419
[1 1 1 1 1 0 1 1 0 1 1 1 0 0 0 1 1 0 0 0 0 0 0 1 0 0 1 0 0 0 0 0 0 1] 0.9376106164913628
[1 0 0 0 1 1 0 0 0 1 0 0 1 0 1 1 1 1 0 1 1 1 0 1 0 0 0 0 1 1 0 1 1 0] 0.9065420560747663
[0 0 1 0 0 0 1 1 1 0 1 1 1 0 0 0 0 0 0 1 1 1 0 1 0 0 0 1 1 0 1 0 1 1] 0.7756810338497687
[0 0 1 1 1 1 0 0 0 0 1 0 1 0 1 0 0 1 0 1 0 1 0 1 1 0 0 0 0 0 0 1 0 0] 0.8582619664077541
[0 0 1 0 0 1 0 1 1 1 0 0 1 1 1 1 0 1 1 0 1 0 1 1 0 0 1 1 0 0 1 0 0 0] 0.7752302567117383
[1 1 1 1 1 0 1 1 1 0 1 0 1 0 0 1 1 1 0 0 0 0 1 0 1 1 1 1 0 0 1 0 1 1] 0.9300778571961906
[1 1 1 0 0 0 1 1 1 1 0 1 1 0 1 1 1 1 0 0 0 0 0 0 1 1 0 0 0 1 1 1 0 1] 0.904711344284138
[0 1 1 0 1 1 0 1 1 0 1 1 0 0 0 1 1 0 1 0 1 0 1 1 0 1 1 1 1 1 1 1 1 0] 0.7908204906620577
[1 1 0 0 0 0 1 0 0 0 1 0 0 1 0 0 0 1 1 0 1 1 0 1 0 0 0 1 0 0 0 1 1 0] 0.8678806664083688
[0 1 0 0 1 1 0 0 1 0 0 1 0 0 0 1 0 1 1 0 0 1 1 0 0 1 0 1 0 0 0 1 0 1] 0.7926788366633128
[0 0 1 1 0 1 0 1 0 0 0 0 0 1 0 0 0 1 0 0 1 0 0 1 0 1 0 0 1 0 1 1 1 1] 0.8379985343336129
[1 0 1 1 0 1 1 0 0 0 1 1 1 1 1 1 0 1 1 0 0 1 1 1 0 1 1 0 1 0 1 0 0 1] 0.9077111790265909
[1 0 1 1 0 1 1 1 1 1 0 1 0 1 0 1 0 0 1 1 0 0 0 1 0 0 0 0 1 1 1 1 1 1] 0.9159549449189257
[0 0 1 0 0 0 0 1 0 1 0 1 0 0 0 1 0 0 0 1 0 1 1 1 0 0 1 0 0 1 1 1 1 0] 0.8257779617746498
[1 1 0 1 0 0 0 0 1 1 0 0 1 1 1 1 1 1 0 1 0 1 0 0 1 0 0 0 1 1 0 1 1 1] 0.8751787041802482
[0 1 1 0 0 0 0 0 1 0 1 1 1 1 0 1 0 0 0 1 1 1 0 1 1 0 0 0 1 1 0 0 0 1] 0.7609301551645242
[1 0 1 1 0 0 0 1 1 1 0 0 0 1 1 1 1 0 1 0 0 1 0 1 1 1 1 0 1 1 1 0 0 0] 0.9079163291165535
[1 0 0 0 0 0 0 0 0 0 0 0 1 0 1 1 1 1 0 1 1 0 0 1 1 1 1 1 0 1 1 0 0 1] 0.8626839151444236
[0 1 0 1 1 1 0 0 0 1 1 1 1 1 0 1 0 1 1 0 0 0 1 1 0 0 0 0 1 1 1 0 0 0] 0.8151823638580226
[0 0 1 0 1 0 0 0 0 0 0 1 0 1 0 0 1 0 1 0 1 1 0 0 0 0 1 0 1 1 1 1 1 1] 0.8335042267641898
[0 1 1 0 1 1 1 0 0 0 0 0 0 0 1 0 0 1 1 0 1 0 0 0 0 0 0 0 1 0 1 0 0 0] 0.8417640599852594
[0 1 1 1 0 1 1 0 1 1 0 1 0 0 1 0 0 1 0 1 1 0 1 0 0 0 0 1 1 1 0 0 1 0] 0.8009101251422072
[0 1 1 1 1 1 1 0 1 1 0 1 0 0 1 1 0 1 0 1 1 1 1 1 0 0 1 0 1 0 1 1 1 0] 0.8229974160206718
[1 1 1 1 1 1 1 1 1 1 1 1 0 1 1 1 0 0 1 1 0 0 0 1 1 0 0 0 1 1 1 1 1 1] 0.9353851144496482
[1 1 0 0 0 1 1 1 0 1 1 1 1 0 1 1 1 1 1 1 1 1 1 1 1 1 0 1 1 1 0 1 0 1] 0.8747576580069795
[1 1 1 1 1 1 1 0 1 1 1 1 1 1 1 0 1 1 1 1 1 1 1 0 1 1 1 0 1 1 0 1 0 0] 0.9276374928495548
[0 1 0 1 1 1 1 0 0 1 1 1 1 1 0 1 0 1 1 0 1 0 1 1 1 0 0 0 1 1 1 1 1 1] 0.7834472064738092
[0 1 1 1 1 0 0 1 0 1 0 1 1 0 1 1 0 1 1 0 1 1 0 1 1 1 0 0 0 1 1 1 1 0] 0.7995504586429867
[1 1 1 1 0 1 1 1 1 1 1 0 1 1 0 1 1 0 0 1 0 0 0 1 0 1 1 1 1 1 1 1 0 0] 0.9052987598647125
[0 1 0 1 1 1 0 0 0 0 1 0 1 0 1 1 1 1 0 1 0 1 1 0 0 0 0 1 1 0 1 1 1 1] 0.7710246248020415
[1 1 1 1 1 1 1 1 1 1 1 1 0 1 0 1 1 1 1 0 0 1 0 1 1 1 1 1 0 0 0 1 1 0] 0.9265051620157415
[1 0 1 0 0 1 1 1 1 1 0 0 1 1 1 1 1 1 1 0 1 1 1 1 0 0 1 1 1 1 1 1 0 1] 0.9039311953758835
[1 1 1 0 1 1 1 1 1 0 0 1 0 1 0 1 1 1 1 1 1 1 1 0 1 1 1 1 0 1 1 1 0 1] 0.9368035754009182
[1 1 1 1 0 0 1 0 1 1 0 1 0 1 0 1 0 0 0 1 0 1 1 1 1 1 1 1 1 1 1 1 1 1] 0.9055764149631484
[0 0 1 0 1 1 0 1 1 0 1 1 0 1 1 1 1 0 1 0 1 1 1 0 1 0 1 1 1 1 1 1 1 1] 0.7847993099389746
[1 1 0 0 0 0 1 1 1 1 1 1 1 1 1 0 0 1 1 1 1 0 1 1 0 0 1 1 0 1 1 1 1 1] 0.8646362098138747
[0 1 1 0 1 1 1 0 0 0 1 1 1 0 1 0 1 1 1 0 1 0 0 1 1 1 0 1 0 0 1 1 1 1] 0.7700155245065424
[1 0 1 1 1 1 1 0 1 1 0 0 0 1 1 1 1 1 1 1 1 0 0 0 0 1 1 1 0 0 1 0 1 0] 0.931216931216931
[1 1 0 1 1 1 1 1 1 0 0 1 1 1 0 1 1 1 0 1 1 1 0 0 1 1 1 1 1 1 1 1 1 0] 0.904658328801885
[0 1 1 1 0 1 1 0 1 0 1 1 1 0 1 1 1 1 1 0 1 1 1 1 0 1 1 0 0 1 1 1 0 0] 0.7797575580546225
[0 1 1 1 1 1 1 0 1 0 0 0 1 0 1 0 1 1 1 1 1 1 1 1 1 1 1 0 1 1 0 1 1 0] 0.7824505238649594
[1 1 1 1 1 1 1 1 0 1 1 0 1 1 1 1 1 1 1 0 1 1 1 1 1 1 0 1 1 1 1 1 1 1] 0.9296511430415436
[1 1 1 0 1 1 1 1 1 1 0 1 1 1 1 1 1 0 0 0 1 1 1 1 1 0 0 0 0 1 1 1 1 1] 0.924924924924925
[1 1 1 1 0 0 1 1 1 1 1 1 1 0 1 1 1 1 1 0 1 0 1 0 1 1 0 1 0 1 1 1 1 1] 0.8970814132104455
[1 1 1 1 0 1 1 0 1 0 1 1 1 1 1 1 0 1 1 1 1 1 1 1 0 1 1 0 1 1 1 0 1 1] 0.8965619005459644
[1 0 1 1 1 1 1 1 1 1 1 1 1 0 1 0 1 1 1 0 1 0 1 0 0 1 1 1 0 0 1 1 1 0] 0.9240572100527799
[1 1 1 0 0 1 0 1 0 1 1 1 1 1 1 1 1 1 1 0 0 1 1 1 0 1 1 1 1 1 1 0 1 1] 0.8835135769288197
[0 1 0 1 1 0 0 0 1 1 1 1 1 1 1 1 1 1 1 1 1 1 1 1 1 1 1 1 1 1 0 0 0 1] 0.7471652736495356
[1 0 1 0 0 0 0 1 0 1 1 0 0 0 1 1 1 1 0 1 1 0 1 1 1 0 1 1 1 1 1 0 1 0] 0.878291214370504
[1 0 1 1 0 0 0 1 1 1 0 1 0 1 1 1 1 1 1 0 0 1 0 1 1 1 1 0 1 1 1 0 0 0] 0.9045584936064401
[1 1 1 1 0 1 1 1 1 1 1 1 1 0 1 1 0 0 1 1 1 1 1 1 1 1 1 1 0 1 0 1 1 1] 0.9066088057137691
[1 0 1 1 0 0 1 1 1 0 1 1 1 0 0 0 0 0 0 1 1 1 0 1 0 0 0 1 1 0 1 0 1 1] 0.9025059931984166
[0 0 1 1 1 0 0 1 1 1 0 1 1 1 1 0 1 1 1 0 1 0 1 1 0 1 1 1 1 0 1 0 1 1] 0.7834472064738092
[1 1 1 1 1 0 1 1 1 1 1 1 0 0 1 1 1 1 0 0 0 0 1 1 1 1 1 1 1 1 0 1 1 1] 0.9213533958230553
[0 1 1 1 1 1 0 0 1 0 1 1 1 0 1 1 0 0 0 1 1 0 0 1 0 1 0 1 0 0 1 1 0 1] 0.8326300984528833
[1 1 0 1 1 1 1 1 1 1 1 0 1 1 1 1 1 0 0 1 1 1 0 1 1 1 1 1 0 1 1 0 1 0] 0.9117805718079588
[1 0 1 0 0 0 0 1 0 1 1 0 0 1 0 0 1 1 0 1 1 0 1 1 1 0 0 0 1 1 1 0 1 0] 0.889015921409214
[1 1 1 1 0 1 1 0 0 1 1 1 1 1 1 1 1 0 0 0 0 1 0 0 1 0 1 0 0 1 1 1 0 0] 0.9025059931984166
[1 1 0 1 0 1 0 0 1 1 1 0 1 0 1 1 1 1 1 1 1 1 1 1 1 1 1 1 1 1 1 0 1 1] 0.8501773049645389
[1 0 1 1 0 1 0 1 1 1 1 1 0 1 1 1 1 0 1 0 0 1 0 1 1 1 1 1 1 1 1 0 0 1] 0.9041684931220907
[1 1 1 1 0 0 0 1 1 1 1 1 1 1 1 1 1 1 1 1 1 1 0 1 1 1 1 1 1 1 1 1 0 0] 0.893537005345334
[1 1 0 1 1 1 0 0 1 1 0 1 1 1 1 1 1 1 0 1 0 1 0 0 1 1 1 1 1 1 0 1 1 1] 0.8949272302451932
[0 1 1 0 1 1 1 1 1 1 1 1 1 1 1 1 1 0 1 0 1 1 1 1 1 1 1 1 1 1 1 1 1 1] 0.7636372673277169
[1 1 1 1 1 1 0 1 0 0 1 0 0 1 1 1 0 1 1 0 1 1 0 1 1 1 0 1 1 0 1 1 1 1] 0.9280805606586379
[1 1 1 1 1 1 1 1 1 0 0 1 1 0 1 0 0 1 1 1 1 1 0 1 0 1 0 1 0 1 1 1 1 1] 0.9260737012256257
[1 1 1 1 1 1 1 1 1 1 1 1 1 1 1 0 1 1 1 1 1 1 1 0 1 1 1 0 1 1 0 1 0 1] 0.9276374928495548
[1 1 0 1 1 1 0 1 0 1 1 1 1 1 1 1 0 1 1 1 1 0 1 0 1 1 1 1 0 1 1 0 1 1] 0.8987352409765116
[1 0 1 1 1 1 1 1 1 1 1 1 1 0 1 0 1 1 0 0 0 0 1 0 0 0 1 1 0 0 1 1 1 0] 0.9291964996022275
[1 0 0 1 1 1 1 1 1 1 1 1 0 1 1 1 1 1 0 1 0 1 1 0 0 1 1 0 1 1 0 1 1 0] 0.9098257801071803
[1 1 1 0 1 1 0 0 1 0 0 1 0 0 1 1 0 1 0 0 0 1 1 0 1 1 0 1 1 1 1 1 1 1] 0.9221182522093626
[1 1 1 1 1 1 1 1 1 1 0 1 0 1 1 1 1 1 0 0 1 1 1 1 1 0 0 1 0 1 1 1 1 1] 0.9327779471028481
[1 1 1 1 1 1 1 1 1 1 1 1 0 0 1 1 1 1 0 0 1 1 1 1 0 1 1 0 0 1 1 1 0 0] 0.9291964996022275
[1 1 0 1 0 1 0 1 0 1 1 1 1 1 1 0 0 0 1 0 1 1 1 1 0 1 0 1 1 1 1 0 1 0] 0.8802514271053814
[1 1 1 1 1 1 1 1 1 1 1 1 1 1 0 1 1 1 1 1 1 0 1 1 1 1 1 1 1 1 1 0 0 1] 0.9291964996022275
[1 1 1 1 1 1 1 1 1 1 1 1 1 1 0 1 1 1 1 0 1 1 1 1 0 0 1 1 0 1 1 1 1 1] 0.9193573866875469
[0 1 1 1 1 1 1 1 1 1 0 0 1 0 1 0 1 0 1 1 1 1 1 1 1 1 0 1 1 1 1 1 1 1] 0.7747151782432928
[1 1 1 1 1 1 1 1 0 1 1 1 1 1 0 0 0 1 0 0 0 1 1 1 1 1 1 1 1 0 1 1 1 0] 0.9399383052077663
[1 1 1 1 1 1 1 1 1 1 1 1 1 1 0 0 1 0 1 0 0 1 1 1 1 1 1 1 1 0 1 1 1 0] 0.9374325782092773
[1 0 1 1 1 1 0 1 0 1 1 1 1 0 1 0 1 1 0 0 1 1 1 1 1 1 1 1 0 0 1 1 1 0] 0.9320656590281164
[1 1 1 1 1 1 1 1 1 1 0 1 0 1 0 1 1 0 1 1 1 0 1 0 1 0 1 1 1 1 0 0 0 1] 0.9363585456851593
[1 1 1 1 0 1 1 1 1 1 1 1 0 1 0 1 0 0 1 1 0 1 0 1 0 0 0 1 1 1 1 1 1 1] 0.9049927560459156
[1 1 1 1 1 1 1 0 1 1 1 1 0 1 0 1 1 1 1 1 1 1 1 0 1 0 0 1 1 1 1 1 0 0] 0.9363585456851593
[0 0 1 1 1 0 0 1 1 1 0 1 1 1 0 0 1 0 1 1 1 1 1 1 1 0 1 1 1 1 1 1 1 1] 0.7921788512687802
[1 1 1 0 1 1 1 1 1 1 1 1 1 1 1 1 1 1 1 1 1 1 1 0 0 1 1 0 1 1 1 1 0 0] 0.9343342124839386
[1 1 1 1 1 1 1 1 1 1 1 1 1 1 1 1 0 1 0 0 1 1 1 1 1 1 1 1 1 0 1 1 1 1] 0.9291964996022275
[1 1 1 1 1 1 1 1 1 1 0 1 1 1 1 1 1 1 0 0 1 1 1 1 1 0 0 1 0 1 1 1 1 1] 0.9256141931696394
[1 1 0 1 1 0 1 1 1 1 1 1 0 1 1 1 1 1 0 0 0 1 1 0 0 1 1 0 0 1 0 1 1 0] 0.903665600234197
[1 0 1 1 1 1 1 1 1 1 1 1 0 1 1 1 0 1 1 1 0 1 1 0 0 1 0 0 0 1 1 0 1 0] 0.9287138550322235
[1 1 1 1 1 1 1 1 1 1 1 0 1 1 1 1 1 1 1 1 1 1 1 1 1 1 1 1 1 1 1 1 1 0] 0.9184469626602266
[1 1 1 1 1 0 1 1 1 0 1 1 1 1 0 0 1 1 0 0 1 0 0 0 0 1 0 0 1 0 1 1 1 0] 0.9316552126116601
[1 1 1 1 1 1 1 1 1 1 1 1 1 1 0 1 1 1 1 1 1 1 1 1 1 1 1 1 1 0 1 1 1 0] 0.9287138550322235
[1 1 1 1 1 1 0 1 1 1 0 1 1 1 1 0 1 0 1 0 1 1 1 0 1 1 1 1 0 0 1 1 1 1] 0.9288829115213759
[1 1 1 1 1 1 1 1 1 1 1 1 0 1 1 1 1 1 1 0 1 1 1 1 1 1 1 1 1 1 1 1 0 0] 0.9332277645816838
[1 0 1 0 1 0 1 1 1 1 0 0 0 1 1 1 1 1 1 1 1 0 1 1 1 1 1 1 1 0 1 1 1 1] 0.9265051620157415
[1 1 1 1 1 1 1 1 1 1 0 1 1 1 0 1 0 0 1 1 0 0 1 1 0 1 1 1 1 0 1 1 1 0] 0.9383733139487925
[1 1 1 1 1 0 1 1 1 1 1 1 1 1 0 1 1 1 1 0 1 1 1 1 1 1 1 1 1 1 1 1 1 1] 0.9173517302157776
[1 1 1 0 0 0 1 1 1 1 1 1 1 0 1 1 1 1 0 0 1 1 0 0 1 1 0 1 0 1 1 1 0 1] 0.9010230339546853
[1 1 1 1 1 1 1 1 1 1 1 1 0 1 1 1 0 0 1 1 0 0 1 1 1 0 0 0 1 1 1 1 1 1] 0.9353851144496482
[1 1 1 1 1 1 1 1 1 1 0 1 0 1 1 1 1 1 0 0 1 1 1 1 1 1 0 1 1 1 1 1 1 1] 0.9280805606586379
[1 1 1 1 1 1 1 0 1 1 0 1 0 1 1 1 1 1 1 1 1 0 1 1 0 1 1 1 1 1 1 1 1 0] 0.9332277645816838
[1 1 0 1 1 0 0 1 0 0 1 1 0 0 1 1 1 0 1 0 1 1 0 1 1 0 1 1 1 1 1 1 1 0] 0.8989644556395185
[1 1 1 1 1 1 1 1 1 1 1 1 0 1 1 1 1 1 1 0 1 0 1 1 1 0 1 0 1 1 1 1 1 1] 0.9317945899737438
[1 1 1 1 1 1 1 0 0 1 1 1 1 1 1 1 1 1 0 0 1 1 1 0 1 1 1 1 0 1 1 1 1 1] 0.931216931216931
[1 0 1 0 1 1 0 1 1 1 0 0 0 1 0 1 1 0 0 1 1 0 1 0 1 1 1 1 1 0 1 1 0 1] 0.9276319814033156
[1 1 1 1 1 1 1 1 0 1 1 0 1 1 1 1 1 1 1 0 1 1 1 1 1 1 0 1 1 1 1 1 1 0] 0.9347955350144598
[1 1 1 1 1 1 1 1 1 1 1 1 1 1 1 1 1 1 1 1 1 1 1 0 0 1 1 0 1 1 1 1 0 0] 0.9323002460699977
[1 0 1 0 1 1 1 1 0 1 0 1 1 0 1 1 1 1 0 0 1 1 0 1 0 0 0 0 1 1 0 1 1 0] 0.9372209088521146
[1 1 1 1 1 1 1 1 1 1 1 1 1 1 0 0 1 0 1 1 0 1 1 1 1 1 1 1 1 1 1 1 1 1] 0.9271664008506113
[1 0 1 0 0 0 1 1 1 1 0 0 0 0 1 1 1 0 1 0 1 0 0 1 1 0 1 1 1 1 1 1 1 0] 0.9045584936064401
[1 1 1 0 0 0 1 1 1 1 0 0 1 1 1 1 1 1 1 1 1 1 0 1 1 0 1 1 1 1 1 1 1 1] 0.8918796907623724
[1 1 1 1 1 1 1 1 1 1 1 1 0 1 0 1 1 1 1 0 1 1 1 1 1 1 1 1 1 1 0 1 1 0] 0.9300778571961906
[1 1 1 1 1 1 1 1 1 1 1 1 0 0 1 1 1 1 0 1 1 1 1 1 0 1 1 0 0 1 1 1 0 0] 0.9260737012256257
[1 1 1 1 1 1 0 1 1 1 1 1 1 1 0 1 1 0 1 0 1 0 1 1 1 1 1 1 1 0 1 0 1 1] 0.9320656590281164
[1 1 1 0 1 1 1 1 1 0 0 1 1 1 0 1 1 1 1 1 1 1 1 0 1 1 1 1 0 1 1 1 1 1] 0.9280805606586379
[1 1 1 1 1 1 1 1 1 1 1 1 1 1 0 0 0 1 0 0 0 1 1 1 1 1 1 1 1 0 1 1 1 0] 0.9327779471028481
[1 1 0 1 1 0 1 1 1 1 1 1 0 1 1 1 1 1 1 0 0 0 1 1 1 1 0 1 1 1 1 1 0 1] 0.9137258960295284
[1 1 1 1 1 1 1 1 1 1 1 1 1 1 0 1 1 1 0 0 1 1 0 0 1 1 0 1 1 0 1 1 1 0] 0.9327779471028481
[1 1 1 1 1 1 1 1 1 1 0 1 1 1 0 1 0 0 1 1 1 0 1 1 0 1 1 1 1 0 1 1 1 0] 0.9394703741819184
[1 1 1 1 1 1 1 1 1 1 1 1 0 1 1 1 0 0 1 1 1 1 0 1 1 0 0 0 1 1 1 1 1 1] 0.930750743411137
[1 1 1 1 1 1 1 1 1 1 1 1 1 1 1 1 1 1 1 0 1 1 1 1 1 1 1 1 1 0 1 1 1 0] 0.9220310176333121
[1 1 1 1 1 1 1 1 1 1 1 1 0 1 1 1 0 0 1 1 1 0 1 1 1 0 0 0 1 1 1 1 1 0] 0.9369205230981011
[1 0 1 1 1 1 1 1 1 1 0 1 1 0 1 1 1 0 1 0 1 0 1 1 1 1 1 1 0 0 1 1 1 0] 0.9327779471028481
[1 1 1 1 1 1 1 1 1 1 1 1 1 1 0 1 1 1 1 0 1 1 1 1 1 1 1 1 1 0 1 1 1 0] 0.9256141931696394
[1 1 1 1 1 1 1 1 1 1 1 1 0 1 1 1 1 0 1 1 1 0 1 1 1 0 1 1 1 1 1 1 1 1] 0.9323002460699977
[1 1 1 1 1 1 0 1 0 1 1 1 1 0 1 0 1 0 0 0 1 1 1 1 1 1 1 1 1 0 1 1 1 0] 0.9336497697722063
[1 1 1 0 1 1 1 1 0 1 0 1 1 0 1 1 1 1 0 0 1 1 1 1 1 0 0 0 1 1 0 1 1 0] 0.9352290679304898
[1 1 1 1 1 1 1 1 0 1 1 1 1 1 1 1 1 0 1 0 1 1 1 1 1 1 0 1 1 0 1 1 1 0] 0.9347955350144598
[1 1 1 1 1 1 1 1 1 1 1 1 1 1 1 1 1 1 1 0 1 0 0 1 1 1 0 0 1 0 1 1 1 0] 0.9317945899737438
[1 1 1 1 1 1 1 1 1 1 0 1 0 1 0 1 1 0 1 1 1 0 1 0 1 0 1 1 1 1 0 0 0 0] 0.9430541317413416
[1 1 1 1 1 1 1 1 1 1 1 1 1 1 1 1 1 0 1 0 1 1 1 1 1 0 0 0 1 1 1 1 1 0] 0.9302565775168514
[1 0 1 1 1 1 1 1 0 1 0 1 1 0 1 0 1 0 0 0 1 1 1 1 0 1 1 1 1 0 1 1 1 0] 0.9414985706808391
[1 1 1 1 1 1 1 1 0 1 1 1 1 1 0 0 0 0 0 0 0 1 1 1 1 1 1 1 1 0 1 1 1 0] 0.9383733139487925
[1 1 1 1 1 1 1 1 0 1 1 1 1 1 0 0 1 0 0 0 0 1 1 1 1 1 1 1 1 0 1 1 1 0] 0.9383733139487925
[1 1 1 1 1 1 1 1 1 1 0 1 1 1 0 1 0 0 1 1 0 0 1 1 1 1 1 1 1 0 1 1 1 0] 0.9394703741819184
[1 1 1 1 1 1 1 1 0 1 1 1 1 1 1 0 0 0 0 0 1 1 1 1 1 1 1 1 1 0 1 1 1 0] 0.9363585456851593
[1 1 1 1 1 1 1 1 0 1 1 1 0 1 0 0 1 1 0 0 1 1 1 0 1 0 1 1 1 1 0 0 0 0] 0.9383733139487925
[1 0 1 0 0 1 0 1 0 0 1 1 1 0 1 1 0 1 0 1 1 0 1 1 1 0 0 0 1 1 1 1 0 0] 0.8959515701853954
[0 1 0 1 1 1 0 0 0 1 1 0 0 0 1 1 0 0 0 1 1 1 0 1 0 1 1 0 1 1 1 1 1 0] 0.7857746853180643
[0 0 0 1 0 1 0 0 0 0 1 1 0 1 1 1 1 0 0 1 1 0 0 1 0 0 1 0 1 0 1 0 1 1] 0.7407407407407407
[0 1 0 1 0 1 0 0 1 1 1 1 1 0 1 1 0 0 1 0 1 1 1 1 1 0 1 0 1 0 0 0 1 1] 0.7218277137797415
[0 0 0 1 1 1 1 0 1 1 1 1 1 1 1 1 0 0 1 0 1 1 0 1 0 1 0 1 0 1 1 0 1 0] 0.7890092258323306
[0 1 0 1 1 1 1 0 1 1 0 1 0 1 1 0 0 1 0 1 0 0 0 1 1 1 0 1 0 1 0 0 0 0] 0.8284426104233531
[0 0 0 1 1 1 0 1 1 1 1 0 1 1 1 1 1 0 1 1 0 1 1 1 1 1 1 0 0 0 0 1 0 0] 0.7733595156275568
[0 1 1 1 0 0 0 1 1 1 1 1 1 1 1 0 1 1 1 1 1 0 1 1 0 0 1 1 0 0 1 1 1 1] 0.7692624130980295
[1 1 0 1 0 0 1 0 1 0 0 1 1 1 0 0 0 1 0 0 0 0 0 1 1 0 1 0 0 1 1 0 0 0] 0.8909690159452983
[0 1 1 1 1 0 0 0 0 1 0 1 1 0 1 1 1 0 0 1 0 1 1 0 1 0 1 1 0 1 0 0 1 1] 0.7995504586429867
[1 1 1 1 0 1 1 0 1 0 1 0 0 1 0 1 1 1 0 1 1 1 0 0 0 1 1 0 1 1 0 1 1 0] 0.9006252401411157
[0 0 0 1 1 0 1 0 0 0 0 1 1 0 0 1 0 1 0 1 1 1 0 0 0 1 1 1 1 0 1 0 0 1] 0.7981859410430838
[1 0 0 1 0 1 0 1 0 0 1 0 1 0 0 0 0 1 1 0 1 1 1 1 1 0 0 1 0 0 1 1 1 1] 0.8891145238397428
[0 1 0 0 0 0 0 0 0 0 0 1 1 1 1 1 1 0 0 1 1 1 0 1 0 1 0 0 1 1 1 0 0 1] 0.6890890560008814
[1 1 0 1 1 0 0 1 0 1 0 1 1 1 0 0 0 1 0 1 1 1 0 0 1 1 0 0 1 1 0 0 1 1] 0.9129140305173056
[1 1 0 0 1 1 0 1 1 0 0 0 1 1 0 0 0 0 1 0 1 1 1 0 0 1 0 0 0 1 1 1 1 1] 0.8995983935742972
[0 1 1 0 1 1 1 1 0 0 0 0 0 1 0 1 0 1 0 1 1 0 0 0 1 1 1 0 0 1 0 0 0 1] 0.8692232055063913
[1 0 1 1 0 1 1 0 1 0 1 0 1 1 0 0 1 1 1 0 1 1 1 0 1 1 0 1 0 1 0 1 0 0] 0.8937580478331538
[1 1 1 1 1 1 0 0 1 0 1 1 1 0 0 1 1 1 0 0 1 0 0 1 1 1 0 1 0 0 1 1 1 1] 0.9221182522093626
[1 0 1 1 1 0 1 1 0 1 1 0 0 1 0 1 0 1 0 0 1 0 0 0 1 0 0 0 0 1 1 0 0 0] 0.9388021358727083
[0 0 1 1 0 0 1 0 1 1 1 1 0 1 0 1 0 1 1 0 1 1 0 0 0 0 0 0 1 1 0 0 0 1] 0.7968165463340243
[0 0 0 0 0 1 1 0 0 0 1 0 0 0 0 0 1 1 1 1 0 0 1 0 1 0 1 0 1 0 0 0 0 0] 0.7710534742235031
[0 0 1 0 1 1 0 1 0 1 0 0 0 0 1 0 1 1 0 1 1 0 0 1 1 0 0 1 1 1 1 0 0 1] 0.8078414780339891
[0 1 1 0 1 1 0 0 0 0 1 0 1 1 1 0 1 1 1 0 0 1 0 1 1 1 0 1 1 0 1 0 0 0] 0.7747151782432928
[1 0 1 0 1 0 1 0 1 0 0 1 1 0 0 0 1 1 1 0 1 0 1 0 1 1 1 0 1 0 0 0 1 0] 0.9340440336974659
[1 0 1 0 0 0 0 0 1 1 1 1 1 0 1 1 0 1 1 0 1 1 0 1 1 0 0 0 1 0 1 1 1 0] 0.8820644060567285
[0 1 0 1 1 0 1 0 1 1 1 1 0 1 1 1 0 1 0 1 1 0 1 1 0 1 1 1 0 1 0 0 0 0] 0.7940630206215973
[0 1 0 0 1 1 1 1 1 0 1 0 0 1 1 0 0 1 1 1 0 1 1 1 1 1 0 0 0 1 1 1 0 1] 0.7756810338497687
[1 1 1 1 1 1 0 0 1 1 0 0 1 1 1 0 1 0 1 0 0 0 0 0 0 1 1 1 0 1 0 1 1 0] 0.9227712225499837
[0 1 0 0 0 1 0 1 0 0 0 1 0 0 1 0 1 1 1 0 0 0 1 0 0 1 1 1 1 1 0 0 1 1] 0.7094984524542204
[1 1 0 1 0 0 0 1 1 1 0 0 0 1 1 1 0 1 0 0 0 1 0 1 0 0 1 0 1 1 0 1 1 0] 0.8839295202873599
[1 0 1 0 1 0 0 1 1 0 0 1 0 0 1 0 0 1 1 0 1 1 1 0 0 0 0 1 0 0 1 1 1 0] 0.9363636363636364
[1 1 1 0 0 1 0 1 0 0 1 0 0 1 1 0 0 0 1 0 0 1 0 0 1 1 1 0 1 1 1 0 1 1] 0.8944370888762794
[0 0 0 1 1 1 1 1 1 0 1 1 1 0 1 0 0 1 0 0 1 0 0 1 1 0 1 0 0 0 0 1 0 1] 0.8289617361158838
[0 1 1 1 0 1 1 0 1 1 1 0 1 0 1 1 0 0 0 1 1 0 0 0 1 1 1 0 0 0 0 0 0 0] 0.8009101251422072
[1 1 0 1 0 1 0 0 0 0 0 0 1 0 0 1 1 0 1 1 1 0 0 0 1 0 1 0 1 0 0 1 1 1] 0.8804319292793847
[1 1 1 1 1 1 0 0 0 1 1 1 0 1 1 1 1 0 1 0 1 0 0 0 0 0 0 1 0 0 1 1 1 1] 0.9240721406784173
[0 1 1 1 1 1 0 0 1 0 1 1 0 0 1 1 0 0 0 1 1 1 1 1 1 0 0 1 1 0 0 1 0 1] 0.8009101251422072
[0 0 0 1 0 1 0 1 0 0 0 1 1 1 0 1 0 0 0 1 1 0 0 0 0 0 0 1 0 0 0 1 0 0] 0.776899429073342
[1 1 1 1 1 1 0 0 1 1 1 1 0 0 0 1 0 1 1 1 0 1 1 1 0 1 1 0 1 1 0 1 1 1] 0.9169503765604043
[0 0 0 0 0 1 1 1 0 0 0 0 1 0 0 1 0 1 1 0 1 0 0 1 1 1 0 0 1 1 1 1 1 0] 0.7255594817432274
[0 1 0 0 1 0 0 1 1 0 0 1 1 0 1 0 0 0 1 1 0 0 0 1 1 0 1 0 1 1 1 0 0 1] 0.7595841455490578
[0 0 1 1 1 0 1 1 0 1 1 0 0 0 1 0 1 0 1 1 1 0 0 1 0 1 1 1 0 1 0 0 0 1] 0.8362967504598404
[0 0 0 0 1 0 1 1 0 1 0 0 1 1 0 0 0 1 1 0 0 1 0 0 1 0 0 1 1 0 0 1 0 0] 0.7844095911188562
[1 0 1 0 1 1 0 0 1 0 1 0 0 1 0 1 0 0 1 1 0 1 0 1 1 1 0 1 0 0 1 0 1 1] 0.9197667734253101
[0 1 0 0 1 0 1 0 1 1 1 1 1 1 0 1 1 1 0 0 1 0 1 1 0 1 0 1 1 0 0 0 0 0] 0.7609402412964488
[1 0 1 1 0 0 0 1 0 0 1 1 1 0 1 0 0 1 1 0 0 1 0 1 1 1 1 0 0 0 0 0 1 1] 0.890914589971373
[1 1 1 0 1 1 0 1 1 0 0 0 1 1 0 0 0 0 0 1 1 1 0 1 0 1 1 1 1 0 0 0 0 1] 0.9315068493150686
[0 0 0 0 0 1 1 0 1 0 0 0 1 1 0 0 0 1 1 0 0 1 0 0 0 1 0 1 0 0 0 1 0 1] 0.7625877782758105
[1 1 1 1 0 0 1 0 1 1 0 0 1 0 0 0 0 0 0 1 0 0 1 1 1 0 0 1 0 1 0 0 1 0] 0.9027029285207001
[1 1 0 0 1 1 1 1 1 0 1 0 1 0 1 0 1 0 1 0 0 0 0 0 0 0 0 0 1 0 0 0 0 0] 0.8993378593579751
[1 1 0 0 0 0 0 1 0 0 0 1 1 1 0 1 1 0 0 1 0 0 0 0 0 0 0 1 0 1 1 0 0 0] 0.8731942215088282
[1 1 1 1 1 1 1 0 0 1 0 0 0 1 0 1 1 1 1 1 0 0 0 0 1 1 0 1 1 1 0 0 0 0] 0.94237442555301
[0 0 0 0 0 1 1 1 1 0 1 1 0 0 1 1 1 1 0 1 1 1 0 1 1 0 1 0 1 1 1 0 0 0] 0.7335370168988314
[1 0 0 1 0 0 1 0 0 0 1 0 0 1 0 1 0 0 1 1 0 0 0 0 0 0 1 1 1 0 1 0 1 1] 0.8857086319241262
[1 1 0 1 1 1 1 1 0 0 0 0 1 0 1 0 0 0 1 0 1 1 0 1 0 0 1 0 1 1 1 0 0 1] 0.9093701996927804
[1 0 0 1 1 0 1 1 0 0 1 1 1 0 0 1 1 0 0 0 1 0 1 0 0 1 0 0 1 0 1 0 0 0] 0.9147948765546686
[0 1 1 0 0 0 1 1 0 1 1 1 0 0 0 0 1 1 0 0 1 1 0 0 1 0 1 0 1 0 0 1 0 0] 0.810126582278481
[0 0 0 1 0 1 1 1 1 1 0 1 0 1 0 1 1 1 1 1 1 0 0 0 0 1 1 1 0 1 0 0 0 1] 0.7843137254901961
[0 0 1 0 1 0 1 1 0 1 0 0 1 0 1 0 0 1 1 0 0 0 0 0 1 0 1 0 1 1 1 1 0 0] 0.819936684425913
[1 0 0 0 1 1 1 0 1 1 1 1 0 1 1 0 1 1 0 1 1 1 0 1 1 0 0 0 0 1 0 0 1 0] 0.9045584936064401
[0 0 0 0 0 1 1 1 1 0 1 0 0 0 1 0 1 1 1 0 0 1 0 1 0 0 1 0 1 0 0 0 1 1] 0.7485495847499197
[0 0 1 0 1 0 0 0 0 1 1 1 0 1 1 1 1 0 0 0 1 0 1 1 0 1 0 0 1 1 1 1 0 0] 0.8027880278802788
[1 1 0 0 1 1 1 1 1 0 1 0 1 1 1 1 1 0 0 0 1 1 1 1 0 1 0 0 1 1 0 0 1 0] 0.9008382715273852
[1 1 0 0 0 0 1 1 1 0 0 0 1 1 1 0 0 0 0 1 0 1 1 1 1 0 0 0 1 1 0 1 0 0] 0.875087329084506
[1 1 0 1 1 1 1 1 1 1 0 1 0 0 1 1 1 1 1 0 0 1 1 0 1 0 0 1 0 0 0 1 0 1] 0.9069268129989786
[0 1 1 1 0 1 1 1 1 0 0 1 0 1 0 0 0 0 1 0 0 1 1 1 1 1 1 1 1 0 0 1 1 1] 0.8041683391970279
[0 1 1 0 0 1 0 0 1 0 0 0 1 1 0 1 1 1 0 1 0 1 0 1 0 0 0 1 0 1 0 1 0 1] 0.7937852431427911
[0 0 0 1 1 1 1 1 1 0 1 0 1 1 0 0 1 0 1 1 0 1 1 1 1 0 1 1 1 0 1 0 1 1] 0.7857746853180643
[1 1 0 1 1 0 0 0 0 1 1 0 0 0 0 0 1 0 0 1 1 1 0 0 0 1 0 0 1 0 0 0 0 0] 0.8961629387161302
[0 1 1 1 0 0 0 0 1 1 1 1 1 0 0 0 0 0 1 0 0 0 0 1 1 0 0 1 0 1 1 1 1 1] 0.7701753088246173
[1 1 0 1 0 0 0 1 0 0 1 0 0 1 1 0 1 1 0 0 1 0 1 1 0 1 1 1 1 1 0 1 1 1] 0.8768884603021536
[1 0 1 0 0 0 1 0 1 1 0 1 1 0 1 0 1 1 0 1 0 0 1 1 1 1 0 1 1 0 1 1 0 1] 0.9028716921278904
[0 0 0 1 0 0 1 0 1 0 0 1 0 0 1 1 1 1 0 1 0 1 0 1 1 0 0 1 1 1 1 1 1 0] 0.7364077169091098
[0 1 1 0 0 1 0 0 0 1 0 0 0 1 1 1 1 1 0 0 1 0 0 0 0 1 1 1 0 0 0 1 1 0] 0.7994678450098591
[1 1 0 1 0 0 1 0 0 1 0 0 1 1 1 0 1 1 1 1 1 1 0 1 1 1 0 1 1 0 0 0 1 0] 0.8854875283446713
[1 1 1 1 0 0 1 0 0 1 0 1 0 0 1 0 0 0 0 1 1 1 0 1 1 0 0 1 1 0 1 1 1 1] 0.9112533046185279
[1 0 0 0 1 0 1 1 0 1 0 1 1 1 0 1 1 1 1 0 1 1 1 0 0 1 1 0 1 1 0 0 0 1] 0.913312693498452
[0 0 0 0 1 0 0 1 0 0 1 0 1 0 1 1 1 0 0 1 1 1 0 0 1 0 1 0 0 1 1 0 1 1] 0.7522079232904366
[0 1 0 1 1 1 0 1 1 1 1 0 0 1 1 1 0 0 1 1 0 1 1 0 0 1 0 0 0 1 1 0 1 0] 0.7867159027828059
[1 1 0 1 1 0 1 0 0 0 1 0 1 1 0 1 0 0 0 1 1 0 1 1 1 0 1 1 1 0 1 1 1 0] 0.9074779255190016
[0 0 0 0 1 0 1 1 0 0 0 1 0 0 1 0 0 0 1 1 1 0 1 1 0 0 1 0 0 1 0 0 1 1] 0.7568566459294938
[1 1 1 0 0 0 1 0 1 0 0 1 0 0 1 1 1 0 0 0 0 0 0 0 1 1 0 0 1 0 1 0 0 1] 0.8978833651072982
[1 0 0 0 1 1 0 0 0 1 0 0 0 1 0 1 1 1 0 1 0 1 0 1 1 1 1 0 1 0 0 1 1 1] 0.897647379798107
[1 1 0 1 0 0 1 0 1 0 0 0 1 1 0 1 1 0 0 1 1 1 1 0 0 1 0 1 1 1 1 0 1 0] 0.8750966744006187
[1 1 0 0 1 1 0 0 0 0 1 0 1 1 1 0 0 0 1 1 0 1 1 0 0 0 1 1 1 1 0 1 1 1] 0.8943578525202808
[0 0 0 0 1 0 0 1 0 1 0 1 0 0 0 0 0 1 0 1 0 1 0 0 1 0 1 1 0 1 1 0 1 1] 0.7949544900738192
[1 0 1 1 1 1 0 1 0 1 1 0 0 0 0 0 1 0 1 0 0 1 1 1 1 1 1 0 1 0 0 0 1 0] 0.9311911387348593
[0 0 0 0 0 1 0 1 0 0 0 0 1 1 0 0 0 0 1 1 1 0 1 1 0 1 0 1 0 1 0 1 1 1] 0.6877789742032268
[0 1 1 0 1 1 1 0 0 0 0 1 1 1 0 1 0 1 1 0 0 0 1 0 1 0 0 1 0 0 1 1 1 0] 0.8413536776212833
[1 0 1 0 1 0 0 1 0 0 0 1 0 0 1 1 0 0 1 1 1 0 1 1 1 1 1 1 1 0 0 1 0 0] 0.9279519725091511
[1 0 0 1 0 0 1 0 0 0 0 1 1 1 0 1 1 1 0 1 0 1 0 1 0 0 0 0 1 0 0 1 1 1] 0.8959515701853954
[1 1 0 0 1 1 0 1 0 0 1 0 0 0 0 1 0 1 0 1 1 0 0 1 1 1 1 1 0 1 0 1 0 1] 0.9045584936064401
[0 0 1 0 1 1 1 1 1 0 0 0 0 0 1 0 0 0 1 1 0 0 1 0 1 1 1 1 1 1 0 1 1 1] 0.8092198914386722
[1 1 1 1 1 1 0 1 1 1 0 1 1 0 0 1 1 0 0 0 1 1 1 1 0 1 0 1 1 0 1 1 0 1] 0.9288829115213759
[1 0 1 0 1 0 0 0 1 1 1 0 0 0 0 0 1 1 1 1 1 1 1 1 1 1 1 0 1 0 0 0 1 0] 0.9279519725091511
[1 1 1 0 0 0 0 1 1 0 0 0 0 1 0 1 1 0 1 1 1 1 0 0 0 1 0 0 1 1 0 0 0 0] 0.894488188976378
[0 1 1 1 1 0 0 1 0 1 1 1 1 1 1 0 1 1 1 0 0 0 0 0 0 0 0 0 1 0 0 1 1 0] 0.8266721793458286
[0 1 0 1 1 0 0 0 0 1 1 1 1 1 1 0 1 0 1 1 1 0 0 0 0 0 0 1 0 1 1 0 0 0] 0.7756810338497687
[1 0 0 0 0 0 1 0 1 1 0 1 1 0 1 1 0 1 1 0 0 0 0 0 0 1 0 1 0 1 1 1 1 1] 0.8734093006287688
[1 0 0 1 1 1 1 1 1 1 0 1 0 1 0 1 1 1 0 1 1 1 1 1 1 1 1 1 1 0 1 1 1 1] 0.9078614516442888
[0 1 0 1 1 1 1 0 1 1 1 1 0 1 1 0 1 1 1 1 1 0 0 1 1 1 0 1 1 1 0 1 1 0] 0.7820901801823669
[1 1 0 0 1 0 0 1 1 0 0 1 1 0 1 0 0 0 1 1 1 1 0 1 1 0 1 0 1 1 1 1 0 1] 0.9064050331199246
[1 1 0 1 1 1 1 0 0 1 1 0 1 1 0 1 1 1 1 1 1 0 1 1 1 0 1 1 1 0 1 1 1 0] 0.8981914102510138
[1 0 0 1 1 0 1 1 1 1 1 1 1 0 0 1 1 0 0 0 1 1 1 0 1 1 1 0 1 0 1 0 1 0] 0.9020273100443997
[1 1 1 1 0 1 1 1 1 1 1 1 1 1 1 1 1 1 1 1 1 1 1 1 1 1 0 0 1 1 0 1 0 1] 0.9033716330759088
[0 1 1 0 1 1 0 0 0 1 1 1 1 1 1 1 1 0 1 1 1 1 1 1 1 1 1 0 1 1 1 1 1 1] 0.7686762454944946
[0 0 0 0 1 0 1 1 0 1 0 0 1 1 0 0 0 1 1 0 0 1 0 1 1 0 0 1 1 0 0 1 1 1] 0.7834472064738092
[1 1 1 1 1 1 1 1 1 0 0 0 1 1 1 0 0 0 1 1 1 1 0 1 0 1 1 0 1 1 1 0 0 1] 0.9347955350144598
[1 1 1 1 1 1 1 0 0 1 0 1 1 1 0 1 1 1 1 1 0 0 0 0 1 1 0 1 1 1 0 1 0 1] 0.9388021358727083
[1 1 1 1 1 1 1 1 1 1 1 1 0 1 1 1 1 1 1 1 0 1 1 1 0 1 1 0 1 1 0 1 1 1] 0.922495429428319
[1 0 1 1 1 0 1 0 1 1 1 1 1 0 0 0 1 1 1 0 1 0 1 1 1 1 1 1 1 1 0 1 1 1] 0.9276374928495548
[1 1 1 0 0 1 0 1 0 1 1 1 0 1 1 1 1 1 1 0 0 0 1 0 0 1 1 1 1 1 1 1 1 1] 0.887190915844211
[1 1 0 0 1 1 0 1 0 1 1 0 1 1 1 1 0 1 1 1 1 1 1 0 1 0 1 1 1 1 0 1 1 1] 0.8779282183537503
[1 0 1 0 0 1 1 1 0 0 0 0 1 0 0 1 0 1 1 0 1 1 0 1 1 1 1 0 1 1 1 1 1 0] 0.8958035288507392
[1 1 1 1 1 0 1 0 1 1 0 1 0 0 1 1 1 0 0 0 0 0 0 0 1 1 1 1 1 1 1 0 1 1] 0.9368035754009182
[0 0 1 0 1 0 1 1 0 1 0 0 1 0 1 0 0 1 1 1 0 0 0 0 1 0 1 0 1 1 1 1 1 0] 0.8219726727975722
[0 1 0 0 1 0 1 0 1 1 1 1 1 1 1 1 1 1 1 1 1 0 1 1 1 1 1 1 1 1 1 0 1 1] 0.7562413749843181
[1 1 0 1 1 1 1 1 1 0 0 1 1 1 1 1 1 1 1 1 1 1 1 1 0 1 1 1 1 1 1 0 1 1] 0.900728597449909
[1 1 1 1 0 1 1 0 1 0 1 0 0 1 1 1 1 1 1 1 1 1 0 1 0 1 1 1 1 1 1 1 1 0] 0.8949272302451932
[1 0 1 1 1 0 1 1 1 1 1 1 1 1 1 1 1 1 0 1 1 0 1 1 1 1 1 1 1 0 1 1 0 1] 0.922495429428319
[1 1 1 1 1 1 1 1 1 1 1 1 0 1 1 1 0 1 0 0 1 1 1 1 1 0 1 0 0 1 1 0 0 1] 0.930750743411137
[0 0 1 1 1 1 1 1 1 0 1 1 1 0 1 1 1 1 0 1 1 1 0 1 1 1 1 1 1 1 1 0 0 0] 0.7884900860996766
[1 1 0 0 1 1 1 1 1 0 1 0 1 1 1 1 1 0 0 0 1 1 1 1 1 1 0 0 1 1 0 1 1 1] 0.9039311953758835
[1 1 1 1 0 1 0 0 1 1 1 1 1 0 1 1 0 1 1 0 1 1 0 1 1 0 0 0 1 0 1 1 1 0] 0.8972984337222748
[0 0 1 1 1 0 1 1 0 1 1 0 0 0 1 0 1 1 1 1 1 0 1 1 0 1 1 1 0 1 1 1 1 1] 0.7834472064738092
[1 1 1 0 1 0 0 1 0 0 0 1 0 1 1 1 1 0 1 1 1 0 1 1 1 1 1 1 1 0 1 1 0 0] 0.9208402636604448
[1 0 1 1 1 1 1 1 1 1 1 1 0 1 1 1 0 1 1 1 1 1 1 0 1 0 1 0 1 1 0 0 0 1] 0.9291964996022275
[1 1 1 1 1 1 1 1 0 0 0 1 1 1 0 1 0 1 1 1 1 1 1 1 1 0 1 1 1 0 1 1 1 1] 0.9343342124839386
[1 1 1 1 0 0 1 1 1 1 0 1 1 1 1 1 1 0 1 1 1 1 0 1 1 0 1 1 1 0 1 1 1 1] 0.8998157837595523
[1 0 1 1 0 1 1 1 1 0 1 0 1 1 0 1 1 1 1 0 1 1 1 0 1 1 0 1 0 1 0 1 0 0] 0.8984775843216418
[0 1 1 1 1 1 1 1 1 1 1 1 1 1 1 1 1 0 1 1 1 0 0 1 1 1 1 1 1 0 0 1 1 0] 0.7931378416118093
[0 0 0 1 0 1 1 1 1 0 1 0 0 0 1 0 1 1 1 1 0 1 0 1 0 0 1 0 1 0 0 0 1 1] 0.7574845795095531
[1 1 0 1 0 1 1 0 0 0 1 1 0 1 1 1 1 0 0 1 1 0 1 1 0 0 1 0 1 1 1 0 1 1] 0.8853568236946253
[1 1 1 1 1 0 1 1 1 1 0 1 1 1 1 1 1 1 1 1 1 1 0 0 1 1 1 1 1 0 1 1 1 1] 0.9260737012256257
[1 1 0 1 0 0 1 1 1 0 0 1 1 1 0 0 0 1 1 0 0 0 0 1 1 1 1 0 0 1 1 1 0 0] 0.8907208940185033
[1 1 1 1 1 1 0 1 1 1 0 0 1 1 0 1 1 1 0 1 1 1 0 0 1 1 0 0 1 1 0 1 1 1] 0.9197702427274412
[0 1 1 1 1 0 1 1 1 1 0 1 1 0 1 1 1 1 0 1 1 1 0 1 1 1 0 1 1 1 1 1 1 0] 0.7811064946424666
[1 1 1 1 1 1 0 1 1 1 0 1 1 0 1 1 1 0 1 1 1 1 1 1 1 1 1 1 1 1 1 1 0 1] 0.924924924924925
[1 0 0 1 0 1 1 1 1 1 1 1 0 1 0 1 1 1 1 1 1 1 0 0 1 1 1 1 1 1 1 0 0 1] 0.885009449915448
[1 1 1 1 1 1 0 0 0 1 1 1 0 1 1 1 1 1 1 0 1 0 1 1 0 0 0 1 0 1 1 1 1 1] 0.9237199582027169
[1 1 1 1 0 1 1 1 1 1 1 1 0 1 1 1 1 1 1 1 1 1 1 1 1 0 1 1 1 1 1 1 1 1] 0.8904051353993963
[1 1 1 1 0 0 1 1 1 1 0 1 1 0 0 1 1 0 0 1 1 1 1 1 1 0 0 1 1 1 1 1 1 0] 0.9088514590697997
[1 1 0 1 0 1 1 1 1 0 0 0 1 1 0 0 0 1 1 1 0 1 0 0 1 1 1 0 0 1 0 1 1 0] 0.8887333503011793
[1 1 1 0 0 1 1 1 0 1 1 1 0 1 1 1 1 1 1 0 0 1 1 0 0 1 1 1 1 1 1 1 1 1] 0.9022808118853317
[1 0 1 1 1 0 1 1 1 1 1 1 1 1 1 1 1 0 0 0 1 1 1 1 1 1 1 1 1 0 1 1 1 0] 0.9276374928495548
[1 1 0 1 1 1 1 1 1 0 1 0 1 1 1 1 1 1 1 1 1 1 0 1 1 1 1 0 1 1 0 1 1 1] 0.904658328801885
[1 1 1 1 1 1 1 0 1 0 1 0 0 1 1 1 1 1 0 1 1 1 0 1 1 1 1 0 1 1 0 1 1 0] 0.922495429428319
[0 1 1 1 1 1 1 1 1 1 1 1 0 1 1 0 1 1 0 1 1 0 0 1 1 1 0 1 1 1 0 1 0 1] 0.8216197893796174
[1 1 1 1 1 0 0 1 1 1 1 1 1 1 1 0 1 1 1 1 1 0 1 0 1 1 0 0 1 0 1 1 1 0] 0.9260737012256257
[1 1 1 1 1 1 1 1 1 1 0 1 1 1 1 1 1 1 1 1 0 1 1 1 1 1 1 1 1 1 0 1 1 1] 0.9173517302157776
[1 1 1 1 1 1 1 1 1 1 1 1 0 0 1 1 1 1 1 0 1 1 1 0 1 1 0 1 0 0 0 1 0 1] 0.9276374928495548
[0 1 1 0 1 1 1 1 1 1 1 1 1 1 1 1 0 1 1 1 1 1 1 1 1 1 1 1 1 1 1 1 0 1] 0.7723721067374316
[1 1 1 1 1 1 0 0 0 1 1 1 0 1 1 1 1 1 1 0 1 0 1 1 0 1 0 1 0 1 1 1 1 1] 0.9237199582027169
[1 0 1 1 1 1 1 1 1 1 0 1 0 1 0 1 1 1 1 1 1 1 1 1 1 1 1 1 1 0 1 1 1 1] 0.9256141931696394
[1 1 1 1 1 0 1 1 1 1 0 1 1 1 1 1 1 1 1 1 1 1 1 1 1 1 1 1 1 1 1 1 1 1] 0.9189163177902893
[1 1 1 1 1 1 1 1 1 1 0 1 1 1 0 1 1 1 0 1 1 1 0 0 1 1 0 0 1 1 0 1 1 1] 0.930750743411137
[1 1 1 1 1 1 1 1 0 1 1 1 0 1 1 1 1 0 1 0 1 0 0 0 0 1 1 1 0 1 1 1 1 1] 0.9347955350144598
[1 1 1 0 1 1 1 1 1 1 0 1 1 0 1 1 1 1 1 1 1 0 1 1 1 1 1 1 1 1 1 1 1 1] 0.9209288290883155
[1 1 1 1 1 1 1 1 1 1 1 1 1 1 1 1 1 1 1 1 1 1 1 1 1 1 1 0 1 1 0 1 1 1] 0.930750743411137
[1 1 1 1 1 1 1 1 1 0 1 1 1 0 1 1 0 1 1 1 1 0 0 1 1 1 1 1 0 1 1 1 1 1] 0.9240572100527799
[1 1 1 0 1 1 1 1 1 1 0 1 1 1 1 0 1 1 1 0 1 1 0 0 1 1 1 0 1 1 1 1 0 1] 0.9336497697722063
[1 1 1 1 1 1 0 1 0 1 1 0 1 1 1 0 1 1 1 1 1 1 1 1 1 1 1 0 1 0 0 0 1 0] 0.9269086477248742
[1 0 1 1 0 0 0 1 1 0 1 1 1 0 1 0 0 1 1 1 0 1 1 1 1 1 1 0 1 1 0 1 1 1] 0.8904135696588527
[1 1 0 1 1 1 1 1 1 1 0 1 1 1 1 0 1 1 1 1 1 1 0 1 1 1 1 0 0 1 0 1 1 0] 0.9049927560459156
[1 1 1 1 1 0 1 0 1 1 0 1 0 0 1 1 1 0 1 0 1 1 1 0 1 1 1 1 1 1 1 0 1 1] 0.9245051026681422
[1 0 1 1 1 1 0 1 1 1 1 1 0 0 0 0 1 0 1 0 1 1 1 1 1 1 1 0 1 0 0 0 1 1] 0.9256806475349522
[1 1 1 1 1 0 1 1 1 1 1 1 1 0 1 0 1 1 1 1 1 1 1 1 1 0 0 1 1 0 1 1 1 1] 0.9240572100527799
[1 1 1 0 1 1 0 1 1 0 0 0 1 1 0 0 0 0 0 1 1 1 1 1 1 1 1 1 1 0 0 0 0 1] 0.9298780487804877
[1 0 0 1 1 0 1 1 1 1 0 1 1 1 1 1 0 1 1 0 0 1 1 0 1 0 0 1 1 1 1 1 1 0] 0.9121061359867331
[1 0 1 0 1 0 1 0 1 1 0 1 1 0 0 0 1 1 1 1 1 0 1 0 1 1 1 0 1 0 0 0 1 0] 0.9304767136666056
[1 1 1 1 0 0 1 0 1 1 0 0 1 0 0 0 0 0 0 1 1 0 1 0 1 0 0 1 0 1 0 0 1 0] 0.9027029285207001
[1 1 1 1 1 0 1 1 0 1 0 1 1 1 1 0 1 1 1 1 1 1 0 1 1 1 1 1 1 0 0 0 1 1] 0.9316552126116601
[1 1 1 1 1 1 0 1 0 1 0 1 0 1 1 1 1 1 1 0 1 1 0 1 0 1 0 1 0 1 1 1 1 1] 0.9233398270617587
[1 0 1 0 1 0 1 1 1 1 0 1 1 0 1 0 1 1 1 1 1 1 1 1 1 1 0 1 1 0 1 1 1 1] 0.9280805606586379
[1 1 1 0 1 1 0 1 1 0 0 0 1 1 0 0 0 0 0 1 1 1 1 1 1 1 1 1 1 1 0 0 1 1] 0.9311911387348593
[1 0 1 1 1 1 1 1 1 1 1 1 1 1 1 1 1 1 1 1 1 1 1 0 1 0 1 0 1 1 0 0 0 1] 0.930750743411137
[1 0 0 1 1 0 1 1 1 1 1 1 1 0 1 1 1 0 0 0 1 1 1 0 1 1 1 0 1 1 1 0 1 0] 0.903665600234197
[1 1 1 1 1 1 0 1 1 1 0 1 1 0 0 1 1 0 1 0 1 1 1 1 0 1 0 1 1 0 1 1 1 1] 0.9320656590281164
[1 1 1 1 1 1 1 1 1 1 0 1 1 1 1 1 0 1 1 0 1 1 1 1 1 0 1 0 0 1 1 0 0 1] 0.9343342124839386
[1 0 1 1 1 1 1 0 1 1 1 1 1 1 1 1 1 1 1 1 1 1 1 1 1 0 0 0 0 1 0 1 1 1] 0.922495429428319
[1 1 1 1 1 1 1 1 0 1 1 1 0 1 1 1 1 1 1 0 1 0 0 0 0 1 1 1 0 1 1 1 1 1] 0.9296511430415436
[1 1 1 1 1 1 1 1 1 1 0 1 1 1 1 1 1 1 0 1 1 1 0 0 1 1 1 1 1 1 1 1 1 1] 0.9235811744741417
[1 0 1 1 1 0 1 0 1 1 1 1 1 0 0 1 1 1 1 0 1 0 1 1 1 1 1 1 1 1 1 1 1 1] 0.9260737012256257
[1 1 1 1 1 1 1 1 1 1 0 1 1 1 0 1 1 1 1 1 0 0 1 1 1 1 0 1 1 1 1 1 0 1] 0.931216931216931
[1 0 1 1 1 0 1 0 1 1 1 0 0 0 1 1 1 1 1 1 1 1 1 1 1 1 1 0 1 0 1 1 1 0] 0.9193573866875469
[1 1 1 1 1 1 1 1 1 1 0 1 1 1 1 1 1 0 0 1 1 1 1 1 1 1 1 1 1 1 1 0 1 1] 0.9338450292397661
[1 1 1 1 1 1 1 0 1 0 1 1 1 0 1 1 1 1 0 0 1 1 0 1 1 1 0 1 0 0 1 1 1 1] 0.9256141931696394
[1 0 1 0 1 0 1 1 1 1 0 1 1 1 0 1 1 1 1 1 1 0 1 0 1 1 1 0 1 0 0 0 1 1] 0.9368035754009182
[1 0 1 0 1 0 1 0 1 0 0 1 1 0 0 1 1 1 1 1 1 0 1 0 1 1 1 0 1 0 0 0 1 0] 0.9304767136666056
[1 1 1 1 1 1 1 1 1 1 0 1 1 1 1 1 1 1 1 1 1 1 1 0 1 1 0 1 1 1 1 1 1 1] 0.9317945899737438
[1 1 1 1 1 1 1 1 1 1 1 1 0 1 1 1 0 1 1 1 1 1 1 0 1 0 1 0 1 1 0 0 1 1] 0.930750743411137
[1 1 1 1 1 1 0 1 1 1 0 1 1 0 0 1 1 1 1 0 1 1 1 1 0 1 0 1 1 0 1 1 1 1] 0.9352290679304898
[1 1 1 1 1 0 1 1 1 1 0 1 1 1 1 0 1 1 1 1 1 1 0 1 1 1 1 1 1 0 0 0 1 1] 0.9316552126116601
[1 1 1 1 1 1 1 1 1 0 1 0 1 1 1 0 0 0 1 1 1 1 0 1 0 1 1 0 1 1 1 0 0 1] 0.9240572100527799
[1 1 1 1 1 1 1 1 1 1 0 1 1 1 0 1 1 1 1 1 1 1 1 0 1 1 0 1 1 1 1 1 1 1] 0.9220310176333121
[1 1 1 1 1 1 1 1 1 1 0 1 1 1 1 1 1 1 0 1 1 1 1 1 1 1 1 1 1 0 1 1 0 1] 0.9291964996022275
[1 1 1 1 1 1 1 0 0 1 0 0 1 1 0 1 1 1 1 1 1 0 0 0 1 1 0 1 1 1 0 0 0 0] 0.9336497697722063
[1 0 1 1 1 0 0 1 1 0 0 1 0 0 1 0 0 1 1 0 1 1 1 0 0 0 1 1 0 1 1 1 1 0] 0.9260166918542118
[1 1 1 0 1 0 1 0 1 0 0 1 1 0 0 0 1 1 1 1 1 0 1 0 1 1 1 0 1 0 0 1 1 0] 0.9336497697722063
[1 1 1 1 1 1 1 1 1 0 0 1 1 1 0 1 0 1 1 1 1 1 1 1 1 0 1 1 1 0 1 1 1 1] 0.9271664008506113
[1 1 1 0 1 1 0 1 1 0 0 1 1 1 1 1 0 0 1 1 1 1 1 1 1 1 1 1 1 0 0 0 1 1] 0.9292423378668186
[1 1 1 1 1 0 1 1 0 1 0 1 1 1 1 0 1 1 1 1 1 1 0 1 1 1 1 1 1 0 0 1 1 1] 0.924924924924925
[1 1 1 1 1 1 1 1 1 1 0 1 1 1 1 0 1 1 1 1 1 1 0 1 1 1 1 1 1 1 1 0 1 1] 0.9323002460699977
[1 1 1 1 1 1 1 1 1 1 0 1 1 1 1 1 1 1 1 1 1 1 0 0 1 1 1 1 1 1 1 0 0 1] 0.9323002460699977
[1 1 1 1 1 1 1 1 1 0 0 1 1 1 1 1 0 1 1 1 1 1 0 1 1 1 1 1 1 1 1 0 0 1] 0.9327779471028481
[1 1 1 1 1 1 1 0 1 1 0 1 1 1 0 1 1 1 1 1 1 0 0 0 1 1 1 1 1 1 0 0 0 1] 0.9265051620157415
[1 0 1 0 1 1 1 1 1 1 0 1 1 1 1 1 1 1 1 1 1 1 1 0 0 1 0 1 1 1 1 1 1 0] 0.9347955350144598
[1 0 1 1 1 0 1 1 1 1 0 1 1 0 1 1 1 1 1 1 1 0 1 1 1 1 1 1 1 1 0 1 0 1] 0.924924924924925
[1 1 1 1 1 1 1 1 1 1 0 1 1 1 1 1 0 1 1 1 1 1 1 1 1 0 1 1 1 1 1 1 1 1] 0.9199950537900333
[1 1 1 1 1 1 1 1 0 0 0 1 1 1 1 1 0 1 1 1 1 1 1 1 1 1 1 1 1 0 1 1 0 1] 0.9363585456851593
[1 1 1 1 1 1 1 1 1 1 0 1 1 1 1 1 1 1 1 1 1 1 0 0 1 1 0 1 1 1 1 1 0 1] 0.9256141931696394
[1 1 1 1 1 1 1 1 0 1 1 0 1 1 1 1 1 1 0 1 1 1 0 0 1 1 1 1 1 1 1 1 0 1] 0.9256141931696394
[1 1 1 1 1 1 1 0 0 1 0 0 1 1 0 1 1 1 1 1 1 0 0 0 1 1 0 1 1 1 0 0 0 1] 0.9336497697722063
[1 1 1 1 1 1 1 1 0 1 1 0 1 1 1 1 1 1 0 0 1 0 0 0 1 1 1 0 1 1 1 1 1 1] 0.9343342124839386
[1 1 1 1 1 1 1 0 1 0 0 1 1 1 0 0 1 1 1 1 1 0 0 0 1 1 1 0 1 1 0 0 0 1] 0.9347955350144598
[1 1 1 1 1 1 1 0 0 1 0 1 1 1 0 1 1 1 1 1 0 0 0 0 1 1 0 1 1 1 0 0 0 1] 0.9435172353772101
[1 1 1 1 1 1 1 0 0 1 0 1 1 1 0 1 1 1 1 1 0 0 0 0 1 1 0 1 1 1 0 0 0 0] 0.943952802359882
[1 1 1 1 1 1 1 0 0 1 0 1 0 1 0 1 1 1 1 1 0 0 0 0 1 1 0 1 1 1 0 1 0 1] 0.9388021358727083
[1 1 1 1 1 1 1 0 0 1 0 0 1 1 0 1 1 1 1 1 0 0 0 0 1 1 0 1 1 1 0 0 0 1] 0.9356348820894718
[1 1 1 1 1 1 1 0 0 1 0 1 0 1 0 1 1 1 1 1 0 0 0 0 1 1 0 1 1 1 0 1 0 0] 0.943952802359882
[1 1 1 1 1 1 1 0 0 1 0 1 0 1 0 1 1 1 1 1 0 0 0 0 1 1 0 1 1 1 0 0 0 0] 0.943952802359882
