0 19 100 0.06162668605120747 [1 1 1 1 1 1 1 0 1 1 0 0 1 1 0 1 0 1 0 0 0 1 0 0 1 0 0 0 1 1 1 1 0 0]
1 19 41 0.06162668605120747 [1 1 1 1 1 1 1 0 1 1 0 0 1 1 0 1 0 1 0 0 0 1 0 0 1 0 0 0 1 1 1 1 0 0]
2 19 23 0.06162668605120747 [1 1 1 1 1 1 1 0 1 1 0 0 1 1 0 1 0 1 0 0 0 1 0 0 1 0 0 0 1 1 1 1 0 0]
3 20 15 0.054473564692367304 [1 0 1 1 1 1 1 0 0 0 0 1 0 0 1 1 0 1 1 0 1 1 1 1 1 0 0 0 1 0 1 1 0 1]
4 20 9 0.054473564692367304 [1 0 1 1 1 1 1 0 0 0 0 1 0 0 1 1 0 1 1 0 1 1 1 1 1 0 0 0 1 0 1 1 0 1]
5 20 11 0.054473564692367304 [1 0 1 1 1 1 1 0 0 0 0 1 0 0 1 1 0 1 1 0 1 1 1 1 1 0 0 0 1 0 1 1 0 1]
6 20 5 0.054473564692367304 [1 0 1 1 1 1 1 0 0 0 0 1 0 0 1 1 0 1 1 0 1 1 1 1 1 0 0 0 1 0 1 1 0 1]
7 20 2 0.054473564692367304 [1 0 1 1 1 1 1 0 0 0 0 1 0 0 1 1 0 1 1 0 1 1 1 1 1 0 0 0 1 0 1 1 0 1]
8 20 6 0.054473564692367304 [1 0 1 1 1 1 1 0 0 0 0 1 0 0 1 1 0 1 1 0 1 1 1 1 1 0 0 0 1 0 1 1 0 1]
9 20 3 0.054473564692367304 [1 0 1 1 1 1 1 0 0 0 0 1 0 0 1 1 0 1 1 0 1 1 1 1 1 0 0 0 1 0 1 1 0 1]
10 20 2 0.054473564692367304 [1 0 1 1 1 1 1 0 0 0 0 1 0 0 1 1 0 1 1 0 1 1 1 1 1 0 0 0 1 0 1 1 0 1]
11 20 1 0.054473564692367304 [1 0 1 1 1 1 1 0 0 0 0 1 0 0 1 1 0 1 1 0 1 1 1 1 1 0 0 0 1 0 1 1 0 1]
12 20 3 0.054473564692367304 [1 0 1 1 1 1 1 0 0 0 0 1 0 0 1 1 0 1 1 0 1 1 1 1 1 0 0 0 1 0 1 1 0 1]
13 20 3 0.054473564692367304 [1 0 1 1 1 1 1 0 0 0 0 1 0 0 1 1 0 1 1 0 1 1 1 1 1 0 0 0 1 0 1 1 0 1]
14 20 1 0.054473564692367304 [1 0 1 1 1 1 1 0 0 0 0 1 0 0 1 1 0 1 1 0 1 1 1 1 1 0 0 0 1 0 1 1 0 1]
15 20 4 0.054473564692367304 [1 0 1 1 1 1 1 0 0 0 0 1 0 0 1 1 0 1 1 0 1 1 1 1 1 0 0 0 1 0 1 1 0 1]
16 20 0 0.054473564692367304 [1 0 1 1 1 1 1 0 0 0 0 1 0 0 1 1 0 1 1 0 1 1 1 1 1 0 0 0 1 0 1 1 0 1]
17 20 1 0.054473564692367304 [1 0 1 1 1 1 1 0 0 0 0 1 0 0 1 1 0 1 1 0 1 1 1 1 1 0 0 0 1 0 1 1 0 1]
18 20 0 0.054473564692367304 [1 0 1 1 1 1 1 0 0 0 0 1 0 0 1 1 0 1 1 0 1 1 1 1 1 0 0 0 1 0 1 1 0 1]
19 20 0 0.054473564692367304 [1 0 1 1 1 1 1 0 0 0 0 1 0 0 1 1 0 1 1 0 1 1 1 1 1 0 0 0 1 0 1 1 0 1]
20 20 0 0.054473564692367304 [1 0 1 1 1 1 1 0 0 0 0 1 0 0 1 1 0 1 1 0 1 1 1 1 1 0 0 0 1 0 1 1 0 1]
21 20 0 0.054473564692367304 [1 0 1 1 1 1 1 0 0 0 0 1 0 0 1 1 0 1 1 0 1 1 1 1 1 0 0 0 1 0 1 1 0 1]
22 20 0 0.054473564692367304 [1 0 1 1 1 1 1 0 0 0 0 1 0 0 1 1 0 1 1 0 1 1 1 1 1 0 0 0 1 0 1 1 0 1]
23 20 0 0.054473564692367304 [1 0 1 1 1 1 1 0 0 0 0 1 0 0 1 1 0 1 1 0 1 1 1 1 1 0 0 0 1 0 1 1 0 1]
24 20 0 0.054473564692367304 [1 0 1 1 1 1 1 0 0 0 0 1 0 0 1 1 0 1 1 0 1 1 1 1 1 0 0 0 1 0 1 1 0 1]
25 20 0 0.054473564692367304 [1 0 1 1 1 1 1 0 0 0 0 1 0 0 1 1 0 1 1 0 1 1 1 1 1 0 0 0 1 0 1 1 0 1]
26 20 0 0.054473564692367304 [1 0 1 1 1 1 1 0 0 0 0 1 0 0 1 1 0 1 1 0 1 1 1 1 1 0 0 0 1 0 1 1 0 1]
27 20 0 0.054473564692367304 [1 0 1 1 1 1 1 0 0 0 0 1 0 0 1 1 0 1 1 0 1 1 1 1 1 0 0 0 1 0 1 1 0 1]
28 20 0 0.054473564692367304 [1 0 1 1 1 1 1 0 0 0 0 1 0 0 1 1 0 1 1 0 1 1 1 1 1 0 0 0 1 0 1 1 0 1]
29 20 0 0.054473564692367304 [1 0 1 1 1 1 1 0 0 0 0 1 0 0 1 1 0 1 1 0 1 1 1 1 1 0 0 0 1 0 1 1 0 1]
30 20 0 0.054473564692367304 [1 0 1 1 1 1 1 0 0 0 0 1 0 0 1 1 0 1 1 0 1 1 1 1 1 0 0 0 1 0 1 1 0 1]
31 20 0 0.054473564692367304 [1 0 1 1 1 1 1 0 0 0 0 1 0 0 1 1 0 1 1 0 1 1 1 1 1 0 0 0 1 0 1 1 0 1]
32 20 0 0.054473564692367304 [1 0 1 1 1 1 1 0 0 0 0 1 0 0 1 1 0 1 1 0 1 1 1 1 1 0 0 0 1 0 1 1 0 1]
33 20 0 0.054473564692367304 [1 0 1 1 1 1 1 0 0 0 0 1 0 0 1 1 0 1 1 0 1 1 1 1 1 0 0 0 1 0 1 1 0 1]
34 20 0 0.054473564692367304 [1 0 1 1 1 1 1 0 0 0 0 1 0 0 1 1 0 1 1 0 1 1 1 1 1 0 0 0 1 0 1 1 0 1]
35 20 0 0.054473564692367304 [1 0 1 1 1 1 1 0 0 0 0 1 0 0 1 1 0 1 1 0 1 1 1 1 1 0 0 0 1 0 1 1 0 1]
36 20 0 0.054473564692367304 [1 0 1 1 1 1 1 0 0 0 0 1 0 0 1 1 0 1 1 0 1 1 1 1 1 0 0 0 1 0 1 1 0 1]
37 20 0 0.054473564692367304 [1 0 1 1 1 1 1 0 0 0 0 1 0 0 1 1 0 1 1 0 1 1 1 1 1 0 0 0 1 0 1 1 0 1]
38 20 0 0.054473564692367304 [1 0 1 1 1 1 1 0 0 0 0 1 0 0 1 1 0 1 1 0 1 1 1 1 1 0 0 0 1 0 1 1 0 1]
39 20 0 0.054473564692367304 [1 0 1 1 1 1 1 0 0 0 0 1 0 0 1 1 0 1 1 0 1 1 1 1 1 0 0 0 1 0 1 1 0 1]
40 20 0 0.054473564692367304 [1 0 1 1 1 1 1 0 0 0 0 1 0 0 1 1 0 1 1 0 1 1 1 1 1 0 0 0 1 0 1 1 0 1]
41 20 0 0.054473564692367304 [1 0 1 1 1 1 1 0 0 0 0 1 0 0 1 1 0 1 1 0 1 1 1 1 1 0 0 0 1 0 1 1 0 1]
42 20 0 0.054473564692367304 [1 0 1 1 1 1 1 0 0 0 0 1 0 0 1 1 0 1 1 0 1 1 1 1 1 0 0 0 1 0 1 1 0 1]
43 20 0 0.054473564692367304 [1 0 1 1 1 1 1 0 0 0 0 1 0 0 1 1 0 1 1 0 1 1 1 1 1 0 0 0 1 0 1 1 0 1]
44 20 0 0.054473564692367304 [1 0 1 1 1 1 1 0 0 0 0 1 0 0 1 1 0 1 1 0 1 1 1 1 1 0 0 0 1 0 1 1 0 1]
45 20 0 0.054473564692367304 [1 0 1 1 1 1 1 0 0 0 0 1 0 0 1 1 0 1 1 0 1 1 1 1 1 0 0 0 1 0 1 1 0 1]
46 20 0 0.054473564692367304 [1 0 1 1 1 1 1 0 0 0 0 1 0 0 1 1 0 1 1 0 1 1 1 1 1 0 0 0 1 0 1 1 0 1]
47 20 0 0.054473564692367304 [1 0 1 1 1 1 1 0 0 0 0 1 0 0 1 1 0 1 1 0 1 1 1 1 1 0 0 0 1 0 1 1 0 1]
48 20 0 0.054473564692367304 [1 0 1 1 1 1 1 0 0 0 0 1 0 0 1 1 0 1 1 0 1 1 1 1 1 0 0 0 1 0 1 1 0 1]
49 20 0 0.054473564692367304 [1 0 1 1 1 1 1 0 0 0 0 1 0 0 1 1 0 1 1 0 1 1 1 1 1 0 0 0 1 0 1 1 0 1]
50 20 0 0.054473564692367304 [1 0 1 1 1 1 1 0 0 0 0 1 0 0 1 1 0 1 1 0 1 1 1 1 1 0 0 0 1 0 1 1 0 1]
51 20 0 0.054473564692367304 [1 0 1 1 1 1 1 0 0 0 0 1 0 0 1 1 0 1 1 0 1 1 1 1 1 0 0 0 1 0 1 1 0 1]
52 20 0 0.054473564692367304 [1 0 1 1 1 1 1 0 0 0 0 1 0 0 1 1 0 1 1 0 1 1 1 1 1 0 0 0 1 0 1 1 0 1]
53 20 0 0.054473564692367304 [1 0 1 1 1 1 1 0 0 0 0 1 0 0 1 1 0 1 1 0 1 1 1 1 1 0 0 0 1 0 1 1 0 1]
54 20 0 0.054473564692367304 [1 0 1 1 1 1 1 0 0 0 0 1 0 0 1 1 0 1 1 0 1 1 1 1 1 0 0 0 1 0 1 1 0 1]
55 20 0 0.054473564692367304 [1 0 1 1 1 1 1 0 0 0 0 1 0 0 1 1 0 1 1 0 1 1 1 1 1 0 0 0 1 0 1 1 0 1]
56 20 0 0.054473564692367304 [1 0 1 1 1 1 1 0 0 0 0 1 0 0 1 1 0 1 1 0 1 1 1 1 1 0 0 0 1 0 1 1 0 1]
57 20 0 0.054473564692367304 [1 0 1 1 1 1 1 0 0 0 0 1 0 0 1 1 0 1 1 0 1 1 1 1 1 0 0 0 1 0 1 1 0 1]
58 20 0 0.054473564692367304 [1 0 1 1 1 1 1 0 0 0 0 1 0 0 1 1 0 1 1 0 1 1 1 1 1 0 0 0 1 0 1 1 0 1]
59 20 0 0.054473564692367304 [1 0 1 1 1 1 1 0 0 0 0 1 0 0 1 1 0 1 1 0 1 1 1 1 1 0 0 0 1 0 1 1 0 1]
60 20 0 0.054473564692367304 [1 0 1 1 1 1 1 0 0 0 0 1 0 0 1 1 0 1 1 0 1 1 1 1 1 0 0 0 1 0 1 1 0 1]
61 20 0 0.054473564692367304 [1 0 1 1 1 1 1 0 0 0 0 1 0 0 1 1 0 1 1 0 1 1 1 1 1 0 0 0 1 0 1 1 0 1]
62 20 0 0.054473564692367304 [1 0 1 1 1 1 1 0 0 0 0 1 0 0 1 1 0 1 1 0 1 1 1 1 1 0 0 0 1 0 1 1 0 1]
63 20 0 0.054473564692367304 [1 0 1 1 1 1 1 0 0 0 0 1 0 0 1 1 0 1 1 0 1 1 1 1 1 0 0 0 1 0 1 1 0 1]
64 20 0 0.054473564692367304 [1 0 1 1 1 1 1 0 0 0 0 1 0 0 1 1 0 1 1 0 1 1 1 1 1 0 0 0 1 0 1 1 0 1]
65 20 0 0.054473564692367304 [1 0 1 1 1 1 1 0 0 0 0 1 0 0 1 1 0 1 1 0 1 1 1 1 1 0 0 0 1 0 1 1 0 1]
66 20 0 0.054473564692367304 [1 0 1 1 1 1 1 0 0 0 0 1 0 0 1 1 0 1 1 0 1 1 1 1 1 0 0 0 1 0 1 1 0 1]
67 20 0 0.054473564692367304 [1 0 1 1 1 1 1 0 0 0 0 1 0 0 1 1 0 1 1 0 1 1 1 1 1 0 0 0 1 0 1 1 0 1]
68 20 0 0.054473564692367304 [1 0 1 1 1 1 1 0 0 0 0 1 0 0 1 1 0 1 1 0 1 1 1 1 1 0 0 0 1 0 1 1 0 1]
69 20 0 0.054473564692367304 [1 0 1 1 1 1 1 0 0 0 0 1 0 0 1 1 0 1 1 0 1 1 1 1 1 0 0 0 1 0 1 1 0 1]
70 20 0 0.054473564692367304 [1 0 1 1 1 1 1 0 0 0 0 1 0 0 1 1 0 1 1 0 1 1 1 1 1 0 0 0 1 0 1 1 0 1]
71 20 0 0.054473564692367304 [1 0 1 1 1 1 1 0 0 0 0 1 0 0 1 1 0 1 1 0 1 1 1 1 1 0 0 0 1 0 1 1 0 1]
72 20 0 0.054473564692367304 [1 0 1 1 1 1 1 0 0 0 0 1 0 0 1 1 0 1 1 0 1 1 1 1 1 0 0 0 1 0 1 1 0 1]
73 20 0 0.054473564692367304 [1 0 1 1 1 1 1 0 0 0 0 1 0 0 1 1 0 1 1 0 1 1 1 1 1 0 0 0 1 0 1 1 0 1]
74 20 0 0.054473564692367304 [1 0 1 1 1 1 1 0 0 0 0 1 0 0 1 1 0 1 1 0 1 1 1 1 1 0 0 0 1 0 1 1 0 1]
75 20 0 0.054473564692367304 [1 0 1 1 1 1 1 0 0 0 0 1 0 0 1 1 0 1 1 0 1 1 1 1 1 0 0 0 1 0 1 1 0 1]
76 20 0 0.054473564692367304 [1 0 1 1 1 1 1 0 0 0 0 1 0 0 1 1 0 1 1 0 1 1 1 1 1 0 0 0 1 0 1 1 0 1]
77 20 0 0.054473564692367304 [1 0 1 1 1 1 1 0 0 0 0 1 0 0 1 1 0 1 1 0 1 1 1 1 1 0 0 0 1 0 1 1 0 1]
78 20 0 0.054473564692367304 [1 0 1 1 1 1 1 0 0 0 0 1 0 0 1 1 0 1 1 0 1 1 1 1 1 0 0 0 1 0 1 1 0 1]
79 20 0 0.054473564692367304 [1 0 1 1 1 1 1 0 0 0 0 1 0 0 1 1 0 1 1 0 1 1 1 1 1 0 0 0 1 0 1 1 0 1]
80 20 0 0.054473564692367304 [1 0 1 1 1 1 1 0 0 0 0 1 0 0 1 1 0 1 1 0 1 1 1 1 1 0 0 0 1 0 1 1 0 1]
81 20 0 0.054473564692367304 [1 0 1 1 1 1 1 0 0 0 0 1 0 0 1 1 0 1 1 0 1 1 1 1 1 0 0 0 1 0 1 1 0 1]
82 20 0 0.054473564692367304 [1 0 1 1 1 1 1 0 0 0 0 1 0 0 1 1 0 1 1 0 1 1 1 1 1 0 0 0 1 0 1 1 0 1]
83 20 0 0.054473564692367304 [1 0 1 1 1 1 1 0 0 0 0 1 0 0 1 1 0 1 1 0 1 1 1 1 1 0 0 0 1 0 1 1 0 1]
84 20 0 0.054473564692367304 [1 0 1 1 1 1 1 0 0 0 0 1 0 0 1 1 0 1 1 0 1 1 1 1 1 0 0 0 1 0 1 1 0 1]
85 20 0 0.054473564692367304 [1 0 1 1 1 1 1 0 0 0 0 1 0 0 1 1 0 1 1 0 1 1 1 1 1 0 0 0 1 0 1 1 0 1]
86 20 0 0.054473564692367304 [1 0 1 1 1 1 1 0 0 0 0 1 0 0 1 1 0 1 1 0 1 1 1 1 1 0 0 0 1 0 1 1 0 1]
87 20 0 0.054473564692367304 [1 0 1 1 1 1 1 0 0 0 0 1 0 0 1 1 0 1 1 0 1 1 1 1 1 0 0 0 1 0 1 1 0 1]
88 20 0 0.054473564692367304 [1 0 1 1 1 1 1 0 0 0 0 1 0 0 1 1 0 1 1 0 1 1 1 1 1 0 0 0 1 0 1 1 0 1]
89 20 0 0.054473564692367304 [1 0 1 1 1 1 1 0 0 0 0 1 0 0 1 1 0 1 1 0 1 1 1 1 1 0 0 0 1 0 1 1 0 1]
90 20 0 0.054473564692367304 [1 0 1 1 1 1 1 0 0 0 0 1 0 0 1 1 0 1 1 0 1 1 1 1 1 0 0 0 1 0 1 1 0 1]
91 20 0 0.054473564692367304 [1 0 1 1 1 1 1 0 0 0 0 1 0 0 1 1 0 1 1 0 1 1 1 1 1 0 0 0 1 0 1 1 0 1]
92 20 0 0.054473564692367304 [1 0 1 1 1 1 1 0 0 0 0 1 0 0 1 1 0 1 1 0 1 1 1 1 1 0 0 0 1 0 1 1 0 1]
93 20 0 0.054473564692367304 [1 0 1 1 1 1 1 0 0 0 0 1 0 0 1 1 0 1 1 0 1 1 1 1 1 0 0 0 1 0 1 1 0 1]
94 20 0 0.054473564692367304 [1 0 1 1 1 1 1 0 0 0 0 1 0 0 1 1 0 1 1 0 1 1 1 1 1 0 0 0 1 0 1 1 0 1]
95 20 0 0.054473564692367304 [1 0 1 1 1 1 1 0 0 0 0 1 0 0 1 1 0 1 1 0 1 1 1 1 1 0 0 0 1 0 1 1 0 1]
96 20 0 0.054473564692367304 [1 0 1 1 1 1 1 0 0 0 0 1 0 0 1 1 0 1 1 0 1 1 1 1 1 0 0 0 1 0 1 1 0 1]
97 20 0 0.054473564692367304 [1 0 1 1 1 1 1 0 0 0 0 1 0 0 1 1 0 1 1 0 1 1 1 1 1 0 0 0 1 0 1 1 0 1]
98 20 0 0.054473564692367304 [1 0 1 1 1 1 1 0 0 0 0 1 0 0 1 1 0 1 1 0 1 1 1 1 1 0 0 0 1 0 1 1 0 1]
99 20 0 0.054473564692367304 [1 0 1 1 1 1 1 0 0 0 0 1 0 0 1 1 0 1 1 0 1 1 1 1 1 0 0 0 1 0 1 1 0 1]
100 20 0 0.054473564692367304 [1 0 1 1 1 1 1 0 0 0 0 1 0 0 1 1 0 1 1 0 1 1 1 1 1 0 0 0 1 0 1 1 0 1]
101 20 0 0.054473564692367304 [1 0 1 1 1 1 1 0 0 0 0 1 0 0 1 1 0 1 1 0 1 1 1 1 1 0 0 0 1 0 1 1 0 1]
102 20 0 0.054473564692367304 [1 0 1 1 1 1 1 0 0 0 0 1 0 0 1 1 0 1 1 0 1 1 1 1 1 0 0 0 1 0 1 1 0 1]
103 20 0 0.054473564692367304 [1 0 1 1 1 1 1 0 0 0 0 1 0 0 1 1 0 1 1 0 1 1 1 1 1 0 0 0 1 0 1 1 0 1]
104 20 0 0.054473564692367304 [1 0 1 1 1 1 1 0 0 0 0 1 0 0 1 1 0 1 1 0 1 1 1 1 1 0 0 0 1 0 1 1 0 1]
105 20 0 0.054473564692367304 [1 0 1 1 1 1 1 0 0 0 0 1 0 0 1 1 0 1 1 0 1 1 1 1 1 0 0 0 1 0 1 1 0 1]
106 20 0 0.054473564692367304 [1 0 1 1 1 1 1 0 0 0 0 1 0 0 1 1 0 1 1 0 1 1 1 1 1 0 0 0 1 0 1 1 0 1]
107 20 0 0.054473564692367304 [1 0 1 1 1 1 1 0 0 0 0 1 0 0 1 1 0 1 1 0 1 1 1 1 1 0 0 0 1 0 1 1 0 1]
108 20 0 0.054473564692367304 [1 0 1 1 1 1 1 0 0 0 0 1 0 0 1 1 0 1 1 0 1 1 1 1 1 0 0 0 1 0 1 1 0 1]
109 20 0 0.054473564692367304 [1 0 1 1 1 1 1 0 0 0 0 1 0 0 1 1 0 1 1 0 1 1 1 1 1 0 0 0 1 0 1 1 0 1]
110 20 0 0.054473564692367304 [1 0 1 1 1 1 1 0 0 0 0 1 0 0 1 1 0 1 1 0 1 1 1 1 1 0 0 0 1 0 1 1 0 1]
111 20 0 0.054473564692367304 [1 0 1 1 1 1 1 0 0 0 0 1 0 0 1 1 0 1 1 0 1 1 1 1 1 0 0 0 1 0 1 1 0 1]
112 20 0 0.054473564692367304 [1 0 1 1 1 1 1 0 0 0 0 1 0 0 1 1 0 1 1 0 1 1 1 1 1 0 0 0 1 0 1 1 0 1]
113 20 0 0.054473564692367304 [1 0 1 1 1 1 1 0 0 0 0 1 0 0 1 1 0 1 1 0 1 1 1 1 1 0 0 0 1 0 1 1 0 1]
114 20 0 0.054473564692367304 [1 0 1 1 1 1 1 0 0 0 0 1 0 0 1 1 0 1 1 0 1 1 1 1 1 0 0 0 1 0 1 1 0 1]
115 20 0 0.054473564692367304 [1 0 1 1 1 1 1 0 0 0 0 1 0 0 1 1 0 1 1 0 1 1 1 1 1 0 0 0 1 0 1 1 0 1]
116 20 0 0.054473564692367304 [1 0 1 1 1 1 1 0 0 0 0 1 0 0 1 1 0 1 1 0 1 1 1 1 1 0 0 0 1 0 1 1 0 1]
117 20 0 0.054473564692367304 [1 0 1 1 1 1 1 0 0 0 0 1 0 0 1 1 0 1 1 0 1 1 1 1 1 0 0 0 1 0 1 1 0 1]
118 20 0 0.054473564692367304 [1 0 1 1 1 1 1 0 0 0 0 1 0 0 1 1 0 1 1 0 1 1 1 1 1 0 0 0 1 0 1 1 0 1]
119 20 0 0.054473564692367304 [1 0 1 1 1 1 1 0 0 0 0 1 0 0 1 1 0 1 1 0 1 1 1 1 1 0 0 0 1 0 1 1 0 1]
120 20 0 0.054473564692367304 [1 0 1 1 1 1 1 0 0 0 0 1 0 0 1 1 0 1 1 0 1 1 1 1 1 0 0 0 1 0 1 1 0 1]
121 20 0 0.054473564692367304 [1 0 1 1 1 1 1 0 0 0 0 1 0 0 1 1 0 1 1 0 1 1 1 1 1 0 0 0 1 0 1 1 0 1]
122 20 0 0.054473564692367304 [1 0 1 1 1 1 1 0 0 0 0 1 0 0 1 1 0 1 1 0 1 1 1 1 1 0 0 0 1 0 1 1 0 1]
123 20 0 0.054473564692367304 [1 0 1 1 1 1 1 0 0 0 0 1 0 0 1 1 0 1 1 0 1 1 1 1 1 0 0 0 1 0 1 1 0 1]
124 20 0 0.054473564692367304 [1 0 1 1 1 1 1 0 0 0 0 1 0 0 1 1 0 1 1 0 1 1 1 1 1 0 0 0 1 0 1 1 0 1]
125 20 0 0.054473564692367304 [1 0 1 1 1 1 1 0 0 0 0 1 0 0 1 1 0 1 1 0 1 1 1 1 1 0 0 0 1 0 1 1 0 1]
126 20 0 0.054473564692367304 [1 0 1 1 1 1 1 0 0 0 0 1 0 0 1 1 0 1 1 0 1 1 1 1 1 0 0 0 1 0 1 1 0 1]
127 20 0 0.054473564692367304 [1 0 1 1 1 1 1 0 0 0 0 1 0 0 1 1 0 1 1 0 1 1 1 1 1 0 0 0 1 0 1 1 0 1]
128 20 0 0.054473564692367304 [1 0 1 1 1 1 1 0 0 0 0 1 0 0 1 1 0 1 1 0 1 1 1 1 1 0 0 0 1 0 1 1 0 1]
129 20 0 0.054473564692367304 [1 0 1 1 1 1 1 0 0 0 0 1 0 0 1 1 0 1 1 0 1 1 1 1 1 0 0 0 1 0 1 1 0 1]
130 20 0 0.054473564692367304 [1 0 1 1 1 1 1 0 0 0 0 1 0 0 1 1 0 1 1 0 1 1 1 1 1 0 0 0 1 0 1 1 0 1]
131 20 0 0.054473564692367304 [1 0 1 1 1 1 1 0 0 0 0 1 0 0 1 1 0 1 1 0 1 1 1 1 1 0 0 0 1 0 1 1 0 1]
132 20 0 0.054473564692367304 [1 0 1 1 1 1 1 0 0 0 0 1 0 0 1 1 0 1 1 0 1 1 1 1 1 0 0 0 1 0 1 1 0 1]
133 20 0 0.054473564692367304 [1 0 1 1 1 1 1 0 0 0 0 1 0 0 1 1 0 1 1 0 1 1 1 1 1 0 0 0 1 0 1 1 0 1]
134 20 0 0.054473564692367304 [1 0 1 1 1 1 1 0 0 0 0 1 0 0 1 1 0 1 1 0 1 1 1 1 1 0 0 0 1 0 1 1 0 1]
135 20 0 0.054473564692367304 [1 0 1 1 1 1 1 0 0 0 0 1 0 0 1 1 0 1 1 0 1 1 1 1 1 0 0 0 1 0 1 1 0 1]
136 20 0 0.054473564692367304 [1 0 1 1 1 1 1 0 0 0 0 1 0 0 1 1 0 1 1 0 1 1 1 1 1 0 0 0 1 0 1 1 0 1]
137 20 0 0.054473564692367304 [1 0 1 1 1 1 1 0 0 0 0 1 0 0 1 1 0 1 1 0 1 1 1 1 1 0 0 0 1 0 1 1 0 1]
138 20 0 0.054473564692367304 [1 0 1 1 1 1 1 0 0 0 0 1 0 0 1 1 0 1 1 0 1 1 1 1 1 0 0 0 1 0 1 1 0 1]
139 20 0 0.054473564692367304 [1 0 1 1 1 1 1 0 0 0 0 1 0 0 1 1 0 1 1 0 1 1 1 1 1 0 0 0 1 0 1 1 0 1]
140 20 0 0.054473564692367304 [1 0 1 1 1 1 1 0 0 0 0 1 0 0 1 1 0 1 1 0 1 1 1 1 1 0 0 0 1 0 1 1 0 1]
141 20 0 0.054473564692367304 [1 0 1 1 1 1 1 0 0 0 0 1 0 0 1 1 0 1 1 0 1 1 1 1 1 0 0 0 1 0 1 1 0 1]
142 20 0 0.054473564692367304 [1 0 1 1 1 1 1 0 0 0 0 1 0 0 1 1 0 1 1 0 1 1 1 1 1 0 0 0 1 0 1 1 0 1]
143 20 0 0.054473564692367304 [1 0 1 1 1 1 1 0 0 0 0 1 0 0 1 1 0 1 1 0 1 1 1 1 1 0 0 0 1 0 1 1 0 1]
144 20 0 0.054473564692367304 [1 0 1 1 1 1 1 0 0 0 0 1 0 0 1 1 0 1 1 0 1 1 1 1 1 0 0 0 1 0 1 1 0 1]
145 20 0 0.054473564692367304 [1 0 1 1 1 1 1 0 0 0 0 1 0 0 1 1 0 1 1 0 1 1 1 1 1 0 0 0 1 0 1 1 0 1]
146 20 0 0.054473564692367304 [1 0 1 1 1 1 1 0 0 0 0 1 0 0 1 1 0 1 1 0 1 1 1 1 1 0 0 0 1 0 1 1 0 1]
147 20 0 0.054473564692367304 [1 0 1 1 1 1 1 0 0 0 0 1 0 0 1 1 0 1 1 0 1 1 1 1 1 0 0 0 1 0 1 1 0 1]
148 20 0 0.054473564692367304 [1 0 1 1 1 1 1 0 0 0 0 1 0 0 1 1 0 1 1 0 1 1 1 1 1 0 0 0 1 0 1 1 0 1]
149 20 0 0.054473564692367304 [1 0 1 1 1 1 1 0 0 0 0 1 0 0 1 1 0 1 1 0 1 1 1 1 1 0 0 0 1 0 1 1 0 1]
150 20 0 0.054473564692367304 [1 0 1 1 1 1 1 0 0 0 0 1 0 0 1 1 0 1 1 0 1 1 1 1 1 0 0 0 1 0 1 1 0 1]
