0 17 100 0.06079664570230614 [1 0 1 1 1 0 1 0 0 0 0 1 0 0 1 1 0 1 0 0 1 0 0 1 0 1 1 0 0 1 1 1 0 1]
1 17 40 0.06079664570230614 [1 0 1 1 1 0 1 0 0 0 0 1 0 0 1 1 0 1 0 0 1 0 0 1 0 1 1 0 0 1 1 1 0 1]
2 17 21 0.06079664570230614 [1 0 1 1 1 0 1 0 0 0 0 1 0 0 1 1 0 1 0 0 1 0 0 1 0 1 1 0 0 1 1 1 0 1]
3 17 14 0.06079664570230614 [1 0 1 1 1 0 1 0 0 0 0 1 0 0 1 1 0 1 0 0 1 0 0 1 0 1 1 0 0 1 1 1 0 1]
4 17 9 0.06079664570230614 [1 0 1 1 1 0 1 0 0 0 0 1 0 0 1 1 0 1 0 0 1 0 0 1 0 1 1 0 0 1 1 1 0 1]
5 17 5 0.06079664570230614 [1 0 1 1 1 0 1 0 0 0 0 1 0 0 1 1 0 1 0 0 1 0 0 1 0 1 1 0 0 1 1 1 0 1]
6 17 7 0.06079664570230614 [1 0 1 1 1 0 1 0 0 0 0 1 0 0 1 1 0 1 0 0 1 0 0 1 0 1 1 0 0 1 1 1 0 1]
7 22 8 0.060061694792233666 [1 1 1 1 1 1 1 0 0 1 1 0 0 1 1 1 0 0 1 1 1 0 0 0 1 1 0 1 0 0 1 1 1 1]
8 22 8 0.060061694792233666 [1 1 1 1 1 1 1 0 0 1 1 0 0 1 1 1 0 0 1 1 1 0 0 0 1 1 0 1 0 0 1 1 1 1]
9 22 4 0.060061694792233666 [1 1 1 1 1 1 1 0 0 1 1 0 0 1 1 1 0 0 1 1 1 0 0 0 1 1 0 1 0 0 1 1 1 1]
10 22 1 0.060061694792233666 [1 1 1 1 1 1 1 0 0 1 1 0 0 1 1 1 0 0 1 1 1 0 0 0 1 1 0 1 0 0 1 1 1 1]
11 22 1 0.060061694792233666 [1 1 1 1 1 1 1 0 0 1 1 0 0 1 1 1 0 0 1 1 1 0 0 0 1 1 0 1 0 0 1 1 1 1]
12 22 2 0.060061694792233666 [1 1 1 1 1 1 1 0 0 1 1 0 0 1 1 1 0 0 1 1 1 0 0 0 1 1 0 1 0 0 1 1 1 1]
13 22 0 0.060061694792233666 [1 1 1 1 1 1 1 0 0 1 1 0 0 1 1 1 0 0 1 1 1 0 0 0 1 1 0 1 0 0 1 1 1 1]
14 22 0 0.060061694792233666 [1 1 1 1 1 1 1 0 0 1 1 0 0 1 1 1 0 0 1 1 1 0 0 0 1 1 0 1 0 0 1 1 1 1]
15 22 1 0.060061694792233666 [1 1 1 1 1 1 1 0 0 1 1 0 0 1 1 1 0 0 1 1 1 0 0 0 1 1 0 1 0 0 1 1 1 1]
16 22 1 0.060061694792233666 [1 1 1 1 1 1 1 0 0 1 1 0 0 1 1 1 0 0 1 1 1 0 0 0 1 1 0 1 0 0 1 1 1 1]
17 19 1 0.05962141509370611 [1 0 1 1 1 1 1 0 0 0 1 1 0 0 1 1 0 1 1 0 1 0 0 0 1 1 1 0 0 0 1 1 0 1]
18 19 0 0.05962141509370611 [1 0 1 1 1 1 1 0 0 0 1 1 0 0 1 1 0 1 1 0 1 0 0 0 1 1 1 0 0 0 1 1 0 1]
19 19 0 0.05962141509370611 [1 0 1 1 1 1 1 0 0 0 1 1 0 0 1 1 0 1 1 0 1 0 0 0 1 1 1 0 0 0 1 1 0 1]
20 19 0 0.05962141509370611 [1 0 1 1 1 1 1 0 0 0 1 1 0 0 1 1 0 1 1 0 1 0 0 0 1 1 1 0 0 0 1 1 0 1]
21 19 0 0.05962141509370611 [1 0 1 1 1 1 1 0 0 0 1 1 0 0 1 1 0 1 1 0 1 0 0 0 1 1 1 0 0 0 1 1 0 1]
22 19 0 0.05962141509370611 [1 0 1 1 1 1 1 0 0 0 1 1 0 0 1 1 0 1 1 0 1 0 0 0 1 1 1 0 0 0 1 1 0 1]
23 19 0 0.05962141509370611 [1 0 1 1 1 1 1 0 0 0 1 1 0 0 1 1 0 1 1 0 1 0 0 0 1 1 1 0 0 0 1 1 0 1]
24 19 0 0.05962141509370611 [1 0 1 1 1 1 1 0 0 0 1 1 0 0 1 1 0 1 1 0 1 0 0 0 1 1 1 0 0 0 1 1 0 1]
25 19 0 0.05962141509370611 [1 0 1 1 1 1 1 0 0 0 1 1 0 0 1 1 0 1 1 0 1 0 0 0 1 1 1 0 0 0 1 1 0 1]
26 19 0 0.05962141509370611 [1 0 1 1 1 1 1 0 0 0 1 1 0 0 1 1 0 1 1 0 1 0 0 0 1 1 1 0 0 0 1 1 0 1]
27 19 0 0.05962141509370611 [1 0 1 1 1 1 1 0 0 0 1 1 0 0 1 1 0 1 1 0 1 0 0 0 1 1 1 0 0 0 1 1 0 1]
28 19 0 0.05962141509370611 [1 0 1 1 1 1 1 0 0 0 1 1 0 0 1 1 0 1 1 0 1 0 0 0 1 1 1 0 0 0 1 1 0 1]
29 19 0 0.05962141509370611 [1 0 1 1 1 1 1 0 0 0 1 1 0 0 1 1 0 1 1 0 1 0 0 0 1 1 1 0 0 0 1 1 0 1]
30 19 0 0.05962141509370611 [1 0 1 1 1 1 1 0 0 0 1 1 0 0 1 1 0 1 1 0 1 0 0 0 1 1 1 0 0 0 1 1 0 1]
31 19 0 0.05962141509370611 [1 0 1 1 1 1 1 0 0 0 1 1 0 0 1 1 0 1 1 0 1 0 0 0 1 1 1 0 0 0 1 1 0 1]
32 19 0 0.05962141509370611 [1 0 1 1 1 1 1 0 0 0 1 1 0 0 1 1 0 1 1 0 1 0 0 0 1 1 1 0 0 0 1 1 0 1]
33 19 0 0.05962141509370611 [1 0 1 1 1 1 1 0 0 0 1 1 0 0 1 1 0 1 1 0 1 0 0 0 1 1 1 0 0 0 1 1 0 1]
34 19 0 0.05962141509370611 [1 0 1 1 1 1 1 0 0 0 1 1 0 0 1 1 0 1 1 0 1 0 0 0 1 1 1 0 0 0 1 1 0 1]
35 19 0 0.05962141509370611 [1 0 1 1 1 1 1 0 0 0 1 1 0 0 1 1 0 1 1 0 1 0 0 0 1 1 1 0 0 0 1 1 0 1]
36 19 0 0.05962141509370611 [1 0 1 1 1 1 1 0 0 0 1 1 0 0 1 1 0 1 1 0 1 0 0 0 1 1 1 0 0 0 1 1 0 1]
37 19 0 0.05962141509370611 [1 0 1 1 1 1 1 0 0 0 1 1 0 0 1 1 0 1 1 0 1 0 0 0 1 1 1 0 0 0 1 1 0 1]
38 19 0 0.05962141509370611 [1 0 1 1 1 1 1 0 0 0 1 1 0 0 1 1 0 1 1 0 1 0 0 0 1 1 1 0 0 0 1 1 0 1]
39 19 0 0.05962141509370611 [1 0 1 1 1 1 1 0 0 0 1 1 0 0 1 1 0 1 1 0 1 0 0 0 1 1 1 0 0 0 1 1 0 1]
40 19 0 0.05962141509370611 [1 0 1 1 1 1 1 0 0 0 1 1 0 0 1 1 0 1 1 0 1 0 0 0 1 1 1 0 0 0 1 1 0 1]
41 19 0 0.05962141509370611 [1 0 1 1 1 1 1 0 0 0 1 1 0 0 1 1 0 1 1 0 1 0 0 0 1 1 1 0 0 0 1 1 0 1]
42 19 0 0.05962141509370611 [1 0 1 1 1 1 1 0 0 0 1 1 0 0 1 1 0 1 1 0 1 0 0 0 1 1 1 0 0 0 1 1 0 1]
43 19 0 0.05962141509370611 [1 0 1 1 1 1 1 0 0 0 1 1 0 0 1 1 0 1 1 0 1 0 0 0 1 1 1 0 0 0 1 1 0 1]
44 19 0 0.05962141509370611 [1 0 1 1 1 1 1 0 0 0 1 1 0 0 1 1 0 1 1 0 1 0 0 0 1 1 1 0 0 0 1 1 0 1]
45 19 0 0.05962141509370611 [1 0 1 1 1 1 1 0 0 0 1 1 0 0 1 1 0 1 1 0 1 0 0 0 1 1 1 0 0 0 1 1 0 1]
46 19 0 0.05962141509370611 [1 0 1 1 1 1 1 0 0 0 1 1 0 0 1 1 0 1 1 0 1 0 0 0 1 1 1 0 0 0 1 1 0 1]
47 19 0 0.05962141509370611 [1 0 1 1 1 1 1 0 0 0 1 1 0 0 1 1 0 1 1 0 1 0 0 0 1 1 1 0 0 0 1 1 0 1]
48 19 0 0.05962141509370611 [1 0 1 1 1 1 1 0 0 0 1 1 0 0 1 1 0 1 1 0 1 0 0 0 1 1 1 0 0 0 1 1 0 1]
49 19 0 0.05962141509370611 [1 0 1 1 1 1 1 0 0 0 1 1 0 0 1 1 0 1 1 0 1 0 0 0 1 1 1 0 0 0 1 1 0 1]
50 19 0 0.05962141509370611 [1 0 1 1 1 1 1 0 0 0 1 1 0 0 1 1 0 1 1 0 1 0 0 0 1 1 1 0 0 0 1 1 0 1]
51 19 0 0.05962141509370611 [1 0 1 1 1 1 1 0 0 0 1 1 0 0 1 1 0 1 1 0 1 0 0 0 1 1 1 0 0 0 1 1 0 1]
52 19 0 0.05962141509370611 [1 0 1 1 1 1 1 0 0 0 1 1 0 0 1 1 0 1 1 0 1 0 0 0 1 1 1 0 0 0 1 1 0 1]
53 19 0 0.05962141509370611 [1 0 1 1 1 1 1 0 0 0 1 1 0 0 1 1 0 1 1 0 1 0 0 0 1 1 1 0 0 0 1 1 0 1]
54 19 0 0.05962141509370611 [1 0 1 1 1 1 1 0 0 0 1 1 0 0 1 1 0 1 1 0 1 0 0 0 1 1 1 0 0 0 1 1 0 1]
55 19 0 0.05962141509370611 [1 0 1 1 1 1 1 0 0 0 1 1 0 0 1 1 0 1 1 0 1 0 0 0 1 1 1 0 0 0 1 1 0 1]
56 19 0 0.05962141509370611 [1 0 1 1 1 1 1 0 0 0 1 1 0 0 1 1 0 1 1 0 1 0 0 0 1 1 1 0 0 0 1 1 0 1]
57 19 0 0.05962141509370611 [1 0 1 1 1 1 1 0 0 0 1 1 0 0 1 1 0 1 1 0 1 0 0 0 1 1 1 0 0 0 1 1 0 1]
58 19 0 0.05962141509370611 [1 0 1 1 1 1 1 0 0 0 1 1 0 0 1 1 0 1 1 0 1 0 0 0 1 1 1 0 0 0 1 1 0 1]
59 19 0 0.05962141509370611 [1 0 1 1 1 1 1 0 0 0 1 1 0 0 1 1 0 1 1 0 1 0 0 0 1 1 1 0 0 0 1 1 0 1]
60 19 0 0.05962141509370611 [1 0 1 1 1 1 1 0 0 0 1 1 0 0 1 1 0 1 1 0 1 0 0 0 1 1 1 0 0 0 1 1 0 1]
61 19 0 0.05962141509370611 [1 0 1 1 1 1 1 0 0 0 1 1 0 0 1 1 0 1 1 0 1 0 0 0 1 1 1 0 0 0 1 1 0 1]
62 19 0 0.05962141509370611 [1 0 1 1 1 1 1 0 0 0 1 1 0 0 1 1 0 1 1 0 1 0 0 0 1 1 1 0 0 0 1 1 0 1]
63 19 0 0.05962141509370611 [1 0 1 1 1 1 1 0 0 0 1 1 0 0 1 1 0 1 1 0 1 0 0 0 1 1 1 0 0 0 1 1 0 1]
64 19 0 0.05962141509370611 [1 0 1 1 1 1 1 0 0 0 1 1 0 0 1 1 0 1 1 0 1 0 0 0 1 1 1 0 0 0 1 1 0 1]
65 19 0 0.05962141509370611 [1 0 1 1 1 1 1 0 0 0 1 1 0 0 1 1 0 1 1 0 1 0 0 0 1 1 1 0 0 0 1 1 0 1]
66 19 0 0.05962141509370611 [1 0 1 1 1 1 1 0 0 0 1 1 0 0 1 1 0 1 1 0 1 0 0 0 1 1 1 0 0 0 1 1 0 1]
67 19 0 0.05962141509370611 [1 0 1 1 1 1 1 0 0 0 1 1 0 0 1 1 0 1 1 0 1 0 0 0 1 1 1 0 0 0 1 1 0 1]
68 19 0 0.05962141509370611 [1 0 1 1 1 1 1 0 0 0 1 1 0 0 1 1 0 1 1 0 1 0 0 0 1 1 1 0 0 0 1 1 0 1]
69 19 0 0.05962141509370611 [1 0 1 1 1 1 1 0 0 0 1 1 0 0 1 1 0 1 1 0 1 0 0 0 1 1 1 0 0 0 1 1 0 1]
70 19 0 0.05962141509370611 [1 0 1 1 1 1 1 0 0 0 1 1 0 0 1 1 0 1 1 0 1 0 0 0 1 1 1 0 0 0 1 1 0 1]
71 19 0 0.05962141509370611 [1 0 1 1 1 1 1 0 0 0 1 1 0 0 1 1 0 1 1 0 1 0 0 0 1 1 1 0 0 0 1 1 0 1]
72 19 0 0.05962141509370611 [1 0 1 1 1 1 1 0 0 0 1 1 0 0 1 1 0 1 1 0 1 0 0 0 1 1 1 0 0 0 1 1 0 1]
73 19 0 0.05962141509370611 [1 0 1 1 1 1 1 0 0 0 1 1 0 0 1 1 0 1 1 0 1 0 0 0 1 1 1 0 0 0 1 1 0 1]
74 19 0 0.05962141509370611 [1 0 1 1 1 1 1 0 0 0 1 1 0 0 1 1 0 1 1 0 1 0 0 0 1 1 1 0 0 0 1 1 0 1]
75 19 0 0.05962141509370611 [1 0 1 1 1 1 1 0 0 0 1 1 0 0 1 1 0 1 1 0 1 0 0 0 1 1 1 0 0 0 1 1 0 1]
76 19 0 0.05962141509370611 [1 0 1 1 1 1 1 0 0 0 1 1 0 0 1 1 0 1 1 0 1 0 0 0 1 1 1 0 0 0 1 1 0 1]
77 19 0 0.05962141509370611 [1 0 1 1 1 1 1 0 0 0 1 1 0 0 1 1 0 1 1 0 1 0 0 0 1 1 1 0 0 0 1 1 0 1]
78 19 0 0.05962141509370611 [1 0 1 1 1 1 1 0 0 0 1 1 0 0 1 1 0 1 1 0 1 0 0 0 1 1 1 0 0 0 1 1 0 1]
79 19 0 0.05962141509370611 [1 0 1 1 1 1 1 0 0 0 1 1 0 0 1 1 0 1 1 0 1 0 0 0 1 1 1 0 0 0 1 1 0 1]
80 19 0 0.05962141509370611 [1 0 1 1 1 1 1 0 0 0 1 1 0 0 1 1 0 1 1 0 1 0 0 0 1 1 1 0 0 0 1 1 0 1]
81 19 0 0.05962141509370611 [1 0 1 1 1 1 1 0 0 0 1 1 0 0 1 1 0 1 1 0 1 0 0 0 1 1 1 0 0 0 1 1 0 1]
82 19 0 0.05962141509370611 [1 0 1 1 1 1 1 0 0 0 1 1 0 0 1 1 0 1 1 0 1 0 0 0 1 1 1 0 0 0 1 1 0 1]
83 19 0 0.05962141509370611 [1 0 1 1 1 1 1 0 0 0 1 1 0 0 1 1 0 1 1 0 1 0 0 0 1 1 1 0 0 0 1 1 0 1]
84 19 0 0.05962141509370611 [1 0 1 1 1 1 1 0 0 0 1 1 0 0 1 1 0 1 1 0 1 0 0 0 1 1 1 0 0 0 1 1 0 1]
85 19 0 0.05962141509370611 [1 0 1 1 1 1 1 0 0 0 1 1 0 0 1 1 0 1 1 0 1 0 0 0 1 1 1 0 0 0 1 1 0 1]
86 19 0 0.05962141509370611 [1 0 1 1 1 1 1 0 0 0 1 1 0 0 1 1 0 1 1 0 1 0 0 0 1 1 1 0 0 0 1 1 0 1]
87 19 0 0.05962141509370611 [1 0 1 1 1 1 1 0 0 0 1 1 0 0 1 1 0 1 1 0 1 0 0 0 1 1 1 0 0 0 1 1 0 1]
88 19 0 0.05962141509370611 [1 0 1 1 1 1 1 0 0 0 1 1 0 0 1 1 0 1 1 0 1 0 0 0 1 1 1 0 0 0 1 1 0 1]
89 19 0 0.05962141509370611 [1 0 1 1 1 1 1 0 0 0 1 1 0 0 1 1 0 1 1 0 1 0 0 0 1 1 1 0 0 0 1 1 0 1]
90 19 0 0.05962141509370611 [1 0 1 1 1 1 1 0 0 0 1 1 0 0 1 1 0 1 1 0 1 0 0 0 1 1 1 0 0 0 1 1 0 1]
91 19 0 0.05962141509370611 [1 0 1 1 1 1 1 0 0 0 1 1 0 0 1 1 0 1 1 0 1 0 0 0 1 1 1 0 0 0 1 1 0 1]
92 19 0 0.05962141509370611 [1 0 1 1 1 1 1 0 0 0 1 1 0 0 1 1 0 1 1 0 1 0 0 0 1 1 1 0 0 0 1 1 0 1]
93 19 0 0.05962141509370611 [1 0 1 1 1 1 1 0 0 0 1 1 0 0 1 1 0 1 1 0 1 0 0 0 1 1 1 0 0 0 1 1 0 1]
94 19 0 0.05962141509370611 [1 0 1 1 1 1 1 0 0 0 1 1 0 0 1 1 0 1 1 0 1 0 0 0 1 1 1 0 0 0 1 1 0 1]
95 19 0 0.05962141509370611 [1 0 1 1 1 1 1 0 0 0 1 1 0 0 1 1 0 1 1 0 1 0 0 0 1 1 1 0 0 0 1 1 0 1]
96 19 0 0.05962141509370611 [1 0 1 1 1 1 1 0 0 0 1 1 0 0 1 1 0 1 1 0 1 0 0 0 1 1 1 0 0 0 1 1 0 1]
97 19 0 0.05962141509370611 [1 0 1 1 1 1 1 0 0 0 1 1 0 0 1 1 0 1 1 0 1 0 0 0 1 1 1 0 0 0 1 1 0 1]
98 19 0 0.05962141509370611 [1 0 1 1 1 1 1 0 0 0 1 1 0 0 1 1 0 1 1 0 1 0 0 0 1 1 1 0 0 0 1 1 0 1]
99 19 0 0.05962141509370611 [1 0 1 1 1 1 1 0 0 0 1 1 0 0 1 1 0 1 1 0 1 0 0 0 1 1 1 0 0 0 1 1 0 1]
100 19 0 0.05962141509370611 [1 0 1 1 1 1 1 0 0 0 1 1 0 0 1 1 0 1 1 0 1 0 0 0 1 1 1 0 0 0 1 1 0 1]
101 19 0 0.05962141509370611 [1 0 1 1 1 1 1 0 0 0 1 1 0 0 1 1 0 1 1 0 1 0 0 0 1 1 1 0 0 0 1 1 0 1]
102 19 0 0.05962141509370611 [1 0 1 1 1 1 1 0 0 0 1 1 0 0 1 1 0 1 1 0 1 0 0 0 1 1 1 0 0 0 1 1 0 1]
103 19 0 0.05962141509370611 [1 0 1 1 1 1 1 0 0 0 1 1 0 0 1 1 0 1 1 0 1 0 0 0 1 1 1 0 0 0 1 1 0 1]
104 19 0 0.05962141509370611 [1 0 1 1 1 1 1 0 0 0 1 1 0 0 1 1 0 1 1 0 1 0 0 0 1 1 1 0 0 0 1 1 0 1]
105 19 0 0.05962141509370611 [1 0 1 1 1 1 1 0 0 0 1 1 0 0 1 1 0 1 1 0 1 0 0 0 1 1 1 0 0 0 1 1 0 1]
106 19 0 0.05962141509370611 [1 0 1 1 1 1 1 0 0 0 1 1 0 0 1 1 0 1 1 0 1 0 0 0 1 1 1 0 0 0 1 1 0 1]
107 19 0 0.05962141509370611 [1 0 1 1 1 1 1 0 0 0 1 1 0 0 1 1 0 1 1 0 1 0 0 0 1 1 1 0 0 0 1 1 0 1]
108 19 0 0.05962141509370611 [1 0 1 1 1 1 1 0 0 0 1 1 0 0 1 1 0 1 1 0 1 0 0 0 1 1 1 0 0 0 1 1 0 1]
109 19 0 0.05962141509370611 [1 0 1 1 1 1 1 0 0 0 1 1 0 0 1 1 0 1 1 0 1 0 0 0 1 1 1 0 0 0 1 1 0 1]
110 19 0 0.05962141509370611 [1 0 1 1 1 1 1 0 0 0 1 1 0 0 1 1 0 1 1 0 1 0 0 0 1 1 1 0 0 0 1 1 0 1]
111 19 0 0.05962141509370611 [1 0 1 1 1 1 1 0 0 0 1 1 0 0 1 1 0 1 1 0 1 0 0 0 1 1 1 0 0 0 1 1 0 1]
112 19 0 0.05962141509370611 [1 0 1 1 1 1 1 0 0 0 1 1 0 0 1 1 0 1 1 0 1 0 0 0 1 1 1 0 0 0 1 1 0 1]
113 19 0 0.05962141509370611 [1 0 1 1 1 1 1 0 0 0 1 1 0 0 1 1 0 1 1 0 1 0 0 0 1 1 1 0 0 0 1 1 0 1]
114 19 0 0.05962141509370611 [1 0 1 1 1 1 1 0 0 0 1 1 0 0 1 1 0 1 1 0 1 0 0 0 1 1 1 0 0 0 1 1 0 1]
115 19 0 0.05962141509370611 [1 0 1 1 1 1 1 0 0 0 1 1 0 0 1 1 0 1 1 0 1 0 0 0 1 1 1 0 0 0 1 1 0 1]
116 19 0 0.05962141509370611 [1 0 1 1 1 1 1 0 0 0 1 1 0 0 1 1 0 1 1 0 1 0 0 0 1 1 1 0 0 0 1 1 0 1]
117 19 0 0.05962141509370611 [1 0 1 1 1 1 1 0 0 0 1 1 0 0 1 1 0 1 1 0 1 0 0 0 1 1 1 0 0 0 1 1 0 1]
118 19 0 0.05962141509370611 [1 0 1 1 1 1 1 0 0 0 1 1 0 0 1 1 0 1 1 0 1 0 0 0 1 1 1 0 0 0 1 1 0 1]
119 19 0 0.05962141509370611 [1 0 1 1 1 1 1 0 0 0 1 1 0 0 1 1 0 1 1 0 1 0 0 0 1 1 1 0 0 0 1 1 0 1]
120 19 0 0.05962141509370611 [1 0 1 1 1 1 1 0 0 0 1 1 0 0 1 1 0 1 1 0 1 0 0 0 1 1 1 0 0 0 1 1 0 1]
121 19 0 0.05962141509370611 [1 0 1 1 1 1 1 0 0 0 1 1 0 0 1 1 0 1 1 0 1 0 0 0 1 1 1 0 0 0 1 1 0 1]
122 19 0 0.05962141509370611 [1 0 1 1 1 1 1 0 0 0 1 1 0 0 1 1 0 1 1 0 1 0 0 0 1 1 1 0 0 0 1 1 0 1]
123 19 0 0.05962141509370611 [1 0 1 1 1 1 1 0 0 0 1 1 0 0 1 1 0 1 1 0 1 0 0 0 1 1 1 0 0 0 1 1 0 1]
124 19 0 0.05962141509370611 [1 0 1 1 1 1 1 0 0 0 1 1 0 0 1 1 0 1 1 0 1 0 0 0 1 1 1 0 0 0 1 1 0 1]
125 19 0 0.05962141509370611 [1 0 1 1 1 1 1 0 0 0 1 1 0 0 1 1 0 1 1 0 1 0 0 0 1 1 1 0 0 0 1 1 0 1]
126 19 0 0.05962141509370611 [1 0 1 1 1 1 1 0 0 0 1 1 0 0 1 1 0 1 1 0 1 0 0 0 1 1 1 0 0 0 1 1 0 1]
127 19 0 0.05962141509370611 [1 0 1 1 1 1 1 0 0 0 1 1 0 0 1 1 0 1 1 0 1 0 0 0 1 1 1 0 0 0 1 1 0 1]
128 19 0 0.05962141509370611 [1 0 1 1 1 1 1 0 0 0 1 1 0 0 1 1 0 1 1 0 1 0 0 0 1 1 1 0 0 0 1 1 0 1]
129 19 0 0.05962141509370611 [1 0 1 1 1 1 1 0 0 0 1 1 0 0 1 1 0 1 1 0 1 0 0 0 1 1 1 0 0 0 1 1 0 1]
130 19 0 0.05962141509370611 [1 0 1 1 1 1 1 0 0 0 1 1 0 0 1 1 0 1 1 0 1 0 0 0 1 1 1 0 0 0 1 1 0 1]
131 19 0 0.05962141509370611 [1 0 1 1 1 1 1 0 0 0 1 1 0 0 1 1 0 1 1 0 1 0 0 0 1 1 1 0 0 0 1 1 0 1]
132 19 0 0.05962141509370611 [1 0 1 1 1 1 1 0 0 0 1 1 0 0 1 1 0 1 1 0 1 0 0 0 1 1 1 0 0 0 1 1 0 1]
133 19 0 0.05962141509370611 [1 0 1 1 1 1 1 0 0 0 1 1 0 0 1 1 0 1 1 0 1 0 0 0 1 1 1 0 0 0 1 1 0 1]
134 19 0 0.05962141509370611 [1 0 1 1 1 1 1 0 0 0 1 1 0 0 1 1 0 1 1 0 1 0 0 0 1 1 1 0 0 0 1 1 0 1]
135 19 0 0.05962141509370611 [1 0 1 1 1 1 1 0 0 0 1 1 0 0 1 1 0 1 1 0 1 0 0 0 1 1 1 0 0 0 1 1 0 1]
136 19 0 0.05962141509370611 [1 0 1 1 1 1 1 0 0 0 1 1 0 0 1 1 0 1 1 0 1 0 0 0 1 1 1 0 0 0 1 1 0 1]
137 19 0 0.05962141509370611 [1 0 1 1 1 1 1 0 0 0 1 1 0 0 1 1 0 1 1 0 1 0 0 0 1 1 1 0 0 0 1 1 0 1]
138 19 0 0.05962141509370611 [1 0 1 1 1 1 1 0 0 0 1 1 0 0 1 1 0 1 1 0 1 0 0 0 1 1 1 0 0 0 1 1 0 1]
139 19 0 0.05962141509370611 [1 0 1 1 1 1 1 0 0 0 1 1 0 0 1 1 0 1 1 0 1 0 0 0 1 1 1 0 0 0 1 1 0 1]
140 19 0 0.05962141509370611 [1 0 1 1 1 1 1 0 0 0 1 1 0 0 1 1 0 1 1 0 1 0 0 0 1 1 1 0 0 0 1 1 0 1]
141 19 0 0.05962141509370611 [1 0 1 1 1 1 1 0 0 0 1 1 0 0 1 1 0 1 1 0 1 0 0 0 1 1 1 0 0 0 1 1 0 1]
142 19 0 0.05962141509370611 [1 0 1 1 1 1 1 0 0 0 1 1 0 0 1 1 0 1 1 0 1 0 0 0 1 1 1 0 0 0 1 1 0 1]
143 19 0 0.05962141509370611 [1 0 1 1 1 1 1 0 0 0 1 1 0 0 1 1 0 1 1 0 1 0 0 0 1 1 1 0 0 0 1 1 0 1]
144 19 0 0.05962141509370611 [1 0 1 1 1 1 1 0 0 0 1 1 0 0 1 1 0 1 1 0 1 0 0 0 1 1 1 0 0 0 1 1 0 1]
145 19 0 0.05962141509370611 [1 0 1 1 1 1 1 0 0 0 1 1 0 0 1 1 0 1 1 0 1 0 0 0 1 1 1 0 0 0 1 1 0 1]
146 19 0 0.05962141509370611 [1 0 1 1 1 1 1 0 0 0 1 1 0 0 1 1 0 1 1 0 1 0 0 0 1 1 1 0 0 0 1 1 0 1]
147 19 0 0.05962141509370611 [1 0 1 1 1 1 1 0 0 0 1 1 0 0 1 1 0 1 1 0 1 0 0 0 1 1 1 0 0 0 1 1 0 1]
148 19 0 0.05962141509370611 [1 0 1 1 1 1 1 0 0 0 1 1 0 0 1 1 0 1 1 0 1 0 0 0 1 1 1 0 0 0 1 1 0 1]
149 19 0 0.05962141509370611 [1 0 1 1 1 1 1 0 0 0 1 1 0 0 1 1 0 1 1 0 1 0 0 0 1 1 1 0 0 0 1 1 0 1]
150 19 0 0.05962141509370611 [1 0 1 1 1 1 1 0 0 0 1 1 0 0 1 1 0 1 1 0 1 0 0 0 1 1 1 0 0 0 1 1 0 1]
