0 17 100 0.05604719764011801 [1 0 1 1 1 0 1 1 0 1 0 1 1 1 1 0 1 1 0 0 0 0 0 0 1 1 0 0 0 0 0 1 0 1]
1 17 42 0.05604719764011801 [1 0 1 1 1 0 1 1 0 1 0 1 1 1 1 0 1 1 0 0 0 0 0 0 1 1 0 0 0 0 0 1 0 1]
2 17 26 0.05604719764011801 [1 0 1 1 1 0 1 1 0 1 0 1 1 1 1 0 1 1 0 0 0 0 0 0 1 1 0 0 0 0 0 1 0 1]
3 17 15 0.05604719764011801 [1 0 1 1 1 0 1 1 0 1 0 1 1 1 1 0 1 1 0 0 0 0 0 0 1 1 0 0 0 0 0 1 0 1]
4 17 12 0.05604719764011801 [1 0 1 1 1 0 1 1 0 1 0 1 1 1 1 0 1 1 0 0 0 0 0 0 1 1 0 0 0 0 0 1 0 1]
5 17 4 0.05604719764011801 [1 0 1 1 1 0 1 1 0 1 0 1 1 1 1 0 1 1 0 0 0 0 0 0 1 1 0 0 0 0 0 1 0 1]
6 21 4 0.053362968302597014 [1 0 1 1 1 1 1 1 1 0 0 1 0 0 0 1 0 1 1 0 0 0 1 1 1 0 0 0 1 1 1 1 1 1]
7 21 7 0.053362968302597014 [1 0 1 1 1 1 1 1 1 0 0 1 0 0 0 1 0 1 1 0 0 0 1 1 1 0 0 0 1 1 1 1 1 1]
8 21 1 0.053362968302597014 [1 0 1 1 1 1 1 1 1 0 0 1 0 0 0 1 0 1 1 0 0 0 1 1 1 0 0 0 1 1 1 1 1 1]
9 21 3 0.053362968302597014 [1 0 1 1 1 1 1 1 1 0 0 1 0 0 0 1 0 1 1 0 0 0 1 1 1 0 0 0 1 1 1 1 1 1]
10 21 9 0.053362968302597014 [1 0 1 1 1 1 1 1 1 0 0 1 0 0 0 1 0 1 1 0 0 0 1 1 1 0 0 0 1 1 1 1 1 1]
11 21 0 0.053362968302597014 [1 0 1 1 1 1 1 1 1 0 0 1 0 0 0 1 0 1 1 0 0 0 1 1 1 0 0 0 1 1 1 1 1 1]
12 21 3 0.053362968302597014 [1 0 1 1 1 1 1 1 1 0 0 1 0 0 0 1 0 1 1 0 0 0 1 1 1 0 0 0 1 1 1 1 1 1]
13 21 0 0.053362968302597014 [1 0 1 1 1 1 1 1 1 0 0 1 0 0 0 1 0 1 1 0 0 0 1 1 1 0 0 0 1 1 1 1 1 1]
14 21 1 0.053362968302597014 [1 0 1 1 1 1 1 1 1 0 0 1 0 0 0 1 0 1 1 0 0 0 1 1 1 0 0 0 1 1 1 1 1 1]
15 21 1 0.053362968302597014 [1 0 1 1 1 1 1 1 1 0 0 1 0 0 0 1 0 1 1 0 0 0 1 1 1 0 0 0 1 1 1 1 1 1]
16 21 2 0.053362968302597014 [1 0 1 1 1 1 1 1 1 0 0 1 0 0 0 1 0 1 1 0 0 0 1 1 1 0 0 0 1 1 1 1 1 1]
17 21 0 0.053362968302597014 [1 0 1 1 1 1 1 1 1 0 0 1 0 0 0 1 0 1 1 0 0 0 1 1 1 0 0 0 1 1 1 1 1 1]
18 22 3 0.051810087438686314 [1 0 1 1 1 1 1 1 1 1 0 1 0 0 0 1 0 1 1 0 0 0 1 1 1 0 0 0 1 1 1 1 1 1]
19 22 0 0.051810087438686314 [1 0 1 1 1 1 1 1 1 1 0 1 0 0 0 1 0 1 1 0 0 0 1 1 1 0 0 0 1 1 1 1 1 1]
20 22 1 0.051810087438686314 [1 0 1 1 1 1 1 1 1 1 0 1 0 0 0 1 0 1 1 0 0 0 1 1 1 0 0 0 1 1 1 1 1 1]
21 22 0 0.051810087438686314 [1 0 1 1 1 1 1 1 1 1 0 1 0 0 0 1 0 1 1 0 0 0 1 1 1 0 0 0 1 1 1 1 1 1]
22 22 0 0.051810087438686314 [1 0 1 1 1 1 1 1 1 1 0 1 0 0 0 1 0 1 1 0 0 0 1 1 1 0 0 0 1 1 1 1 1 1]
23 22 0 0.051810087438686314 [1 0 1 1 1 1 1 1 1 1 0 1 0 0 0 1 0 1 1 0 0 0 1 1 1 0 0 0 1 1 1 1 1 1]
24 22 0 0.051810087438686314 [1 0 1 1 1 1 1 1 1 1 0 1 0 0 0 1 0 1 1 0 0 0 1 1 1 0 0 0 1 1 1 1 1 1]
25 22 0 0.051810087438686314 [1 0 1 1 1 1 1 1 1 1 0 1 0 0 0 1 0 1 1 0 0 0 1 1 1 0 0 0 1 1 1 1 1 1]
26 22 0 0.051810087438686314 [1 0 1 1 1 1 1 1 1 1 0 1 0 0 0 1 0 1 1 0 0 0 1 1 1 0 0 0 1 1 1 1 1 1]
27 22 0 0.051810087438686314 [1 0 1 1 1 1 1 1 1 1 0 1 0 0 0 1 0 1 1 0 0 0 1 1 1 0 0 0 1 1 1 1 1 1]
28 22 0 0.051810087438686314 [1 0 1 1 1 1 1 1 1 1 0 1 0 0 0 1 0 1 1 0 0 0 1 1 1 0 0 0 1 1 1 1 1 1]
29 22 0 0.051810087438686314 [1 0 1 1 1 1 1 1 1 1 0 1 0 0 0 1 0 1 1 0 0 0 1 1 1 0 0 0 1 1 1 1 1 1]
30 22 0 0.051810087438686314 [1 0 1 1 1 1 1 1 1 1 0 1 0 0 0 1 0 1 1 0 0 0 1 1 1 0 0 0 1 1 1 1 1 1]
31 22 0 0.051810087438686314 [1 0 1 1 1 1 1 1 1 1 0 1 0 0 0 1 0 1 1 0 0 0 1 1 1 0 0 0 1 1 1 1 1 1]
32 22 0 0.051810087438686314 [1 0 1 1 1 1 1 1 1 1 0 1 0 0 0 1 0 1 1 0 0 0 1 1 1 0 0 0 1 1 1 1 1 1]
33 22 0 0.051810087438686314 [1 0 1 1 1 1 1 1 1 1 0 1 0 0 0 1 0 1 1 0 0 0 1 1 1 0 0 0 1 1 1 1 1 1]
34 22 0 0.051810087438686314 [1 0 1 1 1 1 1 1 1 1 0 1 0 0 0 1 0 1 1 0 0 0 1 1 1 0 0 0 1 1 1 1 1 1]
35 22 0 0.051810087438686314 [1 0 1 1 1 1 1 1 1 1 0 1 0 0 0 1 0 1 1 0 0 0 1 1 1 0 0 0 1 1 1 1 1 1]
36 22 0 0.051810087438686314 [1 0 1 1 1 1 1 1 1 1 0 1 0 0 0 1 0 1 1 0 0 0 1 1 1 0 0 0 1 1 1 1 1 1]
37 22 0 0.051810087438686314 [1 0 1 1 1 1 1 1 1 1 0 1 0 0 0 1 0 1 1 0 0 0 1 1 1 0 0 0 1 1 1 1 1 1]
38 22 0 0.051810087438686314 [1 0 1 1 1 1 1 1 1 1 0 1 0 0 0 1 0 1 1 0 0 0 1 1 1 0 0 0 1 1 1 1 1 1]
39 22 0 0.051810087438686314 [1 0 1 1 1 1 1 1 1 1 0 1 0 0 0 1 0 1 1 0 0 0 1 1 1 0 0 0 1 1 1 1 1 1]
40 22 0 0.051810087438686314 [1 0 1 1 1 1 1 1 1 1 0 1 0 0 0 1 0 1 1 0 0 0 1 1 1 0 0 0 1 1 1 1 1 1]
41 22 0 0.051810087438686314 [1 0 1 1 1 1 1 1 1 1 0 1 0 0 0 1 0 1 1 0 0 0 1 1 1 0 0 0 1 1 1 1 1 1]
42 22 0 0.051810087438686314 [1 0 1 1 1 1 1 1 1 1 0 1 0 0 0 1 0 1 1 0 0 0 1 1 1 0 0 0 1 1 1 1 1 1]
43 22 0 0.051810087438686314 [1 0 1 1 1 1 1 1 1 1 0 1 0 0 0 1 0 1 1 0 0 0 1 1 1 0 0 0 1 1 1 1 1 1]
44 22 0 0.051810087438686314 [1 0 1 1 1 1 1 1 1 1 0 1 0 0 0 1 0 1 1 0 0 0 1 1 1 0 0 0 1 1 1 1 1 1]
45 22 0 0.051810087438686314 [1 0 1 1 1 1 1 1 1 1 0 1 0 0 0 1 0 1 1 0 0 0 1 1 1 0 0 0 1 1 1 1 1 1]
46 22 0 0.051810087438686314 [1 0 1 1 1 1 1 1 1 1 0 1 0 0 0 1 0 1 1 0 0 0 1 1 1 0 0 0 1 1 1 1 1 1]
47 22 0 0.051810087438686314 [1 0 1 1 1 1 1 1 1 1 0 1 0 0 0 1 0 1 1 0 0 0 1 1 1 0 0 0 1 1 1 1 1 1]
48 22 0 0.051810087438686314 [1 0 1 1 1 1 1 1 1 1 0 1 0 0 0 1 0 1 1 0 0 0 1 1 1 0 0 0 1 1 1 1 1 1]
49 22 0 0.051810087438686314 [1 0 1 1 1 1 1 1 1 1 0 1 0 0 0 1 0 1 1 0 0 0 1 1 1 0 0 0 1 1 1 1 1 1]
50 22 0 0.051810087438686314 [1 0 1 1 1 1 1 1 1 1 0 1 0 0 0 1 0 1 1 0 0 0 1 1 1 0 0 0 1 1 1 1 1 1]
51 22 0 0.051810087438686314 [1 0 1 1 1 1 1 1 1 1 0 1 0 0 0 1 0 1 1 0 0 0 1 1 1 0 0 0 1 1 1 1 1 1]
52 22 0 0.051810087438686314 [1 0 1 1 1 1 1 1 1 1 0 1 0 0 0 1 0 1 1 0 0 0 1 1 1 0 0 0 1 1 1 1 1 1]
53 22 0 0.051810087438686314 [1 0 1 1 1 1 1 1 1 1 0 1 0 0 0 1 0 1 1 0 0 0 1 1 1 0 0 0 1 1 1 1 1 1]
54 22 0 0.051810087438686314 [1 0 1 1 1 1 1 1 1 1 0 1 0 0 0 1 0 1 1 0 0 0 1 1 1 0 0 0 1 1 1 1 1 1]
55 22 0 0.051810087438686314 [1 0 1 1 1 1 1 1 1 1 0 1 0 0 0 1 0 1 1 0 0 0 1 1 1 0 0 0 1 1 1 1 1 1]
56 22 0 0.051810087438686314 [1 0 1 1 1 1 1 1 1 1 0 1 0 0 0 1 0 1 1 0 0 0 1 1 1 0 0 0 1 1 1 1 1 1]
57 22 0 0.051810087438686314 [1 0 1 1 1 1 1 1 1 1 0 1 0 0 0 1 0 1 1 0 0 0 1 1 1 0 0 0 1 1 1 1 1 1]
58 22 0 0.051810087438686314 [1 0 1 1 1 1 1 1 1 1 0 1 0 0 0 1 0 1 1 0 0 0 1 1 1 0 0 0 1 1 1 1 1 1]
59 22 0 0.051810087438686314 [1 0 1 1 1 1 1 1 1 1 0 1 0 0 0 1 0 1 1 0 0 0 1 1 1 0 0 0 1 1 1 1 1 1]
60 22 0 0.051810087438686314 [1 0 1 1 1 1 1 1 1 1 0 1 0 0 0 1 0 1 1 0 0 0 1 1 1 0 0 0 1 1 1 1 1 1]
61 22 0 0.051810087438686314 [1 0 1 1 1 1 1 1 1 1 0 1 0 0 0 1 0 1 1 0 0 0 1 1 1 0 0 0 1 1 1 1 1 1]
62 22 0 0.051810087438686314 [1 0 1 1 1 1 1 1 1 1 0 1 0 0 0 1 0 1 1 0 0 0 1 1 1 0 0 0 1 1 1 1 1 1]
63 22 0 0.051810087438686314 [1 0 1 1 1 1 1 1 1 1 0 1 0 0 0 1 0 1 1 0 0 0 1 1 1 0 0 0 1 1 1 1 1 1]
64 22 0 0.051810087438686314 [1 0 1 1 1 1 1 1 1 1 0 1 0 0 0 1 0 1 1 0 0 0 1 1 1 0 0 0 1 1 1 1 1 1]
65 22 0 0.051810087438686314 [1 0 1 1 1 1 1 1 1 1 0 1 0 0 0 1 0 1 1 0 0 0 1 1 1 0 0 0 1 1 1 1 1 1]
66 22 0 0.051810087438686314 [1 0 1 1 1 1 1 1 1 1 0 1 0 0 0 1 0 1 1 0 0 0 1 1 1 0 0 0 1 1 1 1 1 1]
67 22 0 0.051810087438686314 [1 0 1 1 1 1 1 1 1 1 0 1 0 0 0 1 0 1 1 0 0 0 1 1 1 0 0 0 1 1 1 1 1 1]
68 22 0 0.051810087438686314 [1 0 1 1 1 1 1 1 1 1 0 1 0 0 0 1 0 1 1 0 0 0 1 1 1 0 0 0 1 1 1 1 1 1]
69 22 0 0.051810087438686314 [1 0 1 1 1 1 1 1 1 1 0 1 0 0 0 1 0 1 1 0 0 0 1 1 1 0 0 0 1 1 1 1 1 1]
70 22 0 0.051810087438686314 [1 0 1 1 1 1 1 1 1 1 0 1 0 0 0 1 0 1 1 0 0 0 1 1 1 0 0 0 1 1 1 1 1 1]
71 22 0 0.051810087438686314 [1 0 1 1 1 1 1 1 1 1 0 1 0 0 0 1 0 1 1 0 0 0 1 1 1 0 0 0 1 1 1 1 1 1]
72 22 0 0.051810087438686314 [1 0 1 1 1 1 1 1 1 1 0 1 0 0 0 1 0 1 1 0 0 0 1 1 1 0 0 0 1 1 1 1 1 1]
73 22 0 0.051810087438686314 [1 0 1 1 1 1 1 1 1 1 0 1 0 0 0 1 0 1 1 0 0 0 1 1 1 0 0 0 1 1 1 1 1 1]
74 22 0 0.051810087438686314 [1 0 1 1 1 1 1 1 1 1 0 1 0 0 0 1 0 1 1 0 0 0 1 1 1 0 0 0 1 1 1 1 1 1]
75 22 0 0.051810087438686314 [1 0 1 1 1 1 1 1 1 1 0 1 0 0 0 1 0 1 1 0 0 0 1 1 1 0 0 0 1 1 1 1 1 1]
76 22 0 0.051810087438686314 [1 0 1 1 1 1 1 1 1 1 0 1 0 0 0 1 0 1 1 0 0 0 1 1 1 0 0 0 1 1 1 1 1 1]
77 22 0 0.051810087438686314 [1 0 1 1 1 1 1 1 1 1 0 1 0 0 0 1 0 1 1 0 0 0 1 1 1 0 0 0 1 1 1 1 1 1]
78 22 0 0.051810087438686314 [1 0 1 1 1 1 1 1 1 1 0 1 0 0 0 1 0 1 1 0 0 0 1 1 1 0 0 0 1 1 1 1 1 1]
79 22 0 0.051810087438686314 [1 0 1 1 1 1 1 1 1 1 0 1 0 0 0 1 0 1 1 0 0 0 1 1 1 0 0 0 1 1 1 1 1 1]
80 22 0 0.051810087438686314 [1 0 1 1 1 1 1 1 1 1 0 1 0 0 0 1 0 1 1 0 0 0 1 1 1 0 0 0 1 1 1 1 1 1]
81 22 0 0.051810087438686314 [1 0 1 1 1 1 1 1 1 1 0 1 0 0 0 1 0 1 1 0 0 0 1 1 1 0 0 0 1 1 1 1 1 1]
82 22 0 0.051810087438686314 [1 0 1 1 1 1 1 1 1 1 0 1 0 0 0 1 0 1 1 0 0 0 1 1 1 0 0 0 1 1 1 1 1 1]
83 22 0 0.051810087438686314 [1 0 1 1 1 1 1 1 1 1 0 1 0 0 0 1 0 1 1 0 0 0 1 1 1 0 0 0 1 1 1 1 1 1]
84 22 0 0.051810087438686314 [1 0 1 1 1 1 1 1 1 1 0 1 0 0 0 1 0 1 1 0 0 0 1 1 1 0 0 0 1 1 1 1 1 1]
85 22 0 0.051810087438686314 [1 0 1 1 1 1 1 1 1 1 0 1 0 0 0 1 0 1 1 0 0 0 1 1 1 0 0 0 1 1 1 1 1 1]
86 22 0 0.051810087438686314 [1 0 1 1 1 1 1 1 1 1 0 1 0 0 0 1 0 1 1 0 0 0 1 1 1 0 0 0 1 1 1 1 1 1]
87 22 0 0.051810087438686314 [1 0 1 1 1 1 1 1 1 1 0 1 0 0 0 1 0 1 1 0 0 0 1 1 1 0 0 0 1 1 1 1 1 1]
88 22 0 0.051810087438686314 [1 0 1 1 1 1 1 1 1 1 0 1 0 0 0 1 0 1 1 0 0 0 1 1 1 0 0 0 1 1 1 1 1 1]
89 22 0 0.051810087438686314 [1 0 1 1 1 1 1 1 1 1 0 1 0 0 0 1 0 1 1 0 0 0 1 1 1 0 0 0 1 1 1 1 1 1]
90 22 0 0.051810087438686314 [1 0 1 1 1 1 1 1 1 1 0 1 0 0 0 1 0 1 1 0 0 0 1 1 1 0 0 0 1 1 1 1 1 1]
91 22 0 0.051810087438686314 [1 0 1 1 1 1 1 1 1 1 0 1 0 0 0 1 0 1 1 0 0 0 1 1 1 0 0 0 1 1 1 1 1 1]
92 22 0 0.051810087438686314 [1 0 1 1 1 1 1 1 1 1 0 1 0 0 0 1 0 1 1 0 0 0 1 1 1 0 0 0 1 1 1 1 1 1]
93 22 0 0.051810087438686314 [1 0 1 1 1 1 1 1 1 1 0 1 0 0 0 1 0 1 1 0 0 0 1 1 1 0 0 0 1 1 1 1 1 1]
94 22 0 0.051810087438686314 [1 0 1 1 1 1 1 1 1 1 0 1 0 0 0 1 0 1 1 0 0 0 1 1 1 0 0 0 1 1 1 1 1 1]
95 22 0 0.051810087438686314 [1 0 1 1 1 1 1 1 1 1 0 1 0 0 0 1 0 1 1 0 0 0 1 1 1 0 0 0 1 1 1 1 1 1]
96 22 0 0.051810087438686314 [1 0 1 1 1 1 1 1 1 1 0 1 0 0 0 1 0 1 1 0 0 0 1 1 1 0 0 0 1 1 1 1 1 1]
97 22 0 0.051810087438686314 [1 0 1 1 1 1 1 1 1 1 0 1 0 0 0 1 0 1 1 0 0 0 1 1 1 0 0 0 1 1 1 1 1 1]
98 22 0 0.051810087438686314 [1 0 1 1 1 1 1 1 1 1 0 1 0 0 0 1 0 1 1 0 0 0 1 1 1 0 0 0 1 1 1 1 1 1]
99 22 0 0.051810087438686314 [1 0 1 1 1 1 1 1 1 1 0 1 0 0 0 1 0 1 1 0 0 0 1 1 1 0 0 0 1 1 1 1 1 1]
100 22 0 0.051810087438686314 [1 0 1 1 1 1 1 1 1 1 0 1 0 0 0 1 0 1 1 0 0 0 1 1 1 0 0 0 1 1 1 1 1 1]
101 22 0 0.051810087438686314 [1 0 1 1 1 1 1 1 1 1 0 1 0 0 0 1 0 1 1 0 0 0 1 1 1 0 0 0 1 1 1 1 1 1]
102 22 0 0.051810087438686314 [1 0 1 1 1 1 1 1 1 1 0 1 0 0 0 1 0 1 1 0 0 0 1 1 1 0 0 0 1 1 1 1 1 1]
103 22 0 0.051810087438686314 [1 0 1 1 1 1 1 1 1 1 0 1 0 0 0 1 0 1 1 0 0 0 1 1 1 0 0 0 1 1 1 1 1 1]
104 22 0 0.051810087438686314 [1 0 1 1 1 1 1 1 1 1 0 1 0 0 0 1 0 1 1 0 0 0 1 1 1 0 0 0 1 1 1 1 1 1]
105 22 0 0.051810087438686314 [1 0 1 1 1 1 1 1 1 1 0 1 0 0 0 1 0 1 1 0 0 0 1 1 1 0 0 0 1 1 1 1 1 1]
106 22 0 0.051810087438686314 [1 0 1 1 1 1 1 1 1 1 0 1 0 0 0 1 0 1 1 0 0 0 1 1 1 0 0 0 1 1 1 1 1 1]
107 22 0 0.051810087438686314 [1 0 1 1 1 1 1 1 1 1 0 1 0 0 0 1 0 1 1 0 0 0 1 1 1 0 0 0 1 1 1 1 1 1]
108 22 0 0.051810087438686314 [1 0 1 1 1 1 1 1 1 1 0 1 0 0 0 1 0 1 1 0 0 0 1 1 1 0 0 0 1 1 1 1 1 1]
109 22 0 0.051810087438686314 [1 0 1 1 1 1 1 1 1 1 0 1 0 0 0 1 0 1 1 0 0 0 1 1 1 0 0 0 1 1 1 1 1 1]
110 22 0 0.051810087438686314 [1 0 1 1 1 1 1 1 1 1 0 1 0 0 0 1 0 1 1 0 0 0 1 1 1 0 0 0 1 1 1 1 1 1]
111 22 0 0.051810087438686314 [1 0 1 1 1 1 1 1 1 1 0 1 0 0 0 1 0 1 1 0 0 0 1 1 1 0 0 0 1 1 1 1 1 1]
112 22 0 0.051810087438686314 [1 0 1 1 1 1 1 1 1 1 0 1 0 0 0 1 0 1 1 0 0 0 1 1 1 0 0 0 1 1 1 1 1 1]
113 22 0 0.051810087438686314 [1 0 1 1 1 1 1 1 1 1 0 1 0 0 0 1 0 1 1 0 0 0 1 1 1 0 0 0 1 1 1 1 1 1]
114 22 0 0.051810087438686314 [1 0 1 1 1 1 1 1 1 1 0 1 0 0 0 1 0 1 1 0 0 0 1 1 1 0 0 0 1 1 1 1 1 1]
115 22 0 0.051810087438686314 [1 0 1 1 1 1 1 1 1 1 0 1 0 0 0 1 0 1 1 0 0 0 1 1 1 0 0 0 1 1 1 1 1 1]
116 22 0 0.051810087438686314 [1 0 1 1 1 1 1 1 1 1 0 1 0 0 0 1 0 1 1 0 0 0 1 1 1 0 0 0 1 1 1 1 1 1]
117 22 0 0.051810087438686314 [1 0 1 1 1 1 1 1 1 1 0 1 0 0 0 1 0 1 1 0 0 0 1 1 1 0 0 0 1 1 1 1 1 1]
118 22 0 0.051810087438686314 [1 0 1 1 1 1 1 1 1 1 0 1 0 0 0 1 0 1 1 0 0 0 1 1 1 0 0 0 1 1 1 1 1 1]
119 22 0 0.051810087438686314 [1 0 1 1 1 1 1 1 1 1 0 1 0 0 0 1 0 1 1 0 0 0 1 1 1 0 0 0 1 1 1 1 1 1]
120 22 0 0.051810087438686314 [1 0 1 1 1 1 1 1 1 1 0 1 0 0 0 1 0 1 1 0 0 0 1 1 1 0 0 0 1 1 1 1 1 1]
121 22 0 0.051810087438686314 [1 0 1 1 1 1 1 1 1 1 0 1 0 0 0 1 0 1 1 0 0 0 1 1 1 0 0 0 1 1 1 1 1 1]
122 22 0 0.051810087438686314 [1 0 1 1 1 1 1 1 1 1 0 1 0 0 0 1 0 1 1 0 0 0 1 1 1 0 0 0 1 1 1 1 1 1]
123 22 0 0.051810087438686314 [1 0 1 1 1 1 1 1 1 1 0 1 0 0 0 1 0 1 1 0 0 0 1 1 1 0 0 0 1 1 1 1 1 1]
124 22 0 0.051810087438686314 [1 0 1 1 1 1 1 1 1 1 0 1 0 0 0 1 0 1 1 0 0 0 1 1 1 0 0 0 1 1 1 1 1 1]
125 22 0 0.051810087438686314 [1 0 1 1 1 1 1 1 1 1 0 1 0 0 0 1 0 1 1 0 0 0 1 1 1 0 0 0 1 1 1 1 1 1]
126 22 0 0.051810087438686314 [1 0 1 1 1 1 1 1 1 1 0 1 0 0 0 1 0 1 1 0 0 0 1 1 1 0 0 0 1 1 1 1 1 1]
127 22 0 0.051810087438686314 [1 0 1 1 1 1 1 1 1 1 0 1 0 0 0 1 0 1 1 0 0 0 1 1 1 0 0 0 1 1 1 1 1 1]
128 22 0 0.051810087438686314 [1 0 1 1 1 1 1 1 1 1 0 1 0 0 0 1 0 1 1 0 0 0 1 1 1 0 0 0 1 1 1 1 1 1]
129 22 0 0.051810087438686314 [1 0 1 1 1 1 1 1 1 1 0 1 0 0 0 1 0 1 1 0 0 0 1 1 1 0 0 0 1 1 1 1 1 1]
130 22 0 0.051810087438686314 [1 0 1 1 1 1 1 1 1 1 0 1 0 0 0 1 0 1 1 0 0 0 1 1 1 0 0 0 1 1 1 1 1 1]
131 22 0 0.051810087438686314 [1 0 1 1 1 1 1 1 1 1 0 1 0 0 0 1 0 1 1 0 0 0 1 1 1 0 0 0 1 1 1 1 1 1]
132 22 0 0.051810087438686314 [1 0 1 1 1 1 1 1 1 1 0 1 0 0 0 1 0 1 1 0 0 0 1 1 1 0 0 0 1 1 1 1 1 1]
133 22 0 0.051810087438686314 [1 0 1 1 1 1 1 1 1 1 0 1 0 0 0 1 0 1 1 0 0 0 1 1 1 0 0 0 1 1 1 1 1 1]
134 22 0 0.051810087438686314 [1 0 1 1 1 1 1 1 1 1 0 1 0 0 0 1 0 1 1 0 0 0 1 1 1 0 0 0 1 1 1 1 1 1]
135 22 0 0.051810087438686314 [1 0 1 1 1 1 1 1 1 1 0 1 0 0 0 1 0 1 1 0 0 0 1 1 1 0 0 0 1 1 1 1 1 1]
136 22 0 0.051810087438686314 [1 0 1 1 1 1 1 1 1 1 0 1 0 0 0 1 0 1 1 0 0 0 1 1 1 0 0 0 1 1 1 1 1 1]
137 22 0 0.051810087438686314 [1 0 1 1 1 1 1 1 1 1 0 1 0 0 0 1 0 1 1 0 0 0 1 1 1 0 0 0 1 1 1 1 1 1]
138 22 0 0.051810087438686314 [1 0 1 1 1 1 1 1 1 1 0 1 0 0 0 1 0 1 1 0 0 0 1 1 1 0 0 0 1 1 1 1 1 1]
139 22 0 0.051810087438686314 [1 0 1 1 1 1 1 1 1 1 0 1 0 0 0 1 0 1 1 0 0 0 1 1 1 0 0 0 1 1 1 1 1 1]
140 22 0 0.051810087438686314 [1 0 1 1 1 1 1 1 1 1 0 1 0 0 0 1 0 1 1 0 0 0 1 1 1 0 0 0 1 1 1 1 1 1]
141 22 0 0.051810087438686314 [1 0 1 1 1 1 1 1 1 1 0 1 0 0 0 1 0 1 1 0 0 0 1 1 1 0 0 0 1 1 1 1 1 1]
142 22 0 0.051810087438686314 [1 0 1 1 1 1 1 1 1 1 0 1 0 0 0 1 0 1 1 0 0 0 1 1 1 0 0 0 1 1 1 1 1 1]
143 22 0 0.051810087438686314 [1 0 1 1 1 1 1 1 1 1 0 1 0 0 0 1 0 1 1 0 0 0 1 1 1 0 0 0 1 1 1 1 1 1]
144 22 0 0.051810087438686314 [1 0 1 1 1 1 1 1 1 1 0 1 0 0 0 1 0 1 1 0 0 0 1 1 1 0 0 0 1 1 1 1 1 1]
145 22 0 0.051810087438686314 [1 0 1 1 1 1 1 1 1 1 0 1 0 0 0 1 0 1 1 0 0 0 1 1 1 0 0 0 1 1 1 1 1 1]
146 22 0 0.051810087438686314 [1 0 1 1 1 1 1 1 1 1 0 1 0 0 0 1 0 1 1 0 0 0 1 1 1 0 0 0 1 1 1 1 1 1]
147 22 0 0.051810087438686314 [1 0 1 1 1 1 1 1 1 1 0 1 0 0 0 1 0 1 1 0 0 0 1 1 1 0 0 0 1 1 1 1 1 1]
148 22 0 0.051810087438686314 [1 0 1 1 1 1 1 1 1 1 0 1 0 0 0 1 0 1 1 0 0 0 1 1 1 0 0 0 1 1 1 1 1 1]
149 22 0 0.051810087438686314 [1 0 1 1 1 1 1 1 1 1 0 1 0 0 0 1 0 1 1 0 0 0 1 1 1 0 0 0 1 1 1 1 1 1]
150 22 0 0.051810087438686314 [1 0 1 1 1 1 1 1 1 1 0 1 0 0 0 1 0 1 1 0 0 0 1 1 1 0 0 0 1 1 1 1 1 1]
