0 19 100 0.06162668605120747 [1 0 1 1 1 0 1 1 0 1 1 1 1 1 0 0 0 0 0 0 0 1 1 1 0 0 0 1 1 0 1 1 1 0]
1 19 34 0.06162668605120747 [1 0 1 1 1 0 1 1 0 1 1 1 1 1 0 0 0 0 0 0 0 1 1 1 0 0 0 1 1 0 1 1 1 0]
2 25 23 0.060061694792233666 [1 1 1 1 1 1 1 1 0 1 1 1 1 1 0 0 0 1 0 0 0 1 1 1 1 1 1 1 1 0 1 1 1 0]
3 25 9 0.060061694792233666 [1 1 1 1 1 1 1 1 0 1 1 1 1 1 0 0 0 1 0 0 0 1 1 1 1 1 1 1 1 0 1 1 1 0]
4 25 15 0.060061694792233666 [1 1 1 1 1 1 1 1 0 1 1 1 1 1 0 0 0 1 0 0 0 1 1 1 1 1 1 1 1 0 1 1 1 0]
5 25 10 0.060061694792233666 [1 1 1 1 1 1 1 1 0 1 1 1 1 1 0 0 0 1 0 0 0 1 1 1 1 1 1 1 1 0 1 1 1 0]
6 25 4 0.060061694792233666 [1 1 1 1 1 1 1 1 0 1 1 1 1 1 0 0 0 1 0 0 0 1 1 1 1 1 1 1 1 0 1 1 1 0]
7 25 5 0.060061694792233666 [1 1 1 1 1 1 1 1 0 1 1 1 1 1 0 0 0 1 0 0 0 1 1 1 1 1 1 1 1 0 1 1 1 0]
8 25 4 0.060061694792233666 [1 1 1 1 1 1 1 1 0 1 1 1 1 1 0 0 0 1 0 0 0 1 1 1 1 1 1 1 1 0 1 1 1 0]
9 25 2 0.060061694792233666 [1 1 1 1 1 1 1 1 0 1 1 1 1 1 0 0 0 1 0 0 0 1 1 1 1 1 1 1 1 0 1 1 1 0]
10 23 1 0.05694586825865844 [1 1 1 1 1 1 1 1 1 1 0 1 0 1 0 1 1 0 1 1 1 0 1 0 1 0 1 1 1 1 0 0 0 0]
11 23 1 0.05694586825865844 [1 1 1 1 1 1 1 1 1 1 0 1 0 1 0 1 1 0 1 1 1 0 1 0 1 0 1 1 1 1 0 0 0 0]
12 23 2 0.05694586825865844 [1 1 1 1 1 1 1 1 1 1 0 1 0 1 0 1 1 0 1 1 1 0 1 0 1 0 1 1 1 1 0 0 0 0]
13 23 1 0.05694586825865844 [1 1 1 1 1 1 1 1 1 1 0 1 0 1 0 1 1 0 1 1 1 0 1 0 1 0 1 1 1 1 0 0 0 0]
14 23 1 0.05694586825865844 [1 1 1 1 1 1 1 1 1 1 0 1 0 1 0 1 1 0 1 1 1 0 1 0 1 0 1 1 1 1 0 0 0 0]
15 23 0 0.05694586825865844 [1 1 1 1 1 1 1 1 1 1 0 1 0 1 0 1 1 0 1 1 1 0 1 0 1 0 1 1 1 1 0 0 0 0]
16 23 0 0.05694586825865844 [1 1 1 1 1 1 1 1 1 1 0 1 0 1 0 1 1 0 1 1 1 0 1 0 1 0 1 1 1 1 0 0 0 0]
17 23 1 0.05694586825865844 [1 1 1 1 1 1 1 1 1 1 0 1 0 1 0 1 1 0 1 1 1 0 1 0 1 0 1 1 1 1 0 0 0 0]
18 23 0 0.05694586825865844 [1 1 1 1 1 1 1 1 1 1 0 1 0 1 0 1 1 0 1 1 1 0 1 0 1 0 1 1 1 1 0 0 0 0]
19 23 0 0.05694586825865844 [1 1 1 1 1 1 1 1 1 1 0 1 0 1 0 1 1 0 1 1 1 0 1 0 1 0 1 1 1 1 0 0 0 0]
20 23 1 0.05694586825865844 [1 1 1 1 1 1 1 1 1 1 0 1 0 1 0 1 1 0 1 1 1 0 1 0 1 0 1 1 1 1 0 0 0 0]
21 23 0 0.05694586825865844 [1 1 1 1 1 1 1 1 1 1 0 1 0 1 0 1 1 0 1 1 1 0 1 0 1 0 1 1 1 1 0 0 0 0]
22 23 0 0.05694586825865844 [1 1 1 1 1 1 1 1 1 1 0 1 0 1 0 1 1 0 1 1 1 0 1 0 1 0 1 1 1 1 0 0 0 0]
23 23 0 0.05694586825865844 [1 1 1 1 1 1 1 1 1 1 0 1 0 1 0 1 1 0 1 1 1 0 1 0 1 0 1 1 1 1 0 0 0 0]
24 23 0 0.05694586825865844 [1 1 1 1 1 1 1 1 1 1 0 1 0 1 0 1 1 0 1 1 1 0 1 0 1 0 1 1 1 1 0 0 0 0]
25 23 0 0.05694586825865844 [1 1 1 1 1 1 1 1 1 1 0 1 0 1 0 1 1 0 1 1 1 0 1 0 1 0 1 1 1 1 0 0 0 0]
26 23 0 0.05694586825865844 [1 1 1 1 1 1 1 1 1 1 0 1 0 1 0 1 1 0 1 1 1 0 1 0 1 0 1 1 1 1 0 0 0 0]
27 23 0 0.05694586825865844 [1 1 1 1 1 1 1 1 1 1 0 1 0 1 0 1 1 0 1 1 1 0 1 0 1 0 1 1 1 1 0 0 0 0]
28 23 0 0.05694586825865844 [1 1 1 1 1 1 1 1 1 1 0 1 0 1 0 1 1 0 1 1 1 0 1 0 1 0 1 1 1 1 0 0 0 0]
29 23 0 0.05694586825865844 [1 1 1 1 1 1 1 1 1 1 0 1 0 1 0 1 1 0 1 1 1 0 1 0 1 0 1 1 1 1 0 0 0 0]
30 23 0 0.05694586825865844 [1 1 1 1 1 1 1 1 1 1 0 1 0 1 0 1 1 0 1 1 1 0 1 0 1 0 1 1 1 1 0 0 0 0]
31 23 0 0.05694586825865844 [1 1 1 1 1 1 1 1 1 1 0 1 0 1 0 1 1 0 1 1 1 0 1 0 1 0 1 1 1 1 0 0 0 0]
32 23 0 0.05694586825865844 [1 1 1 1 1 1 1 1 1 1 0 1 0 1 0 1 1 0 1 1 1 0 1 0 1 0 1 1 1 1 0 0 0 0]
33 23 0 0.05694586825865844 [1 1 1 1 1 1 1 1 1 1 0 1 0 1 0 1 1 0 1 1 1 0 1 0 1 0 1 1 1 1 0 0 0 0]
34 23 0 0.05694586825865844 [1 1 1 1 1 1 1 1 1 1 0 1 0 1 0 1 1 0 1 1 1 0 1 0 1 0 1 1 1 1 0 0 0 0]
35 23 0 0.05694586825865844 [1 1 1 1 1 1 1 1 1 1 0 1 0 1 0 1 1 0 1 1 1 0 1 0 1 0 1 1 1 1 0 0 0 0]
36 23 0 0.05694586825865844 [1 1 1 1 1 1 1 1 1 1 0 1 0 1 0 1 1 0 1 1 1 0 1 0 1 0 1 1 1 1 0 0 0 0]
37 23 0 0.05694586825865844 [1 1 1 1 1 1 1 1 1 1 0 1 0 1 0 1 1 0 1 1 1 0 1 0 1 0 1 1 1 1 0 0 0 0]
38 23 0 0.05694586825865844 [1 1 1 1 1 1 1 1 1 1 0 1 0 1 0 1 1 0 1 1 1 0 1 0 1 0 1 1 1 1 0 0 0 0]
39 23 0 0.05694586825865844 [1 1 1 1 1 1 1 1 1 1 0 1 0 1 0 1 1 0 1 1 1 0 1 0 1 0 1 1 1 1 0 0 0 0]
40 23 0 0.05694586825865844 [1 1 1 1 1 1 1 1 1 1 0 1 0 1 0 1 1 0 1 1 1 0 1 0 1 0 1 1 1 1 0 0 0 0]
41 23 0 0.05694586825865844 [1 1 1 1 1 1 1 1 1 1 0 1 0 1 0 1 1 0 1 1 1 0 1 0 1 0 1 1 1 1 0 0 0 0]
42 23 0 0.05694586825865844 [1 1 1 1 1 1 1 1 1 1 0 1 0 1 0 1 1 0 1 1 1 0 1 0 1 0 1 1 1 1 0 0 0 0]
43 23 0 0.05694586825865844 [1 1 1 1 1 1 1 1 1 1 0 1 0 1 0 1 1 0 1 1 1 0 1 0 1 0 1 1 1 1 0 0 0 0]
44 23 0 0.05694586825865844 [1 1 1 1 1 1 1 1 1 1 0 1 0 1 0 1 1 0 1 1 1 0 1 0 1 0 1 1 1 1 0 0 0 0]
45 23 0 0.05694586825865844 [1 1 1 1 1 1 1 1 1 1 0 1 0 1 0 1 1 0 1 1 1 0 1 0 1 0 1 1 1 1 0 0 0 0]
46 23 0 0.05694586825865844 [1 1 1 1 1 1 1 1 1 1 0 1 0 1 0 1 1 0 1 1 1 0 1 0 1 0 1 1 1 1 0 0 0 0]
47 23 0 0.05694586825865844 [1 1 1 1 1 1 1 1 1 1 0 1 0 1 0 1 1 0 1 1 1 0 1 0 1 0 1 1 1 1 0 0 0 0]
48 23 0 0.05694586825865844 [1 1 1 1 1 1 1 1 1 1 0 1 0 1 0 1 1 0 1 1 1 0 1 0 1 0 1 1 1 1 0 0 0 0]
49 23 0 0.05694586825865844 [1 1 1 1 1 1 1 1 1 1 0 1 0 1 0 1 1 0 1 1 1 0 1 0 1 0 1 1 1 1 0 0 0 0]
50 23 0 0.05694586825865844 [1 1 1 1 1 1 1 1 1 1 0 1 0 1 0 1 1 0 1 1 1 0 1 0 1 0 1 1 1 1 0 0 0 0]
51 23 0 0.05694586825865844 [1 1 1 1 1 1 1 1 1 1 0 1 0 1 0 1 1 0 1 1 1 0 1 0 1 0 1 1 1 1 0 0 0 0]
52 23 0 0.05694586825865844 [1 1 1 1 1 1 1 1 1 1 0 1 0 1 0 1 1 0 1 1 1 0 1 0 1 0 1 1 1 1 0 0 0 0]
53 23 0 0.05694586825865844 [1 1 1 1 1 1 1 1 1 1 0 1 0 1 0 1 1 0 1 1 1 0 1 0 1 0 1 1 1 1 0 0 0 0]
54 23 0 0.05694586825865844 [1 1 1 1 1 1 1 1 1 1 0 1 0 1 0 1 1 0 1 1 1 0 1 0 1 0 1 1 1 1 0 0 0 0]
55 23 0 0.05694586825865844 [1 1 1 1 1 1 1 1 1 1 0 1 0 1 0 1 1 0 1 1 1 0 1 0 1 0 1 1 1 1 0 0 0 0]
56 23 0 0.05694586825865844 [1 1 1 1 1 1 1 1 1 1 0 1 0 1 0 1 1 0 1 1 1 0 1 0 1 0 1 1 1 1 0 0 0 0]
57 23 0 0.05694586825865844 [1 1 1 1 1 1 1 1 1 1 0 1 0 1 0 1 1 0 1 1 1 0 1 0 1 0 1 1 1 1 0 0 0 0]
58 23 0 0.05694586825865844 [1 1 1 1 1 1 1 1 1 1 0 1 0 1 0 1 1 0 1 1 1 0 1 0 1 0 1 1 1 1 0 0 0 0]
59 23 0 0.05694586825865844 [1 1 1 1 1 1 1 1 1 1 0 1 0 1 0 1 1 0 1 1 1 0 1 0 1 0 1 1 1 1 0 0 0 0]
60 23 0 0.05694586825865844 [1 1 1 1 1 1 1 1 1 1 0 1 0 1 0 1 1 0 1 1 1 0 1 0 1 0 1 1 1 1 0 0 0 0]
61 23 0 0.05694586825865844 [1 1 1 1 1 1 1 1 1 1 0 1 0 1 0 1 1 0 1 1 1 0 1 0 1 0 1 1 1 1 0 0 0 0]
62 23 0 0.05694586825865844 [1 1 1 1 1 1 1 1 1 1 0 1 0 1 0 1 1 0 1 1 1 0 1 0 1 0 1 1 1 1 0 0 0 0]
63 23 0 0.05694586825865844 [1 1 1 1 1 1 1 1 1 1 0 1 0 1 0 1 1 0 1 1 1 0 1 0 1 0 1 1 1 1 0 0 0 0]
64 23 0 0.05694586825865844 [1 1 1 1 1 1 1 1 1 1 0 1 0 1 0 1 1 0 1 1 1 0 1 0 1 0 1 1 1 1 0 0 0 0]
65 23 0 0.05694586825865844 [1 1 1 1 1 1 1 1 1 1 0 1 0 1 0 1 1 0 1 1 1 0 1 0 1 0 1 1 1 1 0 0 0 0]
66 23 0 0.05694586825865844 [1 1 1 1 1 1 1 1 1 1 0 1 0 1 0 1 1 0 1 1 1 0 1 0 1 0 1 1 1 1 0 0 0 0]
67 23 0 0.05694586825865844 [1 1 1 1 1 1 1 1 1 1 0 1 0 1 0 1 1 0 1 1 1 0 1 0 1 0 1 1 1 1 0 0 0 0]
68 23 0 0.05694586825865844 [1 1 1 1 1 1 1 1 1 1 0 1 0 1 0 1 1 0 1 1 1 0 1 0 1 0 1 1 1 1 0 0 0 0]
69 23 0 0.05694586825865844 [1 1 1 1 1 1 1 1 1 1 0 1 0 1 0 1 1 0 1 1 1 0 1 0 1 0 1 1 1 1 0 0 0 0]
70 23 0 0.05694586825865844 [1 1 1 1 1 1 1 1 1 1 0 1 0 1 0 1 1 0 1 1 1 0 1 0 1 0 1 1 1 1 0 0 0 0]
71 23 0 0.05694586825865844 [1 1 1 1 1 1 1 1 1 1 0 1 0 1 0 1 1 0 1 1 1 0 1 0 1 0 1 1 1 1 0 0 0 0]
72 23 0 0.05694586825865844 [1 1 1 1 1 1 1 1 1 1 0 1 0 1 0 1 1 0 1 1 1 0 1 0 1 0 1 1 1 1 0 0 0 0]
73 23 0 0.05694586825865844 [1 1 1 1 1 1 1 1 1 1 0 1 0 1 0 1 1 0 1 1 1 0 1 0 1 0 1 1 1 1 0 0 0 0]
74 23 0 0.05694586825865844 [1 1 1 1 1 1 1 1 1 1 0 1 0 1 0 1 1 0 1 1 1 0 1 0 1 0 1 1 1 1 0 0 0 0]
75 23 0 0.05694586825865844 [1 1 1 1 1 1 1 1 1 1 0 1 0 1 0 1 1 0 1 1 1 0 1 0 1 0 1 1 1 1 0 0 0 0]
76 23 0 0.05694586825865844 [1 1 1 1 1 1 1 1 1 1 0 1 0 1 0 1 1 0 1 1 1 0 1 0 1 0 1 1 1 1 0 0 0 0]
77 23 0 0.05694586825865844 [1 1 1 1 1 1 1 1 1 1 0 1 0 1 0 1 1 0 1 1 1 0 1 0 1 0 1 1 1 1 0 0 0 0]
78 23 0 0.05694586825865844 [1 1 1 1 1 1 1 1 1 1 0 1 0 1 0 1 1 0 1 1 1 0 1 0 1 0 1 1 1 1 0 0 0 0]
79 23 0 0.05694586825865844 [1 1 1 1 1 1 1 1 1 1 0 1 0 1 0 1 1 0 1 1 1 0 1 0 1 0 1 1 1 1 0 0 0 0]
80 23 0 0.05694586825865844 [1 1 1 1 1 1 1 1 1 1 0 1 0 1 0 1 1 0 1 1 1 0 1 0 1 0 1 1 1 1 0 0 0 0]
81 23 0 0.05694586825865844 [1 1 1 1 1 1 1 1 1 1 0 1 0 1 0 1 1 0 1 1 1 0 1 0 1 0 1 1 1 1 0 0 0 0]
82 23 0 0.05694586825865844 [1 1 1 1 1 1 1 1 1 1 0 1 0 1 0 1 1 0 1 1 1 0 1 0 1 0 1 1 1 1 0 0 0 0]
83 23 0 0.05694586825865844 [1 1 1 1 1 1 1 1 1 1 0 1 0 1 0 1 1 0 1 1 1 0 1 0 1 0 1 1 1 1 0 0 0 0]
84 23 0 0.05694586825865844 [1 1 1 1 1 1 1 1 1 1 0 1 0 1 0 1 1 0 1 1 1 0 1 0 1 0 1 1 1 1 0 0 0 0]
85 23 0 0.05694586825865844 [1 1 1 1 1 1 1 1 1 1 0 1 0 1 0 1 1 0 1 1 1 0 1 0 1 0 1 1 1 1 0 0 0 0]
86 23 0 0.05694586825865844 [1 1 1 1 1 1 1 1 1 1 0 1 0 1 0 1 1 0 1 1 1 0 1 0 1 0 1 1 1 1 0 0 0 0]
87 23 0 0.05694586825865844 [1 1 1 1 1 1 1 1 1 1 0 1 0 1 0 1 1 0 1 1 1 0 1 0 1 0 1 1 1 1 0 0 0 0]
88 23 0 0.05694586825865844 [1 1 1 1 1 1 1 1 1 1 0 1 0 1 0 1 1 0 1 1 1 0 1 0 1 0 1 1 1 1 0 0 0 0]
89 23 0 0.05694586825865844 [1 1 1 1 1 1 1 1 1 1 0 1 0 1 0 1 1 0 1 1 1 0 1 0 1 0 1 1 1 1 0 0 0 0]
90 23 0 0.05694586825865844 [1 1 1 1 1 1 1 1 1 1 0 1 0 1 0 1 1 0 1 1 1 0 1 0 1 0 1 1 1 1 0 0 0 0]
91 23 0 0.05694586825865844 [1 1 1 1 1 1 1 1 1 1 0 1 0 1 0 1 1 0 1 1 1 0 1 0 1 0 1 1 1 1 0 0 0 0]
92 23 0 0.05694586825865844 [1 1 1 1 1 1 1 1 1 1 0 1 0 1 0 1 1 0 1 1 1 0 1 0 1 0 1 1 1 1 0 0 0 0]
93 23 0 0.05694586825865844 [1 1 1 1 1 1 1 1 1 1 0 1 0 1 0 1 1 0 1 1 1 0 1 0 1 0 1 1 1 1 0 0 0 0]
94 23 0 0.05694586825865844 [1 1 1 1 1 1 1 1 1 1 0 1 0 1 0 1 1 0 1 1 1 0 1 0 1 0 1 1 1 1 0 0 0 0]
95 23 0 0.05694586825865844 [1 1 1 1 1 1 1 1 1 1 0 1 0 1 0 1 1 0 1 1 1 0 1 0 1 0 1 1 1 1 0 0 0 0]
96 23 0 0.05694586825865844 [1 1 1 1 1 1 1 1 1 1 0 1 0 1 0 1 1 0 1 1 1 0 1 0 1 0 1 1 1 1 0 0 0 0]
97 23 0 0.05694586825865844 [1 1 1 1 1 1 1 1 1 1 0 1 0 1 0 1 1 0 1 1 1 0 1 0 1 0 1 1 1 1 0 0 0 0]
98 23 0 0.05694586825865844 [1 1 1 1 1 1 1 1 1 1 0 1 0 1 0 1 1 0 1 1 1 0 1 0 1 0 1 1 1 1 0 0 0 0]
99 23 0 0.05694586825865844 [1 1 1 1 1 1 1 1 1 1 0 1 0 1 0 1 1 0 1 1 1 0 1 0 1 0 1 1 1 1 0 0 0 0]
100 23 0 0.05694586825865844 [1 1 1 1 1 1 1 1 1 1 0 1 0 1 0 1 1 0 1 1 1 0 1 0 1 0 1 1 1 1 0 0 0 0]
101 23 0 0.05694586825865844 [1 1 1 1 1 1 1 1 1 1 0 1 0 1 0 1 1 0 1 1 1 0 1 0 1 0 1 1 1 1 0 0 0 0]
102 23 0 0.05694586825865844 [1 1 1 1 1 1 1 1 1 1 0 1 0 1 0 1 1 0 1 1 1 0 1 0 1 0 1 1 1 1 0 0 0 0]
103 23 0 0.05694586825865844 [1 1 1 1 1 1 1 1 1 1 0 1 0 1 0 1 1 0 1 1 1 0 1 0 1 0 1 1 1 1 0 0 0 0]
104 23 0 0.05694586825865844 [1 1 1 1 1 1 1 1 1 1 0 1 0 1 0 1 1 0 1 1 1 0 1 0 1 0 1 1 1 1 0 0 0 0]
105 23 0 0.05694586825865844 [1 1 1 1 1 1 1 1 1 1 0 1 0 1 0 1 1 0 1 1 1 0 1 0 1 0 1 1 1 1 0 0 0 0]
106 23 0 0.05694586825865844 [1 1 1 1 1 1 1 1 1 1 0 1 0 1 0 1 1 0 1 1 1 0 1 0 1 0 1 1 1 1 0 0 0 0]
107 23 0 0.05694586825865844 [1 1 1 1 1 1 1 1 1 1 0 1 0 1 0 1 1 0 1 1 1 0 1 0 1 0 1 1 1 1 0 0 0 0]
108 23 0 0.05694586825865844 [1 1 1 1 1 1 1 1 1 1 0 1 0 1 0 1 1 0 1 1 1 0 1 0 1 0 1 1 1 1 0 0 0 0]
109 23 0 0.05694586825865844 [1 1 1 1 1 1 1 1 1 1 0 1 0 1 0 1 1 0 1 1 1 0 1 0 1 0 1 1 1 1 0 0 0 0]
110 23 0 0.05694586825865844 [1 1 1 1 1 1 1 1 1 1 0 1 0 1 0 1 1 0 1 1 1 0 1 0 1 0 1 1 1 1 0 0 0 0]
111 23 0 0.05694586825865844 [1 1 1 1 1 1 1 1 1 1 0 1 0 1 0 1 1 0 1 1 1 0 1 0 1 0 1 1 1 1 0 0 0 0]
112 23 0 0.05694586825865844 [1 1 1 1 1 1 1 1 1 1 0 1 0 1 0 1 1 0 1 1 1 0 1 0 1 0 1 1 1 1 0 0 0 0]
113 23 0 0.05694586825865844 [1 1 1 1 1 1 1 1 1 1 0 1 0 1 0 1 1 0 1 1 1 0 1 0 1 0 1 1 1 1 0 0 0 0]
114 23 0 0.05694586825865844 [1 1 1 1 1 1 1 1 1 1 0 1 0 1 0 1 1 0 1 1 1 0 1 0 1 0 1 1 1 1 0 0 0 0]
115 23 0 0.05694586825865844 [1 1 1 1 1 1 1 1 1 1 0 1 0 1 0 1 1 0 1 1 1 0 1 0 1 0 1 1 1 1 0 0 0 0]
116 23 0 0.05694586825865844 [1 1 1 1 1 1 1 1 1 1 0 1 0 1 0 1 1 0 1 1 1 0 1 0 1 0 1 1 1 1 0 0 0 0]
117 23 0 0.05694586825865844 [1 1 1 1 1 1 1 1 1 1 0 1 0 1 0 1 1 0 1 1 1 0 1 0 1 0 1 1 1 1 0 0 0 0]
118 23 0 0.05694586825865844 [1 1 1 1 1 1 1 1 1 1 0 1 0 1 0 1 1 0 1 1 1 0 1 0 1 0 1 1 1 1 0 0 0 0]
119 23 0 0.05694586825865844 [1 1 1 1 1 1 1 1 1 1 0 1 0 1 0 1 1 0 1 1 1 0 1 0 1 0 1 1 1 1 0 0 0 0]
120 23 0 0.05694586825865844 [1 1 1 1 1 1 1 1 1 1 0 1 0 1 0 1 1 0 1 1 1 0 1 0 1 0 1 1 1 1 0 0 0 0]
121 23 0 0.05694586825865844 [1 1 1 1 1 1 1 1 1 1 0 1 0 1 0 1 1 0 1 1 1 0 1 0 1 0 1 1 1 1 0 0 0 0]
122 23 0 0.05694586825865844 [1 1 1 1 1 1 1 1 1 1 0 1 0 1 0 1 1 0 1 1 1 0 1 0 1 0 1 1 1 1 0 0 0 0]
123 23 0 0.05694586825865844 [1 1 1 1 1 1 1 1 1 1 0 1 0 1 0 1 1 0 1 1 1 0 1 0 1 0 1 1 1 1 0 0 0 0]
124 23 0 0.05694586825865844 [1 1 1 1 1 1 1 1 1 1 0 1 0 1 0 1 1 0 1 1 1 0 1 0 1 0 1 1 1 1 0 0 0 0]
125 23 0 0.05694586825865844 [1 1 1 1 1 1 1 1 1 1 0 1 0 1 0 1 1 0 1 1 1 0 1 0 1 0 1 1 1 1 0 0 0 0]
126 23 0 0.05694586825865844 [1 1 1 1 1 1 1 1 1 1 0 1 0 1 0 1 1 0 1 1 1 0 1 0 1 0 1 1 1 1 0 0 0 0]
127 23 0 0.05694586825865844 [1 1 1 1 1 1 1 1 1 1 0 1 0 1 0 1 1 0 1 1 1 0 1 0 1 0 1 1 1 1 0 0 0 0]
128 23 0 0.05694586825865844 [1 1 1 1 1 1 1 1 1 1 0 1 0 1 0 1 1 0 1 1 1 0 1 0 1 0 1 1 1 1 0 0 0 0]
129 23 0 0.05694586825865844 [1 1 1 1 1 1 1 1 1 1 0 1 0 1 0 1 1 0 1 1 1 0 1 0 1 0 1 1 1 1 0 0 0 0]
130 23 0 0.05694586825865844 [1 1 1 1 1 1 1 1 1 1 0 1 0 1 0 1 1 0 1 1 1 0 1 0 1 0 1 1 1 1 0 0 0 0]
131 23 0 0.05694586825865844 [1 1 1 1 1 1 1 1 1 1 0 1 0 1 0 1 1 0 1 1 1 0 1 0 1 0 1 1 1 1 0 0 0 0]
132 23 0 0.05694586825865844 [1 1 1 1 1 1 1 1 1 1 0 1 0 1 0 1 1 0 1 1 1 0 1 0 1 0 1 1 1 1 0 0 0 0]
133 23 0 0.05694586825865844 [1 1 1 1 1 1 1 1 1 1 0 1 0 1 0 1 1 0 1 1 1 0 1 0 1 0 1 1 1 1 0 0 0 0]
134 23 0 0.05694586825865844 [1 1 1 1 1 1 1 1 1 1 0 1 0 1 0 1 1 0 1 1 1 0 1 0 1 0 1 1 1 1 0 0 0 0]
135 23 0 0.05694586825865844 [1 1 1 1 1 1 1 1 1 1 0 1 0 1 0 1 1 0 1 1 1 0 1 0 1 0 1 1 1 1 0 0 0 0]
136 23 0 0.05694586825865844 [1 1 1 1 1 1 1 1 1 1 0 1 0 1 0 1 1 0 1 1 1 0 1 0 1 0 1 1 1 1 0 0 0 0]
137 23 0 0.05694586825865844 [1 1 1 1 1 1 1 1 1 1 0 1 0 1 0 1 1 0 1 1 1 0 1 0 1 0 1 1 1 1 0 0 0 0]
138 23 0 0.05694586825865844 [1 1 1 1 1 1 1 1 1 1 0 1 0 1 0 1 1 0 1 1 1 0 1 0 1 0 1 1 1 1 0 0 0 0]
139 23 0 0.05694586825865844 [1 1 1 1 1 1 1 1 1 1 0 1 0 1 0 1 1 0 1 1 1 0 1 0 1 0 1 1 1 1 0 0 0 0]
140 23 0 0.05694586825865844 [1 1 1 1 1 1 1 1 1 1 0 1 0 1 0 1 1 0 1 1 1 0 1 0 1 0 1 1 1 1 0 0 0 0]
141 23 0 0.05694586825865844 [1 1 1 1 1 1 1 1 1 1 0 1 0 1 0 1 1 0 1 1 1 0 1 0 1 0 1 1 1 1 0 0 0 0]
142 23 0 0.05694586825865844 [1 1 1 1 1 1 1 1 1 1 0 1 0 1 0 1 1 0 1 1 1 0 1 0 1 0 1 1 1 1 0 0 0 0]
143 23 0 0.05694586825865844 [1 1 1 1 1 1 1 1 1 1 0 1 0 1 0 1 1 0 1 1 1 0 1 0 1 0 1 1 1 1 0 0 0 0]
144 23 0 0.05694586825865844 [1 1 1 1 1 1 1 1 1 1 0 1 0 1 0 1 1 0 1 1 1 0 1 0 1 0 1 1 1 1 0 0 0 0]
145 23 0 0.05694586825865844 [1 1 1 1 1 1 1 1 1 1 0 1 0 1 0 1 1 0 1 1 1 0 1 0 1 0 1 1 1 1 0 0 0 0]
146 23 0 0.05694586825865844 [1 1 1 1 1 1 1 1 1 1 0 1 0 1 0 1 1 0 1 1 1 0 1 0 1 0 1 1 1 1 0 0 0 0]
147 23 0 0.05694586825865844 [1 1 1 1 1 1 1 1 1 1 0 1 0 1 0 1 1 0 1 1 1 0 1 0 1 0 1 1 1 1 0 0 0 0]
148 23 0 0.05694586825865844 [1 1 1 1 1 1 1 1 1 1 0 1 0 1 0 1 1 0 1 1 1 0 1 0 1 0 1 1 1 1 0 0 0 0]
149 23 0 0.05694586825865844 [1 1 1 1 1 1 1 1 1 1 0 1 0 1 0 1 1 0 1 1 1 0 1 0 1 0 1 1 1 1 0 0 0 0]
150 23 0 0.05694586825865844 [1 1 1 1 1 1 1 1 1 1 0 1 0 1 0 1 1 0 1 1 1 0 1 0 1 0 1 1 1 1 0 0 0 0]
