0 16 100 0.06079664570230614 [1 1 1 1 1 0 0 1 1 0 0 1 0 0 1 0 1 1 1 0 1 0 1 0 0 0 0 0 0 0 0 1 1 0]
1 22 37 0.054473564692367304 [1 1 1 1 1 0 1 1 0 0 0 0 0 1 1 1 1 0 1 1 1 1 1 1 1 0 1 1 1 0 1 0 0 0]
2 23 27 0.05290465424911128 [1 1 1 1 1 0 1 1 0 0 0 0 0 1 1 1 1 0 1 1 1 1 1 1 1 1 1 1 1 0 1 0 0 0]
3 23 16 0.05290465424911128 [1 1 1 1 1 0 1 1 0 0 0 0 0 1 1 1 1 0 1 1 1 1 1 1 1 1 1 1 1 0 1 0 0 0]
4 23 8 0.05290465424911128 [1 1 1 1 1 0 1 1 0 0 0 0 0 1 1 1 1 0 1 1 1 1 1 1 1 1 1 1 1 0 1 0 0 0]
5 23 9 0.05290465424911128 [1 1 1 1 1 0 1 1 0 0 0 0 0 1 1 1 1 0 1 1 1 1 1 1 1 1 1 1 1 0 1 0 0 0]
6 23 6 0.05290465424911128 [1 1 1 1 1 0 1 1 0 0 0 0 0 1 1 1 1 0 1 1 1 1 1 1 1 1 1 1 1 0 1 0 0 0]
7 23 2 0.05290465424911128 [1 1 1 1 1 0 1 1 0 0 0 0 0 1 1 1 1 0 1 1 1 1 1 1 1 1 1 1 1 0 1 0 0 0]
8 23 6 0.05290465424911128 [1 1 1 1 1 0 1 1 0 0 0 0 0 1 1 1 1 0 1 1 1 1 1 1 1 1 1 1 1 0 1 0 0 0]
9 25 6 0.05230719974386688 [1 1 1 1 1 1 1 1 1 0 0 1 0 1 1 1 1 0 1 1 1 1 1 1 1 0 1 1 1 0 1 0 0 0]
10 25 2 0.05230719974386688 [1 1 1 1 1 1 1 1 1 0 0 1 0 1 1 1 1 0 1 1 1 1 1 1 1 0 1 1 1 0 1 0 0 0]
11 24 6 0.050261856754040934 [1 1 1 1 1 1 1 1 0 0 0 1 0 1 1 1 1 1 1 1 1 0 1 1 1 0 0 0 1 0 1 1 1 0]
12 24 2 0.050261856754040934 [1 1 1 1 1 1 1 1 0 0 0 1 0 1 1 1 1 1 1 1 1 0 1 1 1 0 0 0 1 0 1 1 1 0]
13 24 1 0.050261856754040934 [1 1 1 1 1 1 1 1 0 0 0 1 0 1 1 1 1 1 1 1 1 0 1 1 1 0 0 0 1 0 1 1 1 0]
14 24 1 0.050261856754040934 [1 1 1 1 1 1 1 1 0 0 0 1 0 1 1 1 1 1 1 1 1 0 1 1 1 0 0 0 1 0 1 1 1 0]
15 24 2 0.050261856754040934 [1 1 1 1 1 1 1 1 0 0 0 1 0 1 1 1 1 1 1 1 1 0 1 1 1 0 0 0 1 0 1 1 1 0]
16 23 2 0.048226046314000404 [1 1 1 1 1 1 1 1 0 0 0 0 0 1 1 1 1 0 1 1 1 1 1 1 1 0 1 1 1 0 1 0 0 0]
17 24 1 0.04717926262083416 [1 1 1 1 1 1 1 1 0 0 0 1 0 1 1 1 1 1 1 1 1 0 1 1 1 1 0 0 1 0 1 0 1 0]
18 24 0 0.04717926262083416 [1 1 1 1 1 1 1 1 0 0 0 1 0 1 1 1 1 1 1 1 1 0 1 1 1 1 0 0 1 0 1 0 1 0]
19 24 1 0.04717926262083416 [1 1 1 1 1 1 1 1 0 0 0 1 0 1 1 1 1 1 1 1 1 0 1 1 1 1 0 0 1 0 1 0 1 0]
20 24 0 0.04717926262083416 [1 1 1 1 1 1 1 1 0 0 0 1 0 1 1 1 1 1 1 1 1 0 1 1 1 1 0 0 1 0 1 0 1 0]
21 24 0 0.04717926262083416 [1 1 1 1 1 1 1 1 0 0 0 1 0 1 1 1 1 1 1 1 1 0 1 1 1 1 0 0 1 0 1 0 1 0]
22 24 1 0.04717926262083416 [1 1 1 1 1 1 1 1 0 0 0 1 0 1 1 1 1 1 1 1 1 0 1 1 1 1 0 0 1 0 1 0 1 0]
23 24 1 0.04717926262083416 [1 1 1 1 1 1 1 1 0 0 0 1 0 1 1 1 1 1 1 1 1 0 1 1 1 1 0 0 1 0 1 0 1 0]
24 24 0 0.04717926262083416 [1 1 1 1 1 1 1 1 0 0 0 1 0 1 1 1 1 1 1 1 1 0 1 1 1 1 0 0 1 0 1 0 1 0]
25 24 0 0.04717926262083416 [1 1 1 1 1 1 1 1 0 0 0 1 0 1 1 1 1 1 1 1 1 0 1 1 1 1 0 0 1 0 1 0 1 0]
26 24 0 0.04717926262083416 [1 1 1 1 1 1 1 1 0 0 0 1 0 1 1 1 1 1 1 1 1 0 1 1 1 1 0 0 1 0 1 0 1 0]
27 24 0 0.04717926262083416 [1 1 1 1 1 1 1 1 0 0 0 1 0 1 1 1 1 1 1 1 1 0 1 1 1 1 0 0 1 0 1 0 1 0]
28 24 0 0.04717926262083416 [1 1 1 1 1 1 1 1 0 0 0 1 0 1 1 1 1 1 1 1 1 0 1 1 1 1 0 0 1 0 1 0 1 0]
29 24 0 0.04717926262083416 [1 1 1 1 1 1 1 1 0 0 0 1 0 1 1 1 1 1 1 1 1 0 1 1 1 1 0 0 1 0 1 0 1 0]
30 24 0 0.04717926262083416 [1 1 1 1 1 1 1 1 0 0 0 1 0 1 1 1 1 1 1 1 1 0 1 1 1 1 0 0 1 0 1 0 1 0]
31 24 0 0.04717926262083416 [1 1 1 1 1 1 1 1 0 0 0 1 0 1 1 1 1 1 1 1 1 0 1 1 1 1 0 0 1 0 1 0 1 0]
32 24 0 0.04717926262083416 [1 1 1 1 1 1 1 1 0 0 0 1 0 1 1 1 1 1 1 1 1 0 1 1 1 1 0 0 1 0 1 0 1 0]
33 24 0 0.04717926262083416 [1 1 1 1 1 1 1 1 0 0 0 1 0 1 1 1 1 1 1 1 1 0 1 1 1 1 0 0 1 0 1 0 1 0]
34 24 0 0.04717926262083416 [1 1 1 1 1 1 1 1 0 0 0 1 0 1 1 1 1 1 1 1 1 0 1 1 1 1 0 0 1 0 1 0 1 0]
35 24 0 0.04717926262083416 [1 1 1 1 1 1 1 1 0 0 0 1 0 1 1 1 1 1 1 1 1 0 1 1 1 1 0 0 1 0 1 0 1 0]
36 24 0 0.04717926262083416 [1 1 1 1 1 1 1 1 0 0 0 1 0 1 1 1 1 1 1 1 1 0 1 1 1 1 0 0 1 0 1 0 1 0]
37 24 0 0.04717926262083416 [1 1 1 1 1 1 1 1 0 0 0 1 0 1 1 1 1 1 1 1 1 0 1 1 1 1 0 0 1 0 1 0 1 0]
38 24 0 0.04717926262083416 [1 1 1 1 1 1 1 1 0 0 0 1 0 1 1 1 1 1 1 1 1 0 1 1 1 1 0 0 1 0 1 0 1 0]
39 24 0 0.04717926262083416 [1 1 1 1 1 1 1 1 0 0 0 1 0 1 1 1 1 1 1 1 1 0 1 1 1 1 0 0 1 0 1 0 1 0]
40 24 0 0.04717926262083416 [1 1 1 1 1 1 1 1 0 0 0 1 0 1 1 1 1 1 1 1 1 0 1 1 1 1 0 0 1 0 1 0 1 0]
41 24 0 0.04717926262083416 [1 1 1 1 1 1 1 1 0 0 0 1 0 1 1 1 1 1 1 1 1 0 1 1 1 1 0 0 1 0 1 0 1 0]
42 24 0 0.04717926262083416 [1 1 1 1 1 1 1 1 0 0 0 1 0 1 1 1 1 1 1 1 1 0 1 1 1 1 0 0 1 0 1 0 1 0]
43 24 0 0.04717926262083416 [1 1 1 1 1 1 1 1 0 0 0 1 0 1 1 1 1 1 1 1 1 0 1 1 1 1 0 0 1 0 1 0 1 0]
44 24 0 0.04717926262083416 [1 1 1 1 1 1 1 1 0 0 0 1 0 1 1 1 1 1 1 1 1 0 1 1 1 1 0 0 1 0 1 0 1 0]
45 24 0 0.04717926262083416 [1 1 1 1 1 1 1 1 0 0 0 1 0 1 1 1 1 1 1 1 1 0 1 1 1 1 0 0 1 0 1 0 1 0]
46 24 0 0.04717926262083416 [1 1 1 1 1 1 1 1 0 0 0 1 0 1 1 1 1 1 1 1 1 0 1 1 1 1 0 0 1 0 1 0 1 0]
47 24 0 0.04717926262083416 [1 1 1 1 1 1 1 1 0 0 0 1 0 1 1 1 1 1 1 1 1 0 1 1 1 1 0 0 1 0 1 0 1 0]
48 24 0 0.04717926262083416 [1 1 1 1 1 1 1 1 0 0 0 1 0 1 1 1 1 1 1 1 1 0 1 1 1 1 0 0 1 0 1 0 1 0]
49 24 0 0.04717926262083416 [1 1 1 1 1 1 1 1 0 0 0 1 0 1 1 1 1 1 1 1 1 0 1 1 1 1 0 0 1 0 1 0 1 0]
50 24 0 0.04717926262083416 [1 1 1 1 1 1 1 1 0 0 0 1 0 1 1 1 1 1 1 1 1 0 1 1 1 1 0 0 1 0 1 0 1 0]
51 24 0 0.04717926262083416 [1 1 1 1 1 1 1 1 0 0 0 1 0 1 1 1 1 1 1 1 1 0 1 1 1 1 0 0 1 0 1 0 1 0]
52 24 0 0.04717926262083416 [1 1 1 1 1 1 1 1 0 0 0 1 0 1 1 1 1 1 1 1 1 0 1 1 1 1 0 0 1 0 1 0 1 0]
53 24 0 0.04717926262083416 [1 1 1 1 1 1 1 1 0 0 0 1 0 1 1 1 1 1 1 1 1 0 1 1 1 1 0 0 1 0 1 0 1 0]
54 24 0 0.04717926262083416 [1 1 1 1 1 1 1 1 0 0 0 1 0 1 1 1 1 1 1 1 1 0 1 1 1 1 0 0 1 0 1 0 1 0]
55 24 0 0.04717926262083416 [1 1 1 1 1 1 1 1 0 0 0 1 0 1 1 1 1 1 1 1 1 0 1 1 1 1 0 0 1 0 1 0 1 0]
56 24 0 0.04717926262083416 [1 1 1 1 1 1 1 1 0 0 0 1 0 1 1 1 1 1 1 1 1 0 1 1 1 1 0 0 1 0 1 0 1 0]
57 24 0 0.04717926262083416 [1 1 1 1 1 1 1 1 0 0 0 1 0 1 1 1 1 1 1 1 1 0 1 1 1 1 0 0 1 0 1 0 1 0]
58 24 0 0.04717926262083416 [1 1 1 1 1 1 1 1 0 0 0 1 0 1 1 1 1 1 1 1 1 0 1 1 1 1 0 0 1 0 1 0 1 0]
59 24 0 0.04717926262083416 [1 1 1 1 1 1 1 1 0 0 0 1 0 1 1 1 1 1 1 1 1 0 1 1 1 1 0 0 1 0 1 0 1 0]
60 24 0 0.04717926262083416 [1 1 1 1 1 1 1 1 0 0 0 1 0 1 1 1 1 1 1 1 1 0 1 1 1 1 0 0 1 0 1 0 1 0]
61 24 0 0.04717926262083416 [1 1 1 1 1 1 1 1 0 0 0 1 0 1 1 1 1 1 1 1 1 0 1 1 1 1 0 0 1 0 1 0 1 0]
62 24 0 0.04717926262083416 [1 1 1 1 1 1 1 1 0 0 0 1 0 1 1 1 1 1 1 1 1 0 1 1 1 1 0 0 1 0 1 0 1 0]
63 24 0 0.04717926262083416 [1 1 1 1 1 1 1 1 0 0 0 1 0 1 1 1 1 1 1 1 1 0 1 1 1 1 0 0 1 0 1 0 1 0]
64 24 0 0.04717926262083416 [1 1 1 1 1 1 1 1 0 0 0 1 0 1 1 1 1 1 1 1 1 0 1 1 1 1 0 0 1 0 1 0 1 0]
65 24 0 0.04717926262083416 [1 1 1 1 1 1 1 1 0 0 0 1 0 1 1 1 1 1 1 1 1 0 1 1 1 1 0 0 1 0 1 0 1 0]
66 24 0 0.04717926262083416 [1 1 1 1 1 1 1 1 0 0 0 1 0 1 1 1 1 1 1 1 1 0 1 1 1 1 0 0 1 0 1 0 1 0]
67 24 0 0.04717926262083416 [1 1 1 1 1 1 1 1 0 0 0 1 0 1 1 1 1 1 1 1 1 0 1 1 1 1 0 0 1 0 1 0 1 0]
68 24 0 0.04717926262083416 [1 1 1 1 1 1 1 1 0 0 0 1 0 1 1 1 1 1 1 1 1 0 1 1 1 1 0 0 1 0 1 0 1 0]
69 24 0 0.04717926262083416 [1 1 1 1 1 1 1 1 0 0 0 1 0 1 1 1 1 1 1 1 1 0 1 1 1 1 0 0 1 0 1 0 1 0]
70 24 0 0.04717926262083416 [1 1 1 1 1 1 1 1 0 0 0 1 0 1 1 1 1 1 1 1 1 0 1 1 1 1 0 0 1 0 1 0 1 0]
71 24 0 0.04717926262083416 [1 1 1 1 1 1 1 1 0 0 0 1 0 1 1 1 1 1 1 1 1 0 1 1 1 1 0 0 1 0 1 0 1 0]
72 24 0 0.04717926262083416 [1 1 1 1 1 1 1 1 0 0 0 1 0 1 1 1 1 1 1 1 1 0 1 1 1 1 0 0 1 0 1 0 1 0]
73 24 0 0.04717926262083416 [1 1 1 1 1 1 1 1 0 0 0 1 0 1 1 1 1 1 1 1 1 0 1 1 1 1 0 0 1 0 1 0 1 0]
74 24 0 0.04717926262083416 [1 1 1 1 1 1 1 1 0 0 0 1 0 1 1 1 1 1 1 1 1 0 1 1 1 1 0 0 1 0 1 0 1 0]
75 24 0 0.04717926262083416 [1 1 1 1 1 1 1 1 0 0 0 1 0 1 1 1 1 1 1 1 1 0 1 1 1 1 0 0 1 0 1 0 1 0]
76 24 0 0.04717926262083416 [1 1 1 1 1 1 1 1 0 0 0 1 0 1 1 1 1 1 1 1 1 0 1 1 1 1 0 0 1 0 1 0 1 0]
77 24 0 0.04717926262083416 [1 1 1 1 1 1 1 1 0 0 0 1 0 1 1 1 1 1 1 1 1 0 1 1 1 1 0 0 1 0 1 0 1 0]
78 24 0 0.04717926262083416 [1 1 1 1 1 1 1 1 0 0 0 1 0 1 1 1 1 1 1 1 1 0 1 1 1 1 0 0 1 0 1 0 1 0]
79 24 0 0.04717926262083416 [1 1 1 1 1 1 1 1 0 0 0 1 0 1 1 1 1 1 1 1 1 0 1 1 1 1 0 0 1 0 1 0 1 0]
80 24 0 0.04717926262083416 [1 1 1 1 1 1 1 1 0 0 0 1 0 1 1 1 1 1 1 1 1 0 1 1 1 1 0 0 1 0 1 0 1 0]
81 24 0 0.04717926262083416 [1 1 1 1 1 1 1 1 0 0 0 1 0 1 1 1 1 1 1 1 1 0 1 1 1 1 0 0 1 0 1 0 1 0]
82 24 0 0.04717926262083416 [1 1 1 1 1 1 1 1 0 0 0 1 0 1 1 1 1 1 1 1 1 0 1 1 1 1 0 0 1 0 1 0 1 0]
83 24 0 0.04717926262083416 [1 1 1 1 1 1 1 1 0 0 0 1 0 1 1 1 1 1 1 1 1 0 1 1 1 1 0 0 1 0 1 0 1 0]
84 24 0 0.04717926262083416 [1 1 1 1 1 1 1 1 0 0 0 1 0 1 1 1 1 1 1 1 1 0 1 1 1 1 0 0 1 0 1 0 1 0]
85 24 0 0.04717926262083416 [1 1 1 1 1 1 1 1 0 0 0 1 0 1 1 1 1 1 1 1 1 0 1 1 1 1 0 0 1 0 1 0 1 0]
86 24 0 0.04717926262083416 [1 1 1 1 1 1 1 1 0 0 0 1 0 1 1 1 1 1 1 1 1 0 1 1 1 1 0 0 1 0 1 0 1 0]
87 24 0 0.04717926262083416 [1 1 1 1 1 1 1 1 0 0 0 1 0 1 1 1 1 1 1 1 1 0 1 1 1 1 0 0 1 0 1 0 1 0]
88 24 0 0.04717926262083416 [1 1 1 1 1 1 1 1 0 0 0 1 0 1 1 1 1 1 1 1 1 0 1 1 1 1 0 0 1 0 1 0 1 0]
89 24 0 0.04717926262083416 [1 1 1 1 1 1 1 1 0 0 0 1 0 1 1 1 1 1 1 1 1 0 1 1 1 1 0 0 1 0 1 0 1 0]
90 24 0 0.04717926262083416 [1 1 1 1 1 1 1 1 0 0 0 1 0 1 1 1 1 1 1 1 1 0 1 1 1 1 0 0 1 0 1 0 1 0]
91 24 0 0.04717926262083416 [1 1 1 1 1 1 1 1 0 0 0 1 0 1 1 1 1 1 1 1 1 0 1 1 1 1 0 0 1 0 1 0 1 0]
92 24 0 0.04717926262083416 [1 1 1 1 1 1 1 1 0 0 0 1 0 1 1 1 1 1 1 1 1 0 1 1 1 1 0 0 1 0 1 0 1 0]
93 24 0 0.04717926262083416 [1 1 1 1 1 1 1 1 0 0 0 1 0 1 1 1 1 1 1 1 1 0 1 1 1 1 0 0 1 0 1 0 1 0]
94 24 0 0.04717926262083416 [1 1 1 1 1 1 1 1 0 0 0 1 0 1 1 1 1 1 1 1 1 0 1 1 1 1 0 0 1 0 1 0 1 0]
95 24 0 0.04717926262083416 [1 1 1 1 1 1 1 1 0 0 0 1 0 1 1 1 1 1 1 1 1 0 1 1 1 1 0 0 1 0 1 0 1 0]
96 24 0 0.04717926262083416 [1 1 1 1 1 1 1 1 0 0 0 1 0 1 1 1 1 1 1 1 1 0 1 1 1 1 0 0 1 0 1 0 1 0]
97 24 0 0.04717926262083416 [1 1 1 1 1 1 1 1 0 0 0 1 0 1 1 1 1 1 1 1 1 0 1 1 1 1 0 0 1 0 1 0 1 0]
98 24 0 0.04717926262083416 [1 1 1 1 1 1 1 1 0 0 0 1 0 1 1 1 1 1 1 1 1 0 1 1 1 1 0 0 1 0 1 0 1 0]
99 24 0 0.04717926262083416 [1 1 1 1 1 1 1 1 0 0 0 1 0 1 1 1 1 1 1 1 1 0 1 1 1 1 0 0 1 0 1 0 1 0]
100 24 0 0.04717926262083416 [1 1 1 1 1 1 1 1 0 0 0 1 0 1 1 1 1 1 1 1 1 0 1 1 1 1 0 0 1 0 1 0 1 0]
101 24 0 0.04717926262083416 [1 1 1 1 1 1 1 1 0 0 0 1 0 1 1 1 1 1 1 1 1 0 1 1 1 1 0 0 1 0 1 0 1 0]
102 24 0 0.04717926262083416 [1 1 1 1 1 1 1 1 0 0 0 1 0 1 1 1 1 1 1 1 1 0 1 1 1 1 0 0 1 0 1 0 1 0]
103 24 0 0.04717926262083416 [1 1 1 1 1 1 1 1 0 0 0 1 0 1 1 1 1 1 1 1 1 0 1 1 1 1 0 0 1 0 1 0 1 0]
104 24 0 0.04717926262083416 [1 1 1 1 1 1 1 1 0 0 0 1 0 1 1 1 1 1 1 1 1 0 1 1 1 1 0 0 1 0 1 0 1 0]
105 24 0 0.04717926262083416 [1 1 1 1 1 1 1 1 0 0 0 1 0 1 1 1 1 1 1 1 1 0 1 1 1 1 0 0 1 0 1 0 1 0]
106 24 0 0.04717926262083416 [1 1 1 1 1 1 1 1 0 0 0 1 0 1 1 1 1 1 1 1 1 0 1 1 1 1 0 0 1 0 1 0 1 0]
107 24 0 0.04717926262083416 [1 1 1 1 1 1 1 1 0 0 0 1 0 1 1 1 1 1 1 1 1 0 1 1 1 1 0 0 1 0 1 0 1 0]
108 24 0 0.04717926262083416 [1 1 1 1 1 1 1 1 0 0 0 1 0 1 1 1 1 1 1 1 1 0 1 1 1 1 0 0 1 0 1 0 1 0]
109 24 0 0.04717926262083416 [1 1 1 1 1 1 1 1 0 0 0 1 0 1 1 1 1 1 1 1 1 0 1 1 1 1 0 0 1 0 1 0 1 0]
110 24 0 0.04717926262083416 [1 1 1 1 1 1 1 1 0 0 0 1 0 1 1 1 1 1 1 1 1 0 1 1 1 1 0 0 1 0 1 0 1 0]
111 24 0 0.04717926262083416 [1 1 1 1 1 1 1 1 0 0 0 1 0 1 1 1 1 1 1 1 1 0 1 1 1 1 0 0 1 0 1 0 1 0]
112 24 0 0.04717926262083416 [1 1 1 1 1 1 1 1 0 0 0 1 0 1 1 1 1 1 1 1 1 0 1 1 1 1 0 0 1 0 1 0 1 0]
113 24 0 0.04717926262083416 [1 1 1 1 1 1 1 1 0 0 0 1 0 1 1 1 1 1 1 1 1 0 1 1 1 1 0 0 1 0 1 0 1 0]
114 24 0 0.04717926262083416 [1 1 1 1 1 1 1 1 0 0 0 1 0 1 1 1 1 1 1 1 1 0 1 1 1 1 0 0 1 0 1 0 1 0]
115 24 0 0.04717926262083416 [1 1 1 1 1 1 1 1 0 0 0 1 0 1 1 1 1 1 1 1 1 0 1 1 1 1 0 0 1 0 1 0 1 0]
116 24 0 0.04717926262083416 [1 1 1 1 1 1 1 1 0 0 0 1 0 1 1 1 1 1 1 1 1 0 1 1 1 1 0 0 1 0 1 0 1 0]
117 24 0 0.04717926262083416 [1 1 1 1 1 1 1 1 0 0 0 1 0 1 1 1 1 1 1 1 1 0 1 1 1 1 0 0 1 0 1 0 1 0]
118 24 0 0.04717926262083416 [1 1 1 1 1 1 1 1 0 0 0 1 0 1 1 1 1 1 1 1 1 0 1 1 1 1 0 0 1 0 1 0 1 0]
119 24 0 0.04717926262083416 [1 1 1 1 1 1 1 1 0 0 0 1 0 1 1 1 1 1 1 1 1 0 1 1 1 1 0 0 1 0 1 0 1 0]
120 24 0 0.04717926262083416 [1 1 1 1 1 1 1 1 0 0 0 1 0 1 1 1 1 1 1 1 1 0 1 1 1 1 0 0 1 0 1 0 1 0]
121 24 0 0.04717926262083416 [1 1 1 1 1 1 1 1 0 0 0 1 0 1 1 1 1 1 1 1 1 0 1 1 1 1 0 0 1 0 1 0 1 0]
122 24 0 0.04717926262083416 [1 1 1 1 1 1 1 1 0 0 0 1 0 1 1 1 1 1 1 1 1 0 1 1 1 1 0 0 1 0 1 0 1 0]
123 24 0 0.04717926262083416 [1 1 1 1 1 1 1 1 0 0 0 1 0 1 1 1 1 1 1 1 1 0 1 1 1 1 0 0 1 0 1 0 1 0]
124 24 0 0.04717926262083416 [1 1 1 1 1 1 1 1 0 0 0 1 0 1 1 1 1 1 1 1 1 0 1 1 1 1 0 0 1 0 1 0 1 0]
125 24 0 0.04717926262083416 [1 1 1 1 1 1 1 1 0 0 0 1 0 1 1 1 1 1 1 1 1 0 1 1 1 1 0 0 1 0 1 0 1 0]
126 24 0 0.04717926262083416 [1 1 1 1 1 1 1 1 0 0 0 1 0 1 1 1 1 1 1 1 1 0 1 1 1 1 0 0 1 0 1 0 1 0]
127 24 0 0.04717926262083416 [1 1 1 1 1 1 1 1 0 0 0 1 0 1 1 1 1 1 1 1 1 0 1 1 1 1 0 0 1 0 1 0 1 0]
128 24 0 0.04717926262083416 [1 1 1 1 1 1 1 1 0 0 0 1 0 1 1 1 1 1 1 1 1 0 1 1 1 1 0 0 1 0 1 0 1 0]
129 24 0 0.04717926262083416 [1 1 1 1 1 1 1 1 0 0 0 1 0 1 1 1 1 1 1 1 1 0 1 1 1 1 0 0 1 0 1 0 1 0]
130 24 0 0.04717926262083416 [1 1 1 1 1 1 1 1 0 0 0 1 0 1 1 1 1 1 1 1 1 0 1 1 1 1 0 0 1 0 1 0 1 0]
131 24 0 0.04717926262083416 [1 1 1 1 1 1 1 1 0 0 0 1 0 1 1 1 1 1 1 1 1 0 1 1 1 1 0 0 1 0 1 0 1 0]
132 24 0 0.04717926262083416 [1 1 1 1 1 1 1 1 0 0 0 1 0 1 1 1 1 1 1 1 1 0 1 1 1 1 0 0 1 0 1 0 1 0]
133 24 0 0.04717926262083416 [1 1 1 1 1 1 1 1 0 0 0 1 0 1 1 1 1 1 1 1 1 0 1 1 1 1 0 0 1 0 1 0 1 0]
134 24 0 0.04717926262083416 [1 1 1 1 1 1 1 1 0 0 0 1 0 1 1 1 1 1 1 1 1 0 1 1 1 1 0 0 1 0 1 0 1 0]
135 24 0 0.04717926262083416 [1 1 1 1 1 1 1 1 0 0 0 1 0 1 1 1 1 1 1 1 1 0 1 1 1 1 0 0 1 0 1 0 1 0]
136 24 0 0.04717926262083416 [1 1 1 1 1 1 1 1 0 0 0 1 0 1 1 1 1 1 1 1 1 0 1 1 1 1 0 0 1 0 1 0 1 0]
137 24 0 0.04717926262083416 [1 1 1 1 1 1 1 1 0 0 0 1 0 1 1 1 1 1 1 1 1 0 1 1 1 1 0 0 1 0 1 0 1 0]
138 24 0 0.04717926262083416 [1 1 1 1 1 1 1 1 0 0 0 1 0 1 1 1 1 1 1 1 1 0 1 1 1 1 0 0 1 0 1 0 1 0]
139 24 0 0.04717926262083416 [1 1 1 1 1 1 1 1 0 0 0 1 0 1 1 1 1 1 1 1 1 0 1 1 1 1 0 0 1 0 1 0 1 0]
140 24 0 0.04717926262083416 [1 1 1 1 1 1 1 1 0 0 0 1 0 1 1 1 1 1 1 1 1 0 1 1 1 1 0 0 1 0 1 0 1 0]
141 24 0 0.04717926262083416 [1 1 1 1 1 1 1 1 0 0 0 1 0 1 1 1 1 1 1 1 1 0 1 1 1 1 0 0 1 0 1 0 1 0]
142 24 0 0.04717926262083416 [1 1 1 1 1 1 1 1 0 0 0 1 0 1 1 1 1 1 1 1 1 0 1 1 1 1 0 0 1 0 1 0 1 0]
143 24 0 0.04717926262083416 [1 1 1 1 1 1 1 1 0 0 0 1 0 1 1 1 1 1 1 1 1 0 1 1 1 1 0 0 1 0 1 0 1 0]
144 24 0 0.04717926262083416 [1 1 1 1 1 1 1 1 0 0 0 1 0 1 1 1 1 1 1 1 1 0 1 1 1 1 0 0 1 0 1 0 1 0]
145 24 0 0.04717926262083416 [1 1 1 1 1 1 1 1 0 0 0 1 0 1 1 1 1 1 1 1 1 0 1 1 1 1 0 0 1 0 1 0 1 0]
146 24 0 0.04717926262083416 [1 1 1 1 1 1 1 1 0 0 0 1 0 1 1 1 1 1 1 1 1 0 1 1 1 1 0 0 1 0 1 0 1 0]
147 24 0 0.04717926262083416 [1 1 1 1 1 1 1 1 0 0 0 1 0 1 1 1 1 1 1 1 1 0 1 1 1 1 0 0 1 0 1 0 1 0]
148 24 0 0.04717926262083416 [1 1 1 1 1 1 1 1 0 0 0 1 0 1 1 1 1 1 1 1 1 0 1 1 1 1 0 0 1 0 1 0 1 0]
149 24 0 0.04717926262083416 [1 1 1 1 1 1 1 1 0 0 0 1 0 1 1 1 1 1 1 1 1 0 1 1 1 1 0 0 1 0 1 0 1 0]
150 24 0 0.04717926262083416 [1 1 1 1 1 1 1 1 0 0 0 1 0 1 1 1 1 1 1 1 1 0 1 1 1 1 0 0 1 0 1 0 1 0]
