[1 0 1 1 1 0 0 1 1 0 0 1 1 1 0 0 1 1 0 1 0 0 0 0 0 1 0 1 0 1 1 0 1 0] 0.9328033314404695
[0 1 0 1 0 1 1 0 1 1 0 0 0 0 1 0 0 1 0 0 0 1 1 0 1 1 1 1 0 0 0 1 0 1] 0.7669563925414159
[0 1 0 1 0 1 1 0 1 0 1 0 1 0 1 0 1 1 0 1 0 0 0 0 1 1 1 1 0 0 0 0 1 0] 0.7581109858449204
[1 1 0 0 1 0 1 0 0 1 0 1 0 0 0 1 1 1 0 0 0 1 0 1 0 1 1 1 1 0 0 0 0 0] 0.913312693498452
[1 1 0 0 0 1 1 1 1 1 0 0 1 0 0 1 1 1 1 1 1 1 0 1 1 0 0 0 0 1 1 0 0 1] 0.8839622574731194
[0 0 1 0 0 1 0 0 1 1 1 0 0 0 1 0 1 0 1 0 0 0 0 0 1 1 0 0 1 1 0 0 1 1] 0.7501983222779213
[1 1 0 1 0 0 1 1 0 0 1 0 0 1 0 1 1 1 1 0 0 1 0 0 0 1 0 1 1 0 1 0 1 0] 0.8977794552431275
[0 1 1 0 0 1 0 0 0 0 0 1 0 1 1 0 0 1 1 1 1 1 1 0 1 1 0 1 1 0 0 1 1 0] 0.7842681391068489
[1 0 1 1 1 1 1 1 0 1 1 1 1 0 0 0 1 1 1 1 0 1 1 1 0 1 0 0 0 1 1 1 1 1] 0.9265051620157415
[1 0 1 0 0 0 0 1 1 1 1 0 0 1 1 1 1 1 1 0 1 1 0 1 1 0 0 0 1 0 1 0 0 1] 0.8978833651072982
[0 0 1 1 0 0 1 1 1 0 0 1 1 0 0 1 0 1 1 0 0 0 0 0 0 1 1 1 0 0 1 0 1 0] 0.8179461584294789
[1 1 1 0 1 1 1 0 0 1 1 0 1 1 1 1 0 0 1 0 0 1 0 0 1 0 0 0 0 1 1 0 1 0] 0.9308477838086914
[0 1 0 0 1 1 0 1 1 1 0 1 1 1 1 1 1 1 1 0 0 0 0 0 0 1 0 1 0 0 1 1 0 1] 0.7830395318574557
[1 0 0 0 1 0 1 0 0 0 1 0 1 0 0 1 0 1 0 0 1 0 0 0 1 0 1 0 1 1 1 1 1 0] 0.9010230339546853
[0 1 0 0 1 0 0 0 0 0 1 1 0 1 1 1 1 1 0 1 1 0 0 0 1 1 0 1 0 1 1 0 1 1] 0.746166170748455
[0 0 0 1 1 0 1 1 1 1 1 1 0 1 0 1 1 1 1 1 0 0 0 0 0 0 0 0 1 0 0 0 1 0] 0.8151823638580226
[0 1 0 1 1 0 1 1 1 0 1 0 0 1 1 0 1 1 1 0 0 0 0 1 1 0 1 0 0 1 1 1 1 1] 0.7871348413961639
[1 1 1 1 0 1 1 1 0 0 1 1 1 0 0 0 1 0 0 1 0 0 0 0 0 1 1 0 1 1 1 0 1 0] 0.9112533046185279
[1 1 0 0 0 1 1 0 1 1 0 0 0 0 1 0 0 1 0 0 1 1 0 0 1 0 0 1 0 0 1 1 1 0] 0.8733660656218062
[0 1 0 0 0 1 1 1 1 1 1 1 0 0 1 0 0 1 0 0 0 0 1 1 0 1 1 0 0 1 1 1 1 0] 0.7379040560016472
[1 0 1 1 1 0 1 1 0 1 0 1 1 1 0 1 0 1 0 1 0 1 0 0 1 0 1 1 0 0 0 1 0 1] 0.9372209088521146
[1 1 1 0 0 0 0 1 1 1 0 1 0 0 0 0 0 1 0 0 1 0 1 0 1 0 0 0 1 0 1 0 1 1] 0.8944370888762794
[0 0 1 1 0 1 1 0 0 0 0 0 0 0 0 0 1 0 0 1 0 0 1 0 0 1 0 0 1 1 0 1 1 0] 0.8486842105263157
[0 0 0 0 0 0 1 0 1 0 1 0 1 1 0 0 1 0 0 0 1 1 0 1 1 1 1 1 0 1 1 0 1 0] 0.6953228830993865
[0 0 1 0 1 1 1 1 1 0 1 1 1 0 0 1 0 0 0 0 0 0 0 0 1 0 0 0 1 0 1 0 1 0] 0.8321007943029306
[1 0 0 1 1 0 0 1 1 0 1 0 1 1 1 0 1 0 1 0 0 1 0 0 0 1 0 0 0 1 1 0 1 0] 0.8925438596491228
[1 1 1 1 1 0 0 0 0 1 0 0 0 1 0 0 1 1 0 1 1 0 1 0 0 0 0 0 1 0 1 1 0 0] 0.9263249537490477
[1 1 1 0 1 1 1 1 0 0 0 0 0 0 0 1 1 0 1 1 0 0 1 1 0 0 0 1 0 0 1 0 0 0] 0.9379727685325265
[0 1 0 0 1 1 1 0 1 0 0 0 0 1 0 0 0 0 0 0 0 1 0 1 1 0 1 1 1 0 0 1 1 1] 0.7945041816009558
[0 0 1 0 0 0 1 1 0 1 1 1 0 1 0 1 0 0 1 0 1 0 1 1 1 1 1 0 0 1 1 0 1 1] 0.801402810359944
[1 0 1 1 0 1 1 0 1 1 0 0 0 1 0 1 1 1 1 0 1 0 0 1 1 0 0 0 0 1 1 1 0 0] 0.9143164114961053
[1 0 0 0 0 0 1 1 1 0 1 1 0 0 1 1 0 0 0 1 1 1 1 1 0 1 1 1 0 1 0 0 1 0] 0.8786946864855629
[0 1 1 1 1 1 1 1 1 0 0 0 0 1 0 1 0 0 0 0 0 1 0 0 0 0 0 1 1 1 0 0 1 1] 0.8888888888888888
[1 1 0 0 0 1 1 1 1 1 1 1 0 1 1 0 1 0 1 0 1 0 1 0 1 0 1 1 1 0 0 1 1 0] 0.8681500684093036
[0 0 1 0 1 1 1 0 0 1 1 1 1 1 1 0 0 1 1 0 1 0 1 0 0 0 1 0 1 1 0 0 0 0] 0.7880890430760336
[1 1 0 0 0 0 0 1 0 0 0 0 1 1 0 0 0 0 1 1 0 1 1 1 1 0 0 1 1 0 0 1 1 0] 0.8643784492571939
[0 0 1 1 1 1 1 1 0 1 0 0 0 1 0 1 0 1 0 1 0 0 1 0 0 1 0 0 0 0 0 0 1 1] 0.8925348995573714
[0 0 1 1 1 1 0 0 1 0 1 1 0 0 1 1 1 0 1 1 0 1 0 0 0 0 0 1 0 1 0 1 0 1] 0.845019777058612
[0 1 0 0 1 1 1 1 0 1 0 1 1 0 0 1 0 0 1 0 0 0 1 0 1 1 0 0 0 1 0 0 0 1] 0.7968165463340243
[0 0 0 0 0 0 0 0 0 0 0 1 1 0 0 0 0 1 0 0 1 0 0 1 1 0 0 0 1 0 1 0 0 1] 0.7138304652644997
[1 0 1 0 0 0 1 0 0 1 0 0 0 1 1 0 1 1 1 1 1 0 0 1 1 0 0 0 1 0 0 1 1 0] 0.899482197937166
[1 1 1 0 0 1 1 0 0 0 0 0 1 0 0 1 1 1 1 0 0 1 0 1 0 0 0 1 1 1 0 0 1 0] 0.8995983935742972
[0 1 0 0 0 1 1 1 1 1 0 0 1 0 0 1 0 0 0 0 0 0 0 0 0 1 1 1 1 1 1 0 0 0] 0.7742209793869224
[1 0 0 1 1 0 1 0 1 0 0 0 0 1 0 1 1 0 0 1 0 1 0 0 0 0 0 0 1 1 1 1 1 0] 0.9093701996927804
[1 1 0 1 1 1 1 1 0 1 1 0 1 1 1 1 0 1 0 0 1 0 0 1 1 0 1 1 1 1 0 1 1 1] 0.9001140713680866
[1 1 0 1 0 1 0 0 0 0 1 1 0 0 1 0 0 1 1 1 1 0 1 0 0 1 0 1 1 0 1 0 0 0] 0.8839295202873599
[0 1 1 1 1 0 1 1 1 1 0 1 0 0 0 0 1 1 1 0 1 1 0 1 0 0 1 1 0 1 1 0 1 1] 0.834016393442623
[0 1 0 0 1 1 1 0 1 1 1 0 1 1 1 1 1 1 1 1 1 1 1 0 1 1 1 1 0 1 0 0 0 0] 0.7636372673277169
[1 1 1 0 0 1 0 0 0 1 1 0 0 1 0 1 1 1 1 1 0 0 1 1 1 0 1 0 1 1 0 1 1 1] 0.9011796018756576
[0 0 1 1 1 0 1 1 1 1 1 0 1 1 0 0 1 0 1 1 0 1 0 1 0 1 0 1 0 0 0 0 0 0] 0.8472866653217671
[0 0 0 1 1 1 0 1 1 1 0 1 0 1 1 0 0 1 1 1 1 0 0 0 1 1 0 0 1 0 0 1 0 0] 0.8004933703361085
[0 0 1 0 1 0 1 0 1 1 0 0 1 0 0 0 0 1 0 0 0 0 0 0 0 1 1 1 1 1 0 1 1 1] 0.8351565046659541
[0 1 0 1 1 1 1 0 1 0 0 1 0 1 1 1 1 1 0 0 0 0 1 1 1 1 0 0 1 1 1 1 1 1] 0.7968165463340243
[1 1 0 1 0 0 0 1 0 1 1 1 0 0 1 1 1 1 1 1 1 0 1 1 1 0 1 0 0 1 0 0 1 0] 0.8804091882393951
[1 0 1 1 1 0 1 0 1 0 1 1 0 0 1 1 1 1 1 0 0 1 1 0 1 1 1 1 1 0 1 0 1 1] 0.9300778571961906
[1 1 0 1 0 1 0 1 1 1 0 0 1 1 1 0 1 1 1 1 0 1 0 1 0 1 1 1 1 0 0 1 1 1] 0.8765981220051999
[1 0 0 0 0 1 0 1 0 1 1 0 1 0 0 0 1 0 0 1 1 1 0 1 0 0 0 0 0 1 1 1 0 1] 0.8662822091189876
[1 1 1 0 0 0 1 0 1 0 1 0 1 1 1 0 1 0 1 0 0 1 0 1 0 0 1 0 0 0 1 0 1 1] 0.8926389415581679
[0 1 1 1 0 0 0 1 1 0 0 1 0 1 0 1 1 0 0 1 1 1 1 1 0 1 1 1 0 0 1 1 1 1] 0.7797749525062107
[1 0 0 0 1 0 0 1 1 0 1 0 0 1 1 0 0 0 0 0 1 1 0 0 1 0 1 0 0 0 0 1 0 1] 0.9031250000000001
[0 0 1 0 1 1 0 1 0 0 0 1 0 0 1 1 0 1 0 0 0 0 1 0 1 0 0 1 0 1 1 1 1 0] 0.8312390526235626
[1 0 1 0 1 0 1 0 1 1 0 1 1 1 1 0 1 0 0 0 0 1 0 1 1 1 1 1 1 0 0 0 1 0] 0.934410627138894
[1 0 1 0 1 0 0 1 1 1 0 0 1 1 1 1 0 1 1 0 0 0 1 0 1 1 1 1 1 1 1 0 0 1] 0.9311911387348593
[0 1 1 1 0 1 1 0 0 1 0 1 0 1 0 1 1 1 0 0 0 0 0 0 1 0 1 1 1 0 1 0 1 1] 0.8641552009612143
[1 1 1 1 1 1 1 1 1 0 1 1 1 0 1 0 1 1 1 1 1 1 1 0 0 1 1 1 0 0 0 0 1 1] 0.9240572100527799
[1 0 0 1 1 0 0 1 0 1 0 0 1 0 0 0 1 1 0 1 0 1 1 0 1 0 0 1 0 1 0 0 1 1] 0.9095874122006526
[0 0 1 1 1 0 0 1 1 0 0 1 0 0 1 0 0 0 0 1 0 0 0 0 1 1 0 0 0 0 0 0 0 0] 0.8742903487429035
[1 1 1 1 1 0 1 0 1 0 1 1 0 1 1 0 0 1 0 0 1 1 1 0 1 1 1 0 1 0 0 1 1 0] 0.9336497697722063
[1 0 1 0 1 1 0 0 0 1 1 1 0 0 1 1 0 1 1 0 0 0 1 0 1 1 0 0 1 1 1 0 0 0] 0.9328033314404695
[0 0 1 1 1 1 0 0 0 0 1 0 0 0 0 0 0 1 0 0 0 0 1 1 0 0 1 0 1 1 0 0 1 1] 0.8523469994058229
[0 1 0 1 0 0 0 1 0 0 1 1 0 0 1 0 1 0 0 0 1 0 1 1 0 1 0 1 1 1 0 1 1 0] 0.6972297131649914
[1 0 0 0 0 0 1 1 1 0 1 1 0 0 0 1 1 1 0 0 0 1 1 0 0 1 1 0 0 1 0 0 0 1] 0.8786560927773513
[1 0 0 1 1 0 1 0 1 0 1 1 0 1 0 0 0 1 0 1 1 0 0 1 0 0 1 1 0 1 0 0 0 1] 0.911024062674874
[1 1 1 0 1 1 0 0 1 0 1 0 0 1 0 1 1 0 0 0 1 1 0 0 1 0 0 1 1 1 1 1 1 0] 0.9276319814033156
[1 1 0 0 1 1 0 0 1 1 1 0 1 0 1 0 1 1 1 1 0 0 0 0 0 0 0 0 1 0 0 0 0 0] 0.8943578525202808
[1 1 1 1 1 1 1 0 1 1 1 0 1 0 0 0 1 0 0 1 1 0 0 0 1 1 0 0 1 1 0 0 0 1] 0.9213533958230553
[1 0 1 1 1 0 1 1 1 0 0 1 1 0 0 1 0 1 0 0 1 0 1 0 1 0 1 1 1 0 0 0 1 1] 0.9336497697722063
[1 0 0 1 0 0 0 0 1 0 0 0 0 0 1 0 0 0 1 1 0 0 1 0 1 0 0 1 0 0 1 0 0 0] 0.8678806664083688
[1 1 1 0 0 1 1 1 0 0 0 0 0 0 0 0 1 1 1 1 0 0 1 1 0 0 1 1 1 0 0 0 0 0] 0.9048361934477379
[1 0 1 0 0 1 1 0 0 1 0 1 1 1 1 0 1 1 0 0 0 0 1 0 1 1 1 1 1 1 1 0 0 0] 0.904711344284138
[0 1 0 0 1 1 1 0 0 0 1 1 1 0 0 1 0 1 0 0 1 0 1 1 0 0 0 1 1 1 0 1 0 0] 0.7847993099389746
[0 1 1 0 0 0 1 1 0 0 0 0 1 1 0 1 0 1 0 1 0 1 1 0 0 0 1 1 1 1 0 1 1 1] 0.7968165463340243
[1 0 1 0 1 0 0 0 1 1 0 1 1 1 0 1 1 0 1 1 0 0 1 0 0 1 0 0 0 0 0 1 0 1] 0.9315068493150686
[0 0 1 0 0 0 1 0 1 0 1 0 1 0 1 0 0 0 0 0 0 1 0 1 1 0 1 1 1 1 0 0 1 1] 0.747974911759478
[1 0 0 0 0 0 1 0 1 0 1 0 0 0 1 1 1 1 1 0 1 0 1 0 1 1 0 1 1 0 0 1 0 0] 0.869857262804366
[1 0 1 0 0 0 0 0 1 1 1 1 0 0 0 0 0 1 1 0 1 1 0 0 1 0 1 1 1 0 0 1 1 0] 0.8978833651072982
[0 1 1 1 1 1 0 0 1 1 1 0 0 1 1 1 1 0 0 1 0 1 1 1 0 0 1 1 0 1 0 0 1 0] 0.8413536776212833
[0 1 0 0 0 0 0 0 0 1 0 0 1 0 1 1 1 0 1 1 0 0 0 0 0 1 0 1 1 1 1 1 0 1] 0.6716593660213839
[1 1 1 0 1 0 0 0 1 0 1 0 0 0 1 0 1 0 1 0 1 1 0 0 1 1 0 0 0 1 0 1 0 1] 0.926605504587156
[0 1 1 1 0 1 0 1 0 0 1 1 0 1 0 1 0 0 0 1 0 1 1 0 1 1 1 0 0 1 1 1 1 0] 0.8242116987364134
[0 1 0 0 1 0 0 0 0 0 0 1 1 1 0 0 0 0 0 1 0 1 1 1 0 0 0 1 1 1 0 1 1 0] 0.7747151782432928
[0 1 1 1 1 0 0 1 0 0 1 0 1 0 1 0 1 0 1 0 0 1 0 1 1 0 1 1 1 1 1 0 0 1] 0.7871348413961639
[0 1 0 1 1 0 0 0 0 1 1 1 0 1 1 1 1 1 1 1 1 1 1 0 1 1 1 0 0 1 1 0 0 0] 0.7696721581006873
[0 0 0 0 0 0 0 0 0 0 1 1 0 1 1 0 1 0 0 0 0 0 1 1 1 1 0 1 1 0 0 0 0 1] 0.6953674905876576
[1 0 1 0 1 1 0 1 1 0 1 1 1 1 0 0 0 1 0 0 0 0 0 1 1 1 0 1 0 0 1 0 0 0] 0.9347496206373292
[0 1 0 1 0 0 0 1 1 0 1 0 1 0 1 0 0 0 0 1 0 1 1 1 1 0 0 0 1 1 0 0 1 1] 0.708832275174797
[0 0 0 0 1 1 1 0 1 0 0 1 0 1 0 1 1 1 0 1 0 1 1 0 0 0 0 1 1 0 1 1 1 1] 0.8041683391970279
[1 0 1 0 1 0 0 0 0 1 0 1 1 1 1 1 0 0 0 0 1 1 1 0 1 1 0 1 1 1 1 0 0 1] 0.9246929474996424
[0 0 1 0 0 0 1 0 1 0 1 1 0 0 1 0 1 0 1 1 1 0 0 1 1 1 0 1 1 0 0 1 0 0] 0.72698785742264
[1 0 0 1 0 0 0 1 0 0 1 1 1 1 1 0 1 1 1 0 1 0 1 1 0 0 1 1 1 1 1 0 1 0] 0.8733673315688679
[1 1 1 0 1 0 1 0 1 1 0 1 0 1 1 1 1 1 1 1 1 0 1 1 1 1 0 1 1 1 1 1 1 1] 0.9177810797424468
[1 0 1 1 1 1 1 1 1 1 1 0 1 1 1 1 0 1 1 1 1 0 1 1 1 1 1 1 1 1 1 0 1 1] 0.9220310176333121
[1 1 1 1 1 1 1 1 1 0 1 1 1 1 1 1 1 1 1 1 1 0 0 0 1 1 1 1 1 1 0 0 1 0] 0.9302565775168514
[1 1 1 1 1 1 1 1 1 1 1 1 0 0 1 0 1 0 1 0 1 1 0 1 1 1 1 0 1 1 0 1 0 1] 0.9276374928495548
[1 1 1 0 1 1 0 1 0 1 1 1 0 0 1 1 0 1 1 0 0 0 1 0 1 1 1 0 1 1 1 0 0 0] 0.9279519725091511
[1 0 1 1 1 1 1 1 1 0 1 1 1 1 0 1 1 1 0 1 0 1 0 1 1 1 1 1 1 0 1 0 1 0] 0.9323002460699977
[1 1 1 0 1 1 1 1 0 1 1 0 1 1 1 1 0 0 1 0 1 1 1 0 1 0 1 0 0 1 1 0 1 0] 0.9253167491782932
[0 1 0 1 1 1 1 1 1 0 1 0 0 1 1 0 1 1 1 0 0 1 1 1 1 1 1 1 0 1 1 1 1 1] 0.7756810338497687
[0 1 1 0 1 1 1 1 1 1 1 1 1 0 0 1 0 0 0 1 0 0 0 1 1 1 0 0 1 1 1 0 1 0] 0.814270724029381
[1 1 1 1 1 1 1 1 1 0 1 1 0 1 1 0 1 1 1 1 1 1 1 1 1 1 1 0 1 0 0 1 1 1] 0.930750743411137
[0 1 1 1 1 1 1 1 1 1 1 0 1 1 1 1 1 1 0 1 1 1 1 1 0 0 1 1 0 1 1 0 1 1] 0.7968165463340243
[1 1 1 1 1 1 1 0 1 1 1 1 1 1 1 0 1 1 1 1 1 1 0 0 0 0 0 0 1 0 0 1 0 0] 0.9240572100527799
[1 1 1 1 0 1 1 1 0 0 1 1 1 0 0 0 1 1 0 1 1 0 1 1 0 1 1 1 1 1 1 1 1 1] 0.9020273100443997
[1 0 1 0 0 1 1 0 0 1 1 1 1 1 1 0 1 1 0 0 0 1 1 1 1 1 1 1 1 1 1 0 1 0] 0.8991653034688143
[0 0 1 1 1 1 1 1 1 0 1 1 0 0 1 1 1 0 1 1 0 1 0 0 0 0 0 1 0 1 0 1 0 1] 0.8472866653217671
[1 1 1 1 1 1 1 1 0 0 1 0 1 1 0 1 1 1 1 0 0 1 0 1 0 0 0 1 1 1 0 0 1 0] 0.9300778571961906
[1 1 1 1 1 1 1 1 0 1 0 1 1 1 0 1 1 0 1 1 0 1 1 1 0 0 0 1 1 1 1 1 0 0] 0.9363585456851593
[1 1 1 1 1 1 1 1 0 1 1 0 1 1 1 1 0 1 0 1 1 1 0 1 1 0 1 1 1 1 0 1 1 1] 0.922495429428319
[1 0 1 1 1 0 1 0 1 1 1 1 1 1 1 0 1 0 1 0 0 1 1 1 1 1 1 1 1 0 0 0 1 1] 0.924924924924925
[0 0 1 0 1 0 1 0 1 1 0 0 1 0 0 0 0 1 1 0 0 0 0 0 0 1 1 1 1 1 0 1 1 1] 0.8132526837774507
[0 1 1 1 0 1 1 1 0 0 1 1 1 1 0 1 1 1 1 1 1 1 1 0 1 1 1 0 1 1 1 1 1 0] 0.7945041816009558
[1 1 1 0 0 1 1 1 1 1 1 1 1 0 0 0 1 0 0 1 1 1 1 1 1 0 0 1 1 1 1 1 1 1] 0.9041684931220907
[0 1 0 1 1 0 1 0 0 1 1 1 0 1 1 1 1 1 1 1 1 1 1 1 1 1 1 0 1 1 1 1 0 1] 0.7599404033593861
[0 1 1 1 1 1 1 1 1 1 1 1 1 0 0 1 1 0 1 0 0 0 1 0 1 1 0 1 0 1 1 0 1 1] 0.8018657953307762
[1 1 1 0 0 1 0 0 1 0 0 1 1 1 1 0 0 1 1 1 1 1 1 0 1 1 1 1 1 0 0 1 1 1] 0.887305525514063
[1 1 1 1 1 1 0 1 0 1 1 1 0 1 1 1 1 1 1 1 0 1 1 1 1 1 1 1 1 1 1 1 1 1] 0.9157822875938683
[1 1 1 0 1 1 0 0 1 1 1 1 1 1 0 1 1 0 1 1 1 1 1 0 0 1 1 0 1 1 1 1 1 1] 0.9143164114961053
[1 0 0 0 0 0 0 1 0 0 0 1 1 0 1 0 1 1 1 0 1 0 1 1 1 0 1 0 1 1 1 0 1 1] 0.8293419925134172
[0 1 1 0 0 1 0 0 1 1 1 0 0 0 1 1 1 0 1 0 1 0 0 0 1 1 0 0 1 1 0 0 1 1] 0.7316047652417659
[1 0 1 1 1 0 1 1 1 0 1 1 1 1 0 0 1 1 1 1 0 0 0 0 0 1 0 1 0 1 0 0 1 0] 0.9347955350144598
[1 1 1 1 1 1 1 1 1 1 1 1 1 1 0 0 1 0 0 1 1 0 1 1 1 1 1 1 1 1 0 0 1 1] 0.9296511430415436
[1 1 0 0 0 0 1 0 1 0 1 0 1 1 1 1 1 0 0 0 1 1 1 1 1 1 1 1 0 1 1 0 1 1] 0.8540807069908992
[1 1 0 1 0 1 1 1 1 1 1 1 1 1 1 0 1 1 1 1 0 1 0 1 0 1 1 1 1 1 1 1 1 1] 0.8762601801026083
[1 1 1 1 1 0 1 1 0 0 1 0 1 0 1 0 1 1 1 0 0 1 0 1 1 0 1 1 1 1 1 0 0 1] 0.9332277645816838
[0 1 1 1 0 1 1 0 0 1 1 0 1 1 1 1 1 1 1 1 1 1 0 1 0 1 0 1 1 1 1 1 0 1] 0.7609402412964488
[1 0 1 1 1 1 1 1 1 1 1 1 1 1 1 0 1 1 1 1 1 0 1 0 1 0 1 1 1 1 0 0 0 1] 0.930750743411137
[1 1 1 1 0 1 1 1 1 1 0 1 1 1 0 1 1 1 1 1 1 0 1 1 1 0 0 1 0 1 1 1 1 0] 0.9117805718079588
[1 1 1 1 1 0 1 1 1 1 1 1 1 1 0 0 1 0 1 1 1 1 0 1 1 1 0 1 0 1 0 0 0 0] 0.9296511430415436
[1 0 1 1 1 0 1 0 1 1 1 1 1 1 1 0 0 1 1 1 1 0 0 1 0 0 1 1 0 1 1 0 1 1] 0.9260737012256257
[1 1 1 1 1 0 1 1 1 0 1 1 1 1 1 0 1 1 1 1 1 1 1 1 1 1 1 1 1 1 1 1 1 1] 0.915336356295422
[0 1 1 1 0 1 1 1 0 1 0 0 1 1 0 1 1 1 1 1 0 1 1 0 1 0 1 1 1 1 0 1 1 1] 0.8069143471134012
[1 0 1 0 1 0 1 0 1 1 0 1 1 1 1 0 1 0 0 0 0 1 1 1 1 1 1 1 1 0 0 0 1 0] 0.9324483416555028
[1 0 1 1 1 0 1 0 1 1 1 1 1 1 1 0 1 0 1 0 0 1 1 1 1 1 1 1 1 1 0 0 1 1] 0.9229316749789628
[1 1 1 1 1 1 1 1 1 1 1 1 0 1 1 0 1 1 1 1 1 1 1 1 1 1 1 0 1 0 0 1 1 1] 0.9291964996022275
[1 1 1 1 1 1 1 1 1 1 0 1 1 1 1 1 1 0 1 1 1 1 1 1 0 1 0 1 1 1 1 1 1 1] 0.9240572100527799
[1 1 1 0 1 1 0 1 1 1 1 0 1 1 1 1 1 0 1 0 1 1 1 1 1 1 1 0 1 1 1 1 1 1] 0.9133884366001699
[1 1 1 1 1 1 1 1 0 0 0 0 1 1 1 0 1 1 1 1 0 1 1 1 0 0 1 1 1 0 0 0 0 1] 0.9347955350144598
[1 1 1 1 1 1 1 0 1 1 1 0 1 1 1 0 1 1 0 1 1 1 1 1 1 1 1 0 1 1 1 0 0 1] 0.9287138550322235
[1 1 1 1 1 0 1 1 1 1 1 0 1 1 1 0 1 0 1 1 1 1 1 1 0 1 1 1 0 1 0 0 1 1] 0.922495429428319
[1 1 0 0 0 1 1 1 1 1 0 0 1 1 0 1 1 1 1 1 1 1 1 1 1 1 1 1 0 1 1 1 0 1] 0.8697708283771995
[1 0 1 0 0 0 1 1 0 1 0 0 1 1 1 0 1 1 1 1 1 0 0 1 1 0 0 0 1 0 1 1 1 1] 0.9028716921278904
[1 1 1 0 1 0 1 1 1 1 1 1 1 1 0 0 1 1 1 1 0 0 1 0 1 1 1 1 1 1 1 1 1 0] 0.9336497697722063
[1 0 0 1 1 1 0 0 1 1 0 1 1 1 1 0 1 1 1 1 0 1 1 1 1 1 0 1 1 0 1 0 0 1] 0.9124035182193502
[1 0 1 1 1 0 0 0 1 1 1 1 1 1 1 1 0 0 0 0 1 1 1 1 1 1 0 1 1 1 1 0 0 1] 0.9205116084701755
[1 1 0 1 1 0 1 1 1 0 1 0 1 1 1 0 0 1 1 1 0 1 1 1 1 0 0 1 1 1 1 1 1 1] 0.8998157837595523
[1 1 1 0 1 0 1 1 1 1 1 1 1 1 0 1 1 1 1 1 0 1 1 1 1 0 0 1 1 1 1 1 1 1] 0.9193573866875469
[1 0 1 1 0 1 1 1 1 1 1 0 1 1 1 1 1 1 1 1 1 1 0 1 1 0 1 1 1 1 1 0 1 1] 0.897876643073812
[0 1 0 1 1 1 1 0 1 1 1 1 1 1 1 1 1 1 1 1 1 1 1 0 1 1 1 1 0 1 0 1 1 1] 0.7733595156275568
[0 0 1 1 1 1 0 1 1 1 1 0 0 0 1 1 1 0 1 1 0 0 1 0 1 1 1 0 1 1 0 1 1 1] 0.7945041816009558
[1 1 1 1 1 0 1 1 1 1 0 0 1 1 0 1 1 0 0 1 0 1 1 1 0 0 1 1 1 1 1 1 1 0] 0.9316552126116601
[1 1 1 1 1 0 1 1 0 1 1 1 1 1 0 1 1 1 1 1 0 1 1 0 1 1 1 1 1 1 0 0 1 1] 0.9332277645816838
[0 1 0 0 1 1 1 1 0 1 0 1 1 0 0 1 0 0 1 0 0 0 1 1 1 1 0 0 1 1 0 0 0 1] 0.7908204906620577
[1 1 1 1 1 0 1 0 1 1 1 1 1 1 1 1 1 0 1 0 0 1 1 1 1 1 1 1 1 1 0 0 1 1] 0.9229316749789628
[1 1 1 1 1 1 0 1 1 0 1 0 0 1 1 1 1 0 1 0 1 1 1 1 1 1 1 0 0 1 1 1 1 1] 0.9185551435242412
[1 1 1 0 1 1 1 1 0 0 0 0 0 0 0 1 1 0 1 1 0 1 1 1 0 0 0 1 0 0 1 0 0 0] 0.9379727685325265
[1 1 1 1 1 1 1 1 1 1 1 1 1 1 1 1 0 1 1 0 1 0 1 1 1 1 1 1 1 1 1 1 1 1] 0.9256141931696394
[1 0 1 1 1 1 1 1 1 1 1 0 1 1 1 1 1 1 1 1 1 0 1 1 1 1 1 1 1 1 1 0 1 1] 0.9220310176333121
[1 0 1 1 1 0 1 1 1 1 1 1 1 1 1 1 1 1 1 1 1 1 0 1 1 0 1 1 1 1 1 0 1 1] 0.9189163177902893
[1 0 0 0 0 0 1 1 1 0 1 1 0 1 1 1 1 1 0 0 0 1 1 1 1 1 1 1 1 1 0 0 1 1] 0.8751520354868713
[1 1 0 0 0 0 0 1 0 1 0 0 1 1 0 0 0 1 1 1 0 1 1 1 1 0 1 1 1 0 0 1 1 0] 0.857475276323444
[1 0 1 1 1 0 1 1 0 1 1 1 1 1 0 1 0 1 0 1 0 1 1 1 1 0 1 1 0 1 0 1 1 1] 0.9332277645816838
[1 1 1 1 0 1 1 0 0 1 1 1 1 1 1 0 1 1 0 1 0 0 1 0 1 1 1 1 1 1 1 1 0 0] 0.9107667627799559
[1 1 1 1 1 1 1 1 1 1 1 1 1 1 1 1 1 0 1 1 1 1 1 1 1 1 1 1 1 1 1 1 1 1] 0.9256141931696394
[1 1 1 1 0 1 1 0 0 1 1 0 1 1 0 1 1 1 1 1 0 1 1 1 1 1 1 0 1 1 0 1 1 1] 0.903665600234197
[0 1 1 1 1 1 1 1 1 1 1 1 1 0 1 1 1 0 1 1 0 0 1 0 1 1 1 0 1 1 0 0 1 1] 0.7908204906620577
[1 1 1 0 1 1 0 0 1 0 1 0 1 1 0 1 1 0 1 0 1 1 0 0 1 1 0 1 1 1 1 1 1 0] 0.9224586870053717
[1 1 1 1 0 1 1 1 1 1 1 1 1 1 1 1 1 0 1 0 1 1 0 1 1 0 1 1 1 0 1 1 1 1] 0.9085497835497836
[1 1 1 1 1 1 1 0 1 1 1 1 1 1 1 1 1 1 1 1 1 1 1 0 1 1 1 1 1 1 1 1 1 1] 0.9199950537900333
[1 1 1 0 0 1 1 1 1 1 1 1 1 0 1 0 1 1 1 1 1 1 1 1 0 1 1 1 1 0 1 1 0 1] 0.9006252401411157
[1 1 1 0 0 1 0 0 0 1 1 1 1 1 1 1 1 1 1 1 0 1 1 1 1 0 1 0 1 1 0 1 1 1] 0.8818242675440472
[1 1 1 1 1 0 1 1 1 1 1 1 1 1 0 1 1 1 1 1 0 1 0 0 1 1 1 1 0 1 0 0 0 1] 0.9233398270617587
[1 0 1 1 1 0 1 1 1 1 0 1 1 1 0 0 0 1 0 1 0 1 0 0 1 1 1 1 1 0 0 1 0 1] 0.9320656590281164
[1 1 1 1 1 0 1 0 1 1 1 1 1 1 1 1 1 1 1 1 1 0 1 1 0 1 1 1 1 1 1 0 1 1] 0.9240572100527799
[1 1 1 1 1 1 1 1 1 1 1 1 1 1 1 1 1 1 1 1 1 1 1 0 1 1 1 1 1 1 1 0 1 1] 0.923076923076923
[1 1 1 1 1 1 1 1 0 1 1 1 1 1 1 1 0 1 1 1 0 1 1 0 1 0 1 1 0 1 1 0 1 1] 0.930750743411137
[1 1 1 1 1 1 1 1 1 1 0 1 1 1 0 0 0 1 0 1 0 1 0 1 1 1 1 1 1 0 0 1 0 1] 0.9332277645816838
[1 0 1 1 1 1 0 1 1 1 1 1 0 1 1 1 1 1 1 0 0 1 1 0 1 1 1 0 1 1 1 0 1 1] 0.9197702427274412
[1 1 1 1 1 1 1 1 1 1 1 1 1 0 1 1 1 1 0 1 1 1 1 1 1 1 1 1 1 1 1 1 1 1] 0.9204760728111357
[1 0 1 0 1 0 1 1 1 1 1 1 1 1 0 1 1 1 0 1 0 1 0 0 1 0 1 1 1 1 1 1 0 1] 0.9300778571961906
[1 1 1 0 1 0 1 1 1 1 1 0 0 0 1 1 1 1 1 1 1 1 1 0 1 1 1 0 1 1 0 1 1 1] 0.9217498459642636
[1 1 1 1 1 0 1 1 1 1 0 1 1 1 0 0 0 1 0 1 0 1 0 0 1 1 1 1 1 0 0 1 1 1] 0.9336497697722063
[1 1 1 1 1 0 0 0 1 1 0 0 0 1 0 1 1 1 0 1 1 0 1 1 1 0 0 1 1 1 1 1 1 0] 0.9276319814033156
[1 1 1 0 1 0 1 1 1 1 1 0 1 1 0 1 1 1 1 1 1 1 1 0 1 1 1 1 0 1 1 1 0 1] 0.9265051620157415
[1 1 1 1 1 1 0 0 1 1 1 0 0 1 0 1 1 1 0 1 1 1 1 1 1 0 1 1 1 1 1 1 1 0] 0.9213533958230553
[1 1 1 1 1 1 1 1 0 1 1 0 0 0 0 1 1 0 1 1 0 1 1 1 0 0 0 1 0 1 1 0 0 0] 0.9269086477248742
[1 0 1 1 1 0 1 1 1 0 1 1 1 1 0 1 1 1 1 1 0 0 0 0 0 1 0 1 0 1 0 0 1 0] 0.9265051620157415
[1 1 1 1 1 0 1 0 1 1 1 0 1 1 0 1 1 1 1 1 0 1 1 1 1 0 0 1 1 1 1 0 1 0] 0.9245051026681422
[1 0 1 1 1 0 1 1 1 1 0 0 1 1 1 1 1 1 1 0 0 0 1 0 1 1 1 1 1 1 1 0 1 1] 0.931216931216931
[1 0 1 1 1 0 1 1 0 1 0 1 1 1 0 1 1 1 1 1 0 1 0 1 1 1 1 1 1 0 0 1 0 1] 0.9356348820894718
[1 1 1 1 1 0 1 1 1 1 0 1 1 1 0 1 1 1 1 1 0 1 1 1 1 1 1 1 1 1 1 1 1 0] 0.9229316749789628
[1 0 1 1 1 0 1 1 0 0 0 1 1 0 0 1 1 1 1 1 0 1 1 1 1 0 1 1 1 0 0 0 0 1] 0.9392033542976939
[1 0 1 1 1 0 1 1 0 1 0 1 1 1 0 1 1 1 1 1 0 1 0 0 1 0 1 1 0 0 0 1 0 1] 0.9388021358727083
[1 0 1 0 1 0 0 1 1 0 0 1 1 1 0 0 0 1 0 0 0 0 0 1 1 1 0 1 0 0 1 0 0 0] 0.9379727685325265
[1 0 1 1 1 0 1 1 0 1 1 1 1 1 0 1 1 1 1 1 0 1 1 0 1 0 1 1 1 1 0 0 0 1] 0.9300778571961906
[1 1 1 1 1 0 1 1 0 0 0 0 1 1 0 1 1 1 1 1 0 1 1 1 0 1 1 1 1 0 0 0 0 1] 0.9392033542976939
[1 0 1 1 1 1 1 1 0 1 0 1 1 1 0 1 1 1 1 1 0 1 0 1 1 1 1 1 1 1 1 1 0 1] 0.9327779471028481
[1 0 1 0 1 1 0 1 1 0 1 1 1 1 0 0 0 1 0 0 0 0 0 1 1 1 1 1 1 0 1 1 0 1] 0.9347496206373292
[1 1 1 0 1 1 1 1 0 0 0 0 0 0 0 1 1 1 1 1 0 1 1 1 0 0 0 1 0 0 1 0 0 0] 0.9395770392749244
[1 0 1 1 1 1 1 1 0 0 0 1 1 1 0 1 0 1 0 1 0 1 0 1 1 0 1 1 0 0 0 0 0 0] 0.9419502775766353
[1 1 1 1 1 1 1 1 0 1 0 0 0 1 0 1 1 1 1 1 0 0 1 1 0 0 1 1 1 0 1 0 1 0] 0.9470953457508887
[1 0 1 1 1 0 1 1 0 0 0 1 1 1 0 1 1 1 1 1 0 1 1 1 0 0 0 1 0 0 0 0 0 0] 0.9392033542976939
[1 1 1 1 1 0 1 1 0 1 0 1 1 1 0 1 1 1 0 1 1 1 1 0 1 1 1 1 1 0 1 1 0 1] 0.9388021358727083
[1 0 1 1 1 0 1 1 0 0 0 1 1 1 0 1 1 1 1 1 0 1 1 1 0 1 1 1 0 0 0 0 0 0] 0.9340440336974659
[1 0 1 0 1 0 1 1 1 0 1 1 1 1 0 0 1 1 1 1 0 0 1 1 1 1 1 1 0 0 1 0 0 0] 0.9368035754009182
[1 1 1 1 1 0 1 1 0 0 0 1 1 1 0 1 1 1 1 1 0 1 1 1 0 0 1 1 0 0 0 0 0 0] 0.9376106164913628
[1 1 1 1 1 1 1 1 0 0 0 0 1 1 0 1 1 1 1 1 0 1 1 1 0 0 1 1 0 0 0 0 0 0] 0.9284956762930332
[1 0 1 1 1 0 1 1 0 0 0 1 1 1 0 1 1 1 1 1 0 1 1 1 1 0 1 1 1 0 0 0 0 0] 0.9407912834034444
[1 1 1 0 1 0 1 1 0 0 0 1 1 1 0 1 1 0 1 1 0 1 1 1 0 0 1 1 0 0 0 0 0 0] 0.9363636363636364
[1 1 1 1 1 0 1 1 0 0 0 1 1 1 0 1 1 1 1 1 0 1 1 1 0 0 1 1 0 0 0 0 0 1] 0.9392033542976939
[1 1 1 1 1 1 1 1 0 0 0 0 1 1 0 1 1 1 1 1 0 1 1 1 0 0 1 1 0 0 0 0 0 1] 0.9284956762930332
[1 0 1 1 1 0 1 1 0 0 0 1 1 1 0 1 1 1 1 1 0 1 1 1 1 0 1 1 0 0 0 0 0 1] 0.9407912834034444
[1 1 1 1 1 0 1 1 0 1 0 1 1 1 0 1 1 1 0 1 0 1 1 0 1 0 1 1 0 0 1 1 0 1] 0.9388021358727083
[1 1 1 1 1 1 1 1 0 0 0 0 1 1 0 1 1 1 1 1 0 1 1 1 0 0 1 1 0 0 1 0 0 0] 0.9372209088521146
[1 1 1 1 1 1 1 1 0 0 0 1 1 1 0 1 1 1 1 1 0 1 1 1 0 0 1 1 0 0 0 0 0 0] 0.9352290679304898
[1 1 1 1 1 1 1 1 0 0 0 0 1 0 0 1 1 1 1 1 0 1 1 1 0 0 1 1 0 0 1 0 0 0] 0.9356348820894718
[1 1 1 1 1 0 1 1 0 0 0 0 1 1 0 1 1 1 1 1 0 1 1 1 0 0 1 1 1 0 0 0 0 1] 0.9407912834034444
[1 1 1 1 1 0 1 1 0 0 0 1 1 0 0 1 1 1 1 1 0 1 1 1 1 0 1 1 1 0 1 0 0 1] 0.9392033542976939
[1 1 1 1 1 1 1 1 0 0 0 0 1 1 0 1 1 1 1 1 0 1 1 1 0 0 1 1 1 0 1 0 0 0] 0.943952802359882
[1 0 1 1 1 0 1 1 0 0 0 1 1 1 0 1 1 1 1 1 0 1 1 1 1 0 1 1 1 0 0 0 0 1] 0.9407912834034444
[1 1 1 1 1 1 1 1 0 0 0 0 0 1 0 1 1 1 1 1 0 1 1 1 0 0 1 1 0 0 1 0 0 0] 0.9392033542976939
[1 1 1 1 1 1 1 1 0 0 0 0 0 1 0 1 1 1 1 1 0 1 1 1 0 0 1 1 1 0 1 0 0 0] 0.943952802359882
[1 1 1 1 1 1 1 1 0 0 0 0 1 1 0 1 1 1 1 1 0 1 1 1 0 0 1 1 1 0 0 0 0 0] 0.9388021358727083
[1 1 1 1 1 1 1 1 0 0 0 0 1 1 0 1 0 1 0 1 0 1 1 1 0 0 1 1 1 0 0 0 0 0] 0.9372209088521146
[1 0 1 1 1 1 1 1 0 0 0 1 1 1 0 1 1 1 1 1 0 1 1 1 1 0 1 1 1 0 0 0 0 0] 0.9419502775766353
[0 1 1 1 0 1 0 1 1 1 0 1 1 1 0 0 1 0 1 0 0 1 1 1 1 0 1 1 1 1 0 1 1 1] 0.7862318840579711
[0 0 0 0 1 0 1 0 1 1 0 1 1 0 0 1 1 1 1 0 1 1 1 0 1 1 1 0 1 1 0 1 1 0] 0.7609402412964488
[0 0 1 1 0 1 1 0 0 1 0 1 1 0 0 0 1 0 1 0 1 0 0 1 1 1 0 1 0 0 0 1 0 0] 0.8326300984528833
[0 1 0 0 1 0 0 0 1 0 1 1 1 1 0 1 0 1 0 0 0 0 0 1 0 0 0 1 1 0 1 0 1 1] 0.7784036871753603
[1 1 1 1 0 1 1 1 0 0 0 0 1 0 0 0 1 1 1 1 1 0 0 0 1 1 0 1 1 0 1 0 1 1] 0.9095874122006526
[0 0 0 0 0 0 1 1 1 0 1 0 1 1 1 1 0 0 1 1 1 1 1 1 0 1 0 1 1 0 1 1 1 1] 0.7086024675475509
[0 0 0 0 0 1 1 1 1 0 1 0 0 0 1 0 0 0 1 1 0 1 0 0 1 1 0 0 1 1 1 1 0 1] 0.7276903400934409
[0 1 0 1 0 0 0 0 0 1 1 1 1 1 1 0 1 1 1 0 1 1 0 1 1 1 0 0 1 1 1 0 0 1] 0.6971677559912854
[1 0 1 1 0 1 0 0 0 1 0 1 1 1 0 1 0 0 0 1 0 1 0 1 0 1 0 1 1 0 1 0 0 0] 0.9062400310683921
[0 0 1 1 1 0 0 1 0 0 1 1 0 0 0 0 0 0 1 1 0 1 0 1 1 0 0 0 1 0 0 1 0 1] 0.8509466949373209
[1 1 1 0 1 1 1 1 1 0 0 1 0 1 0 1 1 1 1 0 0 0 0 0 1 1 0 0 0 1 0 0 0 1] 0.9356348820894718
[0 1 1 1 1 1 1 1 0 0 0 0 0 1 0 0 1 0 1 0 0 1 0 1 0 0 1 1 0 1 0 1 0 1] 0.8720461722748557
[0 1 1 0 1 0 1 1 1 0 1 1 0 0 0 1 1 0 0 0 1 0 1 0 0 0 0 1 0 1 1 1 1 1] 0.8188501588626824
[1 0 1 1 0 1 0 1 0 1 0 0 1 0 0 0 0 1 0 1 1 1 1 0 1 0 0 1 0 0 0 1 0 0] 0.9079163291165535
[0 1 0 0 0 0 1 1 0 0 0 1 1 0 1 1 1 0 0 1 0 0 0 0 1 0 0 0 1 1 1 0 1 0] 0.7550055337559111
[0 0 0 1 0 1 0 1 1 0 0 1 0 1 0 1 0 1 1 1 0 0 1 1 0 0 1 0 0 0 0 1 0 1] 0.733264320220842
[0 0 1 1 0 1 0 0 1 0 0 0 1 0 1 0 1 1 0 0 0 0 0 0 0 1 1 1 0 1 1 0 1 1] 0.7903903903903904
[0 1 0 0 0 0 0 0 0 1 1 1 1 0 1 1 1 1 0 0 0 1 1 0 0 1 0 1 0 0 0 1 0 1] 0.6680495174229724
[1 1 1 1 0 1 1 0 1 1 0 1 1 0 1 1 1 1 1 0 0 1 1 1 0 1 1 0 0 0 1 0 0 1] 0.9039311953758835
[0 1 1 0 1 0 1 0 1 1 1 1 1 0 1 0 0 0 0 0 1 1 1 1 0 1 1 1 0 0 0 1 0 0] 0.8081876292536191
[1 0 1 1 0 1 0 0 1 0 1 1 0 0 0 0 0 1 0 1 0 0 0 1 0 1 0 0 1 0 1 1 0 0] 0.9064050331199246
[1 0 0 1 0 0 1 0 0 0 1 1 1 1 0 0 1 0 0 1 1 0 0 1 0 1 0 1 0 1 0 1 1 0] 0.8854875283446713
[1 1 1 1 0 0 1 1 1 0 1 1 0 1 0 0 1 0 0 0 0 1 0 1 0 1 1 1 0 1 0 1 0 1] 0.9145696138945659
[1 1 0 0 1 1 0 0 0 0 0 0 1 0 1 1 0 1 0 1 0 0 1 0 1 0 1 0 0 0 0 0 1 0] 0.8892405063291139
[1 0 0 0 1 1 0 1 1 1 1 0 1 1 0 0 1 1 1 1 1 0 1 0 1 0 1 1 1 1 1 1 1 1] 0.886675604928813
[0 0 1 0 1 1 1 0 0 0 0 0 1 0 0 1 0 1 1 1 1 1 1 0 0 0 0 0 1 1 0 1 0 0] 0.8225162198979474
[0 1 1 1 0 1 0 0 1 1 0 0 0 1 0 1 1 1 1 1 0 1 0 1 1 0 0 0 0 1 1 1 1 1] 0.7848356523492641
[1 1 1 0 1 0 0 0 0 1 0 1 1 1 1 0 0 0 1 0 1 0 1 1 1 1 1 0 0 0 0 0 0 1] 0.9315068493150686
[0 0 1 0 1 1 0 1 0 1 0 1 1 0 0 1 1 1 0 0 0 0 1 1 1 0 1 0 0 0 0 0 1 1] 0.8303451640443956
[1 1 0 0 0 0 0 1 1 1 1 0 0 1 1 0 1 1 1 0 1 0 1 0 0 1 0 0 0 0 0 0 0 1] 0.8605803255484784
[0 1 0 0 0 1 0 0 1 1 0 0 1 0 0 1 0 1 1 1 1 0 1 1 1 1 1 1 0 0 0 0 1 0] 0.6964938110038715
[0 0 0 0 1 0 1 0 1 1 1 0 0 0 0 1 1 1 0 0 1 0 1 0 1 0 1 0 0 0 0 1 1 1] 0.7715593620791494
[1 1 1 1 1 1 0 1 0 0 0 0 1 0 0 1 1 0 1 1 1 1 1 0 1 1 0 0 1 1 0 0 0 1] 0.9192168476472525
[0 0 0 0 1 1 1 0 1 1 1 0 0 1 1 0 1 0 0 0 1 1 1 0 1 0 1 0 0 0 1 1 0 0] 0.7683146789217502
[1 1 1 1 0 0 1 1 0 1 1 0 1 0 1 1 0 1 1 1 0 0 1 1 0 1 0 0 0 1 0 0 1 0] 0.8958035288507392
[1 0 0 0 1 0 1 0 1 0 1 0 0 0 1 0 1 1 0 0 0 1 0 0 0 0 0 1 1 0 0 1 1 1] 0.9028716921278904
[1 1 0 1 0 0 1 0 0 0 1 0 1 0 1 0 0 1 0 0 1 0 0 0 0 1 0 0 1 0 0 1 1 0] 0.8751767579380383
[1 0 1 1 0 1 1 0 1 0 0 1 0 0 1 0 1 1 0 1 0 1 1 1 0 1 0 1 0 0 1 0 0 1] 0.9143164114961053
[1 0 0 0 0 1 1 0 1 1 1 1 1 1 1 0 0 1 1 0 1 1 0 0 0 1 1 1 1 0 1 0 0 1] 0.8681500684093036
[0 0 1 1 1 1 1 1 1 1 1 0 0 0 0 0 0 0 1 0 1 0 1 1 1 1 0 0 0 1 1 0 1 0] 0.7958656330749354
[0 0 1 0 0 0 1 1 1 0 0 1 1 1 0 1 0 0 0 0 0 1 1 0 1 1 0 1 0 1 1 1 1 0] 0.780728204130597
[1 1 0 1 1 1 0 1 1 0 1 1 1 1 1 1 1 1 0 1 1 0 1 1 0 1 1 0 0 1 1 1 1 0] 0.8968359273533976
[1 1 0 0 0 1 1 0 1 0 0 1 1 0 0 1 1 1 1 0 1 0 1 1 0 0 0 1 0 1 0 1 0 1] 0.8734239749124728
[1 1 0 0 0 1 1 1 1 1 1 0 1 0 0 1 1 1 1 0 0 1 1 1 0 0 0 1 1 0 0 0 1 0] 0.8786946864855629
[1 1 1 1 0 1 1 0 1 1 0 1 1 0 1 0 1 0 0 0 1 0 1 0 1 0 1 1 0 0 0 0 1 1] 0.9041684931220907
[0 0 1 1 1 0 0 1 1 0 1 1 1 1 0 0 1 0 1 0 1 1 0 0 1 1 1 1 0 0 0 0 1 1] 0.7908204906620577
[1 1 0 0 0 0 0 1 1 1 0 1 0 1 1 1 0 1 1 1 1 0 1 1 1 0 1 1 0 1 0 0 1 0] 0.8716361447854871
[0 1 0 0 1 0 1 1 1 0 0 0 0 0 1 0 1 1 0 0 1 0 1 1 0 0 1 0 0 1 1 0 0 1] 0.7802844094002742
[1 0 1 0 1 1 0 1 0 0 0 0 1 1 0 0 1 0 1 1 1 0 1 0 0 0 1 1 0 1 1 0 1 1] 0.9246929474996424
[0 1 0 0 0 0 0 0 1 0 0 1 1 0 0 1 1 1 0 0 1 0 1 0 1 1 0 0 0 0 1 0 0 1] 0.7065187215102586
[0 0 1 0 0 0 1 1 0 0 0 0 0 1 0 1 0 1 0 1 1 0 0 1 0 1 1 1 1 0 0 1 0 0] 0.8284426104233531
[0 1 0 1 1 1 0 0 0 1 0 0 0 0 1 1 0 1 0 0 1 0 0 0 1 0 1 1 1 1 0 0 0 0] 0.8413536776212833
[1 0 0 1 1 0 1 1 1 0 0 1 0 0 0 0 1 1 1 0 1 1 1 1 1 0 0 0 0 1 0 1 1 1] 0.911024062674874
[0 0 1 0 1 0 1 1 0 1 0 1 0 0 0 0 0 1 0 1 1 1 0 1 0 1 1 0 1 1 1 0 0 1] 0.8312390526235626
[0 0 0 0 0 1 0 0 1 1 1 0 1 0 1 0 0 1 0 1 1 1 1 1 0 0 1 1 0 1 1 1 1 0] 0.6877789742032268
[0 1 0 1 1 1 0 1 0 0 0 0 0 1 0 1 1 0 1 1 0 1 1 1 0 0 0 1 0 1 0 1 1 0] 0.8132526837774507
[0 0 1 1 1 0 1 0 1 0 1 0 0 0 0 1 1 1 1 1 0 1 1 0 0 0 0 1 1 1 1 1 0 0] 0.8119622147399924
[1 0 0 1 0 0 0 0 0 1 0 0 0 0 0 1 0 1 0 0 1 1 1 0 1 1 0 0 0 0 1 0 0 0] 0.876874568502267
[1 1 0 0 0 1 1 0 1 0 1 0 0 1 1 1 1 0 0 1 0 0 1 0 0 1 0 1 0 0 0 1 0 1] 0.8751767579380383
[0 1 0 1 1 1 1 0 0 1 1 1 1 0 1 0 0 1 1 1 1 1 0 1 0 0 1 1 1 0 0 0 1 0] 0.7847993099389746
[0 1 0 1 0 1 1 0 0 0 1 0 1 1 0 1 1 1 0 0 0 1 1 1 1 0 1 1 1 0 0 0 0 0] 0.7517053206002728
[1 1 1 0 0 1 0 0 0 1 1 0 0 1 0 0 0 0 1 1 0 1 1 0 0 1 1 0 1 1 1 1 1 1] 0.8804091882393951
[1 1 0 1 1 0 1 0 0 0 1 0 1 0 0 0 0 1 0 1 1 1 0 0 0 0 1 0 0 0 0 1 0 1] 0.9027029285207001
[1 1 1 0 0 0 0 0 0 1 0 1 0 0 1 0 0 1 1 1 0 0 1 0 1 1 0 1 0 0 0 1 0 0] 0.892744479495268
[0 1 1 1 1 0 1 1 1 0 0 1 1 1 0 0 1 0 0 1 0 1 0 1 0 1 0 0 0 0 0 1 1 0] 0.8619172487751849
[1 1 0 0 1 1 0 1 0 0 0 0 0 0 1 0 0 1 1 0 0 0 1 0 1 1 0 0 0 0 1 0 0 1] 0.8962264150943396
[0 1 0 0 0 1 1 0 1 1 1 1 1 0 1 1 0 0 0 1 1 1 0 1 0 1 0 0 0 0 0 0 1 1] 0.7306439315172939
[1 1 1 0 0 1 0 0 0 0 1 0 1 1 1 1 0 0 0 1 1 1 0 0 1 1 0 1 0 1 0 1 0 1] 0.8891847718882971
[0 1 1 0 0 0 0 1 0 0 1 1 0 1 1 0 1 0 0 0 0 1 0 1 1 0 0 1 1 1 0 1 0 0] 0.7937852431427911
[0 0 1 0 0 1 0 1 0 1 0 1 1 0 0 1 0 0 1 1 1 1 0 0 0 0 0 1 1 1 0 1 0 0] 0.7912896696826425
[0 0 0 0 1 0 0 1 0 1 1 1 0 0 1 0 1 0 1 1 1 1 0 0 1 1 0 0 0 1 1 0 1 1] 0.7572499185402412
[1 1 0 0 1 0 0 1 1 1 0 0 1 1 1 1 0 1 1 1 1 0 1 1 0 1 0 0 1 1 0 1 1 0] 0.9028716921278904
[0 1 0 0 1 0 1 1 1 1 0 1 1 0 1 0 1 0 1 1 1 0 1 1 1 0 0 1 0 1 1 0 0 1] 0.743801652892562
[1 0 1 1 1 1 1 1 1 1 0 0 1 1 1 0 0 1 0 0 1 1 1 0 0 1 0 0 0 1 0 0 0 0] 0.9414985706808391
[0 0 0 0 0 1 0 1 0 1 1 0 0 0 1 0 0 0 0 1 1 1 1 0 0 0 0 1 1 1 1 0 0 0] 0.7190132847370785
[0 1 1 0 1 1 0 1 1 0 1 0 0 1 0 0 1 0 0 0 0 0 1 0 0 0 0 1 0 1 1 1 1 0] 0.8517849577452226
[0 1 1 0 1 1 0 1 0 0 1 0 0 0 1 1 0 1 1 0 1 1 1 1 0 1 0 1 0 1 0 1 1 1] 0.7931378416118093
[0 1 1 0 1 1 1 1 0 1 0 0 0 1 1 0 1 0 1 1 0 1 0 1 0 0 1 1 0 1 0 0 0 0] 0.8605041274886328
[1 1 1 0 1 1 0 0 1 0 0 0 1 0 1 1 0 1 1 0 0 1 0 1 0 1 0 0 1 0 1 1 0 0] 0.9298780487804877
[1 1 1 1 1 1 1 1 0 0 1 0 1 1 1 1 0 0 1 1 1 0 0 1 0 0 0 1 1 1 0 0 0 0] 0.9363585456851593
[1 0 0 1 0 1 1 1 1 0 1 1 0 0 0 0 0 0 0 0 0 0 0 0 1 1 1 1 1 0 1 1 0 0] 0.8907208940185033
[0 1 1 1 1 0 0 0 1 1 0 0 0 0 1 1 0 0 1 0 0 1 1 0 0 1 1 0 0 1 0 0 1 1] 0.8216197893796174
[0 1 1 0 1 1 0 0 0 1 0 1 1 0 1 0 1 0 1 0 1 0 0 1 0 1 0 0 1 0 1 1 0 0] 0.8078414780339891
[1 1 0 1 0 1 1 1 1 1 0 0 0 1 0 0 0 0 1 1 0 1 0 0 0 1 1 0 1 1 1 0 0 1] 0.887190915844211
[0 1 0 0 1 1 1 0 1 0 1 0 0 0 0 1 0 0 0 1 0 1 0 0 1 1 0 0 0 1 1 0 1 1] 0.7931378416118093
[0 0 0 0 0 0 0 1 0 0 0 1 1 1 0 1 1 0 0 0 1 0 1 0 0 1 0 1 1 0 0 0 1 0] 0.7419797607781955
[1 1 1 1 0 0 0 0 1 1 0 1 0 0 1 0 0 1 0 1 1 1 1 0 1 1 0 0 0 0 0 0 1 1] 0.8995983935742972
[1 0 0 0 0 0 1 0 1 1 1 1 0 0 1 0 1 0 0 1 1 0 0 0 0 1 0 1 0 0 1 0 0 1] 0.8732943469785575
[0 0 1 0 0 0 0 0 1 1 1 1 1 1 1 0 0 0 0 0 0 1 1 0 1 0 0 0 1 0 1 1 1 1] 0.7471465975240855
[1 1 0 1 1 1 1 0 1 1 1 0 1 0 0 1 0 0 0 0 1 1 1 1 0 0 0 1 1 0 1 0 0 0] 0.9088514590697997
[1 1 0 0 0 1 0 0 0 1 0 1 0 0 1 1 1 0 0 1 1 1 0 1 0 1 1 1 0 0 1 0 1 1] 0.868072626903006
[0 0 1 1 0 0 1 1 0 0 1 1 1 1 1 0 1 1 1 0 1 1 0 1 0 0 0 0 1 1 0 0 0 1] 0.7871348413961639
[0 0 0 1 0 0 1 0 0 1 1 1 1 1 1 1 1 0 1 1 0 0 0 0 1 1 0 1 1 0 0 1 0 1] 0.7335370168988314
[0 1 0 1 1 0 0 0 1 0 1 0 1 1 0 0 1 0 1 0 1 0 1 1 1 1 0 1 1 1 1 0 0 1] 0.7337298508749246
[1 1 1 1 1 0 1 0 0 1 0 0 0 0 1 0 1 1 1 0 1 0 0 1 1 1 1 1 0 0 0 1 1 1] 0.9372209088521146
[1 1 1 0 1 1 1 0 0 1 0 0 0 1 1 1 1 0 1 1 0 1 1 0 0 1 1 0 0 1 1 0 0 0] 0.9363636363636364
[1 1 0 0 1 1 1 1 1 0 1 0 0 0 1 0 0 0 1 0 1 1 1 1 1 1 1 0 0 1 0 1 0 1] 0.9093701996927804
[0 0 1 0 0 1 1 1 0 1 1 1 1 1 0 1 1 0 1 0 1 0 0 1 1 1 1 1 0 0 1 0 0 1] 0.7977338189435598
[0 0 0 1 1 1 0 1 0 1 0 1 1 0 0 1 0 1 0 0 0 0 0 1 1 1 1 1 0 0 0 0 0 1] 0.8242116987364134
[0 0 1 1 1 0 0 1 0 0 1 1 0 0 1 1 1 0 1 0 1 0 0 0 0 0 0 0 0 1 0 0 0 0] 0.8596677271120539
[1 1 1 0 1 0 1 1 0 0 0 1 0 1 1 1 0 1 1 1 1 1 1 1 0 1 1 1 1 0 1 1 1 0] 0.9253167491782932
[1 1 1 1 1 0 1 1 0 1 1 1 1 1 1 1 0 1 1 1 0 0 1 1 0 1 1 0 1 1 0 0 1 1] 0.9332277645816838
[1 1 1 1 1 1 0 1 0 1 1 0 0 1 1 1 1 1 1 1 1 1 1 1 1 1 0 1 1 1 1 1 1 0] 0.9173517302157776
[0 0 1 0 0 1 1 1 0 1 1 1 1 1 0 1 1 0 1 1 1 1 0 1 1 1 1 1 1 0 1 1 0 1] 0.780728204130597
[1 1 0 1 1 1 1 1 1 1 1 1 1 1 1 1 1 1 1 0 1 1 1 1 1 1 1 1 1 1 0 1 1 1] 0.8994889267461669
[0 1 1 0 1 1 1 1 1 1 1 1 1 1 1 1 0 1 0 1 0 0 0 1 0 1 1 1 1 1 1 1 1 1] 0.8092198914386722
[0 0 0 0 1 0 1 1 1 1 0 1 1 0 0 1 1 1 1 0 1 1 1 0 1 1 1 0 1 1 0 1 1 0] 0.7622912724496232
[1 1 1 1 0 1 0 1 0 1 0 1 1 1 1 1 0 0 0 1 0 1 1 1 0 1 0 1 1 0 1 0 0 0] 0.9025059931984166
[1 1 1 1 1 0 1 1 1 0 1 1 1 1 0 0 1 0 1 1 1 1 1 0 1 1 1 1 0 0 0 0 1 1] 0.9213533958230553
[0 1 1 0 1 1 0 1 1 1 0 1 1 0 0 1 1 1 0 1 1 1 1 1 1 0 1 0 1 1 1 1 1 1] 0.7958656330749354
[1 0 1 0 1 0 1 1 0 1 1 1 0 1 1 1 1 0 1 1 1 1 1 0 1 1 0 1 1 1 1 0 1 1] 0.9280805606586379
[1 1 1 1 0 1 0 1 0 1 0 1 1 0 0 0 1 1 0 1 1 1 1 0 1 1 0 1 0 0 0 1 0 1] 0.8991653034688143
[1 1 1 1 1 1 0 0 0 1 1 1 1 1 1 1 1 0 1 1 1 0 0 1 0 1 1 1 1 1 1 1 1 1] 0.9233398270617587
[1 1 1 1 0 1 1 1 0 1 0 1 1 0 1 1 0 1 1 1 0 0 1 1 1 1 1 1 0 0 0 1 0 1] 0.9140351965589263
[1 1 1 0 1 1 1 1 0 1 1 0 1 1 1 0 1 1 1 0 1 0 1 0 1 1 1 1 1 1 1 1 1 1] 0.9316552126116601
[1 1 1 1 1 1 1 1 0 1 1 1 1 1 0 1 1 1 0 1 0 1 1 1 1 0 1 1 1 0 1 1 0 0] 0.9379168182369347
[1 1 1 1 1 1 1 0 1 1 0 1 1 1 1 1 1 1 1 1 1 1 0 1 1 1 1 1 0 1 1 1 1 1] 0.9209288290883155
[1 1 1 1 1 1 1 0 0 1 0 1 0 1 1 1 1 0 1 1 0 1 1 0 1 1 1 1 1 1 1 1 0 1] 0.9383733139487925
[1 1 0 1 0 0 1 0 0 0 1 0 1 0 1 0 1 1 0 0 1 0 0 0 0 1 0 1 1 0 0 1 1 0] 0.8716635830357272
[0 0 1 1 1 0 0 1 1 0 1 1 1 0 0 1 0 0 1 1 0 1 0 1 1 1 0 0 1 0 0 1 1 1] 0.8009101251422072
[0 1 1 0 1 0 1 1 1 0 1 1 1 1 0 1 1 0 1 0 1 1 1 0 1 1 1 1 0 1 1 1 1 1] 0.7700155245065424
[1 0 1 1 1 1 1 1 1 0 1 1 1 1 0 0 0 1 1 1 1 0 0 1 1 1 1 1 1 0 1 1 0 0] 0.9379168182369347
[0 1 1 1 0 1 1 0 1 1 0 1 1 1 1 1 1 0 1 1 1 1 0 1 1 1 0 1 0 0 1 1 1 0] 0.7733595156275568
[1 1 1 0 1 1 1 1 1 1 0 1 1 1 1 1 1 0 1 1 1 1 0 1 0 1 1 1 0 1 0 1 1 0] 0.9269086477248742
[1 1 1 1 1 1 1 1 0 1 1 0 0 0 0 0 1 1 1 0 0 1 1 0 0 1 1 1 1 1 1 1 1 1] 0.9403785849062939
[1 0 0 0 0 1 1 1 1 1 1 1 0 1 1 1 0 0 0 1 1 1 1 1 0 1 0 1 1 1 1 0 0 0] 0.8821415381118781
[1 1 1 1 0 0 1 1 1 0 1 1 1 1 0 1 1 1 0 1 1 1 1 1 1 1 1 1 0 1 1 1 1 1] 0.9014350453172205
[1 1 0 0 0 1 1 1 0 0 0 1 1 0 1 1 1 0 0 1 0 1 0 1 1 0 0 1 1 1 1 1 1 1] 0.8768884603021536
[1 1 1 1 1 0 1 1 1 1 1 1 1 1 1 1 1 1 1 1 1 0 1 1 1 1 1 1 1 1 1 1 1 0] 0.9189163177902893
[0 1 1 1 0 1 1 1 1 0 1 1 1 0 1 0 0 1 1 1 1 1 1 0 1 1 0 0 1 1 1 1 0 1] 0.7824505238649594
[0 1 0 0 1 1 1 1 1 1 1 1 0 0 0 1 0 0 0 1 0 1 0 1 1 1 1 0 1 1 1 0 1 1] 0.7945041816009558
[1 1 1 1 0 1 1 1 1 1 1 1 1 1 1 1 1 1 1 0 0 1 1 1 0 1 1 0 0 0 1 0 1 1] 0.9052987598647125
[1 1 1 0 0 1 1 1 1 1 1 1 1 1 1 1 0 0 1 1 1 1 1 1 0 1 1 0 0 1 1 1 1 1] 0.8970814132104455
[1 1 1 1 1 1 1 1 1 1 1 1 1 0 1 0 1 1 1 0 1 0 1 0 1 1 1 1 0 0 0 1 1 1] 0.9240572100527799
[1 1 1 1 1 1 1 1 1 1 1 1 1 1 1 1 1 1 1 1 1 1 1 1 1 1 1 1 0 1 1 1 1 0] 0.922495429428319
[1 1 1 1 0 1 1 1 1 1 0 0 1 0 0 1 1 1 1 1 1 0 1 0 1 1 1 1 0 0 1 0 1 1] 0.9069268129989786
[0 1 1 1 1 1 0 1 1 1 0 1 1 1 0 0 1 0 1 0 0 1 1 1 1 0 1 1 1 1 1 1 1 1] 0.7981859410430838
[1 1 1 1 0 1 1 1 1 0 0 1 1 1 1 1 1 1 0 1 0 1 1 1 1 1 1 1 1 1 1 1 0 1] 0.9014350453172205
[1 1 0 1 1 1 0 0 1 0 1 1 1 1 0 1 1 1 1 1 1 0 1 1 1 1 1 1 1 1 1 1 0 1] 0.8998157837595523
[1 1 1 1 0 1 1 1 1 1 0 1 1 1 1 1 1 0 1 1 1 1 0 1 1 1 1 1 0 0 1 1 1 0] 0.9085497835497836
[1 1 1 1 1 0 1 1 0 1 1 1 1 0 1 1 0 1 1 1 0 0 1 1 1 1 0 0 0 1 0 0 1 0] 0.9296511430415436
[1 1 1 1 1 1 1 1 1 1 1 1 1 1 1 0 0 1 1 0 1 0 1 1 1 1 1 0 0 1 1 1 1 1] 0.9287138550322235
[1 1 1 1 1 1 1 0 1 1 0 1 1 0 1 0 1 0 0 0 1 0 1 1 1 0 1 1 0 0 0 0 1 1] 0.9296511430415436
[0 0 1 0 1 1 1 1 1 0 0 1 1 1 0 1 1 1 1 1 1 1 1 0 1 0 0 1 1 1 0 1 0 0] 0.8082800952023049
[1 1 1 1 1 1 1 1 1 1 1 1 0 0 1 1 1 1 1 0 0 0 0 1 1 1 1 1 1 0 1 1 0 1] 0.9291964996022275
[1 1 1 0 1 1 1 1 1 0 0 1 0 1 0 1 1 1 1 0 0 1 0 0 1 1 0 0 0 1 0 0 0 1] 0.9407912834034444
[1 1 1 1 1 1 1 0 0 1 1 0 1 1 1 0 1 1 1 1 1 0 0 1 1 1 1 1 1 1 1 1 1 1] 0.9245051026681422
[1 1 1 0 1 1 0 1 1 1 0 0 1 1 1 1 1 1 1 1 1 0 1 1 1 0 1 1 0 1 1 1 1 1] 0.9288829115213759
[0 1 1 1 0 0 1 1 1 0 1 1 1 1 1 1 0 0 1 0 0 1 1 1 1 1 0 1 1 1 1 1 1 0] 0.7700155245065424
[0 1 1 0 1 0 1 1 0 1 1 1 1 1 1 1 1 1 0 1 1 1 1 1 0 1 1 0 1 1 1 1 0 1] 0.7797575580546225
[1 1 1 1 1 1 1 1 0 1 1 1 1 1 0 1 1 1 0 1 0 1 1 1 1 0 1 1 1 0 1 1 0 1] 0.9327779471028481
[1 1 0 1 1 0 1 0 0 0 1 0 1 0 1 0 0 1 1 0 1 1 0 0 0 1 0 0 1 0 0 1 1 0] 0.9027029285207001
[1 1 1 1 0 1 1 1 1 1 1 1 1 1 1 1 1 1 1 0 1 1 1 1 0 1 1 1 1 1 1 1 1 1] 0.9010961320398136
[1 1 1 1 1 0 1 0 1 1 1 1 1 1 1 1 1 1 1 0 0 1 0 0 0 1 1 1 1 1 1 1 1 1] 0.9240572100527799
[1 1 0 1 0 1 1 1 1 1 1 0 1 0 0 1 1 1 1 0 1 1 1 1 0 0 0 1 1 0 1 0 1 0] 0.8836604650171558
[1 1 1 1 0 0 1 0 1 1 1 1 1 1 1 0 1 1 1 1 1 1 1 0 1 1 1 0 1 1 0 0 1 1] 0.893537005345334
[1 1 1 0 0 1 1 1 1 1 1 0 0 1 1 1 1 1 1 1 0 1 1 0 0 1 1 1 1 1 1 1 1 1] 0.9003838650808634
[0 1 0 1 1 1 1 0 0 1 0 1 1 1 1 1 1 1 1 0 1 1 0 0 1 0 1 1 1 1 0 0 0 1] 0.7908204906620577
[1 1 1 1 1 1 0 1 1 1 1 0 1 1 1 1 1 0 0 0 1 1 1 0 1 1 0 1 1 1 1 1 1 0] 0.9233398270617587
[1 0 1 1 0 1 1 0 1 0 0 1 0 0 1 0 1 1 0 1 0 1 1 1 1 1 0 1 0 0 1 0 0 1] 0.9159549449189257
[1 1 1 0 1 1 1 0 1 0 0 0 1 0 1 1 1 1 1 0 0 1 0 1 0 1 0 0 1 0 1 1 0 1] 0.9288829115213759
[1 1 1 1 1 0 1 1 0 1 0 1 0 0 1 0 0 1 1 1 1 0 1 0 1 1 1 1 0 0 0 1 1 1] 0.9388021358727083
[1 1 1 1 1 1 1 1 1 1 1 1 0 0 1 1 1 1 1 0 1 0 0 1 1 1 1 1 1 0 1 1 0 1] 0.9327779471028481
[1 1 0 0 1 0 1 1 1 1 0 1 1 1 1 1 0 1 1 1 1 0 1 1 0 1 0 0 1 1 0 1 1 0] 0.9112533046185279
[1 0 1 1 1 1 0 1 1 1 0 0 1 1 0 0 1 1 1 1 1 1 1 0 1 0 1 1 1 1 1 1 1 0] 0.9300778571961906
[1 1 1 0 0 0 1 1 1 1 1 1 1 1 1 0 1 1 1 0 1 0 1 0 1 1 0 1 1 1 1 0 1 1] 0.9043775678324887
[1 1 1 0 1 1 0 1 1 1 0 0 1 1 1 1 1 1 1 1 1 1 1 1 1 0 1 1 0 1 1 1 0 1] 0.9269086477248742
[1 0 0 1 0 1 1 1 1 1 1 1 1 1 1 1 1 1 1 1 1 1 0 1 1 1 1 1 1 0 1 1 0 1] 0.8814691151919866
[1 1 1 0 1 1 1 1 1 1 0 1 1 1 1 1 1 1 1 0 1 1 1 1 1 1 1 1 1 0 0 0 1 1] 0.9284956762930332
[1 1 1 1 1 1 1 1 1 0 0 1 1 1 0 1 1 1 1 0 0 1 0 1 1 1 0 0 1 1 0 0 0 1] 0.9332277645816838
[1 1 1 1 1 1 1 0 0 1 1 1 1 1 1 1 1 1 1 1 1 1 0 1 1 1 1 1 1 1 1 1 1 1] 0.9204760728111357
[1 1 1 1 0 1 1 1 1 1 1 1 1 1 1 1 1 1 1 1 0 1 1 1 1 1 1 0 0 1 1 1 0 1] 0.9049927560459156
[1 1 0 1 1 0 1 1 0 1 1 0 1 0 1 0 0 1 0 1 1 1 1 0 0 0 1 1 0 1 0 1 0 1] 0.9022808118853317
[1 1 1 1 1 0 1 1 0 1 1 1 1 0 1 1 0 1 1 1 1 0 1 1 1 1 0 0 0 1 0 0 1 0] 0.9280805606586379
[1 0 1 1 1 1 0 1 1 1 0 0 1 1 0 0 1 1 1 1 1 1 1 0 1 1 1 1 1 1 1 1 1 0] 0.9260737012256257
[1 1 1 1 1 1 1 1 1 1 0 1 1 1 1 1 1 1 1 0 1 1 1 1 1 1 1 1 0 1 1 0 1 1] 0.9296511430415436
[1 1 1 1 1 1 1 1 1 0 0 1 1 1 1 1 1 1 1 1 1 0 1 1 1 1 0 1 1 1 1 0 0 1] 0.9343342124839386
[1 1 1 1 1 1 1 1 0 1 1 1 1 1 0 1 1 1 1 1 1 1 1 1 1 0 1 1 1 1 1 1 1 0] 0.9271664008506113
[1 1 1 0 1 1 1 1 1 1 0 1 1 1 1 1 1 1 1 1 1 0 1 1 1 1 1 1 1 1 1 1 0 1] 0.9352290679304898
[1 1 1 1 1 1 1 1 0 1 0 1 1 1 1 1 1 1 1 1 1 0 1 1 1 1 1 1 1 0 1 1 0 1] 0.9363585456851593
[1 1 1 1 1 0 1 1 0 1 0 1 1 1 1 1 0 1 1 1 1 0 1 1 1 1 1 0 1 1 0 0 0 1] 0.9316552126116601
[1 1 1 0 1 1 1 1 1 1 0 1 0 1 0 1 1 1 1 0 1 1 1 0 1 1 0 1 1 1 0 1 0 1] 0.9356348820894718
[1 1 1 0 1 1 1 1 1 0 0 0 1 1 1 0 1 1 1 1 1 0 1 0 1 0 1 1 1 1 1 1 1 1] 0.9265051620157415
[1 1 1 1 0 1 1 1 1 1 1 1 1 1 1 1 1 1 1 0 1 0 1 0 1 1 0 1 1 1 1 1 1 1] 0.9082198058576011
[1 1 1 1 1 1 1 1 1 1 1 0 1 1 1 1 1 1 1 1 0 1 1 0 0 1 1 1 0 1 1 0 0 0] 0.9240572100527799
[1 0 1 1 1 1 1 1 1 1 0 0 1 1 1 0 0 1 0 1 1 1 1 0 0 1 0 0 1 1 1 0 0 0] 0.9405122000403306
[1 0 1 1 0 1 1 0 1 0 0 1 0 0 1 0 1 1 1 1 0 1 1 1 0 1 0 1 0 0 1 0 0 1] 0.9126727919874182
[1 1 1 1 1 1 1 1 1 1 0 1 1 1 1 1 1 0 1 1 1 1 1 0 1 1 1 1 1 1 1 1 1 1] 0.9338450292397661
[1 1 1 1 1 1 1 1 1 1 0 0 1 1 1 1 1 1 1 1 1 0 1 0 1 1 1 1 1 1 1 1 1 1] 0.9276374928495548
[1 1 1 0 1 1 1 1 1 0 0 1 0 1 0 1 1 1 1 0 0 1 0 0 1 1 0 0 0 1 1 0 0 1] 0.9340440336974659
[1 1 1 1 1 1 1 1 0 1 1 1 1 1 0 1 1 1 0 1 0 1 1 1 1 0 1 1 0 0 1 1 0 1] 0.9296511430415436
[1 1 1 1 1 1 1 1 1 1 0 1 1 1 1 1 1 1 1 1 1 1 1 0 1 1 1 1 0 1 1 1 0 1] 0.922495429428319
[1 1 1 0 1 1 1 1 1 1 0 0 1 1 1 1 1 1 1 1 1 1 1 0 1 1 1 1 1 1 1 1 0 1] 0.9269086477248742
[1 1 1 0 1 1 1 1 1 0 0 1 0 1 0 1 1 1 1 0 0 1 1 0 1 1 0 0 0 1 0 0 0 1] 0.9407912834034444
[1 1 1 1 1 1 1 1 0 1 0 1 1 1 1 1 0 1 1 0 1 1 1 0 1 1 0 0 0 1 0 0 0 0] 0.9332277645816838
[1 1 1 1 1 1 1 0 0 1 0 1 0 1 1 1 1 1 1 1 0 1 1 0 1 1 1 1 1 1 1 1 0 1] 0.9347955350144598
[1 1 1 1 1 1 1 1 0 1 1 0 0 0 0 0 1 1 1 1 1 1 1 0 1 1 1 1 1 1 1 1 1 1] 0.9379168182369347
[1 0 1 1 1 1 1 1 1 1 0 0 1 1 1 0 1 1 0 0 1 1 1 0 1 1 0 1 0 1 1 1 0 0] 0.9343342124839386
[1 1 1 1 1 1 1 1 0 1 0 1 0 1 1 0 0 1 1 0 1 1 1 0 1 1 1 1 0 1 0 0 0 1] 0.9368035754009182
[1 1 1 1 1 1 1 1 0 0 0 1 0 1 0 1 1 1 1 0 0 1 0 0 1 1 0 0 0 1 0 0 0 1] 0.9388021358727083
[1 1 1 1 1 1 1 1 1 1 0 1 0 1 1 0 0 1 1 0 1 1 1 0 1 1 0 0 0 1 0 0 0 1] 0.9327779471028481
[1 1 1 1 1 1 1 1 1 1 0 1 0 1 1 1 1 1 1 0 0 1 1 0 1 1 0 0 0 1 0 0 0 1] 0.9327779471028481
[1 0 1 1 1 1 1 1 1 1 0 1 1 1 1 0 0 1 1 1 1 1 1 0 1 1 0 1 0 1 0 1 1 0] 0.9240572100527799
[1 1 1 1 1 1 1 1 0 1 0 1 0 1 1 1 1 1 1 1 0 1 1 0 1 1 1 1 0 1 0 1 0 1] 0.9296511430415436
[1 1 1 0 1 1 1 1 1 0 0 1 0 1 1 1 1 1 1 0 0 1 0 0 1 1 0 0 0 1 0 0 0 1] 0.9356348820894718
[1 1 1 1 1 1 1 1 1 1 0 1 0 1 0 1 1 1 1 0 0 1 1 0 1 1 0 0 0 1 0 0 0 1] 0.9296511430415436
[1 0 1 1 1 1 1 1 1 1 0 1 1 1 1 0 0 1 0 0 1 1 1 0 1 1 0 0 0 1 0 0 0 0] 0.9343342124839386
[1 1 1 0 1 1 1 1 1 0 0 1 0 1 0 1 1 1 1 0 0 1 0 0 1 1 0 0 1 1 1 0 0 1] 0.9336497697722063
[1 1 1 1 1 1 1 1 0 1 0 1 0 1 1 1 0 1 1 1 1 0 1 0 1 1 0 1 0 1 0 0 0 1] 0.9327779471028481
[1 1 1 0 1 1 1 0 1 1 0 1 1 1 1 1 1 1 1 1 0 1 1 0 1 1 1 0 1 1 1 0 0 1] 0.9304767136666056
[1 1 1 1 1 1 1 1 1 0 0 1 0 1 1 1 1 1 1 0 0 1 1 0 1 1 0 0 0 1 0 0 0 1] 0.931216931216931
[1 1 1 1 1 1 1 1 1 1 0 1 0 1 1 1 0 1 1 0 1 1 1 0 1 1 0 0 0 1 0 0 0 1] 0.9327779471028481
[1 1 1 1 1 1 1 1 1 1 0 0 0 1 0 0 1 1 1 0 0 1 1 0 0 1 0 0 0 1 0 0 0 1] 0.9368035754009182
[0 0 0 0 0 0 1 0 0 0 0 1 0 1 0 0 0 1 1 0 0 0 0 0 0 1 0 1 0 0 0 1 1 1] 0.7379040560016472
[1 1 1 1 0 1 0 0 1 1 1 1 1 1 0 0 0 1 1 1 0 1 0 1 1 0 0 1 0 1 1 0 0 1] 0.9025059931984166
[0 0 0 1 1 0 1 0 1 0 0 1 1 1 1 0 0 1 0 1 1 0 1 0 0 0 1 0 1 1 1 1 1 1] 0.7871348413961639
[0 1 1 1 1 0 0 0 0 1 1 0 0 1 0 0 1 1 0 0 0 0 0 0 0 1 0 0 1 1 0 1 1 1] 0.8582619664077541
[1 1 0 0 0 0 1 1 0 1 1 0 0 0 1 0 1 1 1 0 0 1 0 1 0 0 1 1 0 1 0 1 0 0] 0.875087329084506
[1 1 0 0 1 0 0 0 0 1 1 1 0 1 0 1 1 1 0 0 1 1 0 0 0 1 1 0 1 1 0 1 0 0] 0.9014084507042254
[0 1 0 1 0 1 1 0 1 0 1 1 1 1 0 0 1 0 1 0 1 1 0 1 1 0 0 1 0 1 0 0 1 0] 0.7538422776518015
[0 1 1 1 0 1 1 1 0 1 1 0 0 1 1 1 0 1 0 0 1 0 0 0 0 1 1 1 0 1 1 1 0 1] 0.8349028706610254
[0 1 0 1 0 1 0 0 1 0 1 1 1 0 0 0 0 0 1 1 1 1 0 0 1 1 1 0 1 1 0 0 1 0] 0.7167262614223282
[1 0 1 0 0 1 1 0 0 1 0 0 1 1 1 0 1 0 0 0 1 0 0 1 1 0 0 0 0 1 1 0 1 0] 0.9013080494817228
[0 0 0 1 1 1 0 0 1 0 0 0 0 0 1 1 1 0 0 1 1 0 0 1 1 0 1 0 0 0 1 1 1 1] 0.7958656330749354
[1 0 1 1 1 1 0 1 1 0 1 0 1 1 1 1 1 1 0 0 0 0 1 0 0 1 0 1 0 0 0 1 1 0] 0.9253167491782932
[0 1 1 1 1 1 1 0 1 1 1 0 0 1 0 0 0 0 0 0 1 0 1 1 1 1 1 0 1 1 0 0 0 0] 0.814270724029381
[1 1 0 1 1 1 1 1 0 0 0 0 0 1 1 1 1 0 1 0 0 0 1 0 0 0 1 1 1 1 0 0 0 1] 0.9143164114961053
[0 1 1 1 1 1 0 0 0 1 1 1 1 1 1 1 1 1 0 0 1 0 0 0 0 0 0 1 0 1 0 0 0 1] 0.8523469994058229
[0 1 0 1 1 0 1 0 1 1 1 1 0 0 0 1 1 0 1 0 0 1 1 1 0 1 1 1 0 1 0 1 1 0] 0.7954422483210797
[1 0 1 0 1 1 1 1 1 0 1 0 0 0 1 1 0 0 1 0 0 0 0 1 1 1 1 1 0 0 1 1 1 1] 0.9304767136666056
[1 0 1 0 0 0 1 0 1 0 1 0 0 0 0 1 0 1 1 1 1 0 0 1 1 0 1 0 1 0 0 1 0 1] 0.8977794552431275
[0 1 0 1 0 0 0 1 1 0 0 1 1 0 1 0 1 1 1 1 1 1 0 0 1 0 0 1 1 1 1 1 1 0] 0.7277281979019884
[1 0 0 0 0 0 0 0 1 1 0 1 1 1 1 1 0 1 1 1 0 0 0 1 0 1 1 0 1 1 0 0 0 1] 0.8713826366559485
[1 1 0 0 1 0 0 0 1 1 0 1 1 1 1 0 1 0 1 1 0 0 1 0 1 0 0 0 1 0 1 0 0 1] 0.9030123580355032
[0 1 0 1 1 0 1 0 0 0 1 1 1 1 1 0 1 0 1 1 0 0 0 1 0 0 0 1 0 0 0 1 1 1] 0.8137932107408444
[0 1 0 1 1 1 1 0 1 0 0 0 1 1 1 1 0 0 0 1 1 1 0 0 1 0 1 1 0 0 0 1 0 0] 0.8092198914386722
[0 1 1 1 0 1 1 1 0 0 1 0 1 1 0 0 0 0 1 0 0 0 0 0 0 1 1 0 1 0 0 1 1 1] 0.8275735462848227
[0 0 1 0 0 0 0 0 0 1 1 0 1 0 1 1 1 0 1 0 0 0 0 0 0 0 1 1 0 1 0 1 1 1] 0.7448880730202437
[0 0 0 1 1 1 1 1 0 0 0 0 0 0 1 1 1 1 1 0 0 1 1 1 1 1 1 0 1 0 0 0 1 0] 0.7921788512687802
[1 1 1 0 0 0 0 0 0 1 0 0 0 1 0 1 1 0 1 1 0 0 1 1 1 1 0 1 0 0 0 0 0 0] 0.8909952606635071
[1 1 0 1 1 1 0 0 1 0 0 1 1 1 0 1 1 1 1 1 1 1 0 0 1 0 1 0 1 1 0 1 1 0] 0.9006252401411157
[1 1 0 1 0 1 0 0 0 0 0 0 0 0 1 0 1 0 1 0 0 0 0 0 0 1 1 0 1 0 1 1 0 0] 0.8786560927773513
[1 1 0 1 1 1 1 0 1 0 1 1 1 1 1 1 0 1 1 0 0 1 1 1 1 0 0 1 0 0 1 1 1 0] 0.9069268129989786
[1 0 0 0 1 1 1 1 0 1 0 0 1 1 0 0 0 0 0 0 1 1 1 0 1 1 1 1 1 1 1 0 1 1] 0.9045584936064401
[1 1 0 1 0 1 1 0 1 0 0 0 0 1 1 1 1 0 1 1 1 0 0 1 1 1 0 0 0 0 0 0 1 1] 0.8785386954473425
[0 1 1 0 1 1 0 0 1 1 0 1 0 1 0 1 0 0 1 1 1 1 0 0 0 1 1 1 0 0 1 0 0 0] 0.8486842105263157
[1 0 0 0 0 0 0 1 1 0 1 0 0 1 1 0 1 0 1 0 0 1 0 1 1 1 0 0 0 1 0 0 1 0] 0.8640776699029126
[1 0 1 0 0 0 0 0 0 0 1 0 0 0 1 1 1 1 1 0 1 1 1 1 0 1 1 0 0 1 1 1 0 1] 0.8804527669485809
[0 1 0 0 1 1 1 1 0 0 1 0 0 0 1 1 0 0 1 1 1 1 1 0 1 1 0 0 1 0 1 1 1 0] 0.7575757575757576
[0 0 0 1 1 1 0 0 1 1 1 0 1 1 0 1 1 1 0 1 1 0 1 0 0 1 1 0 0 1 1 0 1 1] 0.7844095911188562
[1 0 1 1 0 0 0 0 1 1 1 0 0 0 0 1 0 1 0 1 1 0 1 1 0 0 1 0 1 0 0 0 1 1] 0.8961629387161302
[1 1 1 0 1 1 0 1 1 1 0 0 0 1 0 1 0 1 1 0 0 1 0 1 1 0 0 0 1 1 1 1 0 0] 0.9311911387348593
[1 1 0 1 1 1 0 1 0 1 0 1 1 0 1 0 1 1 0 0 0 1 0 0 1 1 1 1 0 0 1 0 0 1] 0.9112533046185279
[0 1 1 1 0 1 0 1 1 0 1 1 1 1 0 0 1 0 1 0 0 0 1 0 1 0 0 1 1 0 0 0 0 1] 0.7977338189435598
[0 0 0 1 1 0 0 1 0 1 1 0 0 0 0 1 1 0 1 1 1 0 1 1 1 1 1 0 0 0 0 1 0 0] 0.7729383152774707
[0 0 1 0 1 1 1 1 0 1 1 0 0 0 1 0 1 1 1 1 0 1 0 1 1 1 0 1 1 1 0 0 1 0] 0.7958656330749354
[0 0 1 1 1 0 1 1 1 0 1 1 0 1 0 1 1 1 1 0 0 0 0 0 1 1 0 1 1 1 1 1 0 0] 0.8193208503275243
[1 0 1 1 0 0 0 1 1 0 1 1 1 0 1 0 0 0 0 1 1 1 1 0 0 0 0 0 0 0 0 1 1 0] 0.8837787004506902
[0 1 1 1 1 1 1 1 1 1 0 1 0 1 0 1 0 0 1 0 0 1 1 1 0 0 0 1 0 0 0 1 1 0] 0.8728739183729717
[0 0 0 0 1 0 1 1 0 0 1 1 1 1 0 1 0 0 0 0 1 1 0 0 0 1 0 1 1 0 0 0 1 1] 0.7710246248020415
[0 0 1 1 0 1 0 1 1 0 1 1 0 1 0 0 1 1 0 1 1 1 1 0 1 1 1 0 0 1 1 0 0 0] 0.8000126604314042
[0 0 1 0 1 0 0 0 0 0 0 0 0 0 1 0 1 1 0 0 1 1 0 1 1 1 0 0 1 1 0 1 0 1] 0.7816644803964437
[0 0 0 0 0 0 0 0 1 0 1 1 0 1 1 1 0 0 0 1 0 1 0 0 0 1 0 0 1 0 1 1 0 1] 0.7056039582661073
[0 1 0 0 1 1 1 1 1 0 1 1 1 1 0 1 1 0 0 1 1 1 0 0 0 1 1 0 1 1 0 1 0 1] 0.8018657953307762
[0 1 1 0 1 1 0 1 1 1 0 0 0 1 0 0 0 0 0 1 0 1 1 1 1 0 0 1 1 0 0 1 1 1] 0.8216197893796174
[1 0 0 1 1 1 0 0 0 0 1 1 1 1 1 1 0 0 1 1 1 0 0 0 0 1 1 0 1 1 1 0 1 0] 0.9041684931220907
[0 0 0 1 0 0 0 0 1 1 0 0 0 1 0 0 1 0 0 1 0 0 1 1 1 1 0 1 0 0 0 1 1 1] 0.7139234670355002
[1 0 0 0 1 0 1 0 1 1 0 0 1 1 1 1 1 0 1 0 0 1 1 1 1 1 1 1 0 1 0 1 0 1] 0.9045584936064401
[1 1 0 1 0 0 1 1 1 0 0 0 0 0 0 0 0 0 0 0 0 0 1 0 0 1 1 0 0 0 1 0 0 1] 0.8822021052035077
[1 0 1 1 1 1 1 0 1 0 1 1 0 1 0 1 0 0 1 1 0 1 1 0 0 0 1 0 1 1 0 0 1 0] 0.9332277645816838
[1 1 0 0 1 0 1 0 0 0 1 1 1 0 1 1 1 0 1 1 0 1 0 0 1 1 0 0 1 1 1 0 1 0] 0.9008382715273852
[0 1 1 1 0 1 1 1 1 1 0 1 0 0 0 1 0 1 0 0 0 1 0 0 1 0 1 1 0 0 0 0 1 1] 0.8619172487751849
[0 1 1 1 0 0 0 1 1 0 0 1 1 1 1 0 0 0 0 0 1 0 0 1 1 1 0 1 0 0 1 1 0 0] 0.7949544900738192
[1 0 0 1 1 1 1 1 1 0 1 1 1 0 0 1 1 1 1 0 0 0 1 0 1 1 0 0 1 0 0 1 1 0] 0.903665600234197
[1 0 0 1 0 1 1 1 0 0 1 0 1 1 0 0 1 1 0 1 0 1 0 0 0 1 0 0 1 0 0 0 1 1] 0.8853568236946253
[1 1 0 0 1 1 0 0 0 0 1 0 1 1 1 1 0 1 1 0 1 0 0 0 0 1 0 0 0 0 0 0 0 1] 0.8962264150943396
[0 0 0 0 0 0 0 0 1 0 1 1 0 0 0 0 0 1 0 0 0 1 1 1 1 0 1 0 0 0 0 0 0 1] 0.6994867346201114
[0 1 1 1 1 1 1 1 0 0 1 1 0 1 0 1 1 1 1 1 1 0 1 0 1 1 1 1 0 0 0 0 0 1] 0.8202373786482691
[0 0 0 0 0 1 0 0 1 0 1 0 0 1 0 1 0 0 1 0 0 0 1 1 0 0 0 1 0 1 0 1 0 0] 0.7179189020146762
[0 1 0 1 1 1 1 1 0 0 0 1 0 0 1 1 1 1 1 1 0 0 0 0 0 1 1 1 0 0 1 0 0 0] 0.8335042267641898
[1 1 0 1 1 1 0 0 0 0 0 0 0 1 1 0 1 1 0 1 1 0 0 0 1 0 0 0 1 1 0 1 1 0] 0.9064050331199246
[0 1 0 0 1 1 1 1 1 1 0 0 1 0 1 1 1 1 1 1 1 1 0 0 0 1 1 1 1 1 0 1 1 1] 0.7784036871753603
[0 1 1 1 0 0 1 1 0 1 0 1 0 1 0 1 1 0 0 1 1 1 1 1 0 0 1 0 0 0 0 0 0 1] 0.8385650224215248
[1 0 1 1 0 0 0 1 0 1 0 0 1 1 0 1 1 0 0 0 0 0 1 1 1 1 0 0 1 0 0 0 1 0] 0.9030123580355032
[1 1 0 0 1 0 0 1 1 1 0 1 1 0 0 1 1 0 1 1 1 0 1 0 1 0 0 0 0 0 0 1 1 0] 0.9031250000000001
[1 1 1 1 1 0 1 1 0 1 0 0 1 0 0 0 0 1 0 1 1 0 1 0 0 1 1 1 1 1 1 0 1 1] 0.9399383052077663
[0 1 0 0 1 0 0 1 1 0 1 0 0 1 0 1 0 1 0 1 0 0 1 1 1 1 1 1 1 0 1 1 0 1] 0.7733595156275568
[1 1 0 1 1 0 0 1 1 0 1 0 1 0 0 1 0 1 1 0 1 1 1 1 0 1 1 1 1 0 1 1 1 1] 0.9088514590697997
[1 1 0 1 0 1 0 0 1 1 0 1 0 0 1 0 1 1 1 1 1 0 1 0 0 1 1 0 1 0 0 0 0 1] 0.8734239749124728
[0 1 1 0 1 1 1 0 0 0 0 1 1 0 0 0 0 0 1 1 1 0 1 1 0 0 1 1 0 0 0 0 1 1] 0.8239063292306275
[1 0 0 1 1 1 0 1 1 1 1 1 0 0 1 1 1 1 1 1 1 0 0 0 1 1 1 0 0 1 0 1 0 0] 0.9003838650808634
[1 0 1 1 0 1 0 0 0 0 1 1 0 1 0 0 0 0 0 0 1 0 0 1 0 1 0 1 1 0 0 1 1 1] 0.8977794552431275
[0 1 0 0 0 1 0 0 0 1 1 0 1 1 0 0 0 0 0 0 0 1 1 0 0 0 1 1 1 1 0 1 0 0] 0.71071953010279
[0 1 0 1 0 0 0 1 1 0 1 0 0 1 0 0 0 1 0 1 1 0 0 1 0 1 1 1 1 1 0 1 0 0] 0.7145969498910676
[0 1 1 0 1 0 1 0 0 0 1 1 0 1 1 1 0 1 1 0 1 0 1 0 1 1 0 1 0 1 1 1 1 1] 0.7820901801823669
[0 1 0 1 1 1 1 0 0 0 1 1 0 0 1 0 0 1 1 1 1 0 0 0 0 1 1 1 0 1 0 1 0 0] 0.8261805699223809
[1 0 0 1 1 1 1 0 0 1 0 0 1 1 0 1 0 1 0 1 1 1 1 0 0 0 1 1 0 1 0 1 1 1] 0.9055764149631484
[0 1 0 1 0 0 1 0 0 0 0 0 1 1 1 0 1 0 0 1 1 1 0 0 0 0 1 1 0 0 0 0 0 0] 0.7589158345221113
[1 0 0 0 1 0 0 0 0 1 0 0 1 0 0 0 1 1 1 1 0 1 1 1 1 0 0 0 1 0 1 0 0 1] 0.8925438596491228
[0 0 0 0 0 1 0 1 1 0 0 0 0 1 0 1 0 0 1 0 1 0 0 1 1 1 0 0 0 0 0 1 1 1] 0.7071178738516312
[1 0 1 1 0 1 0 1 1 1 1 0 1 0 0 1 0 0 1 1 0 0 0 0 1 1 0 1 1 0 0 1 0 1] 0.8991653034688143
[1 0 1 1 0 1 1 1 1 0 1 0 0 1 1 1 0 0 1 1 0 1 1 1 0 1 1 1 1 1 1 1 1 1] 0.8994889267461669
[0 0 0 0 1 0 1 1 0 0 0 0 0 0 1 1 0 1 0 0 0 0 0 1 0 1 1 1 0 0 1 0 0 1] 0.8123991864787152
[0 0 0 1 0 1 1 1 1 0 1 0 0 0 0 1 1 1 1 1 1 1 1 1 1 0 1 1 0 0 0 0 0 0] 0.7493917274939174
[0 0 0 1 0 0 0 1 0 0 1 0 0 1 1 1 1 0 1 0 0 0 1 1 1 0 0 1 0 0 1 0 1 1] 0.7284085774858375
[0 0 1 1 0 1 1 1 0 0 0 1 0 1 0 0 1 0 0 1 1 1 0 1 1 0 0 1 1 1 1 1 0 0] 0.8326300984528833
[0 1 1 0 0 0 0 1 1 0 0 0 0 0 1 0 1 0 1 1 1 1 0 1 1 0 1 1 0 0 1 1 0 0] 0.7361659314294559
[0 0 1 1 0 0 1 0 0 1 0 1 1 1 0 0 1 0 0 0 1 1 1 1 0 1 1 0 1 0 1 0 0 0] 0.8092198914386722
[1 1 1 0 1 1 0 0 0 0 0 0 0 1 0 0 0 1 1 0 0 0 0 1 0 0 0 1 1 0 1 1 0 0] 0.926605504587156
[1 1 0 1 0 0 1 1 1 1 0 0 0 1 0 0 1 1 0 0 0 0 1 1 1 1 1 1 0 0 1 1 1 0] 0.8977794552431275
[1 1 1 0 1 1 1 1 1 0 1 0 1 1 0 0 0 1 0 0 1 0 0 1 0 1 0 0 1 1 1 0 0 0] 0.9356348820894718
[0 0 0 1 1 0 1 0 0 1 0 1 0 0 1 1 0 0 0 1 1 0 0 0 1 0 0 1 1 0 0 1 1 0] 0.8128941836019622
[0 0 0 1 0 1 1 1 0 1 1 0 1 1 0 0 0 1 0 0 1 0 0 0 1 0 1 0 0 0 0 0 0 0] 0.7749270994143449
[1 0 0 1 0 1 1 1 0 0 1 0 1 1 1 1 1 1 0 1 0 1 0 0 0 1 0 0 1 0 1 0 1 1] 0.8818242675440472
[1 0 1 1 0 1 1 1 1 0 1 1 1 1 1 1 1 0 1 1 0 1 1 1 1 1 1 1 1 1 1 1 1 1] 0.9026982829108748
[0 1 0 1 1 0 1 1 1 1 1 1 1 1 0 1 0 1 1 1 1 1 1 1 1 1 1 1 1 1 1 1 0 1] 0.7659827534939042
[0 1 1 1 0 1 1 1 1 1 1 1 1 1 0 0 1 1 1 1 1 1 1 1 1 1 1 1 0 1 1 1 0 0] 0.7710246248020415
[0 1 0 1 1 1 0 1 1 1 1 1 1 0 0 1 1 0 1 1 1 1 0 0 1 1 1 1 1 1 0 0 1 1] 0.771998852411984
[1 1 1 1 1 1 1 1 1 1 1 1 1 1 1 1 0 1 1 1 0 1 1 1 1 1 1 1 1 0 1 1 1 0] 0.9287138550322235
[1 1 1 0 0 1 1 0 1 1 1 0 1 1 1 1 1 0 0 1 1 1 1 1 1 1 1 1 1 1 0 1 0 1] 0.8972984337222748
[0 0 1 1 0 0 1 0 1 1 1 1 1 1 0 0 1 0 1 1 1 1 1 1 1 1 1 0 1 1 1 1 0 0] 0.77371463141458
[1 1 0 1 1 1 1 0 0 1 1 0 0 0 1 0 1 1 1 0 0 1 0 0 0 1 1 0 1 0 1 1 1 0] 0.911024062674874
[1 1 1 0 0 1 0 0 1 1 1 1 1 0 1 1 1 0 1 1 1 0 1 1 1 0 1 1 1 1 0 1 1 1] 0.8870477768572219
[1 1 0 1 1 1 0 0 1 0 0 1 1 1 1 1 1 1 1 1 1 0 0 1 1 0 1 0 1 1 0 1 1 1] 0.9003838650808634
[1 1 1 1 1 1 1 1 0 1 1 1 0 1 0 1 1 0 0 1 1 1 1 1 1 0 1 0 0 0 1 1 0 1] 0.9383733139487925
[0 1 0 1 1 0 1 0 1 1 1 1 1 1 1 1 1 1 1 1 1 1 1 1 0 1 1 1 0 1 1 1 1 1] 0.7512040685729683
[0 1 0 1 1 1 1 0 1 1 0 0 1 1 1 0 1 0 0 1 1 1 0 1 1 0 0 1 1 0 0 1 1 1] 0.7723721067374316
[0 1 1 0 1 1 1 0 0 0 0 1 1 1 1 0 0 1 1 1 1 0 1 1 1 1 1 1 1 0 1 0 1 1] 0.7847993099389746
[0 1 0 1 1 1 0 1 0 1 1 1 0 1 0 1 1 1 1 1 1 1 1 1 1 1 1 1 0 0 1 1 0 1] 0.7623318385650225
[0 1 0 1 1 1 1 1 1 1 0 0 1 1 1 1 1 1 1 1 1 1 1 0 0 1 1 1 1 1 0 1 1 1] 0.7820901801823669
[0 1 1 1 1 1 1 1 1 1 1 0 0 1 0 1 0 1 0 0 1 0 1 1 1 1 1 1 1 1 0 0 1 1] 0.8179461584294789
[0 0 0 1 1 0 1 1 0 0 0 0 1 0 1 1 0 1 1 0 0 1 1 1 0 1 1 1 0 1 1 0 1 1] 0.7669521593478225
[1 0 1 1 1 1 1 1 1 1 1 0 1 1 0 1 1 1 1 1 1 1 0 0 1 1 0 1 1 1 1 1 1 1] 0.9220310176333121
[0 1 0 1 0 1 0 1 1 0 0 0 0 1 0 1 0 1 1 0 1 0 1 1 1 1 0 1 0 0 1 1 1 1] 0.7284578281840699
[1 0 1 1 0 1 0 0 0 1 1 0 0 0 1 1 1 1 1 0 1 1 1 1 0 1 1 1 0 1 1 1 0 1] 0.9008382715273852
[0 0 1 0 1 1 1 1 0 0 1 1 1 1 0 1 1 0 0 0 1 1 0 0 0 1 0 1 1 1 0 0 1 1] 0.8229974160206718
[1 0 0 0 1 1 1 0 1 0 1 1 1 1 0 1 0 1 1 0 1 1 1 1 1 0 1 1 0 1 1 0 1 1] 0.9006252401411157
[1 0 1 1 1 0 0 0 1 1 1 0 1 0 0 1 1 1 0 1 1 0 1 1 0 0 1 0 1 0 0 1 1 1] 0.9175884158273085
[1 1 0 0 1 1 1 1 0 0 1 1 0 0 1 1 0 1 1 1 1 1 1 1 1 1 1 1 1 1 1 1 1 0] 0.8962592569149945
[0 1 1 0 1 0 0 1 0 1 0 1 1 1 1 1 1 1 0 0 1 1 0 1 1 1 0 0 1 1 1 1 0 1] 0.7945041816009558
[1 1 1 1 1 1 0 0 0 0 1 1 0 1 0 0 0 0 0 0 1 0 0 1 1 1 0 1 1 1 0 1 1 1] 0.9276319814033156
[1 1 1 1 1 1 1 1 0 1 1 0 1 1 1 1 1 1 0 1 1 0 1 0 0 1 1 1 1 1 1 1 1 1] 0.922495429428319
[0 0 0 1 0 0 0 1 0 0 1 1 1 1 1 1 1 0 1 0 0 0 1 1 1 0 0 1 0 1 1 1 1 1] 0.708832275174797
[1 1 1 1 1 1 1 0 1 1 0 1 0 0 1 0 1 1 1 1 1 1 1 1 0 1 1 0 1 0 0 0 0 1] 0.9347955350144598
[1 1 0 1 1 1 1 1 0 1 0 1 1 0 1 0 1 1 1 0 0 1 0 0 1 1 1 1 1 0 1 0 1 1] 0.9156618213853099
[1 0 1 1 1 1 1 1 1 1 0 1 1 1 1 1 0 1 1 1 1 1 1 1 0 0 1 1 1 1 0 1 1 1] 0.9209288290883155
[0 1 0 0 1 1 1 1 1 0 1 1 1 1 0 1 1 0 1 1 1 1 0 1 0 1 1 0 1 1 0 1 0 1] 0.7917665867306155
[1 1 1 1 1 1 1 0 1 0 0 0 1 1 1 1 1 0 0 1 1 1 0 1 1 0 1 1 0 0 0 1 1 1] 0.9296511430415436
[1 1 1 0 1 1 0 1 1 0 0 0 0 1 1 0 0 1 1 0 0 1 0 1 0 0 0 1 1 0 1 1 1 0] 0.9298780487804877
[1 0 1 0 0 1 1 0 0 1 0 0 1 1 1 1 1 0 0 1 1 0 0 1 1 1 0 0 0 1 1 0 1 1] 0.8977794552431275
[0 1 0 1 1 1 1 0 1 0 1 1 1 1 0 0 1 0 1 1 0 0 0 1 1 0 0 1 0 0 0 1 1 1] 0.8188501588626824
[1 1 1 1 1 1 0 1 1 1 1 1 1 1 1 1 0 1 1 0 1 0 0 1 0 1 0 0 1 1 0 0 1 1] 0.9217498459642636
[1 0 1 1 1 1 1 1 1 1 1 0 1 1 0 0 1 0 0 1 1 1 1 0 1 1 1 1 1 1 1 1 1 1] 0.9323002460699977
[1 1 0 1 1 1 0 1 1 1 0 1 1 1 0 1 1 1 1 1 1 1 1 0 1 0 1 1 1 1 0 1 1 0] 0.903665600234197
[1 1 0 1 1 1 0 0 1 0 0 1 1 1 1 1 1 1 1 1 1 1 1 1 1 0 1 0 1 1 1 1 1 1] 0.8839686818123477
[1 1 1 0 1 1 1 0 0 0 0 0 0 1 0 0 0 1 1 1 0 0 0 1 0 0 0 1 1 0 1 1 0 1] 0.934410627138894
[1 1 1 1 1 1 1 1 1 1 1 1 1 1 0 0 1 1 1 1 1 1 1 0 1 1 1 1 1 1 1 1 1 1] 0.930750743411137
[1 1 1 1 1 1 1 1 1 1 1 0 1 0 1 1 0 1 1 1 0 0 0 1 1 1 1 1 0 1 1 1 1 1] 0.9177810797424468
[1 0 1 0 0 1 1 1 0 1 1 0 1 0 1 1 1 0 1 0 0 0 1 1 1 0 1 1 1 1 1 1 1 1] 0.9043775678324887
[1 1 1 1 0 1 0 0 1 1 1 1 1 1 1 1 1 1 1 1 0 1 0 1 1 0 1 1 0 1 1 1 1 1] 0.8899920094472376
[1 1 1 1 0 1 0 1 1 1 1 1 1 0 1 1 1 1 1 1 1 1 1 1 1 0 1 1 1 1 0 1 1 1] 0.8984775843216418
[1 1 1 1 1 1 1 1 1 1 1 1 1 1 1 1 0 1 1 1 1 1 1 1 1 1 1 1 1 1 1 1 1 1] 0.9184469626602266
[1 1 1 0 1 1 0 1 1 1 1 1 1 1 0 1 1 1 1 1 1 1 0 1 1 0 1 1 1 1 1 1 0 1] 0.9217498459642636
[1 1 0 1 0 1 1 1 1 1 0 0 1 0 0 1 1 1 0 1 1 1 1 0 1 1 1 0 1 0 1 0 1 1] 0.8745867471611326
[1 1 0 1 1 1 1 1 1 0 1 1 1 1 1 1 0 1 1 0 1 1 1 1 1 1 0 1 0 0 1 1 1 1] 0.9117805718079588
[1 0 0 1 1 1 1 1 1 1 1 1 1 1 1 1 0 1 1 1 1 0 0 0 1 1 1 0 1 1 1 1 1 0] 0.9010961320398136
[1 1 1 0 1 1 1 1 1 0 1 0 1 1 1 1 0 1 0 1 1 1 0 1 1 1 0 1 1 1 1 1 0 1] 0.924924924924925
[1 1 1 1 1 1 1 1 0 1 1 1 0 1 0 1 1 0 0 1 1 1 1 1 1 0 1 0 0 0 1 1 1 1] 0.9399383052077663
[1 1 0 1 1 1 1 0 0 1 1 1 0 1 1 0 1 1 1 0 0 1 0 0 0 1 1 1 1 0 1 1 1 1] 0.9143164114961053
[1 1 1 1 1 1 1 0 1 1 1 1 0 1 1 1 1 0 1 1 1 1 1 1 1 1 1 1 1 1 0 1 1 0] 0.9276374928495548
[1 1 1 1 1 0 1 0 1 1 1 0 1 1 1 1 1 1 1 0 0 1 1 1 1 1 1 1 1 1 0 1 1 1] 0.9146137815868285
[0 0 1 1 1 0 1 1 1 0 1 1 1 1 0 1 1 1 1 1 0 0 0 1 1 1 1 1 1 1 1 1 0 0] 0.7958656330749354
[1 1 1 0 1 1 1 1 0 1 0 0 1 1 1 0 1 1 0 1 1 0 0 1 1 1 0 1 0 1 1 1 1 0] 0.9360130481081591
[1 1 1 1 1 1 1 1 0 1 1 0 0 1 1 1 1 1 1 0 1 1 1 1 0 1 1 1 1 1 1 1 0 1] 0.9265051620157415
[1 1 1 0 1 0 1 0 1 1 1 1 1 1 0 1 1 1 1 1 1 1 0 0 1 1 1 0 1 1 0 1 0 1] 0.9253167491782932
[1 1 1 1 1 1 1 1 1 1 1 1 1 1 1 1 1 1 1 1 0 1 1 1 0 1 0 1 1 0 0 1 1 1] 0.922495429428319
[0 1 0 1 1 1 1 1 1 1 1 1 1 1 1 1 0 1 1 1 1 1 1 1 1 1 1 1 1 1 1 1 1 1] 0.7733595156275568
[0 1 0 1 1 1 1 1 1 1 1 1 1 1 1 1 1 1 1 1 1 1 0 1 0 1 1 1 1 1 1 1 1 1] 0.7733595156275568
[0 1 0 0 1 1 1 1 1 1 0 1 1 1 1 1 1 1 1 1 1 1 0 0 1 1 1 1 1 1 0 1 1 1] 0.7696721581006873
[1 1 0 1 1 0 1 1 1 1 0 1 1 1 1 0 1 0 1 1 0 0 1 0 1 0 1 1 1 1 1 0 0 1] 0.9124035182193502
[1 1 0 1 1 1 1 1 1 1 1 1 1 1 1 0 1 1 1 1 0 1 1 0 1 1 1 1 1 0 1 0 1 1] 0.9078614516442888
[1 0 1 0 1 1 1 1 1 0 1 0 0 0 1 1 0 0 1 0 0 1 0 1 1 1 1 1 1 1 1 1 1 1] 0.9233398270617587
[1 1 1 1 1 1 1 0 0 0 1 1 1 1 1 1 1 0 1 1 0 0 0 1 1 0 0 1 0 0 0 1 1 1] 0.9388021358727083
[1 1 1 1 1 1 1 0 0 0 0 0 1 1 0 0 0 1 1 1 0 0 1 1 0 0 0 1 1 0 1 1 0 1] 0.9372209088521146
[1 1 1 0 1 1 1 1 1 0 1 1 1 1 1 1 0 1 1 1 1 0 1 1 0 1 1 0 0 1 1 1 0 1] 0.9316552126116601
[1 0 1 1 1 1 0 1 1 0 1 1 1 1 1 1 1 1 1 1 0 1 1 0 0 1 0 1 0 0 1 1 1 0] 0.9209288290883155
[1 1 1 1 1 1 1 1 1 1 1 1 1 1 1 1 1 1 1 1 1 1 1 1 1 1 1 1 1 1 1 1 1 1] 0.9220310176333121
[1 1 1 1 1 1 1 1 0 1 1 1 0 1 0 1 1 0 0 1 1 1 1 1 1 0 1 1 0 0 1 1 0 1] 0.9332277645816838
[1 0 1 1 1 1 1 1 1 1 1 0 1 1 1 0 1 0 0 1 1 1 1 0 1 1 1 1 1 1 1 1 1 1] 0.9302565775168514
[1 1 1 0 1 1 1 1 1 1 1 1 1 1 1 1 1 0 0 1 1 1 1 1 1 1 1 1 1 1 0 1 0 1] 0.924924924924925
[1 1 1 0 1 1 0 1 1 1 0 0 0 1 0 1 0 1 1 0 0 1 0 1 1 0 0 1 1 1 1 1 0 0] 0.9363636363636364
[1 1 1 0 1 1 1 1 1 1 1 0 1 1 1 1 0 1 0 1 1 1 0 1 1 1 1 1 1 1 1 1 0 1] 0.9193573866875469
[1 1 0 1 1 1 1 0 1 1 1 0 1 1 1 1 0 1 1 1 0 1 0 1 0 1 1 0 1 1 1 1 1 1] 0.897876643073812
[1 1 1 1 0 1 0 0 1 1 1 1 0 1 1 1 1 0 1 1 1 1 1 1 1 1 0 1 0 0 1 1 0 1] 0.9074779255190016
[1 1 1 1 1 1 0 0 0 1 1 1 0 1 0 0 0 0 0 0 1 0 0 1 1 1 0 1 1 1 0 1 1 1] 0.9292423378668186
[1 0 1 1 1 1 1 1 1 1 1 0 1 1 0 1 1 1 0 1 1 1 0 1 1 0 1 1 1 1 1 1 1 1] 0.9240572100527799
[1 1 1 1 1 1 1 1 1 1 1 1 1 1 0 1 1 1 1 1 1 1 1 1 1 1 1 1 1 1 1 1 1 1] 0.9168940709501364
[1 1 1 1 1 1 1 1 1 0 1 1 1 1 1 1 0 1 1 1 1 1 1 1 1 1 0 1 0 0 1 1 1 1] 0.930750743411137
[1 1 1 1 1 1 0 0 0 0 0 1 0 1 1 1 1 1 1 1 1 0 1 0 1 0 1 0 1 1 0 1 1 1] 0.9308477838086914
[1 1 1 1 1 1 1 1 1 1 1 0 0 1 0 1 0 1 1 1 1 1 1 1 0 1 1 1 1 1 1 1 1 1] 0.915336356295422
[1 1 1 0 1 1 1 1 1 1 1 1 0 0 1 1 1 0 1 0 0 0 0 1 1 1 1 1 0 0 1 1 1 1] 0.9300778571961906
[1 1 1 1 0 1 0 1 1 1 1 1 1 1 0 1 0 1 1 1 0 1 0 1 1 0 0 1 1 1 1 1 0 1] 0.8918796907623724
[1 1 1 1 1 1 1 1 1 1 0 0 1 1 0 0 0 1 1 1 1 1 1 1 0 1 1 1 1 1 1 1 1 1] 0.9189163177902893
[1 1 1 1 1 1 1 1 1 1 1 0 0 1 1 1 1 0 1 1 1 1 1 1 1 1 1 1 1 1 0 1 1 1] 0.9229316749789628
[1 1 1 1 1 1 1 1 1 0 1 0 1 1 1 1 0 1 1 0 1 1 1 1 1 1 1 1 0 0 1 1 1 1] 0.9209288290883155
[1 1 1 1 1 1 1 0 1 0 1 1 1 1 1 1 0 1 1 1 0 1 1 1 1 1 0 1 1 0 1 1 1 1] 0.9204760728111357
[1 0 0 1 1 1 1 0 1 1 1 1 1 1 0 1 1 1 0 1 1 1 1 1 1 0 1 1 0 1 1 1 1 1] 0.9066088057137691
[1 1 1 0 1 1 1 0 0 0 1 1 0 1 0 0 0 1 1 1 0 0 0 1 0 0 0 1 1 0 1 1 0 1] 0.9376106164913628
[1 0 1 1 1 1 1 1 1 1 1 0 1 1 1 0 1 1 0 1 1 1 1 0 1 1 1 1 1 1 1 1 1 1] 0.9271664008506113
[1 1 1 1 1 1 1 1 0 1 1 1 1 1 1 1 1 1 1 1 0 1 1 1 1 1 0 1 1 0 0 1 1 1] 0.9256141931696394
[1 0 1 1 1 1 1 0 1 0 1 1 0 1 0 1 0 0 1 1 0 1 1 0 0 1 1 0 1 1 1 0 1 0] 0.9332277645816838
[1 0 1 1 1 1 1 1 1 1 1 0 1 1 1 1 1 1 1 1 1 0 1 1 1 1 1 1 1 1 1 1 1 1] 0.9204760728111357
[1 1 1 1 1 1 1 0 0 0 1 1 1 1 1 1 0 0 1 1 1 0 0 1 1 1 1 1 1 1 0 1 1 1] 0.9296511430415436
[1 1 1 1 1 1 1 0 0 1 0 0 0 1 0 0 0 1 0 1 1 1 1 1 0 0 1 1 1 1 1 1 1 1] 0.9368035754009182
[1 1 1 0 1 1 1 0 0 0 0 0 0 1 0 0 1 1 1 1 0 1 0 1 0 0 1 1 1 1 1 1 1 1] 0.9224586870053717
[1 0 1 0 1 1 1 1 1 0 1 0 0 0 1 1 1 0 1 0 0 0 1 1 1 1 1 1 0 0 1 1 1 1] 0.9233398270617587
[1 1 1 1 1 1 1 1 1 1 0 0 1 0 0 1 1 1 1 1 1 1 1 1 0 1 1 1 1 1 1 1 1 1] 0.9157822875938683
[1 1 1 1 1 1 1 1 1 0 1 0 0 1 0 0 0 1 0 1 1 1 1 1 0 1 1 0 1 1 1 0 1 0] 0.9394703741819184
[1 1 1 1 1 1 1 1 0 1 1 0 0 1 0 0 1 0 0 1 1 1 1 1 1 0 1 1 1 1 1 1 1 1] 0.9363585456851593
[1 1 1 1 1 1 1 1 1 0 1 0 0 1 0 0 0 1 0 1 1 1 1 1 0 0 1 0 1 1 1 0 1 0] 0.9343342124839386
[1 1 1 1 1 1 1 1 0 1 1 1 0 1 0 1 1 0 1 1 1 1 1 1 1 1 1 1 0 0 1 1 0 1] 0.9300778571961906
[1 1 1 1 1 1 1 1 0 1 1 1 0 1 0 1 1 0 0 1 1 1 1 1 1 0 1 1 0 0 1 1 1 1] 0.9347955350144598
[1 1 1 0 1 1 0 1 1 1 1 0 0 1 0 1 0 1 0 0 0 1 0 1 1 0 0 1 1 1 1 1 0 0] 0.9363636363636364
[1 1 1 0 1 1 1 1 0 1 1 0 1 1 1 0 1 1 0 1 1 0 1 1 1 1 1 0 0 1 1 1 1 1] 0.9284956762930332
[1 1 1 1 1 1 1 1 0 1 1 0 0 1 0 1 1 1 0 1 1 1 1 1 1 0 1 1 0 0 1 1 1 1] 0.9280805606586379
[1 1 1 1 1 1 1 1 1 1 0 0 1 1 0 1 0 1 1 1 1 1 1 1 1 1 1 1 1 1 1 1 1 1] 0.915336356295422
[1 1 1 0 1 1 0 1 1 1 0 0 0 1 0 1 0 1 1 0 0 1 0 1 1 0 0 1 1 0 1 1 1 0] 0.9328033314404695
[1 1 1 1 1 0 1 1 0 1 1 0 1 0 0 0 1 1 0 1 1 0 1 0 0 1 1 1 1 1 1 0 1 1] 0.9379168182369347
[1 1 1 1 1 1 1 1 0 1 1 1 0 1 0 1 1 1 0 1 1 1 1 1 1 0 1 0 0 0 1 1 1 1] 0.9399383052077663
[1 1 1 1 1 0 1 1 0 1 0 1 0 0 0 1 1 0 0 1 1 1 1 0 1 0 1 1 0 0 1 1 1 1] 0.9356348820894718
[1 0 0 0 0 1 0 0 0 1 0 0 0 1 1 1 1 1 0 0 1 0 0 1 1 1 0 1 0 1 1 1 0 1] 0.8786895972915689
[0 1 0 0 0 0 0 1 0 1 0 1 1 0 0 0 1 1 0 0 0 1 1 0 0 0 0 1 1 1 1 1 0 1] 0.6956838131623231
[1 1 0 0 1 1 1 1 1 1 1 1 0 0 1 0 0 1 0 0 1 1 1 1 0 0 1 0 0 0 0 1 0 0] 0.9079163291165535
[1 1 0 0 0 1 0 0 0 1 0 1 1 0 0 1 1 1 1 0 1 0 1 0 1 0 0 0 1 1 0 0 0 0] 0.8660644345270178
[0 1 1 1 0 1 1 1 1 0 0 0 0 1 0 1 0 0 1 0 0 0 0 0 0 0 0 0 0 1 0 1 1 1] 0.8706369982547993
[0 0 1 0 0 0 0 1 0 1 1 1 1 1 0 0 1 1 1 1 0 0 0 0 0 1 1 0 0 1 1 1 1 1] 0.7651195499296765
[0 0 1 1 1 1 1 0 0 1 0 0 0 1 1 0 1 1 0 1 0 0 0 1 0 0 1 1 1 1 1 1 0 0] 0.8500770725822666
[1 1 1 1 1 1 1 0 1 1 0 0 1 1 0 1 0 1 0 0 0 1 0 0 1 0 0 0 1 1 1 1 0 0] 0.9383733139487925
[0 1 1 0 0 1 0 1 0 1 1 0 1 0 1 0 0 1 0 0 1 0 1 1 0 0 0 0 0 0 1 1 0 0] 0.7665056360708535
[1 0 0 1 1 0 1 0 0 1 0 0 0 0 0 0 1 0 0 1 1 0 0 0 0 0 0 0 1 1 1 0 1 0] 0.9062400310683921
[0 1 1 1 1 1 1 1 0 1 0 1 1 1 1 1 0 1 0 0 1 1 1 1 1 0 1 0 1 0 1 1 0 0] 0.8239063292306275
[1 1 1 0 0 1 1 1 0 1 0 1 1 0 0 1 1 1 0 1 0 1 1 0 1 1 1 0 0 0 1 0 0 1] 0.9095874122006526
[1 1 1 1 0 0 0 0 0 1 0 0 0 1 0 0 0 1 0 0 1 0 0 1 1 1 1 1 1 1 0 1 1 1] 0.8959515701853954
[0 0 0 0 1 0 1 1 0 0 1 0 0 1 1 1 1 1 1 0 1 0 1 1 1 0 0 0 0 0 1 1 1 0] 0.7612781017895419
[1 1 1 0 1 0 1 0 0 1 1 1 1 0 1 0 1 1 1 0 0 0 0 0 0 1 1 1 1 0 0 1 0 1] 0.9324483416555028
[1 0 0 1 1 0 0 1 0 1 1 0 1 0 1 0 0 0 1 0 1 0 0 1 0 0 1 0 0 1 1 0 0 1] 0.8959515701853954
[0 1 0 1 1 1 0 0 0 1 0 0 1 0 0 0 0 1 0 0 0 1 0 1 1 1 1 0 0 1 0 0 0 0] 0.8343463315805051
[1 0 1 0 0 1 0 1 0 0 1 0 1 0 0 1 1 1 0 0 1 0 0 0 0 0 0 1 0 1 1 1 0 1] 0.8857086319241262
[0 0 1 0 1 0 0 0 1 0 0 0 1 1 0 0 0 1 0 1 0 1 0 0 1 0 0 0 0 0 1 1 1 0] 0.8183168546627675
[0 1 0 0 0 0 0 0 1 1 0 1 0 0 0 1 1 1 0 1 0 0 0 1 0 1 0 0 0 0 0 1 1 0] 0.7133336878112759
[0 1 1 0 0 0 1 0 1 0 0 1 1 1 1 1 1 1 0 0 1 1 0 0 0 0 0 0 0 1 0 1 1 0] 0.7802844094002742
[1 1 1 0 0 1 0 0 1 1 0 0 1 0 0 1 1 1 0 1 1 1 1 0 0 0 0 0 1 1 1 1 1 1] 0.8908319077488437
[0 1 0 0 1 0 0 1 1 0 0 1 0 0 1 1 1 1 0 0 1 0 1 1 0 1 1 1 1 0 0 0 0 0] 0.7683146789217502
[0 0 1 1 0 1 0 0 0 1 1 1 1 1 0 1 1 0 0 1 1 0 0 1 0 1 0 1 1 0 0 1 0 1] 0.7825664919433118
[0 0 0 0 0 0 1 0 1 0 1 0 1 1 1 0 1 0 1 0 1 0 1 1 1 0 1 1 1 0 1 1 1 0] 0.7159216518547995
[1 0 0 1 0 0 0 1 1 0 0 0 1 1 1 0 1 1 1 1 0 1 1 0 0 0 0 0 0 0 0 0 1 1] 0.8681257014590348
[1 0 0 1 0 1 0 0 1 0 1 0 0 0 1 0 1 0 0 0 0 1 1 0 1 0 0 1 0 0 1 0 0 1] 0.8769385441399816
[1 0 0 1 0 0 0 1 0 0 0 1 1 1 1 0 0 0 0 0 0 0 1 1 0 0 0 0 0 0 0 0 0 1] 0.8786895972915689
[0 0 1 1 0 1 0 1 0 0 0 1 0 0 0 1 1 1 0 0 0 0 1 0 0 0 1 0 1 1 0 1 1 1] 0.8489458651214474
[1 0 1 0 0 1 1 0 1 0 1 0 0 0 0 1 0 0 0 0 0 1 1 0 0 1 1 1 0 0 1 1 0 0] 0.8943578525202808
[0 1 1 1 0 1 1 1 1 1 0 1 1 1 0 1 1 0 0 0 0 0 0 1 0 1 0 0 1 0 0 1 1 0] 0.8408213051433219
[0 0 0 1 0 0 0 0 1 1 0 1 0 0 1 0 0 1 1 0 1 0 1 0 1 0 0 1 1 0 1 0 1 1] 0.7342747775708669
[1 0 1 0 1 0 1 0 0 1 1 0 1 1 1 0 0 0 1 1 0 1 1 0 1 1 0 0 0 0 1 0 0 1] 0.9324483416555028
[0 0 0 0 0 1 1 0 1 0 0 0 0 0 1 1 1 0 0 1 0 1 1 0 1 1 1 1 1 0 0 1 1 0] 0.722384345067522
[1 0 0 1 1 1 0 0 1 0 1 1 0 0 0 0 1 1 1 0 1 1 1 1 0 1 0 1 0 1 0 0 0 1] 0.9093701996927804
[1 0 1 1 0 0 1 1 1 0 1 1 0 0 0 1 1 0 1 0 0 0 0 1 0 0 0 0 1 0 0 0 1 0] 0.9028716921278904
[1 0 1 1 1 1 0 0 0 0 0 1 0 0 1 1 0 1 1 0 1 1 1 1 1 0 0 0 1 0 1 0 0 1] 0.9311911387348593
[0 1 0 1 1 0 1 0 0 1 1 0 1 0 1 0 0 1 0 1 1 0 0 0 1 0 1 1 0 0 0 0 0 0] 0.7917665867306155
[1 1 1 0 0 1 0 1 0 0 1 1 1 0 0 1 1 0 1 0 0 0 0 1 0 1 0 0 0 0 1 1 1 1] 0.894488188976378
[0 0 0 1 0 0 1 1 0 1 1 1 0 1 0 1 0 0 0 0 0 1 0 1 0 0 0 0 1 0 1 1 1 0] 0.7872648335745297
[0 0 0 0 1 0 1 0 0 1 0 0 1 1 0 1 0 0 0 1 0 0 1 0 0 0 1 0 1 0 1 1 0 1] 0.8233801582358776
[1 0 0 0 1 1 1 0 1 1 1 1 1 1 0 1 1 1 1 0 1 1 1 1 1 0 1 0 1 1 1 1 0 0] 0.9039311953758835
[0 1 1 0 0 1 0 0 1 1 1 1 0 1 0 0 0 1 0 1 0 0 1 0 0 0 1 1 0 0 0 0 0 1] 0.8069010968318975
[0 0 1 0 0 1 0 0 1 0 0 1 0 1 1 1 1 1 1 1 1 1 0 1 1 0 0 0 1 0 0 0 0 0] 0.7797749525062107
[1 0 0 1 0 0 0 1 1 0 1 0 1 1 1 0 0 0 1 1 0 0 0 1 0 1 0 0 1 1 0 1 1 1] 0.8698918463830063
[0 0 0 1 1 0 1 1 0 1 0 0 0 1 0 0 1 0 1 0 1 0 1 0 1 1 1 1 1 1 0 0 1 0] 0.8041683391970279
[1 0 1 1 1 1 0 1 1 1 1 0 0 0 0 1 0 0 1 0 0 1 0 0 0 1 0 1 1 0 0 1 1 0] 0.9192168476472525
[0 0 1 1 1 1 0 1 1 1 0 1 1 1 1 1 0 1 1 1 0 0 0 1 1 0 0 0 0 1 0 1 1 0] 0.8312390526235626
[1 1 0 1 1 0 0 1 1 1 1 1 0 1 0 0 1 1 1 1 1 1 1 1 0 0 1 0 1 0 0 0 1 0] 0.9126727919874182
[0 1 0 0 1 0 0 0 0 1 0 1 0 1 0 0 0 0 1 1 1 0 1 1 0 0 1 0 1 0 1 0 0 0] 0.7949544900738192
[0 0 1 1 1 0 0 0 1 1 1 1 0 0 0 0 0 0 0 0 1 0 0 1 1 1 1 0 0 1 1 1 0 1] 0.814270724029381
[0 0 1 1 1 0 0 1 0 0 0 0 0 1 0 0 0 0 0 1 1 1 0 0 0 1 0 0 1 1 1 1 1 1] 0.8326300984528833
[1 0 0 1 1 0 1 1 0 0 0 1 0 0 0 1 1 0 1 1 1 1 0 1 1 0 1 0 0 1 1 1 1 0] 0.9195057466540638
[0 0 1 1 0 1 1 0 0 0 0 0 1 0 1 1 0 0 1 0 0 0 0 0 0 1 1 0 0 1 0 0 0 0] 0.856008164714235
[1 1 0 1 0 1 0 1 1 1 0 0 1 1 1 0 0 0 1 0 1 0 1 0 0 0 0 1 0 1 0 0 1 1] 0.8786193125089146
[0 1 0 1 0 1 1 0 1 1 0 1 0 0 0 1 1 1 1 0 1 1 0 1 1 1 0 0 0 1 0 0 0 1] 0.7502467917077985
[0 0 0 0 1 1 0 0 0 0 1 0 1 1 0 1 1 1 0 0 0 0 0 1 1 1 1 0 0 0 1 0 0 0] 0.7894572301180771
[1 1 1 1 1 1 0 1 0 0 1 0 1 1 0 0 0 0 1 1 1 1 1 0 0 1 0 1 1 1 1 0 0 1] 0.9288829115213759
[0 0 1 1 0 0 0 1 1 0 1 1 0 0 1 0 0 0 0 1 1 0 1 1 0 0 0 0 1 0 0 1 0 1] 0.7884962786328492
[1 0 1 0 1 1 0 0 1 1 1 0 0 1 0 1 1 1 1 1 1 1 0 0 0 0 1 1 0 1 1 0 0 0] 0.9230559307926371
[0 1 1 1 0 0 0 1 1 1 1 0 1 1 0 1 0 1 1 0 0 0 0 0 0 0 1 1 0 0 1 0 1 1] 0.8022788785518705
[1 1 0 0 1 0 1 0 0 1 0 0 0 1 0 1 1 0 0 0 0 1 0 0 0 0 0 1 0 0 0 1 1 1] 0.9031250000000001
[0 1 1 0 1 1 0 0 0 1 0 1 0 0 1 1 1 1 1 1 0 1 1 1 0 0 0 0 0 1 1 1 0 0] 0.805543770329515
[0 1 1 0 0 1 1 1 1 0 0 1 0 0 0 1 1 0 1 1 0 0 0 0 1 1 0 0 0 1 0 1 1 0] 0.8000126604314042
[0 1 0 1 1 1 1 0 0 0 1 0 1 0 0 0 1 1 1 1 1 1 0 0 0 0 0 1 0 1 0 1 1 1] 0.8225162198979474
[1 1 0 0 0 1 1 1 0 0 0 1 0 1 0 1 1 0 1 1 0 1 1 0 1 1 1 0 1 1 0 1 0 0] 0.8874494612730467
[1 0 1 1 1 1 0 1 1 0 0 1 0 1 1 1 1 1 0 0 1 1 1 0 1 0 1 1 1 0 1 0 1 0] 0.9316552126116601
[1 1 1 1 1 1 0 1 1 1 1 0 1 0 1 0 0 0 0 1 1 0 0 0 0 1 0 0 0 1 0 0 0 0] 0.9284956762930332
[0 1 1 0 1 1 0 1 0 1 0 0 1 1 1 1 0 1 0 0 0 1 0 1 0 0 1 0 0 0 1 1 1 0] 0.845019777058612
[0 1 0 0 1 1 0 1 1 0 1 1 1 0 0 1 0 0 0 0 1 1 0 1 0 0 0 0 1 0 1 1 0 0] 0.7908204906620577
[0 0 1 0 1 1 1 0 1 1 0 1 1 1 1 0 1 1 1 0 1 1 1 0 0 1 0 1 0 0 1 0 1 1] 0.7884900860996766
[0 0 0 1 0 0 1 0 0 1 0 0 0 1 0 0 1 0 1 1 0 0 1 1 1 0 1 0 0 1 1 1 1 0] 0.7531583327029276
[0 0 1 1 1 1 1 0 0 0 1 1 1 1 0 1 0 1 0 0 0 1 0 0 0 1 0 0 0 0 0 1 0 0] 0.8866610971874128
[1 0 0 0 1 0 1 1 0 1 1 0 0 0 0 1 0 1 1 1 1 1 1 1 0 1 1 1 0 0 0 0 0 0] 0.9149922720247295
[0 0 0 0 1 1 1 1 0 1 0 0 0 1 1 1 0 0 1 0 0 0 0 1 1 1 0 1 0 1 1 1 0 1] 0.7968165463340243
[0 0 0 1 0 0 0 0 0 0 0 1 1 0 0 1 0 0 0 1 0 1 1 1 0 1 1 0 0 0 1 0 0 1] 0.719435213025971
[1 1 0 0 0 0 1 1 1 1 1 0 1 0 0 0 1 0 0 1 1 1 0 1 0 0 1 0 1 0 0 0 1 1] 0.8697884178299743
[0 1 1 1 0 0 1 1 0 1 0 1 0 1 0 1 0 1 0 0 1 1 1 1 1 1 1 1 0 1 0 0 1 0] 0.8165666713176132
[1 0 1 1 0 1 0 0 1 0 0 0 0 0 0 1 1 1 1 1 1 1 0 1 1 0 0 0 1 0 1 1 1 1] 0.9008382715273852
[1 0 1 0 0 0 1 0 0 0 0 0 1 0 0 0 0 0 0 0 0 0 1 1 0 0 1 0 1 0 0 0 1 0] 0.9048361934477379
[1 1 0 1 0 1 1 1 1 0 1 0 1 0 1 1 0 1 0 1 1 0 0 0 1 0 1 0 1 0 0 0 1 0] 0.8854875283446713
[1 1 1 1 0 0 1 1 0 1 0 0 0 0 0 0 1 0 0 0 1 0 0 0 0 0 0 0 0 0 1 0 1 1] 0.8978833651072982
[1 1 0 0 0 1 1 1 1 1 0 0 1 1 1 1 1 0 1 0 1 1 1 1 0 1 1 0 0 0 0 0 0 1] 0.8681257014590348
[1 0 0 0 1 0 1 0 0 0 1 1 0 1 0 0 0 0 0 0 1 1 1 0 0 1 0 1 0 0 0 0 1 0] 0.9048361934477379
[1 1 0 0 0 1 0 0 0 1 1 0 0 0 0 1 1 1 0 1 0 1 0 0 1 1 1 1 1 0 1 1 0 1] 0.8646149400375668
[1 1 1 1 0 0 1 0 0 0 1 1 1 1 1 0 0 1 1 0 0 1 0 0 0 0 1 0 0 1 1 1 0 1] 0.8959515701853954
[0 0 0 0 1 0 0 0 0 1 1 0 1 1 0 1 0 0 0 0 0 1 1 1 0 1 0 1 1 1 0 1 1 1] 0.74986291431512
[0 0 0 1 1 1 0 0 1 1 0 1 1 0 0 1 0 1 0 0 0 1 0 1 1 0 0 1 1 0 0 1 0 0] 0.7968165463340243
[1 0 0 1 1 0 0 1 0 1 1 0 0 0 1 0 0 1 1 1 1 1 1 1 0 0 1 1 1 1 1 0 1 0] 0.9055764149631484
[0 0 0 0 0 1 1 0 1 1 1 0 0 0 1 0 0 0 1 0 1 0 1 0 1 1 1 1 0 1 1 0 0 0] 0.749055694983142
[0 0 0 1 1 0 1 1 1 0 1 0 1 1 1 1 1 0 0 1 0 1 0 0 1 1 0 1 1 1 1 0 0 1] 0.7784036871753603
[0 1 0 1 1 0 0 0 0 1 0 1 0 0 0 1 1 1 1 0 0 0 0 0 1 1 1 0 1 0 1 0 1 1] 0.8430656934306568
[1 0 0 0 1 1 1 0 0 1 0 0 1 0 1 0 1 0 0 1 0 1 1 0 1 0 1 0 1 1 0 1 1 0] 0.9045584936064401
[1 0 0 1 0 0 1 0 0 1 1 1 0 1 1 1 1 1 0 1 1 1 1 0 0 1 1 1 0 1 0 0 1 0] 0.8905814732536408
[0 1 0 0 1 1 1 1 0 0 1 0 0 0 1 0 0 0 0 1 0 1 1 0 1 0 0 0 0 0 0 0 0 0] 0.8087354702359986
[0 1 1 1 0 0 0 0 1 1 0 0 0 1 1 1 0 0 0 1 1 0 0 0 0 0 1 0 1 0 1 1 1 0] 0.8219726727975722
[0 1 1 1 1 1 1 0 1 0 1 0 0 1 1 1 0 0 0 1 1 1 1 1 1 1 1 0 1 1 1 0 0 0] 0.7945041816009558
[1 1 1 0 0 0 1 0 1 0 1 1 1 0 1 1 1 1 1 1 0 0 1 1 0 0 0 1 1 1 0 0 1 1] 0.8959515701853954
[0 1 1 1 0 0 0 0 1 1 0 1 1 0 1 1 0 0 1 1 1 0 0 0 0 0 0 1 0 1 0 1 1 0] 0.8067738619331246
[0 1 1 0 0 0 0 0 0 1 1 1 1 1 1 1 0 0 0 0 1 0 0 0 0 0 0 1 1 1 1 1 0 1] 0.7665056360708535
[1 1 1 0 1 1 1 1 1 1 1 1 1 1 1 1 1 1 1 1 0 1 1 1 0 1 1 1 1 1 1 1 1 1] 0.9157822875938683
[1 1 1 1 0 1 1 1 0 0 1 1 1 1 1 0 1 1 0 0 0 1 1 1 0 1 0 0 0 1 1 0 0 1] 0.9025059931984166
[1 1 0 1 1 1 0 0 1 1 1 1 0 1 0 1 1 1 1 1 0 0 0 1 1 1 0 0 0 0 0 1 1 0] 0.9126727919874182
[0 0 0 1 0 0 1 1 0 1 1 1 0 1 0 1 1 0 1 1 0 1 0 1 0 1 1 0 1 1 1 1 1 0] 0.7342747775708669
[1 1 1 1 1 1 1 1 0 1 1 0 1 1 0 0 1 0 1 1 1 1 1 1 1 1 0 1 1 1 1 0 0 1] 0.931216931216931
[1 1 0 0 1 1 1 1 1 1 0 0 1 1 1 1 1 1 0 1 0 1 1 0 1 1 1 0 1 1 1 1 1 1] 0.9033716330759088
[1 1 0 1 1 0 1 1 1 1 1 0 1 1 1 1 1 1 1 1 1 1 1 0 1 1 1 1 0 1 0 0 1 1] 0.9049927560459156
[1 1 1 1 1 1 1 1 1 1 1 1 1 1 0 1 0 1 1 0 0 1 0 0 1 0 0 1 1 1 1 1 0 0] 0.9220310176333121
[1 0 1 0 1 0 1 0 0 1 1 0 1 1 1 0 0 1 1 1 0 1 1 0 1 1 0 0 0 0 1 1 1 1] 0.9272842302904141
[1 0 1 1 0 1 0 0 1 1 1 0 1 0 1 1 1 1 1 1 1 1 0 1 1 1 0 0 1 0 1 1 1 1] 0.8899920094472376
[0 0 1 1 1 1 1 0 0 1 0 0 0 1 1 0 1 1 1 1 0 0 0 1 0 0 1 1 1 1 1 1 1 0] 0.8229974160206718
[1 1 1 1 0 1 1 0 1 0 1 1 1 1 1 1 1 1 1 1 0 1 1 1 0 1 1 1 0 1 1 1 1 1] 0.9001140713680866
[0 0 1 0 1 1 1 1 1 1 0 1 1 1 1 1 1 1 1 1 1 0 1 1 1 1 1 1 0 1 1 1 1 1] 0.7784036871753603
[1 1 1 0 0 1 0 1 0 0 1 1 1 0 0 1 1 0 1 0 1 0 0 1 1 1 0 0 0 1 1 1 1 1] 0.8873916820271616
[1 1 0 0 0 1 0 0 1 1 1 1 1 0 0 1 1 1 0 1 0 1 1 0 1 1 1 1 1 1 1 1 0 1] 0.8558457793275873
[1 1 1 1 1 0 1 1 1 0 1 1 1 1 1 1 1 0 1 0 1 1 1 1 1 1 0 1 0 0 0 1 1 1] 0.9177810797424468
[1 1 1 1 0 1 1 1 0 1 0 0 1 0 1 0 1 1 0 0 1 0 0 1 0 0 0 0 0 0 1 1 1 1] 0.9043775678324887
[1 1 1 1 1 0 0 1 1 1 1 1 1 1 1 1 1 1 1 1 1 1 1 1 1 0 1 0 1 0 1 1 1 1] 0.912206367998006
[1 1 0 1 1 1 1 0 1 0 0 1 0 1 1 1 1 0 0 1 0 1 1 0 1 1 1 1 1 0 0 1 1 0] 0.9172834161392514
[0 1 1 0 0 1 1 1 1 0 0 1 0 1 0 1 1 0 1 1 0 1 0 0 1 1 0 1 0 1 1 1 1 0] 0.7816644803964437
[1 1 0 0 0 1 1 1 1 1 1 0 1 1 0 1 1 0 1 1 1 1 0 1 0 0 1 0 1 0 0 1 1 1] 0.873410011107528
[1 1 0 1 0 1 1 1 1 1 1 1 0 0 1 1 1 1 1 0 1 1 0 1 1 1 1 0 1 1 0 1 0 1] 0.8870477768572219
[0 1 0 1 0 1 0 1 0 1 0 1 1 1 0 1 1 1 1 1 1 1 1 0 1 1 0 1 1 1 1 1 0 1] 0.7168441689185608
[1 1 1 1 0 1 1 1 0 1 0 1 1 1 0 1 1 1 1 1 1 1 1 0 1 1 1 1 1 0 1 0 1 1] 0.897876643073812
[1 1 1 1 0 1 0 0 0 1 1 1 1 1 0 1 1 1 0 1 1 0 1 1 0 1 0 1 1 0 0 1 0 1] 0.9025059931984166
[0 0 1 1 1 1 1 0 0 0 1 1 1 1 0 1 1 1 1 1 0 1 0 0 1 1 1 0 0 0 0 1 1 0] 0.8266721793458286
[1 0 0 1 1 0 1 1 0 1 1 0 1 1 1 0 1 1 1 0 1 0 1 1 0 0 1 0 1 1 1 1 1 1] 0.9074779255190016
[1 1 1 0 0 0 1 1 0 1 1 1 1 1 1 0 1 0 0 1 1 0 1 1 1 0 1 0 1 1 1 0 1 0] 0.8939505782277057
[1 1 1 1 1 1 1 1 1 1 0 0 1 0 0 1 1 1 1 0 0 1 1 1 1 0 1 1 1 1 1 1 1 1] 0.9280805606586379
[1 1 1 0 1 0 1 1 0 1 1 0 1 1 1 1 1 0 1 0 1 1 0 0 1 1 1 1 0 0 1 1 1 1] 0.9288829115213759
[0 0 1 0 0 1 0 0 1 0 0 1 1 1 1 1 1 1 1 1 1 1 0 1 1 0 0 0 1 0 0 0 1 1] 0.7651195499296765
[0 0 1 1 1 1 0 1 1 1 0 1 1 1 1 1 1 1 1 1 0 0 0 1 1 0 0 0 1 1 1 1 1 0] 0.8069143471134012
[1 1 0 1 0 1 1 1 1 1 0 0 1 1 1 1 1 0 1 1 1 1 1 1 0 1 1 0 1 0 0 0 0 1] 0.8870477768572219
[1 1 1 1 1 0 1 1 1 1 0 0 0 0 1 1 1 0 1 1 1 1 1 1 0 0 1 1 1 1 1 1 1 1] 0.9291964996022275
[1 1 1 1 1 1 1 1 0 1 0 1 1 1 1 1 1 1 0 0 1 1 1 1 1 1 1 0 1 1 1 1 0 1] 0.9332277645816838
[1 1 1 1 1 1 0 1 1 1 1 1 1 0 1 1 1 1 1 1 1 0 0 0 0 1 1 0 0 1 0 1 1 1] 0.9165892241290295
[1 1 1 1 1 1 1 0 1 1 1 0 1 1 1 1 1 0 1 0 1 1 1 1 1 0 1 1 1 0 1 1 1 0] 0.9193573866875469
[0 1 1 1 0 1 1 1 1 1 1 1 1 0 0 1 0 1 0 1 0 1 1 1 0 1 1 1 0 0 1 1 0 1] 0.8027880278802788
[1 0 1 1 1 0 1 1 1 1 1 1 0 0 1 1 1 1 1 0 0 1 1 1 0 0 1 0 1 0 1 0 1 0] 0.9300778571961906
[0 1 0 1 1 1 1 0 1 1 1 1 1 0 1 0 1 1 1 1 1 1 1 1 1 1 0 1 1 1 1 1 1 1] 0.7451309860230658
[1 1 1 1 1 1 1 1 1 0 1 1 1 1 1 1 1 1 0 0 1 1 1 1 0 0 1 1 1 1 0 1 1 0] 0.9256141931696394
[1 1 1 0 1 1 1 1 1 1 0 1 1 0 0 1 1 1 1 1 1 1 1 0 1 1 1 0 1 0 1 1 1 1] 0.9229316749789628
[1 1 1 1 1 0 1 1 1 1 1 1 1 1 1 1 1 1 1 1 1 1 1 1 1 1 1 0 1 0 1 1 1 1] 0.9164080281398717
[1 0 0 1 1 0 0 1 1 1 1 1 1 1 1 1 0 0 1 0 1 1 1 1 1 1 1 0 0 1 1 0 0 1] 0.9091249065071055
[1 1 1 1 1 0 1 1 1 1 1 0 1 1 1 1 1 1 1 1 1 1 1 0 1 1 1 1 0 1 1 0 1 1] 0.9240572100527799
[1 1 1 1 1 1 0 1 1 1 1 1 1 0 1 1 1 1 1 1 1 0 1 0 0 1 1 0 0 1 0 1 1 1] 0.9149913129808886
[1 1 1 1 1 1 1 0 1 1 0 0 1 1 0 1 0 1 0 1 1 1 0 0 1 0 0 0 1 1 1 1 0 1] 0.9363585456851593
[1 0 1 1 1 1 1 1 1 1 1 1 0 0 1 1 1 1 1 0 1 1 1 1 1 1 1 0 1 1 1 1 1 1] 0.9271664008506113
[1 1 0 1 1 1 1 1 1 1 1 0 1 1 1 1 0 1 0 1 1 0 1 1 1 0 1 0 1 0 0 0 1 0] 0.9085497835497836
[1 0 1 1 1 1 0 1 1 0 1 0 0 1 1 1 1 1 1 1 1 1 0 1 1 1 1 1 1 1 1 1 1 1] 0.915336356295422
[1 1 0 0 1 1 1 1 1 1 1 1 1 0 1 0 0 1 0 0 1 1 1 1 0 1 1 1 0 1 1 1 1 1] 0.9052987598647125
[1 1 1 1 1 0 1 1 1 0 1 1 1 1 1 1 1 0 1 0 1 1 1 1 1 1 1 1 0 0 0 1 1 1] 0.9193573866875469
[1 1 1 1 0 1 1 1 1 1 1 1 1 0 0 1 1 1 1 1 1 1 1 0 1 0 0 1 1 1 1 1 1 1] 0.9133884366001699
[1 1 1 1 1 1 1 0 0 1 1 1 1 1 1 1 0 1 1 1 0 1 0 0 1 1 0 1 1 0 0 1 1 0] 0.9316552126116601
[1 1 1 1 1 1 1 1 0 1 0 1 1 1 0 1 1 1 1 1 1 1 1 1 1 1 0 0 1 1 1 0 1 1] 0.9379168182369347
[1 1 1 1 1 1 1 1 1 1 1 1 1 1 0 1 0 1 1 1 0 1 0 1 1 1 1 1 1 1 1 1 1 0] 0.9168940709501364
[1 1 0 0 1 0 1 1 0 1 1 0 1 0 0 1 0 1 1 1 1 1 1 1 0 1 1 1 0 1 0 1 0 0] 0.9112533046185279
[1 1 0 1 1 1 1 0 1 1 1 1 0 1 0 1 1 0 0 1 1 1 1 0 0 1 0 1 1 1 1 0 1 0] 0.9185551435242412
[1 0 1 0 1 1 1 1 1 1 1 1 1 1 1 1 1 1 1 1 1 1 0 1 1 0 1 1 1 1 1 1 0 1] 0.9245051026681422
[0 1 1 1 1 1 1 1 1 0 1 1 0 0 1 0 1 1 1 1 0 1 1 1 1 1 0 1 0 0 0 0 0 1] 0.8289617361158838
[1 1 1 1 1 1 1 1 1 1 0 1 1 1 1 1 0 0 1 0 0 1 0 0 1 0 1 0 0 1 0 1 1 1] 0.9363585456851593
[1 1 1 0 1 1 1 1 0 1 1 0 1 1 1 1 0 1 1 1 0 1 0 1 0 0 1 0 0 0 1 1 1 0] 0.9320656590281164
[1 0 1 1 1 1 1 1 1 1 0 1 0 1 1 1 1 1 1 0 1 1 1 1 1 1 1 1 1 1 1 0 1 1] 0.931216931216931
[1 1 1 1 1 1 1 1 1 1 0 1 1 1 1 1 1 1 1 0 1 1 1 1 1 1 1 1 1 1 1 1 1 1] 0.9209288290883155
[1 1 1 1 1 1 1 0 1 1 0 0 1 1 0 1 1 1 0 0 0 1 0 0 1 0 0 0 1 1 1 1 1 0] 0.9399383052077663
[1 1 1 1 1 1 1 0 0 1 1 1 1 1 1 1 0 1 1 1 0 1 1 0 1 1 0 1 1 1 0 1 1 1] 0.9291964996022275
[1 1 1 1 1 1 1 0 0 0 1 1 1 1 1 0 0 1 1 0 0 1 0 0 0 0 1 0 0 1 1 1 0 1] 0.9347955350144598
[1 0 1 0 1 0 1 1 1 1 1 1 0 1 0 1 0 1 1 1 1 1 1 1 0 1 1 1 1 1 0 1 0 1] 0.9256806475349522
[1 0 0 1 1 1 1 1 1 1 0 0 1 0 1 0 1 0 0 1 0 1 1 0 1 0 1 0 1 1 0 1 1 0] 0.9156618213853099
[1 1 1 1 1 1 1 1 1 1 1 1 1 1 0 1 1 1 1 1 1 1 0 1 1 1 0 1 1 1 1 1 0 1] 0.922495429428319
[1 1 1 1 1 1 1 0 1 0 1 1 0 1 1 1 1 0 1 1 1 1 1 0 1 1 1 1 1 1 1 1 1 0] 0.9317945899737438
[1 0 1 1 1 1 1 0 0 0 0 1 0 0 1 1 0 1 1 0 1 1 1 1 1 0 0 0 1 0 1 1 0 1] 0.9455264353076327
[1 1 1 0 1 0 1 1 1 1 1 1 1 1 1 1 1 1 1 1 0 1 1 0 1 1 1 0 0 1 1 1 1 1] 0.9296511430415436
[1 1 1 1 1 1 1 1 0 1 0 1 1 0 0 1 1 1 1 1 1 1 1 1 1 1 1 0 0 1 1 1 1 1] 0.9316552126116601
[1 0 0 1 1 1 1 0 0 1 1 1 0 0 0 0 1 1 0 1 1 0 1 1 0 0 1 0 1 1 1 1 1 0] 0.9227712225499837
[1 1 1 1 1 1 1 1 1 1 1 1 1 1 0 0 1 1 1 1 1 1 1 1 1 1 0 1 1 1 1 0 0 1] 0.9276374928495548
[1 1 1 0 1 1 1 1 0 0 1 1 1 0 1 1 1 0 1 1 1 1 0 1 0 1 1 1 0 0 1 1 1 1] 0.9284956762930332
[1 1 1 0 1 1 1 0 0 1 1 0 1 1 1 1 0 1 1 1 1 1 1 1 1 1 0 0 1 1 1 0 1 1] 0.9233398270617587
[1 1 1 1 1 1 1 1 1 1 1 1 1 1 1 1 1 1 1 1 1 1 1 1 1 1 1 1 1 0 1 1 1 1] 0.9235811744741417
[1 1 0 1 1 1 1 0 1 1 0 1 0 1 1 1 1 0 0 1 0 1 1 0 1 1 1 1 1 0 0 1 1 0] 0.9205116084701755
[1 1 1 1 1 1 1 0 1 1 0 1 1 1 0 1 0 1 0 0 0 1 0 1 1 1 1 0 1 1 1 1 0 0] 0.9383733139487925
[1 1 1 1 1 1 1 1 0 1 1 0 1 1 0 0 1 0 1 1 1 1 1 1 1 1 1 1 1 1 1 0 0 1] 0.931216931216931
[1 1 1 1 1 1 1 1 1 1 1 1 1 1 1 1 1 1 1 1 1 1 1 1 0 1 1 0 0 1 1 1 1 1] 0.922495429428319
[1 1 1 1 1 1 1 1 1 1 1 1 1 1 1 1 1 0 1 0 0 1 0 1 1 0 1 1 1 1 0 1 1 1] 0.9193573866875469
[1 1 1 1 0 1 1 1 1 1 0 0 1 1 1 1 1 0 1 1 1 1 1 1 0 1 1 0 1 0 0 0 1 1] 0.903665600234197
[1 1 1 1 1 1 0 0 1 0 1 1 0 0 1 1 1 1 1 0 1 1 1 1 1 1 1 0 1 0 1 0 1 1] 0.9165892241290295
[1 1 1 1 1 1 1 0 0 1 1 1 1 1 1 1 0 1 1 1 0 1 0 1 1 1 0 1 1 0 0 1 1 0] 0.9399383052077663
[1 1 1 1 1 1 1 1 0 0 1 1 1 1 1 0 1 1 1 1 0 1 1 0 1 0 1 0 1 1 1 1 0 1] 0.9343342124839386
[1 1 1 1 1 1 0 1 1 1 1 1 0 1 0 1 1 1 1 1 1 1 1 1 0 1 1 1 1 0 0 1 1 0] 0.9265051620157415
[1 1 1 1 1 0 0 0 1 1 0 1 1 1 0 1 1 1 0 1 1 1 0 1 1 1 1 1 1 1 0 1 1 1] 0.9237199582027169
[1 1 1 1 1 0 1 1 1 1 1 1 1 0 1 1 1 1 1 1 1 1 1 0 1 1 1 1 1 1 0 1 0 1] 0.9209288290883155
[1 0 1 1 1 1 1 0 1 0 0 1 1 0 1 1 1 1 1 0 1 1 1 1 1 0 1 0 1 1 1 1 1 1] 0.9256141931696394
[1 1 1 0 1 1 1 1 1 1 0 1 1 0 1 1 1 1 1 1 1 1 1 1 1 1 1 0 1 0 1 1 1 1] 0.9204760728111357
[1 1 0 1 1 0 0 1 1 1 1 1 0 1 0 0 1 1 1 1 1 1 1 1 0 0 1 1 1 1 1 0 1 1] 0.8984775843216418
[1 1 0 1 1 1 1 0 0 1 0 0 1 0 1 1 1 1 1 1 0 1 1 0 1 0 1 0 1 1 0 1 1 0] 0.9107667627799559
[1 0 1 1 1 1 1 0 0 0 0 1 0 1 1 1 0 1 1 0 1 1 1 1 1 0 1 0 1 1 1 1 0 1] 0.9419502775766353
[1 0 1 1 1 0 1 1 1 1 1 1 0 0 1 1 1 1 1 0 0 1 0 0 0 0 1 1 1 0 1 0 1 1] 0.9316552126116601
[1 1 1 1 1 1 0 1 1 1 1 1 1 1 1 1 0 0 1 1 1 1 1 0 1 1 0 0 0 1 0 0 0 0] 0.920154959031849
[1 1 1 1 1 1 1 1 1 1 1 1 1 1 1 1 1 0 1 1 0 1 1 1 1 1 1 1 1 1 0 1 1 1] 0.9245051026681422
[1 1 1 1 1 1 1 1 0 1 1 0 1 1 1 1 0 1 1 1 0 1 0 1 0 0 1 0 0 0 1 1 1 0] 0.9245051026681422
[1 1 1 1 1 1 1 1 1 1 0 1 1 1 1 1 1 1 1 0 0 1 1 1 1 0 1 0 1 1 1 1 1 1] 0.9276374928495548
[1 1 1 1 1 1 1 0 1 1 0 1 1 1 0 1 1 1 0 0 0 1 0 1 1 1 1 0 1 1 1 1 0 0] 0.9383733139487925
[1 1 1 1 1 1 0 1 1 1 1 0 1 1 1 0 0 1 1 1 1 1 0 1 1 1 1 1 1 1 1 0 0 1] 0.9265051620157415
[1 1 1 1 1 1 1 0 1 1 0 1 0 1 1 1 0 1 1 1 1 1 1 1 1 0 0 0 1 1 1 1 0 1] 0.9327779471028481
[1 1 1 1 1 1 1 0 1 1 1 1 1 1 1 1 1 1 1 0 0 1 0 0 1 1 0 0 1 1 1 1 1 0] 0.9302565775168514
[1 1 1 0 1 1 1 1 0 1 1 0 1 1 1 1 0 1 1 1 1 1 1 1 1 1 0 1 1 1 1 0 1 1] 0.9245051026681422
[1 1 1 1 1 1 1 1 1 1 0 1 1 1 1 1 1 1 1 1 1 1 1 1 1 1 1 1 1 1 1 1 1 1] 0.9148620177529099
[1 1 1 1 1 1 1 1 1 1 0 1 1 1 1 1 1 1 1 1 1 1 1 1 1 0 1 0 1 1 1 1 1 1] 0.9251265654143351
[1 1 1 1 1 1 1 1 1 1 0 1 1 1 1 1 1 1 1 1 1 1 0 1 1 0 1 1 1 1 1 1 1 1] 0.9220310176333121
[1 1 1 1 1 1 1 1 1 1 1 0 1 1 1 1 1 1 1 1 1 1 0 0 1 1 1 0 0 1 1 0 1 1] 0.9251265654143351
[1 1 1 1 1 1 1 1 0 0 1 1 1 1 1 1 1 1 1 1 1 1 0 1 0 0 1 1 0 1 1 1 1 1] 0.9209288290883155
[1 1 1 1 1 0 1 1 1 1 0 0 1 1 1 1 1 1 1 1 1 1 1 1 1 0 1 1 1 1 1 1 1 1] 0.9157822875938683
[1 0 1 1 1 1 1 1 1 0 1 1 0 1 1 1 1 1 1 1 1 1 1 0 1 0 1 1 1 0 1 1 1 0] 0.9297343616109683
[1 1 1 1 1 1 1 0 1 0 0 1 1 1 1 1 1 1 1 0 1 1 0 1 1 0 1 0 1 1 1 1 1 1] 0.930750743411137
[1 1 1 1 1 1 1 1 1 1 1 1 1 1 1 1 0 1 1 1 0 1 0 1 1 0 1 0 1 1 1 1 1 1] 0.9235811744741417
[1 1 1 1 1 1 1 0 1 1 0 1 1 1 1 1 1 1 0 0 0 1 0 0 1 0 1 0 1 1 1 1 1 0] 0.9394703741819184
[1 1 1 1 1 1 1 0 1 1 0 1 1 1 0 1 1 1 1 0 0 1 0 1 1 0 0 0 1 1 1 1 1 1] 0.931216931216931
[1 1 1 1 1 1 1 1 1 1 0 1 1 1 1 1 1 1 1 0 1 1 1 1 1 1 1 0 1 1 1 1 1 1] 0.930750743411137
[1 1 1 1 1 1 1 0 1 1 0 1 1 1 0 1 0 1 0 0 0 1 0 1 1 0 1 0 1 1 1 1 0 0] 0.9403785849062939
[1 1 1 1 1 1 1 0 1 1 0 1 1 1 1 1 0 1 1 0 0 1 0 1 1 0 1 0 1 1 1 1 1 0] 0.9358857490124582
[1 1 1 1 1 1 1 0 1 1 0 1 1 1 1 1 1 1 1 0 0 1 0 1 1 1 1 0 1 1 1 1 1 0] 0.9291964996022275
[1 1 1 1 1 1 1 0 0 1 1 1 1 1 1 1 0 1 1 1 0 1 0 1 1 0 0 0 1 0 1 1 1 0] 0.9399383052077663
[1 1 1 1 1 1 1 0 0 1 0 1 1 1 1 1 0 1 1 0 0 1 0 0 1 0 0 0 1 1 1 1 0 1] 0.9419502775766353
[1 1 1 1 1 1 1 0 0 1 0 1 1 1 1 1 0 1 1 0 0 1 0 1 1 0 0 0 1 1 1 1 1 0] 0.9435172353772101
[1 1 1 1 1 1 1 0 0 1 0 1 1 1 1 1 0 1 1 0 0 1 0 1 1 0 1 0 1 1 1 1 0 1] 0.9403785849062939
[1 0 1 1 1 1 1 1 0 1 0 1 0 1 1 1 1 1 1 0 1 1 1 1 1 0 0 0 1 1 1 0 1 1] 0.9430541317413416
[1 0 1 1 1 1 1 0 0 0 0 1 0 1 1 1 0 1 1 0 1 1 1 1 1 0 0 0 1 1 1 1 0 1] 0.9419502775766353
[1 1 1 1 1 1 1 0 1 1 0 1 1 1 1 1 0 1 1 0 0 1 0 0 1 0 0 0 1 1 1 1 1 1] 0.9358857490124582
[1 0 1 1 1 1 1 0 0 0 0 1 0 1 1 1 0 1 1 0 1 1 1 1 1 0 0 0 1 0 1 1 0 1] 0.943952802359882
[1 1 1 1 1 1 1 0 0 1 0 1 1 1 1 1 0 1 1 0 0 1 0 1 1 0 0 0 1 1 1 1 0 1] 0.9419502775766353
[1 1 1 1 1 1 1 0 0 1 0 0 0 0 0 1 0 1 1 1 1 1 1 0 0 1 0 1 0 1 0 0 1 0] 0.9304767136666056
[1 0 0 1 0 0 0 0 1 1 1 1 0 0 1 0 0 0 1 1 0 0 0 0 0 1 0 0 1 0 1 1 0 1] 0.8734093006287688
[1 0 1 1 0 1 0 1 0 1 0 0 0 1 0 1 1 0 0 0 1 0 1 0 1 0 0 1 0 0 1 0 0 0] 0.9028716921278904
[1 1 0 0 1 1 0 0 0 0 1 1 1 1 0 1 1 1 0 1 0 1 1 1 1 1 1 1 1 0 1 1 0 1] 0.8956271495753492
[0 0 1 1 1 1 1 1 1 0 1 0 0 1 1 1 0 0 1 1 1 1 1 1 1 1 0 0 0 0 1 1 1 1] 0.7931378416118093
[0 0 0 1 1 0 1 0 1 0 0 1 0 0 1 0 0 1 0 0 1 0 0 0 1 0 1 0 0 0 1 1 0 1] 0.8165666713176132
[1 1 0 0 1 1 1 1 0 0 0 0 1 0 0 1 0 1 0 1 0 0 0 1 0 0 0 1 0 1 0 1 1 1] 0.9095874122006526
[0 1 0 1 0 0 1 0 0 1 0 1 1 0 0 0 0 0 1 0 0 1 0 1 0 0 0 0 0 0 1 1 0 1] 0.7632669983416253
[1 0 1 1 1 0 0 1 0 1 1 1 0 1 1 0 1 1 0 1 0 1 0 0 1 1 0 0 1 0 1 1 0 1] 0.9407912834034444
[1 1 1 0 0 0 1 1 0 0 1 1 1 0 0 0 0 1 1 1 1 1 0 1 0 1 1 0 1 1 1 1 0 0] 0.899482197937166
[0 0 0 1 1 0 0 0 1 1 0 1 1 0 0 1 0 0 1 0 0 0 0 0 1 0 1 1 0 1 0 0 0 1] 0.8123991864787152
[1 0 1 1 1 0 1 0 0 0 0 1 1 0 0 0 1 1 0 1 0 0 1 1 0 0 0 1 0 1 1 0 0 1] 0.9372209088521146
[1 1 0 0 1 1 0 0 0 1 0 0 0 1 0 0 0 1 0 0 1 1 1 1 0 0 0 1 1 1 0 1 0 1] 0.9013080494817228
[1 0 1 1 0 1 0 1 0 1 0 1 0 0 0 0 1 1 0 1 1 0 1 0 1 0 1 1 1 1 1 1 1 1] 0.9043775678324887
[1 0 0 1 1 1 1 0 0 0 0 1 0 1 1 0 0 1 1 1 0 1 1 1 1 1 0 1 1 1 1 0 0 0] 0.9227712225499837
[1 1 1 1 1 1 1 0 0 1 1 1 0 0 0 0 0 1 1 0 0 0 0 0 0 0 0 0 1 1 1 1 0 1] 0.9368035754009182
[1 0 1 1 0 1 0 1 0 1 1 1 1 1 0 1 0 1 1 0 0 0 1 1 1 1 1 0 1 1 0 1 0 0] 0.9025059931984166
[1 0 1 1 0 0 0 1 0 0 1 0 1 1 1 1 0 0 1 0 0 0 0 1 1 1 1 0 0 0 0 0 0 1] 0.8926389415581679
[1 0 0 1 1 0 1 0 1 0 0 0 1 1 1 0 1 1 0 0 0 1 1 0 1 1 0 1 1 0 0 0 1 1] 0.9060469765117442
[1 1 0 1 0 1 1 1 0 0 0 0 0 0 1 1 1 0 0 1 0 0 1 1 1 1 1 1 0 1 1 1 1 1] 0.8887333503011793
[1 1 1 1 0 0 0 1 0 1 1 0 0 1 1 1 0 0 1 0 0 0 0 0 1 1 1 1 1 0 1 0 1 0] 0.9064050331199246
[1 1 1 0 0 0 1 0 0 1 0 0 0 0 1 1 0 1 0 1 0 1 0 1 1 0 0 0 1 1 1 0 0 1] 0.8977794552431275
[1 0 1 1 1 1 0 1 0 1 0 0 0 0 1 1 0 1 0 0 1 1 0 0 1 1 1 0 0 1 0 0 0 0] 0.9308477838086914
[0 1 1 1 0 1 0 1 1 1 0 0 0 1 1 1 1 1 0 1 0 0 0 0 1 0 1 0 1 1 0 0 1 1] 0.8270371646189765
[0 0 0 0 0 0 1 1 1 1 1 0 1 0 0 1 1 1 0 1 0 1 0 0 1 0 0 1 0 1 1 1 1 1] 0.7319528776791738
[0 1 1 0 1 0 0 0 0 1 0 1 0 1 1 1 0 1 0 0 1 1 0 1 1 1 1 0 0 1 0 1 1 1] 0.8018657953307762
[1 1 0 1 1 1 1 1 1 1 0 0 0 1 0 1 0 1 0 0 0 0 1 1 1 1 1 1 0 0 0 1 1 1] 0.9124035182193502
[0 1 1 1 1 0 1 0 1 1 1 0 0 1 0 0 0 0 1 1 0 1 0 0 0 0 0 1 1 1 1 0 0 0] 0.8582619664077541
[1 1 0 0 1 1 0 1 1 0 1 0 1 1 1 1 0 1 0 1 0 0 0 0 1 0 0 1 1 0 0 1 0 0] 0.9010230339546853
[1 0 1 1 0 0 0 0 0 1 1 1 0 1 0 1 1 1 0 1 0 0 0 0 1 1 0 0 0 1 0 0 1 0] 0.8961629387161302
[0 1 0 1 1 1 1 0 0 1 0 0 1 0 1 0 1 0 0 1 0 0 0 1 0 1 0 1 1 0 1 1 1 1] 0.7884900860996766
[1 1 0 1 1 0 0 1 0 0 0 1 0 1 0 0 1 0 1 0 1 0 0 1 0 0 1 1 0 1 1 0 1 0] 0.9028716921278904
[1 1 0 1 1 0 1 0 1 0 1 1 1 1 0 1 1 0 0 1 1 0 1 0 0 1 1 1 0 1 0 1 0 1] 0.9052987598647125
[0 0 1 1 0 0 1 0 0 1 1 0 0 1 0 0 1 0 1 0 0 1 0 0 0 1 1 1 1 1 1 0 0 1] 0.7981859410430838
[0 0 0 0 1 0 1 1 0 0 0 0 1 1 0 1 0 1 0 1 1 0 0 1 1 0 0 0 0 1 0 1 0 0] 0.805543770329515
[1 0 0 0 0 0 0 0 0 0 1 0 1 1 0 1 1 1 1 1 1 1 1 0 0 1 1 1 0 1 1 0 0 0] 0.8609807670026648
[0 1 0 1 1 1 0 0 1 0 1 0 1 0 1 1 0 0 1 0 0 0 0 1 0 0 1 1 0 0 0 0 1 0] 0.8188501588626824
[0 1 0 0 0 0 0 1 1 0 0 0 0 1 1 1 0 1 1 0 1 0 1 0 1 1 1 1 1 1 1 0 0 1] 0.7073602834594943
[0 0 0 1 0 0 0 0 0 0 1 1 0 0 1 1 1 1 0 0 1 0 1 1 1 0 0 1 0 0 0 0 1 0] 0.7015834348355665
[0 0 0 0 1 1 0 0 1 0 0 1 0 0 1 0 0 0 1 1 0 1 0 1 0 0 1 1 0 0 0 1 1 0] 0.7954422483210797
[1 0 1 0 1 0 1 1 1 1 0 0 1 1 1 0 0 1 1 0 0 1 0 1 1 0 1 1 0 1 1 1 1 1] 0.9372209088521146
[0 1 0 1 0 0 0 1 1 0 0 0 1 0 1 1 0 0 1 1 1 0 1 1 1 1 1 1 0 1 1 0 1 1] 0.6957819267023329
[1 0 0 1 1 0 0 1 0 1 0 1 1 0 0 0 1 1 0 1 1 0 1 0 1 0 0 1 1 1 0 1 1 0] 0.9131273067812483
[1 1 1 0 0 0 1 0 0 1 0 0 0 0 1 1 1 1 1 0 1 1 0 1 1 1 0 0 1 0 1 0 0 1] 0.8995983935742972
[1 1 1 1 1 1 0 1 1 0 0 0 1 0 1 0 0 0 1 1 1 1 1 0 1 0 1 0 1 1 1 0 1 0] 0.9288829115213759
[0 0 0 0 0 1 1 0 1 0 1 1 0 1 0 1 0 0 1 0 0 0 1 0 0 1 1 1 0 0 1 1 1 1] 0.7313335930398649
[0 0 1 0 0 0 0 1 0 0 1 1 1 0 1 1 0 0 0 1 1 1 1 1 1 0 0 1 0 0 1 0 1 0] 0.7504343572356325
[1 1 0 1 1 0 0 1 1 0 1 1 1 1 0 1 1 0 1 0 0 1 0 1 1 0 1 1 0 0 1 1 1 1] 0.9041684931220907
[0 0 1 1 0 0 1 0 0 1 0 1 0 1 1 1 1 0 1 1 0 0 0 1 1 1 0 0 1 0 1 1 1 1] 0.8069143471134012
[1 0 1 0 1 1 1 0 0 1 1 0 1 1 1 1 0 1 0 1 0 0 1 1 1 0 1 1 1 1 0 0 0 0] 0.9308477838086914
[1 1 0 0 0 0 1 1 0 0 0 1 0 0 1 1 0 1 0 1 0 1 1 1 0 1 0 0 0 1 1 1 1 1] 0.8769277981173415
[0 0 1 1 1 1 0 0 1 1 0 0 0 0 0 1 0 1 0 1 0 1 0 1 0 0 0 0 1 0 1 1 0 1] 0.8551336146272855
[0 1 0 1 0 0 1 1 1 1 1 1 1 0 1 1 1 1 0 1 1 0 0 0 0 0 0 0 1 0 1 1 1 0] 0.7457382504754142
[1 0 0 0 1 0 1 1 1 0 1 0 1 0 0 0 0 1 1 0 1 0 1 0 1 1 0 1 1 1 0 0 0 1] 0.9147948765546686
[0 1 1 1 0 1 0 0 1 0 0 1 0 1 0 1 1 1 1 0 1 1 1 0 1 1 1 1 0 0 0 1 1 0] 0.7949544900738192
[1 0 0 1 1 1 0 1 1 1 0 1 1 1 0 0 1 1 1 1 0 0 0 0 1 0 0 1 1 1 1 0 0 1] 0.9107667627799559
[1 0 0 1 0 0 0 0 0 1 0 1 1 0 1 0 1 0 1 0 1 0 0 0 1 1 0 1 0 1 1 0 1 0] 0.8733660656218062
[0 1 0 1 1 0 0 1 0 0 0 0 0 0 0 0 0 0 1 1 0 1 1 0 0 1 1 1 1 1 1 1 1 0] 0.8123991864787152
[0 0 0 0 0 0 0 0 0 1 0 1 0 0 1 1 1 0 1 1 1 0 0 0 0 1 1 1 0 0 0 0 1 1] 0.6824800941760981
[1 1 1 1 0 1 0 1 0 0 0 0 1 0 1 0 0 1 0 1 0 1 0 0 0 0 1 0 1 1 1 1 0 0] 0.9064050331199246
[1 1 0 0 1 1 0 0 0 1 1 1 0 0 1 0 0 1 0 0 0 0 0 1 1 0 0 1 0 0 0 1 0 1] 0.9082426127527217
[0 1 0 0 0 1 0 0 0 0 1 1 1 1 0 0 0 0 1 1 1 1 0 0 1 0 1 0 0 1 0 0 0 1] 0.7025577334989291
[1 1 1 0 0 0 0 1 0 0 1 1 1 1 1 0 1 0 0 0 1 1 0 1 1 1 0 1 0 1 0 1 0 1] 0.8857086319241262
[1 0 0 0 0 0 0 0 1 0 0 0 0 1 1 1 0 1 0 0 1 0 0 1 1 0 0 0 1 1 0 1 1 0] 0.8678806664083688
[1 0 1 1 0 1 0 1 0 1 0 1 0 0 0 0 1 1 1 0 1 1 1 0 0 1 0 0 0 1 1 0 0 1] 0.899482197937166
[0 0 1 1 0 0 1 1 1 0 0 0 0 0 1 1 1 1 0 0 0 0 1 0 1 1 0 1 1 1 1 1 0 0] 0.7898404459823144
[1 0 1 1 0 1 1 1 0 0 0 0 1 1 0 0 0 0 1 1 0 0 1 0 0 1 1 0 0 0 1 0 0 0] 0.9080934492801748
[0 1 0 1 1 1 1 0 0 1 0 0 1 0 0 0 1 0 1 1 1 0 0 1 1 0 1 1 0 0 1 1 1 1] 0.7723721067374316
[0 1 1 1 0 1 0 1 1 1 0 0 1 0 1 1 1 0 0 0 0 0 0 1 0 0 1 1 0 0 1 0 0 1] 0.8321007943029306
[1 0 0 0 1 1 0 1 1 0 1 0 0 0 1 1 0 0 1 0 1 1 0 0 0 0 1 0 1 1 0 0 1 0] 0.8978833651072982
[0 1 1 1 1 1 1 0 0 0 1 0 1 0 1 1 0 1 0 0 0 1 0 0 0 1 0 1 0 1 0 1 1 0] 0.8596677271120539
[1 0 1 0 0 0 1 0 0 0 1 0 0 0 0 1 0 0 1 0 0 1 1 0 0 1 1 0 1 0 1 1 1 1] 0.8874494612730467
[0 0 0 0 1 1 1 1 0 1 0 1 1 1 1 1 1 0 1 0 0 0 0 1 0 0 0 1 1 0 1 1 1 1] 0.7834472064738092
[0 1 1 1 1 1 0 0 1 0 0 1 1 0 1 0 0 0 1 1 1 0 1 0 0 0 0 1 0 0 0 1 0 1] 0.8252916407813903
[0 0 1 1 1 1 0 1 1 0 0 0 0 1 1 1 0 0 0 1 1 0 1 0 0 1 0 1 0 1 0 1 1 1] 0.8582619664077541
[0 1 0 1 1 0 0 0 0 0 0 0 1 1 0 0 1 1 0 0 0 1 0 1 0 1 1 0 1 0 0 1 0 0] 0.810126582278481
[0 0 1 1 0 0 1 1 1 0 0 0 1 1 0 1 1 0 1 0 0 1 1 0 1 0 1 0 1 1 1 1 1 1] 0.7911859474067144
[0 0 0 1 0 0 1 0 1 0 1 1 1 0 0 0 1 1 1 0 0 1 0 1 1 0 0 0 0 1 0 1 0 0] 0.7596856588081369
[0 1 0 0 1 1 0 1 1 0 0 1 0 0 0 1 1 0 0 1 0 0 1 1 0 1 1 1 0 1 0 0 1 0] 0.7940630206215973
[1 0 1 0 1 1 0 0 0 1 0 1 1 1 1 0 1 0 1 1 0 0 1 0 0 1 0 0 1 0 1 0 1 0] 0.934410627138894
[0 1 1 0 1 1 0 0 0 1 0 0 1 0 0 0 1 0 1 0 0 0 1 0 0 0 1 1 1 1 0 0 1 0] 0.8162936075821738
[1 1 1 1 0 0 1 0 1 1 0 1 0 1 1 1 0 0 0 1 0 0 0 1 0 0 0 0 1 1 1 1 1 0] 0.9129140305173056
[0 1 0 0 0 0 0 1 0 0 0 1 1 1 0 1 0 1 1 0 1 1 1 1 1 0 0 1 0 0 0 0 0 1] 0.7094984524542204
[1 0 0 1 1 1 1 0 0 0 0 0 1 1 0 1 0 0 1 1 1 1 0 1 0 0 0 1 1 1 1 1 0 1] 0.9140351965589263
[0 1 1 1 0 0 1 0 0 1 1 0 1 0 1 0 1 0 1 1 0 1 1 1 0 0 1 1 0 0 0 0 0 1] 0.7945041816009558
[0 0 0 0 0 1 0 0 1 1 1 1 0 0 1 1 0 1 1 1 0 1 0 1 1 0 1 1 1 1 1 0 1 0] 0.7116232750035567
[0 1 0 0 1 0 1 0 0 1 0 1 1 1 1 0 1 0 1 0 0 0 1 0 0 1 1 1 1 1 0 1 1 0] 0.7582229566755969
[1 1 1 0 0 0 1 1 0 0 0 1 1 0 1 1 0 0 1 0 0 0 1 1 0 1 0 1 0 0 0 0 1 0] 0.8979591836734693
[0 1 1 0 0 1 1 1 1 0 0 0 1 1 0 1 0 0 0 1 1 0 0 1 1 0 0 1 1 0 1 1 1 1] 0.7857746853180643
[0 1 1 1 0 1 0 1 0 1 0 0 1 1 1 1 0 1 0 1 0 0 1 1 0 1 0 0 1 0 0 0 0 0] 0.8045325779036827
[0 1 1 1 1 1 1 1 0 0 1 0 0 1 1 0 0 0 1 1 1 0 0 1 1 1 0 0 1 1 1 0 0 1] 0.805543770329515
[0 0 1 1 0 0 1 0 0 0 1 0 0 0 1 1 1 0 0 0 0 0 1 1 1 0 0 1 0 1 0 0 0 0] 0.8188501588626824
[0 1 1 1 1 1 1 0 0 1 0 0 1 0 1 1 1 0 0 0 1 1 0 0 1 0 1 0 0 0 1 0 0 0] 0.8216197893796174
[1 1 1 0 1 0 0 1 1 1 0 1 1 0 0 0 1 0 1 1 1 1 0 0 0 1 1 1 0 0 1 0 0 1] 0.9315068493150686
[0 0 1 1 0 1 0 1 0 0 1 1 1 0 1 0 1 1 1 1 1 1 1 1 0 0 0 1 0 0 1 0 0 0] 0.7673319977245184
[0 0 1 0 1 0 1 0 1 0 0 0 0 1 1 0 0 1 0 1 0 0 1 1 0 0 1 1 0 0 1 0 1 1] 0.8233801582358776
[0 0 0 1 0 0 0 0 0 0 1 0 1 1 1 0 1 1 0 1 0 1 0 1 0 0 0 0 1 0 0 1 1 0] 0.7116232750035567
[1 1 1 0 1 0 1 0 1 1 0 0 0 0 1 0 0 0 0 0 1 0 1 0 0 0 1 0 1 0 0 0 0 0] 0.9360130481081591
[1 1 0 1 0 1 0 1 0 0 0 0 1 0 1 0 0 1 1 1 1 0 1 0 1 0 0 0 1 1 0 1 1 0] 0.8768884603021536
[1 0 0 1 0 1 1 1 0 1 0 0 1 0 1 0 0 0 1 0 1 0 0 1 1 0 1 0 0 0 0 0 1 0] 0.8786946864855629
[1 1 0 1 1 1 1 1 1 1 1 0 1 1 1 1 1 1 1 0 1 1 0 1 1 1 1 1 1 1 1 1 1 0] 0.9062623984631126
[1 1 0 0 1 1 1 1 1 0 1 1 1 1 1 1 0 1 1 1 1 0 0 0 1 1 1 1 1 1 1 1 1 1] 0.9033716330759088
[1 1 1 1 1 1 1 1 1 1 1 1 1 1 1 1 1 1 0 1 0 1 1 1 1 1 1 1 1 1 1 0 0 1] 0.9291964996022275
[1 1 1 1 0 1 0 1 0 1 1 1 0 0 1 1 1 1 1 1 1 1 1 1 1 1 1 1 1 1 1 1 1 1] 0.8774490806528011
[1 0 0 0 0 1 0 0 1 1 1 1 0 1 1 1 0 1 1 1 0 1 0 1 1 0 1 1 1 1 1 0 1 0] 0.8575498575498576
[1 0 0 1 1 1 1 1 1 1 0 1 1 1 0 0 1 1 1 1 0 0 0 0 1 0 1 1 1 1 1 0 0 1] 0.9221182522093626
[1 0 1 1 1 1 1 1 0 1 1 0 1 1 0 1 1 0 1 0 1 0 1 1 1 0 1 1 1 1 1 0 0 0] 0.9394703741819184
[1 1 1 1 1 1 0 1 1 1 0 0 0 1 1 1 1 1 0 1 0 0 0 1 1 0 1 1 1 1 1 0 1 1] 0.9352290679304898
[1 1 1 1 1 1 1 0 1 1 1 1 1 1 1 1 1 1 0 0 1 1 1 0 0 1 1 1 0 1 0 1 1 1] 0.922495429428319
[1 1 1 0 1 1 1 1 1 0 1 0 1 1 1 1 0 1 1 1 1 0 1 1 0 0 1 1 1 1 0 1 1 1] 0.9280805606586379
[0 0 0 0 1 1 1 1 1 0 0 1 0 0 1 0 0 0 1 1 0 1 1 1 0 1 1 1 1 0 0 1 1 1] 0.7696721581006873
[1 1 1 1 0 1 1 1 1 0 1 0 1 0 1 1 1 1 0 1 0 1 0 1 1 1 1 0 1 1 1 1 0 1] 0.9052987598647125
[1 1 1 1 0 0 0 1 0 0 1 0 1 1 1 1 0 0 1 1 0 0 0 1 1 1 1 0 1 0 1 0 0 1] 0.9080934492801748
[0 1 1 1 0 0 1 0 0 1 1 1 1 1 1 0 1 1 1 1 1 1 1 1 1 0 1 1 1 1 0 1 0 1] 0.7622912724496232
[1 1 1 1 1 1 0 1 0 1 0 1 1 1 1 0 1 1 1 0 1 1 1 0 1 1 0 0 0 1 1 0 1 1] 0.9237199582027169
[0 0 1 1 1 1 0 0 0 1 0 0 1 0 1 0 1 1 1 0 1 0 1 0 1 0 0 1 1 1 0 0 1 0] 0.804596073990185
[1 1 1 1 1 1 0 1 1 1 1 0 1 0 1 0 1 0 1 1 1 1 1 1 1 1 1 0 1 1 1 1 1 0] 0.9197702427274412
[1 1 1 1 1 0 1 0 1 1 0 0 1 0 1 0 0 0 1 0 1 1 1 1 0 0 1 0 1 0 1 0 0 1] 0.9237199582027169
[1 1 1 1 1 1 1 0 0 0 1 1 1 0 1 1 1 1 0 1 0 0 1 1 1 0 1 1 1 1 1 1 1 1] 0.9327779471028481
[1 1 1 0 1 1 0 1 0 1 1 1 1 1 1 1 1 1 0 1 0 1 1 1 1 1 1 1 1 1 1 1 0 1] 0.9217498459642636
[1 1 1 1 1 0 1 1 1 1 0 0 1 1 1 1 1 1 1 1 0 0 0 0 1 1 1 0 1 1 1 1 1 1] 0.9379168182369347
[1 1 1 1 1 1 0 1 1 0 1 1 1 1 1 1 1 1 1 0 1 1 1 1 1 1 1 1 1 1 0 1 1 0] 0.924924924924925
[0 1 0 0 0 0 0 1 1 1 0 0 1 1 1 1 1 1 1 1 1 1 1 1 1 1 1 1 1 1 1 0 1 1] 0.6979566293907981
[1 0 0 1 1 0 0 1 0 1 0 1 1 0 1 0 1 1 0 1 1 0 1 0 1 0 0 1 1 1 1 1 1 0] 0.9112533046185279
[1 1 1 0 0 1 1 1 0 1 0 1 1 1 1 1 0 1 1 0 1 1 1 1 1 1 1 1 1 0 1 0 0 1] 0.9058257957845304
[1 1 1 1 1 1 0 0 1 1 0 1 1 1 0 1 0 1 0 0 1 1 1 1 0 0 0 1 1 1 1 1 0 1] 0.9304767136666056
[1 1 1 1 1 1 1 1 1 1 1 1 1 0 1 1 1 0 1 0 1 1 0 1 1 0 1 1 0 1 1 0 0 1] 0.9256141931696394
[1 1 1 1 1 1 1 1 1 1 0 1 0 1 1 1 0 1 0 1 1 1 0 1 1 1 1 0 1 1 1 1 0 1] 0.9291964996022275
[0 0 1 1 1 1 0 1 1 0 0 1 0 1 1 1 0 0 1 1 1 0 1 0 0 1 0 1 0 1 0 1 1 1] 0.8399617144106054
[0 1 0 1 1 1 1 0 1 1 1 1 1 1 0 1 1 1 1 1 0 1 0 1 1 1 1 0 1 1 1 1 0 0] 0.780728204130597
[1 1 1 1 1 1 0 1 1 0 0 1 1 1 1 0 1 1 1 1 1 1 1 1 1 1 1 1 1 0 0 1 0 1] 0.9347955350144598
[1 1 1 1 1 1 1 0 1 1 1 1 1 1 1 1 1 1 0 0 1 1 1 1 1 1 1 1 1 1 1 1 1 1] 0.9204760728111357
[1 0 1 1 1 1 1 1 0 1 0 1 0 1 1 1 1 1 0 1 1 1 1 1 1 1 1 1 1 1 1 1 1 1] 0.9235811744741417
[1 1 1 1 1 1 1 1 0 1 0 0 1 1 0 1 0 1 1 1 1 0 0 1 1 1 0 1 0 1 0 0 0 0] 0.9316552126116601
[1 1 0 1 1 1 0 1 1 1 1 1 0 1 1 0 0 1 0 0 0 0 1 1 1 0 1 1 1 0 1 1 1 1] 0.9175884158273085
[1 0 1 1 1 1 1 1 0 1 1 0 1 1 0 1 1 0 1 0 1 1 1 1 1 0 1 1 1 1 1 0 0 0] 0.9300778571961906
[1 0 0 0 1 1 1 1 1 1 1 0 1 1 0 1 0 1 1 1 1 0 1 0 1 1 0 1 1 1 1 0 0 1] 0.9121061359867331
[1 0 1 1 1 1 1 1 0 1 0 1 1 1 0 1 1 1 1 1 1 1 1 0 1 1 1 1 1 1 0 1 1 1] 0.9327779471028481
[1 1 1 1 0 1 1 1 0 0 0 0 1 1 1 1 1 1 1 1 1 1 0 0 0 1 1 0 1 1 1 1 1 0] 0.9003838650808634
[0 1 1 1 1 1 1 0 1 1 1 1 0 1 1 1 1 1 1 1 0 0 1 1 1 1 1 0 1 1 1 1 1 1] 0.7908204906620577
[1 1 0 1 1 1 1 1 1 0 1 1 1 1 0 1 1 1 0 1 1 0 1 0 0 1 1 1 1 1 1 1 1 1] 0.9049927560459156
[1 0 1 1 0 1 0 1 0 1 1 1 1 1 0 1 0 1 1 0 0 0 1 1 1 1 1 0 1 1 1 1 0 0] 0.9025059931984166
[0 0 1 1 0 1 1 1 0 0 1 1 1 0 1 1 1 1 1 1 1 1 1 1 0 1 1 1 1 1 1 0 0 0] 0.7898404459823144
[1 1 1 0 1 1 1 1 0 1 0 1 1 1 1 1 0 1 1 0 0 0 1 1 1 1 1 1 0 1 0 0 1 0] 0.9376106164913628
[1 1 1 1 1 1 1 1 1 0 1 0 1 1 1 1 0 0 1 1 1 1 0 1 1 1 1 0 1 1 1 1 1 1] 0.9271664008506113
[1 0 1 1 1 1 1 1 1 0 0 0 1 1 0 0 0 0 1 1 0 0 1 0 0 1 1 0 0 0 1 1 0 0] 0.9430541317413416
[1 1 1 0 1 1 1 1 1 1 1 0 1 1 1 1 1 1 1 1 1 0 1 1 0 0 1 1 1 1 1 1 1 1] 0.9280805606586379
[1 1 1 0 1 1 1 1 1 1 1 1 1 1 0 0 1 0 1 1 1 1 0 1 0 1 1 1 0 1 1 1 1 1] 0.9233398270617587
[1 0 1 1 0 0 0 1 0 0 1 0 1 1 1 1 0 1 1 1 1 0 1 1 1 1 1 1 0 1 1 0 0 1] 0.8993378593579751
[1 1 1 1 1 1 0 1 0 1 0 0 0 0 1 1 0 1 0 0 1 1 0 0 1 1 1 0 1 1 0 1 0 1] 0.9328033314404695
[1 1 1 1 1 1 1 0 0 1 1 1 1 0 0 0 1 1 1 1 0 1 0 0 0 0 0 0 1 1 1 1 0 1] 0.9358857490124582
[1 1 1 1 1 1 1 1 0 0 0 1 1 0 1 0 0 1 1 1 0 0 1 1 1 0 0 1 1 1 1 0 0 1] 0.9419502775766353
[1 1 1 1 1 1 0 1 1 1 1 0 0 1 1 1 1 1 1 1 1 1 0 1 1 1 1 1 1 1 1 0 1 1] 0.9157822875938683
[0 1 1 1 1 1 1 1 1 1 1 0 1 1 1 1 1 0 1 1 0 1 0 1 1 0 1 1 1 1 1 1 1 1] 0.7857746853180643
[1 1 1 0 1 0 1 1 1 0 1 1 1 0 0 0 0 1 1 1 1 1 0 1 0 1 1 1 1 1 1 1 0 0] 0.9372209088521146
[1 1 0 0 1 1 0 0 0 1 1 1 1 1 0 1 1 1 0 1 0 1 1 1 1 1 1 1 1 0 1 1 0 1] 0.8972984337222748
[1 1 1 1 1 0 1 1 1 1 0 0 1 1 1 1 1 1 1 1 0 0 0 0 1 1 1 1 1 1 1 1 1 1] 0.9316552126116601
[1 1 1 1 1 0 1 1 1 1 0 1 1 1 1 1 1 1 1 1 1 0 0 0 1 1 1 0 1 1 1 1 1 1] 0.9379168182369347
[1 1 1 1 1 1 1 1 1 1 1 1 1 0 1 1 1 1 1 1 1 1 0 1 1 1 1 1 0 1 1 1 0 1] 0.9245051026681422
[1 0 1 1 1 1 1 1 0 1 1 0 1 0 1 1 0 1 0 0 1 1 1 1 1 1 1 1 1 1 1 1 0 1] 0.9265051620157415
[1 1 1 1 1 1 1 0 1 1 1 1 1 1 1 1 0 1 0 1 0 0 1 1 1 1 1 1 1 1 1 1 0 1] 0.9276374928495548
[1 0 1 1 1 1 1 1 0 1 0 1 1 1 1 1 1 1 0 1 1 1 1 1 1 1 1 1 1 1 1 1 1 1] 0.9235811744741417
[1 1 1 1 1 1 1 1 0 1 1 0 1 1 1 1 0 1 1 1 0 0 1 1 1 1 1 1 1 1 1 1 1 1] 0.9204760728111357
[1 1 1 0 1 1 1 1 1 1 1 0 1 1 1 1 0 1 1 1 1 0 1 1 0 0 1 1 1 1 1 0 1 1] 0.924924924924925
[1 1 1 1 1 1 1 1 1 1 0 1 1 1 0 1 0 1 1 1 0 0 1 1 1 0 1 1 1 1 1 0 0 1] 0.9414985706808391
[1 1 1 0 0 0 1 0 0 1 1 0 0 0 1 1 1 1 1 0 1 1 0 1 1 1 1 1 1 1 1 0 1 1] 0.878291214370504
[1 1 1 1 1 1 0 1 1 1 1 1 0 1 1 1 1 1 1 1 1 1 0 1 1 1 1 1 1 1 1 1 1 1] 0.9189163177902893
[1 1 1 1 1 1 0 1 0 1 0 1 1 1 1 0 1 1 1 0 1 1 1 0 1 1 0 1 0 1 1 0 1 1] 0.9320656590281164
[1 1 1 1 1 1 0 1 1 0 0 1 1 1 1 1 1 1 1 1 1 1 1 1 1 1 1 1 1 0 0 1 0 1] 0.9280805606586379
[1 1 1 0 0 0 1 1 0 0 1 1 1 0 0 1 0 1 1 1 0 1 1 1 0 1 1 0 1 1 1 1 1 1] 0.8888888888888888
[1 1 1 0 1 1 0 1 1 1 0 1 1 1 0 0 1 0 1 1 1 1 0 0 0 1 1 1 0 0 1 0 0 1] 0.9282442748091604
[1 0 1 0 1 1 1 1 1 1 1 0 1 0 1 0 1 1 1 1 1 0 1 1 1 1 1 1 1 1 0 1 1 1] 0.9229316749789628
[1 0 1 1 1 1 1 1 1 1 1 1 1 1 1 1 1 0 1 1 0 0 1 0 0 1 1 0 0 0 1 1 1 1] 0.9287138550322235
[1 0 1 1 1 1 0 1 0 1 0 0 0 0 1 1 0 1 0 0 1 0 0 0 1 1 1 1 0 1 0 0 0 1] 0.9308477838086914
[1 0 0 1 1 1 0 1 1 1 1 1 1 1 0 1 1 1 1 1 1 0 0 1 1 0 0 1 1 1 1 0 1 1] 0.8998157837595523
[1 1 1 1 1 1 0 1 0 1 0 1 1 1 1 1 1 1 1 1 0 0 1 1 1 1 1 1 1 1 1 1 1 0] 0.9276374928495548
[1 0 1 1 1 1 1 0 0 0 1 1 0 1 1 1 1 1 1 1 0 1 1 1 1 1 1 1 1 1 1 1 0 1] 0.9296511430415436
[1 1 1 1 0 0 1 0 1 1 1 1 0 1 1 1 0 1 0 1 0 1 0 1 0 0 1 0 1 1 1 1 1 0] 0.9055764149631484
[1 0 0 1 1 1 1 0 0 0 0 0 1 1 0 1 0 0 1 1 1 1 0 1 0 0 0 1 1 1 1 1 1 1] 0.9121061359867331
[1 1 1 1 1 1 1 1 1 1 0 0 1 1 1 0 1 1 1 1 0 0 1 0 1 1 1 1 1 1 1 1 1 1] 0.9276374928495548
[1 1 1 1 1 1 1 1 1 1 0 0 1 0 1 0 1 0 1 1 1 0 1 0 1 1 1 0 1 1 1 1 0 0] 0.9291964996022275
[1 0 1 1 1 1 1 1 0 1 0 0 1 1 1 0 1 1 1 1 0 0 1 0 1 1 1 0 1 1 1 1 1 1] 0.9430541317413416
[1 0 1 1 1 1 1 1 0 1 0 1 1 1 1 0 1 1 1 1 0 0 1 1 1 1 1 0 1 1 1 1 0 1] 0.9379168182369347
[1 0 1 0 1 1 1 1 1 1 0 0 1 1 1 0 0 1 1 0 0 1 1 1 1 0 1 1 0 1 1 1 1 1] 0.9316552126116601
[1 1 1 1 1 1 1 0 1 1 1 1 0 1 0 1 1 1 1 0 0 1 0 1 1 1 0 1 1 1 1 1 1 1] 0.9245051026681422
[1 1 1 1 1 1 0 0 1 1 0 1 1 1 1 1 1 0 1 1 1 0 1 0 0 1 1 0 1 1 1 0 1 1] 0.9253167491782932
[1 1 1 1 1 1 1 1 1 0 0 0 1 1 1 0 0 0 1 1 0 0 1 0 1 1 1 0 0 0 1 1 1 0] 0.9332277645816838
[1 0 1 1 1 1 1 1 0 1 0 1 1 1 0 0 1 1 1 1 0 0 1 1 1 0 1 1 1 1 1 1 0 1] 0.9363585456851593
[1 1 1 1 1 1 1 1 1 1 0 1 1 1 1 1 1 1 1 1 1 0 0 1 1 1 1 0 1 1 1 1 0 1] 0.930750743411137
[1 1 1 1 1 1 1 1 1 1 0 0 1 1 1 0 1 1 1 1 0 0 1 1 1 0 1 1 1 1 1 1 0 1] 0.9276374928495548
[1 0 1 1 1 0 1 0 0 0 1 1 1 0 1 1 1 1 1 1 0 0 1 1 1 1 1 1 0 1 1 1 1 1] 0.9280805606586379
[1 0 1 1 1 0 0 1 0 1 0 1 0 1 1 0 1 1 0 1 0 0 0 0 1 1 0 0 1 0 1 1 0 1] 0.9376106164913628
[1 0 1 1 1 1 1 1 0 1 1 1 0 1 1 0 0 1 1 1 0 0 0 0 1 0 0 0 1 1 1 1 0 1] 0.9450794796721882
[1 0 1 1 1 1 1 1 0 1 0 1 1 1 0 1 0 1 1 1 0 0 1 1 1 0 1 1 1 1 1 0 0 1] 0.9379168182369347
[1 0 1 1 1 0 0 1 0 1 1 1 0 1 1 0 1 1 0 1 0 1 0 0 1 0 0 0 1 0 1 1 0 1] 0.9392033542976939
[1 0 1 1 1 1 1 1 1 1 0 0 1 1 0 0 1 0 1 1 1 0 1 0 1 1 1 0 1 1 1 1 0 0] 0.9389747214648759
[1 0 1 1 1 0 1 1 1 1 0 1 1 1 1 0 1 1 1 1 0 1 0 1 1 0 1 1 0 1 1 1 1 1] 0.9213533958230553
[1 0 1 1 1 1 1 1 0 0 0 1 1 1 1 0 0 1 1 1 0 0 1 0 1 0 0 0 1 1 1 1 0 1] 0.9461512254754605
[1 1 1 0 1 0 1 1 1 1 1 1 1 0 1 1 0 0 1 1 1 0 1 1 1 0 1 0 1 1 1 1 1 0] 0.9300778571961906
[1 1 1 1 1 1 1 1 1 0 0 1 1 1 0 0 0 1 1 1 0 0 1 0 1 1 1 0 1 1 1 1 0 1] 0.9430541317413416
[1 0 1 1 1 1 1 1 0 0 0 1 1 1 1 0 0 1 1 1 0 0 1 0 1 1 0 0 1 0 1 1 0 1] 0.9497381432459591
[1 1 1 1 1 1 1 1 1 1 0 0 1 1 0 1 0 1 1 1 0 0 1 1 1 0 1 1 1 1 1 0 0 1] 0.9347955350144598
