0 20 100 0.08751981036541889 [0 0 1 1 0 1 0 0 1 1 0 1 1 1 1 1 1 0 0 1 0 1 1 1 1 1 0 0 1 1 1]
1 20 100 0.08751981036541889 [0 0 1 1 0 1 0 0 1 1 0 1 1 1 1 1 1 0 0 1 0 1 1 1 1 1 0 0 1 1 1]
2 20 100 0.08751981036541889 [0 0 1 1 0 1 0 0 1 1 0 1 1 1 1 1 1 0 0 1 0 1 1 1 1 1 0 0 1 1 1]
3 20 100 0.08751981036541889 [0 0 1 1 0 1 0 0 1 1 0 1 1 1 1 1 1 0 0 1 0 1 1 1 1 1 0 0 1 1 1]
4 20 100 0.08751981036541889 [0 0 1 1 0 1 0 0 1 1 0 1 1 1 1 1 1 0 0 1 0 1 1 1 1 1 0 0 1 1 1]
5 20 100 0.08751981036541889 [0 0 1 1 0 1 0 0 1 1 0 1 1 1 1 1 1 0 0 1 0 1 1 1 1 1 0 0 1 1 1]
6 18 100 0.08618906808410276 [0 0 1 1 0 1 1 0 1 1 0 1 0 0 1 0 1 0 0 0 1 1 1 1 1 1 0 1 0 1 1]
7 18 100 0.08618906808410276 [0 0 1 1 0 1 1 0 1 1 0 1 0 0 1 0 1 0 0 0 1 1 1 1 1 1 0 1 0 1 1]
8 18 100 0.08618906808410276 [0 0 1 1 0 1 1 0 1 1 0 1 0 0 1 0 1 0 0 0 1 1 1 1 1 1 0 1 0 1 1]
9 18 100 0.08618906808410276 [0 0 1 1 0 1 1 0 1 1 0 1 0 0 1 0 1 0 0 0 1 1 1 1 1 1 0 1 0 1 1]
10 18 100 0.08618906808410276 [0 0 1 1 0 1 1 0 1 1 0 1 0 0 1 0 1 0 0 0 1 1 1 1 1 1 0 1 0 1 1]
11 18 100 0.08618906808410276 [0 0 1 1 0 1 1 0 1 1 0 1 0 0 1 0 1 0 0 0 1 1 1 1 1 1 0 1 0 1 1]
12 18 100 0.08618906808410276 [0 0 1 1 0 1 1 0 1 1 0 1 0 0 1 0 1 0 0 0 1 1 1 1 1 1 0 1 0 1 1]
13 18 100 0.08618906808410276 [0 0 1 1 0 1 1 0 1 1 0 1 0 0 1 0 1 0 0 0 1 1 1 1 1 1 0 1 0 1 1]
14 18 100 0.08618906808410276 [0 0 1 1 0 1 1 0 1 1 0 1 0 0 1 0 1 0 0 0 1 1 1 1 1 1 0 1 0 1 1]
15 18 100 0.08618906808410276 [0 0 1 1 0 1 1 0 1 1 0 1 0 0 1 0 1 0 0 0 1 1 1 1 1 1 0 1 0 1 1]
16 18 100 0.08618906808410276 [0 0 1 1 0 1 1 0 1 1 0 1 0 0 1 0 1 0 0 0 1 1 1 1 1 1 0 1 0 1 1]
17 18 100 0.08618906808410276 [0 0 1 1 0 1 1 0 1 1 0 1 0 0 1 0 1 0 0 0 1 1 1 1 1 1 0 1 0 1 1]
18 18 100 0.08618906808410276 [0 0 1 1 0 1 1 0 1 1 0 1 0 0 1 0 1 0 0 0 1 1 1 1 1 1 0 1 0 1 1]
19 18 100 0.08618906808410276 [0 0 1 1 0 1 1 0 1 1 0 1 0 0 1 0 1 0 0 0 1 1 1 1 1 1 0 1 0 1 1]
20 22 100 0.08299488143265676 [0 0 1 1 0 1 1 1 1 1 0 1 1 1 1 1 1 0 1 0 0 1 1 1 1 1 0 1 0 1 1]
21 22 100 0.08299488143265676 [0 0 1 1 0 1 1 1 1 1 0 1 1 1 1 1 1 0 1 0 0 1 1 1 1 1 0 1 0 1 1]
22 22 100 0.08299488143265676 [0 0 1 1 0 1 1 1 1 1 0 1 1 1 1 1 1 0 1 0 0 1 1 1 1 1 0 1 0 1 1]
23 22 100 0.08299488143265676 [0 0 1 1 0 1 1 1 1 1 0 1 1 1 1 1 1 0 1 0 0 1 1 1 1 1 0 1 0 1 1]
24 22 100 0.08299488143265676 [0 0 1 1 0 1 1 1 1 1 0 1 1 1 1 1 1 0 1 0 0 1 1 1 1 1 0 1 0 1 1]
25 17 100 0.07979140209138313 [0 0 1 0 1 1 0 1 0 0 0 1 0 1 1 1 0 0 0 0 1 1 1 1 1 1 1 0 0 1 1]
26 17 100 0.07979140209138313 [0 0 1 0 1 1 0 1 0 0 0 1 0 1 1 1 0 0 0 0 1 1 1 1 1 1 1 0 0 1 1]
27 17 100 0.07979140209138313 [0 0 1 0 1 1 0 1 0 0 0 1 0 1 1 1 0 0 0 0 1 1 1 1 1 1 1 0 0 1 1]
28 17 100 0.07979140209138313 [0 0 1 0 1 1 0 1 0 0 0 1 0 1 1 1 0 0 0 0 1 1 1 1 1 1 1 0 0 1 1]
29 17 100 0.07979140209138313 [0 0 1 0 1 1 0 1 0 0 0 1 0 1 1 1 0 0 0 0 1 1 1 1 1 1 1 0 0 1 1]
30 17 100 0.07979140209138313 [0 0 1 0 1 1 0 1 0 0 0 1 0 1 1 1 0 0 0 0 1 1 1 1 1 1 1 0 0 1 1]
31 17 100 0.07979140209138313 [0 0 1 0 1 1 0 1 0 0 0 1 0 1 1 1 0 0 0 0 1 1 1 1 1 1 1 0 0 1 1]
32 17 100 0.07979140209138313 [0 0 1 0 1 1 0 1 0 0 0 1 0 1 1 1 0 0 0 0 1 1 1 1 1 1 1 0 0 1 1]
33 17 100 0.07979140209138313 [0 0 1 0 1 1 0 1 0 0 0 1 0 1 1 1 0 0 0 0 1 1 1 1 1 1 1 0 0 1 1]
34 17 100 0.07979140209138313 [0 0 1 0 1 1 0 1 0 0 0 1 0 1 1 1 0 0 0 0 1 1 1 1 1 1 1 0 0 1 1]
35 17 100 0.07979140209138313 [0 0 1 0 1 1 0 1 0 0 0 1 0 1 1 1 0 0 0 0 1 1 1 1 1 1 1 0 0 1 1]
36 17 99 0.07979140209138313 [0 0 1 0 1 1 0 1 0 0 0 1 0 1 1 1 0 0 0 0 1 1 1 1 1 1 1 0 0 1 1]
37 17 100 0.07979140209138313 [0 0 1 0 1 1 0 1 0 0 0 1 0 1 1 1 0 0 0 0 1 1 1 1 1 1 1 0 0 1 1]
38 17 100 0.07979140209138313 [0 0 1 0 1 1 0 1 0 0 0 1 0 1 1 1 0 0 0 0 1 1 1 1 1 1 1 0 0 1 1]
39 17 100 0.07979140209138313 [0 0 1 0 1 1 0 1 0 0 0 1 0 1 1 1 0 0 0 0 1 1 1 1 1 1 1 0 0 1 1]
40 17 100 0.07979140209138313 [0 0 1 0 1 1 0 1 0 0 0 1 0 1 1 1 0 0 0 0 1 1 1 1 1 1 1 0 0 1 1]
41 17 100 0.07979140209138313 [0 0 1 0 1 1 0 1 0 0 0 1 0 1 1 1 0 0 0 0 1 1 1 1 1 1 1 0 0 1 1]
42 17 100 0.07979140209138313 [0 0 1 0 1 1 0 1 0 0 0 1 0 1 1 1 0 0 0 0 1 1 1 1 1 1 1 0 0 1 1]
43 17 100 0.07979140209138313 [0 0 1 0 1 1 0 1 0 0 0 1 0 1 1 1 0 0 0 0 1 1 1 1 1 1 1 0 0 1 1]
44 17 100 0.07979140209138313 [0 0 1 0 1 1 0 1 0 0 0 1 0 1 1 1 0 0 0 0 1 1 1 1 1 1 1 0 0 1 1]
45 17 100 0.07979140209138313 [0 0 1 0 1 1 0 1 0 0 0 1 0 1 1 1 0 0 0 0 1 1 1 1 1 1 1 0 0 1 1]
46 17 100 0.07979140209138313 [0 0 1 0 1 1 0 1 0 0 0 1 0 1 1 1 0 0 0 0 1 1 1 1 1 1 1 0 0 1 1]
47 17 100 0.07979140209138313 [0 0 1 0 1 1 0 1 0 0 0 1 0 1 1 1 0 0 0 0 1 1 1 1 1 1 1 0 0 1 1]
48 17 100 0.07979140209138313 [0 0 1 0 1 1 0 1 0 0 0 1 0 1 1 1 0 0 0 0 1 1 1 1 1 1 1 0 0 1 1]
49 17 100 0.07979140209138313 [0 0 1 0 1 1 0 1 0 0 0 1 0 1 1 1 0 0 0 0 1 1 1 1 1 1 1 0 0 1 1]
50 17 100 0.07979140209138313 [0 0 1 0 1 1 0 1 0 0 0 1 0 1 1 1 0 0 0 0 1 1 1 1 1 1 1 0 0 1 1]
51 17 100 0.07979140209138313 [0 0 1 0 1 1 0 1 0 0 0 1 0 1 1 1 0 0 0 0 1 1 1 1 1 1 1 0 0 1 1]
52 17 100 0.07979140209138313 [0 0 1 0 1 1 0 1 0 0 0 1 0 1 1 1 0 0 0 0 1 1 1 1 1 1 1 0 0 1 1]
53 17 100 0.07979140209138313 [0 0 1 0 1 1 0 1 0 0 0 1 0 1 1 1 0 0 0 0 1 1 1 1 1 1 1 0 0 1 1]
54 17 100 0.07979140209138313 [0 0 1 0 1 1 0 1 0 0 0 1 0 1 1 1 0 0 0 0 1 1 1 1 1 1 1 0 0 1 1]
55 17 100 0.07979140209138313 [0 0 1 0 1 1 0 1 0 0 0 1 0 1 1 1 0 0 0 0 1 1 1 1 1 1 1 0 0 1 1]
56 17 100 0.07979140209138313 [0 0 1 0 1 1 0 1 0 0 0 1 0 1 1 1 0 0 0 0 1 1 1 1 1 1 1 0 0 1 1]
57 17 100 0.07979140209138313 [0 0 1 0 1 1 0 1 0 0 0 1 0 1 1 1 0 0 0 0 1 1 1 1 1 1 1 0 0 1 1]
58 17 100 0.07979140209138313 [0 0 1 0 1 1 0 1 0 0 0 1 0 1 1 1 0 0 0 0 1 1 1 1 1 1 1 0 0 1 1]
59 17 100 0.07979140209138313 [0 0 1 0 1 1 0 1 0 0 0 1 0 1 1 1 0 0 0 0 1 1 1 1 1 1 1 0 0 1 1]
60 17 100 0.07979140209138313 [0 0 1 0 1 1 0 1 0 0 0 1 0 1 1 1 0 0 0 0 1 1 1 1 1 1 1 0 0 1 1]
61 17 100 0.07979140209138313 [0 0 1 0 1 1 0 1 0 0 0 1 0 1 1 1 0 0 0 0 1 1 1 1 1 1 1 0 0 1 1]
62 17 100 0.07979140209138313 [0 0 1 0 1 1 0 1 0 0 0 1 0 1 1 1 0 0 0 0 1 1 1 1 1 1 1 0 0 1 1]
63 17 100 0.07979140209138313 [0 0 1 0 1 1 0 1 0 0 0 1 0 1 1 1 0 0 0 0 1 1 1 1 1 1 1 0 0 1 1]
64 17 100 0.07979140209138313 [0 0 1 0 1 1 0 1 0 0 0 1 0 1 1 1 0 0 0 0 1 1 1 1 1 1 1 0 0 1 1]
65 17 100 0.07979140209138313 [0 0 1 0 1 1 0 1 0 0 0 1 0 1 1 1 0 0 0 0 1 1 1 1 1 1 1 0 0 1 1]
66 17 100 0.07979140209138313 [0 0 1 0 1 1 0 1 0 0 0 1 0 1 1 1 0 0 0 0 1 1 1 1 1 1 1 0 0 1 1]
67 17 100 0.07979140209138313 [0 0 1 0 1 1 0 1 0 0 0 1 0 1 1 1 0 0 0 0 1 1 1 1 1 1 1 0 0 1 1]
68 17 100 0.07979140209138313 [0 0 1 0 1 1 0 1 0 0 0 1 0 1 1 1 0 0 0 0 1 1 1 1 1 1 1 0 0 1 1]
69 17 100 0.07979140209138313 [0 0 1 0 1 1 0 1 0 0 0 1 0 1 1 1 0 0 0 0 1 1 1 1 1 1 1 0 0 1 1]
70 17 100 0.07979140209138313 [0 0 1 0 1 1 0 1 0 0 0 1 0 1 1 1 0 0 0 0 1 1 1 1 1 1 1 0 0 1 1]
71 17 100 0.07979140209138313 [0 0 1 0 1 1 0 1 0 0 0 1 0 1 1 1 0 0 0 0 1 1 1 1 1 1 1 0 0 1 1]
72 17 100 0.07979140209138313 [0 0 1 0 1 1 0 1 0 0 0 1 0 1 1 1 0 0 0 0 1 1 1 1 1 1 1 0 0 1 1]
73 17 100 0.07979140209138313 [0 0 1 0 1 1 0 1 0 0 0 1 0 1 1 1 0 0 0 0 1 1 1 1 1 1 1 0 0 1 1]
74 17 100 0.07979140209138313 [0 0 1 0 1 1 0 1 0 0 0 1 0 1 1 1 0 0 0 0 1 1 1 1 1 1 1 0 0 1 1]
75 17 100 0.07979140209138313 [0 0 1 0 1 1 0 1 0 0 0 1 0 1 1 1 0 0 0 0 1 1 1 1 1 1 1 0 0 1 1]
76 17 100 0.07979140209138313 [0 0 1 0 1 1 0 1 0 0 0 1 0 1 1 1 0 0 0 0 1 1 1 1 1 1 1 0 0 1 1]
77 17 100 0.07979140209138313 [0 0 1 0 1 1 0 1 0 0 0 1 0 1 1 1 0 0 0 0 1 1 1 1 1 1 1 0 0 1 1]
78 17 100 0.07979140209138313 [0 0 1 0 1 1 0 1 0 0 0 1 0 1 1 1 0 0 0 0 1 1 1 1 1 1 1 0 0 1 1]
79 17 100 0.07979140209138313 [0 0 1 0 1 1 0 1 0 0 0 1 0 1 1 1 0 0 0 0 1 1 1 1 1 1 1 0 0 1 1]
80 17 100 0.07979140209138313 [0 0 1 0 1 1 0 1 0 0 0 1 0 1 1 1 0 0 0 0 1 1 1 1 1 1 1 0 0 1 1]
81 17 100 0.07979140209138313 [0 0 1 0 1 1 0 1 0 0 0 1 0 1 1 1 0 0 0 0 1 1 1 1 1 1 1 0 0 1 1]
82 17 100 0.07979140209138313 [0 0 1 0 1 1 0 1 0 0 0 1 0 1 1 1 0 0 0 0 1 1 1 1 1 1 1 0 0 1 1]
83 17 100 0.07979140209138313 [0 0 1 0 1 1 0 1 0 0 0 1 0 1 1 1 0 0 0 0 1 1 1 1 1 1 1 0 0 1 1]
84 17 100 0.07979140209138313 [0 0 1 0 1 1 0 1 0 0 0 1 0 1 1 1 0 0 0 0 1 1 1 1 1 1 1 0 0 1 1]
85 17 100 0.07979140209138313 [0 0 1 0 1 1 0 1 0 0 0 1 0 1 1 1 0 0 0 0 1 1 1 1 1 1 1 0 0 1 1]
86 17 100 0.07979140209138313 [0 0 1 0 1 1 0 1 0 0 0 1 0 1 1 1 0 0 0 0 1 1 1 1 1 1 1 0 0 1 1]
87 17 100 0.07979140209138313 [0 0 1 0 1 1 0 1 0 0 0 1 0 1 1 1 0 0 0 0 1 1 1 1 1 1 1 0 0 1 1]
88 17 100 0.07979140209138313 [0 0 1 0 1 1 0 1 0 0 0 1 0 1 1 1 0 0 0 0 1 1 1 1 1 1 1 0 0 1 1]
89 17 100 0.07979140209138313 [0 0 1 0 1 1 0 1 0 0 0 1 0 1 1 1 0 0 0 0 1 1 1 1 1 1 1 0 0 1 1]
90 17 100 0.07979140209138313 [0 0 1 0 1 1 0 1 0 0 0 1 0 1 1 1 0 0 0 0 1 1 1 1 1 1 1 0 0 1 1]
91 17 100 0.07979140209138313 [0 0 1 0 1 1 0 1 0 0 0 1 0 1 1 1 0 0 0 0 1 1 1 1 1 1 1 0 0 1 1]
92 17 100 0.07979140209138313 [0 0 1 0 1 1 0 1 0 0 0 1 0 1 1 1 0 0 0 0 1 1 1 1 1 1 1 0 0 1 1]
93 17 100 0.07979140209138313 [0 0 1 0 1 1 0 1 0 0 0 1 0 1 1 1 0 0 0 0 1 1 1 1 1 1 1 0 0 1 1]
94 17 100 0.07979140209138313 [0 0 1 0 1 1 0 1 0 0 0 1 0 1 1 1 0 0 0 0 1 1 1 1 1 1 1 0 0 1 1]
95 17 100 0.07979140209138313 [0 0 1 0 1 1 0 1 0 0 0 1 0 1 1 1 0 0 0 0 1 1 1 1 1 1 1 0 0 1 1]
96 17 100 0.07979140209138313 [0 0 1 0 1 1 0 1 0 0 0 1 0 1 1 1 0 0 0 0 1 1 1 1 1 1 1 0 0 1 1]
97 17 100 0.07979140209138313 [0 0 1 0 1 1 0 1 0 0 0 1 0 1 1 1 0 0 0 0 1 1 1 1 1 1 1 0 0 1 1]
98 17 100 0.07979140209138313 [0 0 1 0 1 1 0 1 0 0 0 1 0 1 1 1 0 0 0 0 1 1 1 1 1 1 1 0 0 1 1]
99 17 100 0.07979140209138313 [0 0 1 0 1 1 0 1 0 0 0 1 0 1 1 1 0 0 0 0 1 1 1 1 1 1 1 0 0 1 1]
100 17 100 0.07979140209138313 [0 0 1 0 1 1 0 1 0 0 0 1 0 1 1 1 0 0 0 0 1 1 1 1 1 1 1 0 0 1 1]
101 17 100 0.07979140209138313 [0 0 1 0 1 1 0 1 0 0 0 1 0 1 1 1 0 0 0 0 1 1 1 1 1 1 1 0 0 1 1]
102 14 100 0.07828787069735299 [0 0 1 1 1 1 0 1 0 0 0 0 1 0 1 0 0 0 0 0 0 1 1 1 1 1 0 1 0 0 1]
103 14 100 0.07828787069735299 [0 0 1 1 1 1 0 1 0 0 0 0 1 0 1 0 0 0 0 0 0 1 1 1 1 1 0 1 0 0 1]
104 14 100 0.07828787069735299 [0 0 1 1 1 1 0 1 0 0 0 0 1 0 1 0 0 0 0 0 0 1 1 1 1 1 0 1 0 0 1]
105 14 100 0.07828787069735299 [0 0 1 1 1 1 0 1 0 0 0 0 1 0 1 0 0 0 0 0 0 1 1 1 1 1 0 1 0 0 1]
106 14 100 0.07828787069735299 [0 0 1 1 1 1 0 1 0 0 0 0 1 0 1 0 0 0 0 0 0 1 1 1 1 1 0 1 0 0 1]
107 14 100 0.07828787069735299 [0 0 1 1 1 1 0 1 0 0 0 0 1 0 1 0 0 0 0 0 0 1 1 1 1 1 0 1 0 0 1]
108 14 100 0.07828787069735299 [0 0 1 1 1 1 0 1 0 0 0 0 1 0 1 0 0 0 0 0 0 1 1 1 1 1 0 1 0 0 1]
109 14 100 0.07828787069735299 [0 0 1 1 1 1 0 1 0 0 0 0 1 0 1 0 0 0 0 0 0 1 1 1 1 1 0 1 0 0 1]
110 14 100 0.07828787069735299 [0 0 1 1 1 1 0 1 0 0 0 0 1 0 1 0 0 0 0 0 0 1 1 1 1 1 0 1 0 0 1]
111 14 100 0.07828787069735299 [0 0 1 1 1 1 0 1 0 0 0 0 1 0 1 0 0 0 0 0 0 1 1 1 1 1 0 1 0 0 1]
112 14 100 0.07828787069735299 [0 0 1 1 1 1 0 1 0 0 0 0 1 0 1 0 0 0 0 0 0 1 1 1 1 1 0 1 0 0 1]
113 14 100 0.07828787069735299 [0 0 1 1 1 1 0 1 0 0 0 0 1 0 1 0 0 0 0 0 0 1 1 1 1 1 0 1 0 0 1]
114 14 100 0.07828787069735299 [0 0 1 1 1 1 0 1 0 0 0 0 1 0 1 0 0 0 0 0 0 1 1 1 1 1 0 1 0 0 1]
115 14 100 0.07828787069735299 [0 0 1 1 1 1 0 1 0 0 0 0 1 0 1 0 0 0 0 0 0 1 1 1 1 1 0 1 0 0 1]
116 14 100 0.07828787069735299 [0 0 1 1 1 1 0 1 0 0 0 0 1 0 1 0 0 0 0 0 0 1 1 1 1 1 0 1 0 0 1]
117 14 100 0.07828787069735299 [0 0 1 1 1 1 0 1 0 0 0 0 1 0 1 0 0 0 0 0 0 1 1 1 1 1 0 1 0 0 1]
118 14 100 0.07828787069735299 [0 0 1 1 1 1 0 1 0 0 0 0 1 0 1 0 0 0 0 0 0 1 1 1 1 1 0 1 0 0 1]
119 14 100 0.07828787069735299 [0 0 1 1 1 1 0 1 0 0 0 0 1 0 1 0 0 0 0 0 0 1 1 1 1 1 0 1 0 0 1]
120 14 100 0.07828787069735299 [0 0 1 1 1 1 0 1 0 0 0 0 1 0 1 0 0 0 0 0 0 1 1 1 1 1 0 1 0 0 1]
121 14 100 0.07828787069735299 [0 0 1 1 1 1 0 1 0 0 0 0 1 0 1 0 0 0 0 0 0 1 1 1 1 1 0 1 0 0 1]
122 14 100 0.07828787069735299 [0 0 1 1 1 1 0 1 0 0 0 0 1 0 1 0 0 0 0 0 0 1 1 1 1 1 0 1 0 0 1]
123 14 100 0.07828787069735299 [0 0 1 1 1 1 0 1 0 0 0 0 1 0 1 0 0 0 0 0 0 1 1 1 1 1 0 1 0 0 1]
124 14 100 0.07828787069735299 [0 0 1 1 1 1 0 1 0 0 0 0 1 0 1 0 0 0 0 0 0 1 1 1 1 1 0 1 0 0 1]
125 14 100 0.07828787069735299 [0 0 1 1 1 1 0 1 0 0 0 0 1 0 1 0 0 0 0 0 0 1 1 1 1 1 0 1 0 0 1]
126 14 100 0.07828787069735299 [0 0 1 1 1 1 0 1 0 0 0 0 1 0 1 0 0 0 0 0 0 1 1 1 1 1 0 1 0 0 1]
127 14 100 0.07828787069735299 [0 0 1 1 1 1 0 1 0 0 0 0 1 0 1 0 0 0 0 0 0 1 1 1 1 1 0 1 0 0 1]
128 14 100 0.07828787069735299 [0 0 1 1 1 1 0 1 0 0 0 0 1 0 1 0 0 0 0 0 0 1 1 1 1 1 0 1 0 0 1]
129 14 100 0.07828787069735299 [0 0 1 1 1 1 0 1 0 0 0 0 1 0 1 0 0 0 0 0 0 1 1 1 1 1 0 1 0 0 1]
130 14 100 0.07828787069735299 [0 0 1 1 1 1 0 1 0 0 0 0 1 0 1 0 0 0 0 0 0 1 1 1 1 1 0 1 0 0 1]
131 14 100 0.07828787069735299 [0 0 1 1 1 1 0 1 0 0 0 0 1 0 1 0 0 0 0 0 0 1 1 1 1 1 0 1 0 0 1]
132 14 100 0.07828787069735299 [0 0 1 1 1 1 0 1 0 0 0 0 1 0 1 0 0 0 0 0 0 1 1 1 1 1 0 1 0 0 1]
133 14 100 0.07828787069735299 [0 0 1 1 1 1 0 1 0 0 0 0 1 0 1 0 0 0 0 0 0 1 1 1 1 1 0 1 0 0 1]
134 14 100 0.07828787069735299 [0 0 1 1 1 1 0 1 0 0 0 0 1 0 1 0 0 0 0 0 0 1 1 1 1 1 0 1 0 0 1]
135 14 100 0.07828787069735299 [0 0 1 1 1 1 0 1 0 0 0 0 1 0 1 0 0 0 0 0 0 1 1 1 1 1 0 1 0 0 1]
136 14 100 0.07828787069735299 [0 0 1 1 1 1 0 1 0 0 0 0 1 0 1 0 0 0 0 0 0 1 1 1 1 1 0 1 0 0 1]
137 14 100 0.07828787069735299 [0 0 1 1 1 1 0 1 0 0 0 0 1 0 1 0 0 0 0 0 0 1 1 1 1 1 0 1 0 0 1]
138 14 100 0.07828787069735299 [0 0 1 1 1 1 0 1 0 0 0 0 1 0 1 0 0 0 0 0 0 1 1 1 1 1 0 1 0 0 1]
139 14 100 0.07828787069735299 [0 0 1 1 1 1 0 1 0 0 0 0 1 0 1 0 0 0 0 0 0 1 1 1 1 1 0 1 0 0 1]
140 14 100 0.07828787069735299 [0 0 1 1 1 1 0 1 0 0 0 0 1 0 1 0 0 0 0 0 0 1 1 1 1 1 0 1 0 0 1]
141 14 100 0.07828787069735299 [0 0 1 1 1 1 0 1 0 0 0 0 1 0 1 0 0 0 0 0 0 1 1 1 1 1 0 1 0 0 1]
142 14 100 0.07828787069735299 [0 0 1 1 1 1 0 1 0 0 0 0 1 0 1 0 0 0 0 0 0 1 1 1 1 1 0 1 0 0 1]
143 14 100 0.07828787069735299 [0 0 1 1 1 1 0 1 0 0 0 0 1 0 1 0 0 0 0 0 0 1 1 1 1 1 0 1 0 0 1]
144 14 100 0.07828787069735299 [0 0 1 1 1 1 0 1 0 0 0 0 1 0 1 0 0 0 0 0 0 1 1 1 1 1 0 1 0 0 1]
145 14 100 0.07828787069735299 [0 0 1 1 1 1 0 1 0 0 0 0 1 0 1 0 0 0 0 0 0 1 1 1 1 1 0 1 0 0 1]
146 14 100 0.07828787069735299 [0 0 1 1 1 1 0 1 0 0 0 0 1 0 1 0 0 0 0 0 0 1 1 1 1 1 0 1 0 0 1]
147 14 100 0.07828787069735299 [0 0 1 1 1 1 0 1 0 0 0 0 1 0 1 0 0 0 0 0 0 1 1 1 1 1 0 1 0 0 1]
148 14 100 0.07828787069735299 [0 0 1 1 1 1 0 1 0 0 0 0 1 0 1 0 0 0 0 0 0 1 1 1 1 1 0 1 0 0 1]
149 14 100 0.07828787069735299 [0 0 1 1 1 1 0 1 0 0 0 0 1 0 1 0 0 0 0 0 0 1 1 1 1 1 0 1 0 0 1]
150 14 100 0.07828787069735299 [0 0 1 1 1 1 0 1 0 0 0 0 1 0 1 0 0 0 0 0 0 1 1 1 1 1 0 1 0 0 1]
