0 17 100 0.1180747336977962 [0 1 1 1 0 1 0 0 1 0 1 0 1 1 0 0 0 1 0 1 0 0 1 0 1 0 1 1 1 1 1]
1 21 100 0.09439557723815362 [0 1 1 1 0 1 0 1 1 1 1 1 1 1 0 1 0 1 0 1 1 0 1 1 1 0 0 1 0 1 1]
2 15 100 0.09322022290303578 [0 0 0 1 0 0 1 0 0 0 0 1 1 0 1 0 1 0 1 0 0 1 1 1 1 0 1 1 1 0 1]
3 14 100 0.08525151506916329 [0 0 1 1 0 0 0 0 0 0 0 1 0 1 1 0 0 0 1 0 1 1 0 1 1 1 1 0 1 0 1]
4 14 100 0.08525151506916329 [0 0 1 1 0 0 0 0 0 0 0 1 0 1 1 0 0 0 1 0 1 1 0 1 1 1 1 0 1 0 1]
5 14 100 0.08525151506916329 [0 0 1 1 0 0 0 0 0 0 0 1 0 1 1 0 0 0 1 0 1 1 0 1 1 1 1 0 1 0 1]
6 14 100 0.08525151506916329 [0 0 1 1 0 0 0 0 0 0 0 1 0 1 1 0 0 0 1 0 1 1 0 1 1 1 1 0 1 0 1]
7 14 100 0.08525151506916329 [0 0 1 1 0 0 0 0 0 0 0 1 0 1 1 0 0 0 1 0 1 1 0 1 1 1 1 0 1 0 1]
8 14 100 0.08525151506916329 [0 0 1 1 0 0 0 0 0 0 0 1 0 1 1 0 0 0 1 0 1 1 0 1 1 1 1 0 1 0 1]
9 11 100 0.08260194315021496 [0 0 1 1 0 0 0 0 0 0 0 0 0 1 1 0 0 0 0 0 1 1 1 1 1 0 0 0 1 0 1]
10 11 100 0.08260194315021496 [0 0 1 1 0 0 0 0 0 0 0 0 0 1 1 0 0 0 0 0 1 1 1 1 1 0 0 0 1 0 1]
11 11 100 0.07816546762589915 [0 0 1 1 0 1 0 0 0 1 0 0 0 0 1 0 0 0 0 1 0 0 1 1 1 0 0 1 0 0 1]
12 11 100 0.07816546762589915 [0 0 1 1 0 1 0 0 0 1 0 0 0 0 1 0 0 0 0 1 0 0 1 1 1 0 0 1 0 0 1]
13 11 100 0.07816546762589915 [0 0 1 1 0 1 0 0 0 1 0 0 0 0 1 0 0 0 0 1 0 0 1 1 1 0 0 1 0 0 1]
14 11 100 0.07816546762589915 [0 0 1 1 0 1 0 0 0 1 0 0 0 0 1 0 0 0 0 1 0 0 1 1 1 0 0 1 0 0 1]
15 11 100 0.07816546762589915 [0 0 1 1 0 1 0 0 0 1 0 0 0 0 1 0 0 0 0 1 0 0 1 1 1 0 0 1 0 0 1]
16 11 100 0.07816546762589915 [0 0 1 1 0 1 0 0 0 1 0 0 0 0 1 0 0 0 0 1 0 0 1 1 1 0 0 1 0 0 1]
17 11 100 0.07816546762589915 [0 0 1 1 0 1 0 0 0 1 0 0 0 0 1 0 0 0 0 1 0 0 1 1 1 0 0 1 0 0 1]
18 11 100 0.07816546762589915 [0 0 1 1 0 1 0 0 0 1 0 0 0 0 1 0 0 0 0 1 0 0 1 1 1 0 0 1 0 0 1]
19 11 100 0.07816546762589915 [0 0 1 1 0 1 0 0 0 1 0 0 0 0 1 0 0 0 0 1 0 0 1 1 1 0 0 1 0 0 1]
20 11 100 0.07816546762589915 [0 0 1 1 0 1 0 0 0 1 0 0 0 0 1 0 0 0 0 1 0 0 1 1 1 0 0 1 0 0 1]
21 11 100 0.07816546762589915 [0 0 1 1 0 1 0 0 0 1 0 0 0 0 1 0 0 0 0 1 0 0 1 1 1 0 0 1 0 0 1]
22 11 100 0.07816546762589915 [0 0 1 1 0 1 0 0 0 1 0 0 0 0 1 0 0 0 0 1 0 0 1 1 1 0 0 1 0 0 1]
23 11 100 0.07816546762589915 [0 0 1 1 0 1 0 0 0 1 0 0 0 0 1 0 0 0 0 1 0 0 1 1 1 0 0 1 0 0 1]
24 11 100 0.07816546762589915 [0 0 1 1 0 1 0 0 0 1 0 0 0 0 1 0 0 0 0 1 0 0 1 1 1 0 0 1 0 0 1]
25 11 100 0.07816546762589915 [0 0 1 1 0 1 0 0 0 1 0 0 0 0 1 0 0 0 0 1 0 0 1 1 1 0 0 1 0 0 1]
26 11 100 0.07816546762589915 [0 0 1 1 0 1 0 0 0 1 0 0 0 0 1 0 0 0 0 1 0 0 1 1 1 0 0 1 0 0 1]
27 11 100 0.07816546762589915 [0 0 1 1 0 1 0 0 0 1 0 0 0 0 1 0 0 0 0 1 0 0 1 1 1 0 0 1 0 0 1]
28 11 100 0.07816546762589915 [0 0 1 1 0 1 0 0 0 1 0 0 0 0 1 0 0 0 0 1 0 0 1 1 1 0 0 1 0 0 1]
29 11 100 0.07816546762589915 [0 0 1 1 0 1 0 0 0 1 0 0 0 0 1 0 0 0 0 1 0 0 1 1 1 0 0 1 0 0 1]
30 11 100 0.07816546762589915 [0 0 1 1 0 1 0 0 0 1 0 0 0 0 1 0 0 0 0 1 0 0 1 1 1 0 0 1 0 0 1]
31 11 100 0.07816546762589915 [0 0 1 1 0 1 0 0 0 1 0 0 0 0 1 0 0 0 0 1 0 0 1 1 1 0 0 1 0 0 1]
32 11 100 0.07816546762589915 [0 0 1 1 0 1 0 0 0 1 0 0 0 0 1 0 0 0 0 1 0 0 1 1 1 0 0 1 0 0 1]
33 11 100 0.07816546762589915 [0 0 1 1 0 1 0 0 0 1 0 0 0 0 1 0 0 0 0 1 0 0 1 1 1 0 0 1 0 0 1]
34 11 100 0.07816546762589915 [0 0 1 1 0 1 0 0 0 1 0 0 0 0 1 0 0 0 0 1 0 0 1 1 1 0 0 1 0 0 1]
35 11 100 0.07816546762589915 [0 0 1 1 0 1 0 0 0 1 0 0 0 0 1 0 0 0 0 1 0 0 1 1 1 0 0 1 0 0 1]
36 11 100 0.07816546762589915 [0 0 1 1 0 1 0 0 0 1 0 0 0 0 1 0 0 0 0 1 0 0 1 1 1 0 0 1 0 0 1]
37 11 100 0.07816546762589915 [0 0 1 1 0 1 0 0 0 1 0 0 0 0 1 0 0 0 0 1 0 0 1 1 1 0 0 1 0 0 1]
38 11 100 0.07816546762589915 [0 0 1 1 0 1 0 0 0 1 0 0 0 0 1 0 0 0 0 1 0 0 1 1 1 0 0 1 0 0 1]
39 11 100 0.07816546762589915 [0 0 1 1 0 1 0 0 0 1 0 0 0 0 1 0 0 0 0 1 0 0 1 1 1 0 0 1 0 0 1]
40 11 100 0.07816546762589915 [0 0 1 1 0 1 0 0 0 1 0 0 0 0 1 0 0 0 0 1 0 0 1 1 1 0 0 1 0 0 1]
41 11 100 0.07816546762589915 [0 0 1 1 0 1 0 0 0 1 0 0 0 0 1 0 0 0 0 1 0 0 1 1 1 0 0 1 0 0 1]
42 11 100 0.07816546762589915 [0 0 1 1 0 1 0 0 0 1 0 0 0 0 1 0 0 0 0 1 0 0 1 1 1 0 0 1 0 0 1]
43 11 100 0.07816546762589915 [0 0 1 1 0 1 0 0 0 1 0 0 0 0 1 0 0 0 0 1 0 0 1 1 1 0 0 1 0 0 1]
44 11 100 0.07816546762589915 [0 0 1 1 0 1 0 0 0 1 0 0 0 0 1 0 0 0 0 1 0 0 1 1 1 0 0 1 0 0 1]
45 11 100 0.07816546762589915 [0 0 1 1 0 1 0 0 0 1 0 0 0 0 1 0 0 0 0 1 0 0 1 1 1 0 0 1 0 0 1]
46 11 100 0.07816546762589915 [0 0 1 1 0 1 0 0 0 1 0 0 0 0 1 0 0 0 0 1 0 0 1 1 1 0 0 1 0 0 1]
47 11 100 0.07816546762589915 [0 0 1 1 0 1 0 0 0 1 0 0 0 0 1 0 0 0 0 1 0 0 1 1 1 0 0 1 0 0 1]
48 11 100 0.07816546762589915 [0 0 1 1 0 1 0 0 0 1 0 0 0 0 1 0 0 0 0 1 0 0 1 1 1 0 0 1 0 0 1]
49 11 100 0.07816546762589915 [0 0 1 1 0 1 0 0 0 1 0 0 0 0 1 0 0 0 0 1 0 0 1 1 1 0 0 1 0 0 1]
50 11 100 0.07816546762589915 [0 0 1 1 0 1 0 0 0 1 0 0 0 0 1 0 0 0 0 1 0 0 1 1 1 0 0 1 0 0 1]
51 11 100 0.07816546762589915 [0 0 1 1 0 1 0 0 0 1 0 0 0 0 1 0 0 0 0 1 0 0 1 1 1 0 0 1 0 0 1]
52 11 100 0.07816546762589915 [0 0 1 1 0 1 0 0 0 1 0 0 0 0 1 0 0 0 0 1 0 0 1 1 1 0 0 1 0 0 1]
53 11 100 0.07816546762589915 [0 0 1 1 0 1 0 0 0 1 0 0 0 0 1 0 0 0 0 1 0 0 1 1 1 0 0 1 0 0 1]
54 11 100 0.07816546762589915 [0 0 1 1 0 1 0 0 0 1 0 0 0 0 1 0 0 0 0 1 0 0 1 1 1 0 0 1 0 0 1]
55 11 100 0.07816546762589915 [0 0 1 1 0 1 0 0 0 1 0 0 0 0 1 0 0 0 0 1 0 0 1 1 1 0 0 1 0 0 1]
56 11 100 0.07816546762589915 [0 0 1 1 0 1 0 0 0 1 0 0 0 0 1 0 0 0 0 1 0 0 1 1 1 0 0 1 0 0 1]
57 14 100 0.07671588322701428 [0 1 1 1 0 0 0 0 0 1 0 1 1 1 0 0 0 0 0 0 1 0 1 1 1 1 0 0 1 1 0]
58 14 100 0.07671588322701428 [0 1 1 1 0 0 0 0 0 1 0 1 1 1 0 0 0 0 0 0 1 0 1 1 1 1 0 0 1 1 0]
59 14 100 0.07671588322701428 [0 1 1 1 0 0 0 0 0 1 0 1 1 1 0 0 0 0 0 0 1 0 1 1 1 1 0 0 1 1 0]
60 14 100 0.07671588322701428 [0 1 1 1 0 0 0 0 0 1 0 1 1 1 0 0 0 0 0 0 1 0 1 1 1 1 0 0 1 1 0]
61 14 100 0.07671588322701428 [0 1 1 1 0 0 0 0 0 1 0 1 1 1 0 0 0 0 0 0 1 0 1 1 1 1 0 0 1 1 0]
62 14 100 0.07671588322701428 [0 1 1 1 0 0 0 0 0 1 0 1 1 1 0 0 0 0 0 0 1 0 1 1 1 1 0 0 1 1 0]
63 14 100 0.07671588322701428 [0 1 1 1 0 0 0 0 0 1 0 1 1 1 0 0 0 0 0 0 1 0 1 1 1 1 0 0 1 1 0]
64 14 100 0.07671588322701428 [0 1 1 1 0 0 0 0 0 1 0 1 1 1 0 0 0 0 0 0 1 0 1 1 1 1 0 0 1 1 0]
65 14 100 0.07671588322701428 [0 1 1 1 0 0 0 0 0 1 0 1 1 1 0 0 0 0 0 0 1 0 1 1 1 1 0 0 1 1 0]
66 14 100 0.07671588322701428 [0 1 1 1 0 0 0 0 0 1 0 1 1 1 0 0 0 0 0 0 1 0 1 1 1 1 0 0 1 1 0]
67 14 100 0.07671588322701428 [0 1 1 1 0 0 0 0 0 1 0 1 1 1 0 0 0 0 0 0 1 0 1 1 1 1 0 0 1 1 0]
68 14 100 0.07671588322701428 [0 1 1 1 0 0 0 0 0 1 0 1 1 1 0 0 0 0 0 0 1 0 1 1 1 1 0 0 1 1 0]
69 14 100 0.07671588322701428 [0 1 1 1 0 0 0 0 0 1 0 1 1 1 0 0 0 0 0 0 1 0 1 1 1 1 0 0 1 1 0]
70 14 100 0.07671588322701428 [0 1 1 1 0 0 0 0 0 1 0 1 1 1 0 0 0 0 0 0 1 0 1 1 1 1 0 0 1 1 0]
71 14 100 0.07671588322701428 [0 1 1 1 0 0 0 0 0 1 0 1 1 1 0 0 0 0 0 0 1 0 1 1 1 1 0 0 1 1 0]
72 14 100 0.07671588322701428 [0 1 1 1 0 0 0 0 0 1 0 1 1 1 0 0 0 0 0 0 1 0 1 1 1 1 0 0 1 1 0]
73 14 100 0.07671588322701428 [0 1 1 1 0 0 0 0 0 1 0 1 1 1 0 0 0 0 0 0 1 0 1 1 1 1 0 0 1 1 0]
74 14 100 0.07671588322701428 [0 1 1 1 0 0 0 0 0 1 0 1 1 1 0 0 0 0 0 0 1 0 1 1 1 1 0 0 1 1 0]
75 16 100 0.07615032738362182 [0 1 1 0 0 0 1 0 0 1 0 1 1 1 0 0 0 1 0 0 0 0 1 1 1 1 0 1 1 1 1]
76 16 100 0.07615032738362182 [0 1 1 0 0 0 1 0 0 1 0 1 1 1 0 0 0 1 0 0 0 0 1 1 1 1 0 1 1 1 1]
77 16 100 0.07615032738362182 [0 1 1 0 0 0 1 0 0 1 0 1 1 1 0 0 0 1 0 0 0 0 1 1 1 1 0 1 1 1 1]
78 16 100 0.07615032738362182 [0 1 1 0 0 0 1 0 0 1 0 1 1 1 0 0 0 1 0 0 0 0 1 1 1 1 0 1 1 1 1]
79 16 100 0.07615032738362182 [0 1 1 0 0 0 1 0 0 1 0 1 1 1 0 0 0 1 0 0 0 0 1 1 1 1 0 1 1 1 1]
80 16 100 0.07615032738362182 [0 1 1 0 0 0 1 0 0 1 0 1 1 1 0 0 0 1 0 0 0 0 1 1 1 1 0 1 1 1 1]
81 16 100 0.07615032738362182 [0 1 1 0 0 0 1 0 0 1 0 1 1 1 0 0 0 1 0 0 0 0 1 1 1 1 0 1 1 1 1]
82 16 100 0.07615032738362182 [0 1 1 0 0 0 1 0 0 1 0 1 1 1 0 0 0 1 0 0 0 0 1 1 1 1 0 1 1 1 1]
83 16 100 0.07615032738362182 [0 1 1 0 0 0 1 0 0 1 0 1 1 1 0 0 0 1 0 0 0 0 1 1 1 1 0 1 1 1 1]
84 16 100 0.07615032738362182 [0 1 1 0 0 0 1 0 0 1 0 1 1 1 0 0 0 1 0 0 0 0 1 1 1 1 0 1 1 1 1]
85 16 100 0.07615032738362182 [0 1 1 0 0 0 1 0 0 1 0 1 1 1 0 0 0 1 0 0 0 0 1 1 1 1 0 1 1 1 1]
86 16 100 0.07615032738362182 [0 1 1 0 0 0 1 0 0 1 0 1 1 1 0 0 0 1 0 0 0 0 1 1 1 1 0 1 1 1 1]
87 16 100 0.07615032738362182 [0 1 1 0 0 0 1 0 0 1 0 1 1 1 0 0 0 1 0 0 0 0 1 1 1 1 0 1 1 1 1]
88 16 100 0.07615032738362182 [0 1 1 0 0 0 1 0 0 1 0 1 1 1 0 0 0 1 0 0 0 0 1 1 1 1 0 1 1 1 1]
89 16 100 0.07615032738362182 [0 1 1 0 0 0 1 0 0 1 0 1 1 1 0 0 0 1 0 0 0 0 1 1 1 1 0 1 1 1 1]
90 16 100 0.07615032738362182 [0 1 1 0 0 0 1 0 0 1 0 1 1 1 0 0 0 1 0 0 0 0 1 1 1 1 0 1 1 1 1]
91 16 100 0.07615032738362182 [0 1 1 0 0 0 1 0 0 1 0 1 1 1 0 0 0 1 0 0 0 0 1 1 1 1 0 1 1 1 1]
92 16 100 0.07615032738362182 [0 1 1 0 0 0 1 0 0 1 0 1 1 1 0 0 0 1 0 0 0 0 1 1 1 1 0 1 1 1 1]
93 16 100 0.07615032738362182 [0 1 1 0 0 0 1 0 0 1 0 1 1 1 0 0 0 1 0 0 0 0 1 1 1 1 0 1 1 1 1]
94 16 100 0.07615032738362182 [0 1 1 0 0 0 1 0 0 1 0 1 1 1 0 0 0 1 0 0 0 0 1 1 1 1 0 1 1 1 1]
95 16 100 0.07615032738362182 [0 1 1 0 0 0 1 0 0 1 0 1 1 1 0 0 0 1 0 0 0 0 1 1 1 1 0 1 1 1 1]
96 16 100 0.07615032738362182 [0 1 1 0 0 0 1 0 0 1 0 1 1 1 0 0 0 1 0 0 0 0 1 1 1 1 0 1 1 1 1]
97 12 100 0.07536166972723612 [0 0 1 0 1 0 0 0 0 1 0 0 0 0 0 1 0 0 0 0 0 1 1 1 0 1 1 0 1 1 1]
98 12 100 0.07536166972723612 [0 0 1 0 1 0 0 0 0 1 0 0 0 0 0 1 0 0 0 0 0 1 1 1 0 1 1 0 1 1 1]
99 12 100 0.07536166972723612 [0 0 1 0 1 0 0 0 0 1 0 0 0 0 0 1 0 0 0 0 0 1 1 1 0 1 1 0 1 1 1]
100 12 100 0.07536166972723612 [0 0 1 0 1 0 0 0 0 1 0 0 0 0 0 1 0 0 0 0 0 1 1 1 0 1 1 0 1 1 1]
101 12 100 0.07536166972723612 [0 0 1 0 1 0 0 0 0 1 0 0 0 0 0 1 0 0 0 0 0 1 1 1 0 1 1 0 1 1 1]
102 12 100 0.07536166972723612 [0 0 1 0 1 0 0 0 0 1 0 0 0 0 0 1 0 0 0 0 0 1 1 1 0 1 1 0 1 1 1]
103 12 100 0.07536166972723612 [0 0 1 0 1 0 0 0 0 1 0 0 0 0 0 1 0 0 0 0 0 1 1 1 0 1 1 0 1 1 1]
104 12 100 0.07536166972723612 [0 0 1 0 1 0 0 0 0 1 0 0 0 0 0 1 0 0 0 0 0 1 1 1 0 1 1 0 1 1 1]
105 12 100 0.07536166972723612 [0 0 1 0 1 0 0 0 0 1 0 0 0 0 0 1 0 0 0 0 0 1 1 1 0 1 1 0 1 1 1]
106 12 100 0.07536166972723612 [0 0 1 0 1 0 0 0 0 1 0 0 0 0 0 1 0 0 0 0 0 1 1 1 0 1 1 0 1 1 1]
107 12 100 0.07536166972723612 [0 0 1 0 1 0 0 0 0 1 0 0 0 0 0 1 0 0 0 0 0 1 1 1 0 1 1 0 1 1 1]
108 12 100 0.07536166972723612 [0 0 1 0 1 0 0 0 0 1 0 0 0 0 0 1 0 0 0 0 0 1 1 1 0 1 1 0 1 1 1]
109 12 100 0.07536166972723612 [0 0 1 0 1 0 0 0 0 1 0 0 0 0 0 1 0 0 0 0 0 1 1 1 0 1 1 0 1 1 1]
110 12 100 0.07536166972723612 [0 0 1 0 1 0 0 0 0 1 0 0 0 0 0 1 0 0 0 0 0 1 1 1 0 1 1 0 1 1 1]
111 12 100 0.07536166972723612 [0 0 1 0 1 0 0 0 0 1 0 0 0 0 0 1 0 0 0 0 0 1 1 1 0 1 1 0 1 1 1]
112 12 100 0.07536166972723612 [0 0 1 0 1 0 0 0 0 1 0 0 0 0 0 1 0 0 0 0 0 1 1 1 0 1 1 0 1 1 1]
113 12 100 0.07536166972723612 [0 0 1 0 1 0 0 0 0 1 0 0 0 0 0 1 0 0 0 0 0 1 1 1 0 1 1 0 1 1 1]
114 12 100 0.07536166972723612 [0 0 1 0 1 0 0 0 0 1 0 0 0 0 0 1 0 0 0 0 0 1 1 1 0 1 1 0 1 1 1]
115 12 100 0.07536166972723612 [0 0 1 0 1 0 0 0 0 1 0 0 0 0 0 1 0 0 0 0 0 1 1 1 0 1 1 0 1 1 1]
116 12 100 0.07536166972723612 [0 0 1 0 1 0 0 0 0 1 0 0 0 0 0 1 0 0 0 0 0 1 1 1 0 1 1 0 1 1 1]
117 12 100 0.07536166972723612 [0 0 1 0 1 0 0 0 0 1 0 0 0 0 0 1 0 0 0 0 0 1 1 1 0 1 1 0 1 1 1]
118 12 100 0.07536166972723612 [0 0 1 0 1 0 0 0 0 1 0 0 0 0 0 1 0 0 0 0 0 1 1 1 0 1 1 0 1 1 1]
119 12 100 0.07536166972723612 [0 0 1 0 1 0 0 0 0 1 0 0 0 0 0 1 0 0 0 0 0 1 1 1 0 1 1 0 1 1 1]
120 12 100 0.07536166972723612 [0 0 1 0 1 0 0 0 0 1 0 0 0 0 0 1 0 0 0 0 0 1 1 1 0 1 1 0 1 1 1]
121 12 100 0.07536166972723612 [0 0 1 0 1 0 0 0 0 1 0 0 0 0 0 1 0 0 0 0 0 1 1 1 0 1 1 0 1 1 1]
122 12 100 0.07536166972723612 [0 0 1 0 1 0 0 0 0 1 0 0 0 0 0 1 0 0 0 0 0 1 1 1 0 1 1 0 1 1 1]
123 12 100 0.07536166972723612 [0 0 1 0 1 0 0 0 0 1 0 0 0 0 0 1 0 0 0 0 0 1 1 1 0 1 1 0 1 1 1]
124 12 100 0.07536166972723612 [0 0 1 0 1 0 0 0 0 1 0 0 0 0 0 1 0 0 0 0 0 1 1 1 0 1 1 0 1 1 1]
125 12 100 0.07536166972723612 [0 0 1 0 1 0 0 0 0 1 0 0 0 0 0 1 0 0 0 0 0 1 1 1 0 1 1 0 1 1 1]
126 12 100 0.07536166972723612 [0 0 1 0 1 0 0 0 0 1 0 0 0 0 0 1 0 0 0 0 0 1 1 1 0 1 1 0 1 1 1]
127 12 100 0.07536166972723612 [0 0 1 0 1 0 0 0 0 1 0 0 0 0 0 1 0 0 0 0 0 1 1 1 0 1 1 0 1 1 1]
128 12 100 0.07536166972723612 [0 0 1 0 1 0 0 0 0 1 0 0 0 0 0 1 0 0 0 0 0 1 1 1 0 1 1 0 1 1 1]
129 12 100 0.07536166972723612 [0 0 1 0 1 0 0 0 0 1 0 0 0 0 0 1 0 0 0 0 0 1 1 1 0 1 1 0 1 1 1]
130 12 100 0.07536166972723612 [0 0 1 0 1 0 0 0 0 1 0 0 0 0 0 1 0 0 0 0 0 1 1 1 0 1 1 0 1 1 1]
131 12 100 0.07536166972723612 [0 0 1 0 1 0 0 0 0 1 0 0 0 0 0 1 0 0 0 0 0 1 1 1 0 1 1 0 1 1 1]
132 12 100 0.07536166972723612 [0 0 1 0 1 0 0 0 0 1 0 0 0 0 0 1 0 0 0 0 0 1 1 1 0 1 1 0 1 1 1]
133 12 100 0.07536166972723612 [0 0 1 0 1 0 0 0 0 1 0 0 0 0 0 1 0 0 0 0 0 1 1 1 0 1 1 0 1 1 1]
134 12 100 0.07536166972723612 [0 0 1 0 1 0 0 0 0 1 0 0 0 0 0 1 0 0 0 0 0 1 1 1 0 1 1 0 1 1 1]
135 12 100 0.07536166972723612 [0 0 1 0 1 0 0 0 0 1 0 0 0 0 0 1 0 0 0 0 0 1 1 1 0 1 1 0 1 1 1]
136 12 100 0.07536166972723612 [0 0 1 0 1 0 0 0 0 1 0 0 0 0 0 1 0 0 0 0 0 1 1 1 0 1 1 0 1 1 1]
137 12 100 0.07536166972723612 [0 0 1 0 1 0 0 0 0 1 0 0 0 0 0 1 0 0 0 0 0 1 1 1 0 1 1 0 1 1 1]
138 12 100 0.07536166972723612 [0 0 1 0 1 0 0 0 0 1 0 0 0 0 0 1 0 0 0 0 0 1 1 1 0 1 1 0 1 1 1]
139 12 100 0.07536166972723612 [0 0 1 0 1 0 0 0 0 1 0 0 0 0 0 1 0 0 0 0 0 1 1 1 0 1 1 0 1 1 1]
140 12 100 0.07536166972723612 [0 0 1 0 1 0 0 0 0 1 0 0 0 0 0 1 0 0 0 0 0 1 1 1 0 1 1 0 1 1 1]
141 12 100 0.07536166972723612 [0 0 1 0 1 0 0 0 0 1 0 0 0 0 0 1 0 0 0 0 0 1 1 1 0 1 1 0 1 1 1]
142 12 100 0.07536166972723612 [0 0 1 0 1 0 0 0 0 1 0 0 0 0 0 1 0 0 0 0 0 1 1 1 0 1 1 0 1 1 1]
143 12 100 0.07536166972723612 [0 0 1 0 1 0 0 0 0 1 0 0 0 0 0 1 0 0 0 0 0 1 1 1 0 1 1 0 1 1 1]
144 12 100 0.07536166972723612 [0 0 1 0 1 0 0 0 0 1 0 0 0 0 0 1 0 0 0 0 0 1 1 1 0 1 1 0 1 1 1]
145 12 100 0.07536166972723612 [0 0 1 0 1 0 0 0 0 1 0 0 0 0 0 1 0 0 0 0 0 1 1 1 0 1 1 0 1 1 1]
146 12 100 0.07536166972723612 [0 0 1 0 1 0 0 0 0 1 0 0 0 0 0 1 0 0 0 0 0 1 1 1 0 1 1 0 1 1 1]
147 12 100 0.07536166972723612 [0 0 1 0 1 0 0 0 0 1 0 0 0 0 0 1 0 0 0 0 0 1 1 1 0 1 1 0 1 1 1]
148 12 100 0.07536166972723612 [0 0 1 0 1 0 0 0 0 1 0 0 0 0 0 1 0 0 0 0 0 1 1 1 0 1 1 0 1 1 1]
149 12 100 0.07536166972723612 [0 0 1 0 1 0 0 0 0 1 0 0 0 0 0 1 0 0 0 0 0 1 1 1 0 1 1 0 1 1 1]
150 12 100 0.07536166972723612 [0 0 1 0 1 0 0 0 0 1 0 0 0 0 0 1 0 0 0 0 0 1 1 1 0 1 1 0 1 1 1]
