0 14 100 0.09282756049771101 [0 1 0 1 1 0 0 0 0 1 0 0 0 0 0 1 0 0 0 0 1 1 1 1 1 0 0 1 1 1 1]
1 17 100 0.08412102144048594 [0 1 1 1 1 0 0 1 0 0 0 0 1 1 1 1 0 0 1 0 1 0 1 1 1 0 0 1 0 1 1]
2 17 100 0.08412102144048594 [0 1 1 1 1 0 0 1 0 0 0 0 1 1 1 1 0 0 1 0 1 0 1 1 1 0 0 1 0 1 1]
3 17 100 0.08412102144048594 [0 1 1 1 1 0 0 1 0 0 0 0 1 1 1 1 0 0 1 0 1 0 1 1 1 0 0 1 0 1 1]
4 17 100 0.08412102144048594 [0 1 1 1 1 0 0 1 0 0 0 0 1 1 1 1 0 0 1 0 1 0 1 1 1 0 0 1 0 1 1]
5 17 100 0.08412102144048594 [0 1 1 1 1 0 0 1 0 0 0 0 1 1 1 1 0 0 1 0 1 0 1 1 1 0 0 1 0 1 1]
6 17 100 0.08412102144048594 [0 1 1 1 1 0 0 1 0 0 0 0 1 1 1 1 0 0 1 0 1 0 1 1 1 0 0 1 0 1 1]
7 10 100 0.08260594560404799 [0 0 0 1 0 0 0 1 0 0 0 0 0 0 0 1 0 0 0 0 0 1 1 1 1 0 0 1 1 0 1]
8 10 100 0.08260594560404799 [0 0 0 1 0 0 0 1 0 0 0 0 0 0 0 1 0 0 0 0 0 1 1 1 1 0 0 1 1 0 1]
9 10 100 0.08260594560404799 [0 0 0 1 0 0 0 1 0 0 0 0 0 0 0 1 0 0 0 0 0 1 1 1 1 0 0 1 1 0 1]
10 10 100 0.08260594560404799 [0 0 0 1 0 0 0 1 0 0 0 0 0 0 0 1 0 0 0 0 0 1 1 1 1 0 0 1 1 0 1]
11 17 100 0.07750771483629282 [0 0 1 1 0 0 1 1 0 1 0 0 1 1 0 1 0 1 0 0 0 1 1 1 1 1 0 1 0 1 1]
12 17 100 0.07750771483629282 [0 0 1 1 0 0 1 1 0 1 0 0 1 1 0 1 0 1 0 0 0 1 1 1 1 1 0 1 0 1 1]
13 17 100 0.07750771483629282 [0 0 1 1 0 0 1 1 0 1 0 0 1 1 0 1 0 1 0 0 0 1 1 1 1 1 0 1 0 1 1]
14 17 100 0.07750771483629282 [0 0 1 1 0 0 1 1 0 1 0 0 1 1 0 1 0 1 0 0 0 1 1 1 1 1 0 1 0 1 1]
15 17 100 0.07750771483629282 [0 0 1 1 0 0 1 1 0 1 0 0 1 1 0 1 0 1 0 0 0 1 1 1 1 1 0 1 0 1 1]
16 17 100 0.07750771483629282 [0 0 1 1 0 0 1 1 0 1 0 0 1 1 0 1 0 1 0 0 0 1 1 1 1 1 0 1 0 1 1]
17 17 100 0.07750771483629282 [0 0 1 1 0 0 1 1 0 1 0 0 1 1 0 1 0 1 0 0 0 1 1 1 1 1 0 1 0 1 1]
18 17 100 0.07750771483629282 [0 0 1 1 0 0 1 1 0 1 0 0 1 1 0 1 0 1 0 0 0 1 1 1 1 1 0 1 0 1 1]
19 17 100 0.07750771483629282 [0 0 1 1 0 0 1 1 0 1 0 0 1 1 0 1 0 1 0 0 0 1 1 1 1 1 0 1 0 1 1]
20 17 100 0.07750771483629282 [0 0 1 1 0 0 1 1 0 1 0 0 1 1 0 1 0 1 0 0 0 1 1 1 1 1 0 1 0 1 1]
21 17 100 0.07750771483629282 [0 0 1 1 0 0 1 1 0 1 0 0 1 1 0 1 0 1 0 0 0 1 1 1 1 1 0 1 0 1 1]
22 17 100 0.07750771483629282 [0 0 1 1 0 0 1 1 0 1 0 0 1 1 0 1 0 1 0 0 0 1 1 1 1 1 0 1 0 1 1]
23 17 100 0.07750771483629282 [0 0 1 1 0 0 1 1 0 1 0 0 1 1 0 1 0 1 0 0 0 1 1 1 1 1 0 1 0 1 1]
24 17 100 0.07750771483629282 [0 0 1 1 0 0 1 1 0 1 0 0 1 1 0 1 0 1 0 0 0 1 1 1 1 1 0 1 0 1 1]
25 17 100 0.07750771483629282 [0 0 1 1 0 0 1 1 0 1 0 0 1 1 0 1 0 1 0 0 0 1 1 1 1 1 0 1 0 1 1]
26 17 100 0.07750771483629282 [0 0 1 1 0 0 1 1 0 1 0 0 1 1 0 1 0 1 0 0 0 1 1 1 1 1 0 1 0 1 1]
27 17 100 0.07750771483629282 [0 0 1 1 0 0 1 1 0 1 0 0 1 1 0 1 0 1 0 0 0 1 1 1 1 1 0 1 0 1 1]
28 17 100 0.07750771483629282 [0 0 1 1 0 0 1 1 0 1 0 0 1 1 0 1 0 1 0 0 0 1 1 1 1 1 0 1 0 1 1]
29 17 100 0.07750771483629282 [0 0 1 1 0 0 1 1 0 1 0 0 1 1 0 1 0 1 0 0 0 1 1 1 1 1 0 1 0 1 1]
30 17 100 0.07750771483629282 [0 0 1 1 0 0 1 1 0 1 0 0 1 1 0 1 0 1 0 0 0 1 1 1 1 1 0 1 0 1 1]
31 17 100 0.07750771483629282 [0 0 1 1 0 0 1 1 0 1 0 0 1 1 0 1 0 1 0 0 0 1 1 1 1 1 0 1 0 1 1]
32 17 100 0.07750771483629282 [0 0 1 1 0 0 1 1 0 1 0 0 1 1 0 1 0 1 0 0 0 1 1 1 1 1 0 1 0 1 1]
33 17 100 0.07750771483629282 [0 0 1 1 0 0 1 1 0 1 0 0 1 1 0 1 0 1 0 0 0 1 1 1 1 1 0 1 0 1 1]
34 17 100 0.07750771483629282 [0 0 1 1 0 0 1 1 0 1 0 0 1 1 0 1 0 1 0 0 0 1 1 1 1 1 0 1 0 1 1]
35 17 100 0.07750771483629282 [0 0 1 1 0 0 1 1 0 1 0 0 1 1 0 1 0 1 0 0 0 1 1 1 1 1 0 1 0 1 1]
36 17 100 0.07750771483629282 [0 0 1 1 0 0 1 1 0 1 0 0 1 1 0 1 0 1 0 0 0 1 1 1 1 1 0 1 0 1 1]
37 17 100 0.07750771483629282 [0 0 1 1 0 0 1 1 0 1 0 0 1 1 0 1 0 1 0 0 0 1 1 1 1 1 0 1 0 1 1]
38 17 100 0.07750771483629282 [0 0 1 1 0 0 1 1 0 1 0 0 1 1 0 1 0 1 0 0 0 1 1 1 1 1 0 1 0 1 1]
39 17 100 0.07750771483629282 [0 0 1 1 0 0 1 1 0 1 0 0 1 1 0 1 0 1 0 0 0 1 1 1 1 1 0 1 0 1 1]
40 17 100 0.07750771483629282 [0 0 1 1 0 0 1 1 0 1 0 0 1 1 0 1 0 1 0 0 0 1 1 1 1 1 0 1 0 1 1]
41 17 100 0.07750771483629282 [0 0 1 1 0 0 1 1 0 1 0 0 1 1 0 1 0 1 0 0 0 1 1 1 1 1 0 1 0 1 1]
42 17 100 0.07750771483629282 [0 0 1 1 0 0 1 1 0 1 0 0 1 1 0 1 0 1 0 0 0 1 1 1 1 1 0 1 0 1 1]
43 17 100 0.07750771483629282 [0 0 1 1 0 0 1 1 0 1 0 0 1 1 0 1 0 1 0 0 0 1 1 1 1 1 0 1 0 1 1]
44 17 100 0.07750771483629282 [0 0 1 1 0 0 1 1 0 1 0 0 1 1 0 1 0 1 0 0 0 1 1 1 1 1 0 1 0 1 1]
45 17 100 0.07750771483629282 [0 0 1 1 0 0 1 1 0 1 0 0 1 1 0 1 0 1 0 0 0 1 1 1 1 1 0 1 0 1 1]
46 17 100 0.07750771483629282 [0 0 1 1 0 0 1 1 0 1 0 0 1 1 0 1 0 1 0 0 0 1 1 1 1 1 0 1 0 1 1]
47 17 100 0.07750771483629282 [0 0 1 1 0 0 1 1 0 1 0 0 1 1 0 1 0 1 0 0 0 1 1 1 1 1 0 1 0 1 1]
48 17 100 0.07750771483629282 [0 0 1 1 0 0 1 1 0 1 0 0 1 1 0 1 0 1 0 0 0 1 1 1 1 1 0 1 0 1 1]
49 15 100 0.07640110580547887 [0 0 1 1 0 1 0 0 0 0 0 0 1 1 0 1 0 0 0 1 1 1 1 1 1 0 0 1 0 1 1]
50 15 100 0.07640110580547887 [0 0 1 1 0 1 0 0 0 0 0 0 1 1 0 1 0 0 0 1 1 1 1 1 1 0 0 1 0 1 1]
51 15 100 0.07640110580547887 [0 0 1 1 0 1 0 0 0 0 0 0 1 1 0 1 0 0 0 1 1 1 1 1 1 0 0 1 0 1 1]
52 15 100 0.07640110580547887 [0 0 1 1 0 1 0 0 0 0 0 0 1 1 0 1 0 0 0 1 1 1 1 1 1 0 0 1 0 1 1]
53 15 100 0.07640110580547887 [0 0 1 1 0 1 0 0 0 0 0 0 1 1 0 1 0 0 0 1 1 1 1 1 1 0 0 1 0 1 1]
54 15 100 0.07640110580547887 [0 0 1 1 0 1 0 0 0 0 0 0 1 1 0 1 0 0 0 1 1 1 1 1 1 0 0 1 0 1 1]
55 15 100 0.07640110580547887 [0 0 1 1 0 1 0 0 0 0 0 0 1 1 0 1 0 0 0 1 1 1 1 1 1 0 0 1 0 1 1]
56 15 100 0.07640110580547887 [0 0 1 1 0 1 0 0 0 0 0 0 1 1 0 1 0 0 0 1 1 1 1 1 1 0 0 1 0 1 1]
57 15 100 0.07640110580547887 [0 0 1 1 0 1 0 0 0 0 0 0 1 1 0 1 0 0 0 1 1 1 1 1 1 0 0 1 0 1 1]
58 15 100 0.07640110580547887 [0 0 1 1 0 1 0 0 0 0 0 0 1 1 0 1 0 0 0 1 1 1 1 1 1 0 0 1 0 1 1]
59 15 100 0.07640110580547887 [0 0 1 1 0 1 0 0 0 0 0 0 1 1 0 1 0 0 0 1 1 1 1 1 1 0 0 1 0 1 1]
60 15 100 0.07640110580547887 [0 0 1 1 0 1 0 0 0 0 0 0 1 1 0 1 0 0 0 1 1 1 1 1 1 0 0 1 0 1 1]
61 15 100 0.07640110580547887 [0 0 1 1 0 1 0 0 0 0 0 0 1 1 0 1 0 0 0 1 1 1 1 1 1 0 0 1 0 1 1]
62 15 100 0.07640110580547887 [0 0 1 1 0 1 0 0 0 0 0 0 1 1 0 1 0 0 0 1 1 1 1 1 1 0 0 1 0 1 1]
63 15 100 0.07640110580547887 [0 0 1 1 0 1 0 0 0 0 0 0 1 1 0 1 0 0 0 1 1 1 1 1 1 0 0 1 0 1 1]
64 15 100 0.07640110580547887 [0 0 1 1 0 1 0 0 0 0 0 0 1 1 0 1 0 0 0 1 1 1 1 1 1 0 0 1 0 1 1]
65 15 100 0.07640110580547887 [0 0 1 1 0 1 0 0 0 0 0 0 1 1 0 1 0 0 0 1 1 1 1 1 1 0 0 1 0 1 1]
66 15 100 0.07640110580547887 [0 0 1 1 0 1 0 0 0 0 0 0 1 1 0 1 0 0 0 1 1 1 1 1 1 0 0 1 0 1 1]
67 15 100 0.07640110580547887 [0 0 1 1 0 1 0 0 0 0 0 0 1 1 0 1 0 0 0 1 1 1 1 1 1 0 0 1 0 1 1]
68 15 100 0.07640110580547887 [0 0 1 1 0 1 0 0 0 0 0 0 1 1 0 1 0 0 0 1 1 1 1 1 1 0 0 1 0 1 1]
69 15 100 0.07640110580547887 [0 0 1 1 0 1 0 0 0 0 0 0 1 1 0 1 0 0 0 1 1 1 1 1 1 0 0 1 0 1 1]
70 15 100 0.07640110580547887 [0 0 1 1 0 1 0 0 0 0 0 0 1 1 0 1 0 0 0 1 1 1 1 1 1 0 0 1 0 1 1]
71 15 100 0.07640110580547887 [0 0 1 1 0 1 0 0 0 0 0 0 1 1 0 1 0 0 0 1 1 1 1 1 1 0 0 1 0 1 1]
72 15 100 0.07640110580547887 [0 0 1 1 0 1 0 0 0 0 0 0 1 1 0 1 0 0 0 1 1 1 1 1 1 0 0 1 0 1 1]
73 15 100 0.07640110580547887 [0 0 1 1 0 1 0 0 0 0 0 0 1 1 0 1 0 0 0 1 1 1 1 1 1 0 0 1 0 1 1]
74 11 100 0.07221123762000625 [0 0 1 0 0 0 0 0 0 0 0 0 0 1 0 1 0 0 0 0 0 1 1 1 1 1 1 0 0 1 1]
75 11 100 0.07221123762000625 [0 0 1 0 0 0 0 0 0 0 0 0 0 1 0 1 0 0 0 0 0 1 1 1 1 1 1 0 0 1 1]
76 11 100 0.07221123762000625 [0 0 1 0 0 0 0 0 0 0 0 0 0 1 0 1 0 0 0 0 0 1 1 1 1 1 1 0 0 1 1]
77 11 100 0.07221123762000625 [0 0 1 0 0 0 0 0 0 0 0 0 0 1 0 1 0 0 0 0 0 1 1 1 1 1 1 0 0 1 1]
78 11 100 0.07221123762000625 [0 0 1 0 0 0 0 0 0 0 0 0 0 1 0 1 0 0 0 0 0 1 1 1 1 1 1 0 0 1 1]
79 11 100 0.07221123762000625 [0 0 1 0 0 0 0 0 0 0 0 0 0 1 0 1 0 0 0 0 0 1 1 1 1 1 1 0 0 1 1]
80 11 100 0.07221123762000625 [0 0 1 0 0 0 0 0 0 0 0 0 0 1 0 1 0 0 0 0 0 1 1 1 1 1 1 0 0 1 1]
81 11 100 0.07221123762000625 [0 0 1 0 0 0 0 0 0 0 0 0 0 1 0 1 0 0 0 0 0 1 1 1 1 1 1 0 0 1 1]
82 11 100 0.07221123762000625 [0 0 1 0 0 0 0 0 0 0 0 0 0 1 0 1 0 0 0 0 0 1 1 1 1 1 1 0 0 1 1]
83 11 100 0.07221123762000625 [0 0 1 0 0 0 0 0 0 0 0 0 0 1 0 1 0 0 0 0 0 1 1 1 1 1 1 0 0 1 1]
84 11 100 0.07221123762000625 [0 0 1 0 0 0 0 0 0 0 0 0 0 1 0 1 0 0 0 0 0 1 1 1 1 1 1 0 0 1 1]
85 11 100 0.07221123762000625 [0 0 1 0 0 0 0 0 0 0 0 0 0 1 0 1 0 0 0 0 0 1 1 1 1 1 1 0 0 1 1]
86 11 100 0.07221123762000625 [0 0 1 0 0 0 0 0 0 0 0 0 0 1 0 1 0 0 0 0 0 1 1 1 1 1 1 0 0 1 1]
87 11 100 0.07221123762000625 [0 0 1 0 0 0 0 0 0 0 0 0 0 1 0 1 0 0 0 0 0 1 1 1 1 1 1 0 0 1 1]
88 11 100 0.07221123762000625 [0 0 1 0 0 0 0 0 0 0 0 0 0 1 0 1 0 0 0 0 0 1 1 1 1 1 1 0 0 1 1]
89 11 100 0.07221123762000625 [0 0 1 0 0 0 0 0 0 0 0 0 0 1 0 1 0 0 0 0 0 1 1 1 1 1 1 0 0 1 1]
90 11 100 0.07221123762000625 [0 0 1 0 0 0 0 0 0 0 0 0 0 1 0 1 0 0 0 0 0 1 1 1 1 1 1 0 0 1 1]
91 11 100 0.07221123762000625 [0 0 1 0 0 0 0 0 0 0 0 0 0 1 0 1 0 0 0 0 0 1 1 1 1 1 1 0 0 1 1]
92 11 100 0.07221123762000625 [0 0 1 0 0 0 0 0 0 0 0 0 0 1 0 1 0 0 0 0 0 1 1 1 1 1 1 0 0 1 1]
93 11 100 0.07221123762000625 [0 0 1 0 0 0 0 0 0 0 0 0 0 1 0 1 0 0 0 0 0 1 1 1 1 1 1 0 0 1 1]
94 11 100 0.07221123762000625 [0 0 1 0 0 0 0 0 0 0 0 0 0 1 0 1 0 0 0 0 0 1 1 1 1 1 1 0 0 1 1]
95 11 100 0.07221123762000625 [0 0 1 0 0 0 0 0 0 0 0 0 0 1 0 1 0 0 0 0 0 1 1 1 1 1 1 0 0 1 1]
96 11 100 0.07221123762000625 [0 0 1 0 0 0 0 0 0 0 0 0 0 1 0 1 0 0 0 0 0 1 1 1 1 1 1 0 0 1 1]
97 11 100 0.07221123762000625 [0 0 1 0 0 0 0 0 0 0 0 0 0 1 0 1 0 0 0 0 0 1 1 1 1 1 1 0 0 1 1]
98 11 100 0.07221123762000625 [0 0 1 0 0 0 0 0 0 0 0 0 0 1 0 1 0 0 0 0 0 1 1 1 1 1 1 0 0 1 1]
99 11 100 0.07221123762000625 [0 0 1 0 0 0 0 0 0 0 0 0 0 1 0 1 0 0 0 0 0 1 1 1 1 1 1 0 0 1 1]
100 11 100 0.07221123762000625 [0 0 1 0 0 0 0 0 0 0 0 0 0 1 0 1 0 0 0 0 0 1 1 1 1 1 1 0 0 1 1]
101 11 100 0.07221123762000625 [0 0 1 0 0 0 0 0 0 0 0 0 0 1 0 1 0 0 0 0 0 1 1 1 1 1 1 0 0 1 1]
102 11 100 0.07221123762000625 [0 0 1 0 0 0 0 0 0 0 0 0 0 1 0 1 0 0 0 0 0 1 1 1 1 1 1 0 0 1 1]
103 11 100 0.07221123762000625 [0 0 1 0 0 0 0 0 0 0 0 0 0 1 0 1 0 0 0 0 0 1 1 1 1 1 1 0 0 1 1]
104 11 100 0.07221123762000625 [0 0 1 0 0 0 0 0 0 0 0 0 0 1 0 1 0 0 0 0 0 1 1 1 1 1 1 0 0 1 1]
105 11 100 0.07221123762000625 [0 0 1 0 0 0 0 0 0 0 0 0 0 1 0 1 0 0 0 0 0 1 1 1 1 1 1 0 0 1 1]
106 11 100 0.07221123762000625 [0 0 1 0 0 0 0 0 0 0 0 0 0 1 0 1 0 0 0 0 0 1 1 1 1 1 1 0 0 1 1]
107 11 100 0.07221123762000625 [0 0 1 0 0 0 0 0 0 0 0 0 0 1 0 1 0 0 0 0 0 1 1 1 1 1 1 0 0 1 1]
108 11 100 0.07221123762000625 [0 0 1 0 0 0 0 0 0 0 0 0 0 1 0 1 0 0 0 0 0 1 1 1 1 1 1 0 0 1 1]
109 11 100 0.07221123762000625 [0 0 1 0 0 0 0 0 0 0 0 0 0 1 0 1 0 0 0 0 0 1 1 1 1 1 1 0 0 1 1]
110 11 100 0.07221123762000625 [0 0 1 0 0 0 0 0 0 0 0 0 0 1 0 1 0 0 0 0 0 1 1 1 1 1 1 0 0 1 1]
111 11 100 0.07221123762000625 [0 0 1 0 0 0 0 0 0 0 0 0 0 1 0 1 0 0 0 0 0 1 1 1 1 1 1 0 0 1 1]
112 11 100 0.07221123762000625 [0 0 1 0 0 0 0 0 0 0 0 0 0 1 0 1 0 0 0 0 0 1 1 1 1 1 1 0 0 1 1]
113 11 100 0.07221123762000625 [0 0 1 0 0 0 0 0 0 0 0 0 0 1 0 1 0 0 0 0 0 1 1 1 1 1 1 0 0 1 1]
114 11 100 0.07221123762000625 [0 0 1 0 0 0 0 0 0 0 0 0 0 1 0 1 0 0 0 0 0 1 1 1 1 1 1 0 0 1 1]
115 11 100 0.07221123762000625 [0 0 1 0 0 0 0 0 0 0 0 0 0 1 0 1 0 0 0 0 0 1 1 1 1 1 1 0 0 1 1]
116 11 100 0.07221123762000625 [0 0 1 0 0 0 0 0 0 0 0 0 0 1 0 1 0 0 0 0 0 1 1 1 1 1 1 0 0 1 1]
117 11 100 0.07221123762000625 [0 0 1 0 0 0 0 0 0 0 0 0 0 1 0 1 0 0 0 0 0 1 1 1 1 1 1 0 0 1 1]
118 11 100 0.07221123762000625 [0 0 1 0 0 0 0 0 0 0 0 0 0 1 0 1 0 0 0 0 0 1 1 1 1 1 1 0 0 1 1]
119 11 100 0.07221123762000625 [0 0 1 0 0 0 0 0 0 0 0 0 0 1 0 1 0 0 0 0 0 1 1 1 1 1 1 0 0 1 1]
120 11 100 0.07221123762000625 [0 0 1 0 0 0 0 0 0 0 0 0 0 1 0 1 0 0 0 0 0 1 1 1 1 1 1 0 0 1 1]
121 11 100 0.07221123762000625 [0 0 1 0 0 0 0 0 0 0 0 0 0 1 0 1 0 0 0 0 0 1 1 1 1 1 1 0 0 1 1]
122 11 100 0.07221123762000625 [0 0 1 0 0 0 0 0 0 0 0 0 0 1 0 1 0 0 0 0 0 1 1 1 1 1 1 0 0 1 1]
123 11 100 0.07221123762000625 [0 0 1 0 0 0 0 0 0 0 0 0 0 1 0 1 0 0 0 0 0 1 1 1 1 1 1 0 0 1 1]
124 11 100 0.07221123762000625 [0 0 1 0 0 0 0 0 0 0 0 0 0 1 0 1 0 0 0 0 0 1 1 1 1 1 1 0 0 1 1]
125 11 100 0.07221123762000625 [0 0 1 0 0 0 0 0 0 0 0 0 0 1 0 1 0 0 0 0 0 1 1 1 1 1 1 0 0 1 1]
126 11 100 0.07221123762000625 [0 0 1 0 0 0 0 0 0 0 0 0 0 1 0 1 0 0 0 0 0 1 1 1 1 1 1 0 0 1 1]
127 11 100 0.07221123762000625 [0 0 1 0 0 0 0 0 0 0 0 0 0 1 0 1 0 0 0 0 0 1 1 1 1 1 1 0 0 1 1]
128 11 100 0.07221123762000625 [0 0 1 0 0 0 0 0 0 0 0 0 0 1 0 1 0 0 0 0 0 1 1 1 1 1 1 0 0 1 1]
129 11 100 0.07221123762000625 [0 0 1 0 0 0 0 0 0 0 0 0 0 1 0 1 0 0 0 0 0 1 1 1 1 1 1 0 0 1 1]
130 11 100 0.07221123762000625 [0 0 1 0 0 0 0 0 0 0 0 0 0 1 0 1 0 0 0 0 0 1 1 1 1 1 1 0 0 1 1]
131 11 100 0.07221123762000625 [0 0 1 0 0 0 0 0 0 0 0 0 0 1 0 1 0 0 0 0 0 1 1 1 1 1 1 0 0 1 1]
132 11 100 0.07221123762000625 [0 0 1 0 0 0 0 0 0 0 0 0 0 1 0 1 0 0 0 0 0 1 1 1 1 1 1 0 0 1 1]
133 11 100 0.07221123762000625 [0 0 1 0 0 0 0 0 0 0 0 0 0 1 0 1 0 0 0 0 0 1 1 1 1 1 1 0 0 1 1]
134 11 100 0.07221123762000625 [0 0 1 0 0 0 0 0 0 0 0 0 0 1 0 1 0 0 0 0 0 1 1 1 1 1 1 0 0 1 1]
135 11 100 0.07221123762000625 [0 0 1 0 0 0 0 0 0 0 0 0 0 1 0 1 0 0 0 0 0 1 1 1 1 1 1 0 0 1 1]
136 11 100 0.07221123762000625 [0 0 1 0 0 0 0 0 0 0 0 0 0 1 0 1 0 0 0 0 0 1 1 1 1 1 1 0 0 1 1]
137 11 100 0.07221123762000625 [0 0 1 0 0 0 0 0 0 0 0 0 0 1 0 1 0 0 0 0 0 1 1 1 1 1 1 0 0 1 1]
138 11 100 0.07221123762000625 [0 0 1 0 0 0 0 0 0 0 0 0 0 1 0 1 0 0 0 0 0 1 1 1 1 1 1 0 0 1 1]
139 11 100 0.07221123762000625 [0 0 1 0 0 0 0 0 0 0 0 0 0 1 0 1 0 0 0 0 0 1 1 1 1 1 1 0 0 1 1]
140 11 100 0.07221123762000625 [0 0 1 0 0 0 0 0 0 0 0 0 0 1 0 1 0 0 0 0 0 1 1 1 1 1 1 0 0 1 1]
141 11 100 0.07221123762000625 [0 0 1 0 0 0 0 0 0 0 0 0 0 1 0 1 0 0 0 0 0 1 1 1 1 1 1 0 0 1 1]
142 11 100 0.07221123762000625 [0 0 1 0 0 0 0 0 0 0 0 0 0 1 0 1 0 0 0 0 0 1 1 1 1 1 1 0 0 1 1]
143 11 100 0.07221123762000625 [0 0 1 0 0 0 0 0 0 0 0 0 0 1 0 1 0 0 0 0 0 1 1 1 1 1 1 0 0 1 1]
144 11 100 0.07221123762000625 [0 0 1 0 0 0 0 0 0 0 0 0 0 1 0 1 0 0 0 0 0 1 1 1 1 1 1 0 0 1 1]
145 11 100 0.07221123762000625 [0 0 1 0 0 0 0 0 0 0 0 0 0 1 0 1 0 0 0 0 0 1 1 1 1 1 1 0 0 1 1]
146 11 100 0.07221123762000625 [0 0 1 0 0 0 0 0 0 0 0 0 0 1 0 1 0 0 0 0 0 1 1 1 1 1 1 0 0 1 1]
147 11 100 0.07221123762000625 [0 0 1 0 0 0 0 0 0 0 0 0 0 1 0 1 0 0 0 0 0 1 1 1 1 1 1 0 0 1 1]
148 11 100 0.07221123762000625 [0 0 1 0 0 0 0 0 0 0 0 0 0 1 0 1 0 0 0 0 0 1 1 1 1 1 1 0 0 1 1]
149 11 100 0.07221123762000625 [0 0 1 0 0 0 0 0 0 0 0 0 0 1 0 1 0 0 0 0 0 1 1 1 1 1 1 0 0 1 1]
150 11 100 0.07221123762000625 [0 0 1 0 0 0 0 0 0 0 0 0 0 1 0 1 0 0 0 0 0 1 1 1 1 1 1 0 0 1 1]
