0 15 100 0.09823908480076271 [0 0 0 0 1 0 1 0 1 1 0 0 1 1 1 0 0 1 0 0 0 1 1 1 0 1 0 0 1 1 1]
1 20 100 0.08934478067601215 [0 0 1 1 1 0 1 1 0 1 1 0 0 1 1 0 1 0 0 0 1 1 1 1 1 1 1 1 0 1 1]
2 20 100 0.08934478067601215 [0 0 1 1 1 0 1 1 0 1 1 0 0 1 1 0 1 0 0 0 1 1 1 1 1 1 1 1 0 1 1]
3 15 100 0.08251361677912361 [0 0 1 1 1 0 0 0 1 0 0 1 0 1 1 1 0 0 0 0 0 1 1 1 1 0 1 0 0 1 1]
4 9 100 0.07988847132985821 [0 0 0 1 1 0 0 0 1 0 0 0 0 0 1 0 1 0 0 0 0 1 1 0 1 0 0 0 0 0 1]
5 9 100 0.07988847132985821 [0 0 0 1 1 0 0 0 1 0 0 0 0 0 1 0 1 0 0 0 0 1 1 0 1 0 0 0 0 0 1]
6 9 100 0.07988847132985821 [0 0 0 1 1 0 0 0 1 0 0 0 0 0 1 0 1 0 0 0 0 1 1 0 1 0 0 0 0 0 1]
7 9 100 0.07988847132985821 [0 0 0 1 1 0 0 0 1 0 0 0 0 0 1 0 1 0 0 0 0 1 1 0 1 0 0 0 0 0 1]
8 8 100 0.07666219556508591 [0 0 1 0 1 0 0 0 0 0 0 0 1 0 0 0 0 0 0 0 0 1 0 1 1 0 0 1 0 0 1]
9 8 100 0.07666219556508591 [0 0 1 0 1 0 0 0 0 0 0 0 1 0 0 0 0 0 0 0 0 1 0 1 1 0 0 1 0 0 1]
10 8 100 0.07666219556508591 [0 0 1 0 1 0 0 0 0 0 0 0 1 0 0 0 0 0 0 0 0 1 0 1 1 0 0 1 0 0 1]
11 8 100 0.07666219556508591 [0 0 1 0 1 0 0 0 0 0 0 0 1 0 0 0 0 0 0 0 0 1 0 1 1 0 0 1 0 0 1]
12 8 100 0.07666219556508591 [0 0 1 0 1 0 0 0 0 0 0 0 1 0 0 0 0 0 0 0 0 1 0 1 1 0 0 1 0 0 1]
13 8 100 0.07666219556508591 [0 0 1 0 1 0 0 0 0 0 0 0 1 0 0 0 0 0 0 0 0 1 0 1 1 0 0 1 0 0 1]
14 8 100 0.07666219556508591 [0 0 1 0 1 0 0 0 0 0 0 0 1 0 0 0 0 0 0 0 0 1 0 1 1 0 0 1 0 0 1]
15 8 100 0.07666219556508591 [0 0 1 0 1 0 0 0 0 0 0 0 1 0 0 0 0 0 0 0 0 1 0 1 1 0 0 1 0 0 1]
16 8 100 0.07666219556508591 [0 0 1 0 1 0 0 0 0 0 0 0 1 0 0 0 0 0 0 0 0 1 0 1 1 0 0 1 0 0 1]
17 8 100 0.07666219556508591 [0 0 1 0 1 0 0 0 0 0 0 0 1 0 0 0 0 0 0 0 0 1 0 1 1 0 0 1 0 0 1]
18 8 100 0.07666219556508591 [0 0 1 0 1 0 0 0 0 0 0 0 1 0 0 0 0 0 0 0 0 1 0 1 1 0 0 1 0 0 1]
19 8 100 0.07666219556508591 [0 0 1 0 1 0 0 0 0 0 0 0 1 0 0 0 0 0 0 0 0 1 0 1 1 0 0 1 0 0 1]
20 8 100 0.07666219556508591 [0 0 1 0 1 0 0 0 0 0 0 0 1 0 0 0 0 0 0 0 0 1 0 1 1 0 0 1 0 0 1]
21 8 100 0.07666219556508591 [0 0 1 0 1 0 0 0 0 0 0 0 1 0 0 0 0 0 0 0 0 1 0 1 1 0 0 1 0 0 1]
22 8 100 0.07666219556508591 [0 0 1 0 1 0 0 0 0 0 0 0 1 0 0 0 0 0 0 0 0 1 0 1 1 0 0 1 0 0 1]
23 8 100 0.07666219556508591 [0 0 1 0 1 0 0 0 0 0 0 0 1 0 0 0 0 0 0 0 0 1 0 1 1 0 0 1 0 0 1]
24 8 100 0.07666219556508591 [0 0 1 0 1 0 0 0 0 0 0 0 1 0 0 0 0 0 0 0 0 1 0 1 1 0 0 1 0 0 1]
25 8 100 0.07666219556508591 [0 0 1 0 1 0 0 0 0 0 0 0 1 0 0 0 0 0 0 0 0 1 0 1 1 0 0 1 0 0 1]
26 8 100 0.07666219556508591 [0 0 1 0 1 0 0 0 0 0 0 0 1 0 0 0 0 0 0 0 0 1 0 1 1 0 0 1 0 0 1]
27 8 100 0.07666219556508591 [0 0 1 0 1 0 0 0 0 0 0 0 1 0 0 0 0 0 0 0 0 1 0 1 1 0 0 1 0 0 1]
28 8 100 0.07666219556508591 [0 0 1 0 1 0 0 0 0 0 0 0 1 0 0 0 0 0 0 0 0 1 0 1 1 0 0 1 0 0 1]
29 8 100 0.07666219556508591 [0 0 1 0 1 0 0 0 0 0 0 0 1 0 0 0 0 0 0 0 0 1 0 1 1 0 0 1 0 0 1]
30 8 100 0.07666219556508591 [0 0 1 0 1 0 0 0 0 0 0 0 1 0 0 0 0 0 0 0 0 1 0 1 1 0 0 1 0 0 1]
31 8 100 0.07666219556508591 [0 0 1 0 1 0 0 0 0 0 0 0 1 0 0 0 0 0 0 0 0 1 0 1 1 0 0 1 0 0 1]
32 8 100 0.07666219556508591 [0 0 1 0 1 0 0 0 0 0 0 0 1 0 0 0 0 0 0 0 0 1 0 1 1 0 0 1 0 0 1]
33 8 100 0.07666219556508591 [0 0 1 0 1 0 0 0 0 0 0 0 1 0 0 0 0 0 0 0 0 1 0 1 1 0 0 1 0 0 1]
34 8 100 0.07666219556508591 [0 0 1 0 1 0 0 0 0 0 0 0 1 0 0 0 0 0 0 0 0 1 0 1 1 0 0 1 0 0 1]
35 8 100 0.07666219556508591 [0 0 1 0 1 0 0 0 0 0 0 0 1 0 0 0 0 0 0 0 0 1 0 1 1 0 0 1 0 0 1]
36 8 100 0.07666219556508591 [0 0 1 0 1 0 0 0 0 0 0 0 1 0 0 0 0 0 0 0 0 1 0 1 1 0 0 1 0 0 1]
37 8 100 0.07666219556508591 [0 0 1 0 1 0 0 0 0 0 0 0 1 0 0 0 0 0 0 0 0 1 0 1 1 0 0 1 0 0 1]
38 8 100 0.07666219556508591 [0 0 1 0 1 0 0 0 0 0 0 0 1 0 0 0 0 0 0 0 0 1 0 1 1 0 0 1 0 0 1]
39 8 100 0.07666219556508591 [0 0 1 0 1 0 0 0 0 0 0 0 1 0 0 0 0 0 0 0 0 1 0 1 1 0 0 1 0 0 1]
40 8 100 0.07666219556508591 [0 0 1 0 1 0 0 0 0 0 0 0 1 0 0 0 0 0 0 0 0 1 0 1 1 0 0 1 0 0 1]
41 8 100 0.07666219556508591 [0 0 1 0 1 0 0 0 0 0 0 0 1 0 0 0 0 0 0 0 0 1 0 1 1 0 0 1 0 0 1]
42 8 100 0.07666219556508591 [0 0 1 0 1 0 0 0 0 0 0 0 1 0 0 0 0 0 0 0 0 1 0 1 1 0 0 1 0 0 1]
43 8 100 0.07666219556508591 [0 0 1 0 1 0 0 0 0 0 0 0 1 0 0 0 0 0 0 0 0 1 0 1 1 0 0 1 0 0 1]
44 8 100 0.07666219556508591 [0 0 1 0 1 0 0 0 0 0 0 0 1 0 0 0 0 0 0 0 0 1 0 1 1 0 0 1 0 0 1]
45 8 100 0.07666219556508591 [0 0 1 0 1 0 0 0 0 0 0 0 1 0 0 0 0 0 0 0 0 1 0 1 1 0 0 1 0 0 1]
46 8 100 0.07666219556508591 [0 0 1 0 1 0 0 0 0 0 0 0 1 0 0 0 0 0 0 0 0 1 0 1 1 0 0 1 0 0 1]
47 8 100 0.07666219556508591 [0 0 1 0 1 0 0 0 0 0 0 0 1 0 0 0 0 0 0 0 0 1 0 1 1 0 0 1 0 0 1]
48 8 100 0.07666219556508591 [0 0 1 0 1 0 0 0 0 0 0 0 1 0 0 0 0 0 0 0 0 1 0 1 1 0 0 1 0 0 1]
49 8 100 0.07666219556508591 [0 0 1 0 1 0 0 0 0 0 0 0 1 0 0 0 0 0 0 0 0 1 0 1 1 0 0 1 0 0 1]
50 8 100 0.07666219556508591 [0 0 1 0 1 0 0 0 0 0 0 0 1 0 0 0 0 0 0 0 0 1 0 1 1 0 0 1 0 0 1]
51 8 100 0.07666219556508591 [0 0 1 0 1 0 0 0 0 0 0 0 1 0 0 0 0 0 0 0 0 1 0 1 1 0 0 1 0 0 1]
52 8 100 0.07666219556508591 [0 0 1 0 1 0 0 0 0 0 0 0 1 0 0 0 0 0 0 0 0 1 0 1 1 0 0 1 0 0 1]
53 8 100 0.07666219556508591 [0 0 1 0 1 0 0 0 0 0 0 0 1 0 0 0 0 0 0 0 0 1 0 1 1 0 0 1 0 0 1]
54 8 100 0.07666219556508591 [0 0 1 0 1 0 0 0 0 0 0 0 1 0 0 0 0 0 0 0 0 1 0 1 1 0 0 1 0 0 1]
55 8 100 0.07666219556508591 [0 0 1 0 1 0 0 0 0 0 0 0 1 0 0 0 0 0 0 0 0 1 0 1 1 0 0 1 0 0 1]
56 8 100 0.07666219556508591 [0 0 1 0 1 0 0 0 0 0 0 0 1 0 0 0 0 0 0 0 0 1 0 1 1 0 0 1 0 0 1]
57 8 100 0.07666219556508591 [0 0 1 0 1 0 0 0 0 0 0 0 1 0 0 0 0 0 0 0 0 1 0 1 1 0 0 1 0 0 1]
58 8 100 0.07666219556508591 [0 0 1 0 1 0 0 0 0 0 0 0 1 0 0 0 0 0 0 0 0 1 0 1 1 0 0 1 0 0 1]
59 8 100 0.07666219556508591 [0 0 1 0 1 0 0 0 0 0 0 0 1 0 0 0 0 0 0 0 0 1 0 1 1 0 0 1 0 0 1]
60 8 100 0.07666219556508591 [0 0 1 0 1 0 0 0 0 0 0 0 1 0 0 0 0 0 0 0 0 1 0 1 1 0 0 1 0 0 1]
61 8 100 0.07666219556508591 [0 0 1 0 1 0 0 0 0 0 0 0 1 0 0 0 0 0 0 0 0 1 0 1 1 0 0 1 0 0 1]
62 8 100 0.07666219556508591 [0 0 1 0 1 0 0 0 0 0 0 0 1 0 0 0 0 0 0 0 0 1 0 1 1 0 0 1 0 0 1]
63 8 100 0.07666219556508591 [0 0 1 0 1 0 0 0 0 0 0 0 1 0 0 0 0 0 0 0 0 1 0 1 1 0 0 1 0 0 1]
64 8 100 0.07666219556508591 [0 0 1 0 1 0 0 0 0 0 0 0 1 0 0 0 0 0 0 0 0 1 0 1 1 0 0 1 0 0 1]
65 11 100 0.07478757855226448 [0 0 1 0 1 0 0 0 0 0 0 0 1 1 0 0 0 0 0 0 0 1 1 0 1 0 0 1 1 1 1]
66 11 100 0.07478757855226448 [0 0 1 0 1 0 0 0 0 0 0 0 1 1 0 0 0 0 0 0 0 1 1 0 1 0 0 1 1 1 1]
67 11 100 0.07478757855226448 [0 0 1 0 1 0 0 0 0 0 0 0 1 1 0 0 0 0 0 0 0 1 1 0 1 0 0 1 1 1 1]
68 11 100 0.07478757855226448 [0 0 1 0 1 0 0 0 0 0 0 0 1 1 0 0 0 0 0 0 0 1 1 0 1 0 0 1 1 1 1]
69 15 100 0.06583133299908173 [0 0 1 0 1 0 0 0 0 1 0 0 1 1 0 1 0 0 0 0 0 1 1 1 1 1 0 1 1 1 1]
70 15 100 0.06583133299908173 [0 0 1 0 1 0 0 0 0 1 0 0 1 1 0 1 0 0 0 0 0 1 1 1 1 1 0 1 1 1 1]
71 15 100 0.06583133299908173 [0 0 1 0 1 0 0 0 0 1 0 0 1 1 0 1 0 0 0 0 0 1 1 1 1 1 0 1 1 1 1]
72 15 100 0.06583133299908173 [0 0 1 0 1 0 0 0 0 1 0 0 1 1 0 1 0 0 0 0 0 1 1 1 1 1 0 1 1 1 1]
73 15 100 0.06583133299908173 [0 0 1 0 1 0 0 0 0 1 0 0 1 1 0 1 0 0 0 0 0 1 1 1 1 1 0 1 1 1 1]
74 15 100 0.06583133299908173 [0 0 1 0 1 0 0 0 0 1 0 0 1 1 0 1 0 0 0 0 0 1 1 1 1 1 0 1 1 1 1]
75 15 100 0.06583133299908173 [0 0 1 0 1 0 0 0 0 1 0 0 1 1 0 1 0 0 0 0 0 1 1 1 1 1 0 1 1 1 1]
76 15 100 0.06583133299908173 [0 0 1 0 1 0 0 0 0 1 0 0 1 1 0 1 0 0 0 0 0 1 1 1 1 1 0 1 1 1 1]
77 15 100 0.06583133299908173 [0 0 1 0 1 0 0 0 0 1 0 0 1 1 0 1 0 0 0 0 0 1 1 1 1 1 0 1 1 1 1]
78 15 100 0.06583133299908173 [0 0 1 0 1 0 0 0 0 1 0 0 1 1 0 1 0 0 0 0 0 1 1 1 1 1 0 1 1 1 1]
79 15 100 0.06583133299908173 [0 0 1 0 1 0 0 0 0 1 0 0 1 1 0 1 0 0 0 0 0 1 1 1 1 1 0 1 1 1 1]
80 15 100 0.06583133299908173 [0 0 1 0 1 0 0 0 0 1 0 0 1 1 0 1 0 0 0 0 0 1 1 1 1 1 0 1 1 1 1]
81 15 100 0.06583133299908173 [0 0 1 0 1 0 0 0 0 1 0 0 1 1 0 1 0 0 0 0 0 1 1 1 1 1 0 1 1 1 1]
82 15 100 0.06583133299908173 [0 0 1 0 1 0 0 0 0 1 0 0 1 1 0 1 0 0 0 0 0 1 1 1 1 1 0 1 1 1 1]
83 15 100 0.06583133299908173 [0 0 1 0 1 0 0 0 0 1 0 0 1 1 0 1 0 0 0 0 0 1 1 1 1 1 0 1 1 1 1]
84 15 100 0.06583133299908173 [0 0 1 0 1 0 0 0 0 1 0 0 1 1 0 1 0 0 0 0 0 1 1 1 1 1 0 1 1 1 1]
85 15 100 0.06583133299908173 [0 0 1 0 1 0 0 0 0 1 0 0 1 1 0 1 0 0 0 0 0 1 1 1 1 1 0 1 1 1 1]
86 15 100 0.06583133299908173 [0 0 1 0 1 0 0 0 0 1 0 0 1 1 0 1 0 0 0 0 0 1 1 1 1 1 0 1 1 1 1]
87 15 100 0.06583133299908173 [0 0 1 0 1 0 0 0 0 1 0 0 1 1 0 1 0 0 0 0 0 1 1 1 1 1 0 1 1 1 1]
88 15 100 0.06583133299908173 [0 0 1 0 1 0 0 0 0 1 0 0 1 1 0 1 0 0 0 0 0 1 1 1 1 1 0 1 1 1 1]
89 15 100 0.06583133299908173 [0 0 1 0 1 0 0 0 0 1 0 0 1 1 0 1 0 0 0 0 0 1 1 1 1 1 0 1 1 1 1]
90 15 100 0.06583133299908173 [0 0 1 0 1 0 0 0 0 1 0 0 1 1 0 1 0 0 0 0 0 1 1 1 1 1 0 1 1 1 1]
91 15 100 0.06583133299908173 [0 0 1 0 1 0 0 0 0 1 0 0 1 1 0 1 0 0 0 0 0 1 1 1 1 1 0 1 1 1 1]
92 15 100 0.06583133299908173 [0 0 1 0 1 0 0 0 0 1 0 0 1 1 0 1 0 0 0 0 0 1 1 1 1 1 0 1 1 1 1]
93 15 100 0.06583133299908173 [0 0 1 0 1 0 0 0 0 1 0 0 1 1 0 1 0 0 0 0 0 1 1 1 1 1 0 1 1 1 1]
94 15 100 0.06583133299908173 [0 0 1 0 1 0 0 0 0 1 0 0 1 1 0 1 0 0 0 0 0 1 1 1 1 1 0 1 1 1 1]
95 15 100 0.06583133299908173 [0 0 1 0 1 0 0 0 0 1 0 0 1 1 0 1 0 0 0 0 0 1 1 1 1 1 0 1 1 1 1]
96 15 100 0.06583133299908173 [0 0 1 0 1 0 0 0 0 1 0 0 1 1 0 1 0 0 0 0 0 1 1 1 1 1 0 1 1 1 1]
97 15 100 0.06583133299908173 [0 0 1 0 1 0 0 0 0 1 0 0 1 1 0 1 0 0 0 0 0 1 1 1 1 1 0 1 1 1 1]
98 15 100 0.06583133299908173 [0 0 1 0 1 0 0 0 0 1 0 0 1 1 0 1 0 0 0 0 0 1 1 1 1 1 0 1 1 1 1]
99 15 100 0.06583133299908173 [0 0 1 0 1 0 0 0 0 1 0 0 1 1 0 1 0 0 0 0 0 1 1 1 1 1 0 1 1 1 1]
100 15 100 0.06583133299908173 [0 0 1 0 1 0 0 0 0 1 0 0 1 1 0 1 0 0 0 0 0 1 1 1 1 1 0 1 1 1 1]
101 15 100 0.06583133299908173 [0 0 1 0 1 0 0 0 0 1 0 0 1 1 0 1 0 0 0 0 0 1 1 1 1 1 0 1 1 1 1]
102 15 100 0.06583133299908173 [0 0 1 0 1 0 0 0 0 1 0 0 1 1 0 1 0 0 0 0 0 1 1 1 1 1 0 1 1 1 1]
103 15 100 0.06583133299908173 [0 0 1 0 1 0 0 0 0 1 0 0 1 1 0 1 0 0 0 0 0 1 1 1 1 1 0 1 1 1 1]
104 15 100 0.06583133299908173 [0 0 1 0 1 0 0 0 0 1 0 0 1 1 0 1 0 0 0 0 0 1 1 1 1 1 0 1 1 1 1]
105 15 100 0.06583133299908173 [0 0 1 0 1 0 0 0 0 1 0 0 1 1 0 1 0 0 0 0 0 1 1 1 1 1 0 1 1 1 1]
106 15 100 0.06583133299908173 [0 0 1 0 1 0 0 0 0 1 0 0 1 1 0 1 0 0 0 0 0 1 1 1 1 1 0 1 1 1 1]
107 15 100 0.06583133299908173 [0 0 1 0 1 0 0 0 0 1 0 0 1 1 0 1 0 0 0 0 0 1 1 1 1 1 0 1 1 1 1]
108 15 100 0.06583133299908173 [0 0 1 0 1 0 0 0 0 1 0 0 1 1 0 1 0 0 0 0 0 1 1 1 1 1 0 1 1 1 1]
109 15 100 0.06583133299908173 [0 0 1 0 1 0 0 0 0 1 0 0 1 1 0 1 0 0 0 0 0 1 1 1 1 1 0 1 1 1 1]
110 15 100 0.06583133299908173 [0 0 1 0 1 0 0 0 0 1 0 0 1 1 0 1 0 0 0 0 0 1 1 1 1 1 0 1 1 1 1]
111 15 100 0.06583133299908173 [0 0 1 0 1 0 0 0 0 1 0 0 1 1 0 1 0 0 0 0 0 1 1 1 1 1 0 1 1 1 1]
112 15 100 0.06583133299908173 [0 0 1 0 1 0 0 0 0 1 0 0 1 1 0 1 0 0 0 0 0 1 1 1 1 1 0 1 1 1 1]
113 15 100 0.06583133299908173 [0 0 1 0 1 0 0 0 0 1 0 0 1 1 0 1 0 0 0 0 0 1 1 1 1 1 0 1 1 1 1]
114 15 100 0.06583133299908173 [0 0 1 0 1 0 0 0 0 1 0 0 1 1 0 1 0 0 0 0 0 1 1 1 1 1 0 1 1 1 1]
115 15 100 0.06583133299908173 [0 0 1 0 1 0 0 0 0 1 0 0 1 1 0 1 0 0 0 0 0 1 1 1 1 1 0 1 1 1 1]
116 15 100 0.06583133299908173 [0 0 1 0 1 0 0 0 0 1 0 0 1 1 0 1 0 0 0 0 0 1 1 1 1 1 0 1 1 1 1]
117 15 100 0.06583133299908173 [0 0 1 0 1 0 0 0 0 1 0 0 1 1 0 1 0 0 0 0 0 1 1 1 1 1 0 1 1 1 1]
118 15 100 0.06583133299908173 [0 0 1 0 1 0 0 0 0 1 0 0 1 1 0 1 0 0 0 0 0 1 1 1 1 1 0 1 1 1 1]
119 15 100 0.06583133299908173 [0 0 1 0 1 0 0 0 0 1 0 0 1 1 0 1 0 0 0 0 0 1 1 1 1 1 0 1 1 1 1]
120 15 100 0.06583133299908173 [0 0 1 0 1 0 0 0 0 1 0 0 1 1 0 1 0 0 0 0 0 1 1 1 1 1 0 1 1 1 1]
121 15 100 0.06583133299908173 [0 0 1 0 1 0 0 0 0 1 0 0 1 1 0 1 0 0 0 0 0 1 1 1 1 1 0 1 1 1 1]
122 15 100 0.06583133299908173 [0 0 1 0 1 0 0 0 0 1 0 0 1 1 0 1 0 0 0 0 0 1 1 1 1 1 0 1 1 1 1]
123 15 100 0.06583133299908173 [0 0 1 0 1 0 0 0 0 1 0 0 1 1 0 1 0 0 0 0 0 1 1 1 1 1 0 1 1 1 1]
124 15 100 0.06583133299908173 [0 0 1 0 1 0 0 0 0 1 0 0 1 1 0 1 0 0 0 0 0 1 1 1 1 1 0 1 1 1 1]
125 15 100 0.06583133299908173 [0 0 1 0 1 0 0 0 0 1 0 0 1 1 0 1 0 0 0 0 0 1 1 1 1 1 0 1 1 1 1]
126 15 100 0.06583133299908173 [0 0 1 0 1 0 0 0 0 1 0 0 1 1 0 1 0 0 0 0 0 1 1 1 1 1 0 1 1 1 1]
127 15 100 0.06583133299908173 [0 0 1 0 1 0 0 0 0 1 0 0 1 1 0 1 0 0 0 0 0 1 1 1 1 1 0 1 1 1 1]
128 15 100 0.06583133299908173 [0 0 1 0 1 0 0 0 0 1 0 0 1 1 0 1 0 0 0 0 0 1 1 1 1 1 0 1 1 1 1]
129 15 100 0.06583133299908173 [0 0 1 0 1 0 0 0 0 1 0 0 1 1 0 1 0 0 0 0 0 1 1 1 1 1 0 1 1 1 1]
130 15 100 0.06583133299908173 [0 0 1 0 1 0 0 0 0 1 0 0 1 1 0 1 0 0 0 0 0 1 1 1 1 1 0 1 1 1 1]
131 15 100 0.06583133299908173 [0 0 1 0 1 0 0 0 0 1 0 0 1 1 0 1 0 0 0 0 0 1 1 1 1 1 0 1 1 1 1]
132 15 100 0.06583133299908173 [0 0 1 0 1 0 0 0 0 1 0 0 1 1 0 1 0 0 0 0 0 1 1 1 1 1 0 1 1 1 1]
133 15 100 0.06583133299908173 [0 0 1 0 1 0 0 0 0 1 0 0 1 1 0 1 0 0 0 0 0 1 1 1 1 1 0 1 1 1 1]
134 15 100 0.06583133299908173 [0 0 1 0 1 0 0 0 0 1 0 0 1 1 0 1 0 0 0 0 0 1 1 1 1 1 0 1 1 1 1]
135 15 100 0.06583133299908173 [0 0 1 0 1 0 0 0 0 1 0 0 1 1 0 1 0 0 0 0 0 1 1 1 1 1 0 1 1 1 1]
136 15 100 0.06583133299908173 [0 0 1 0 1 0 0 0 0 1 0 0 1 1 0 1 0 0 0 0 0 1 1 1 1 1 0 1 1 1 1]
137 15 100 0.06583133299908173 [0 0 1 0 1 0 0 0 0 1 0 0 1 1 0 1 0 0 0 0 0 1 1 1 1 1 0 1 1 1 1]
138 15 100 0.06583133299908173 [0 0 1 0 1 0 0 0 0 1 0 0 1 1 0 1 0 0 0 0 0 1 1 1 1 1 0 1 1 1 1]
139 15 100 0.06583133299908173 [0 0 1 0 1 0 0 0 0 1 0 0 1 1 0 1 0 0 0 0 0 1 1 1 1 1 0 1 1 1 1]
140 15 100 0.06583133299908173 [0 0 1 0 1 0 0 0 0 1 0 0 1 1 0 1 0 0 0 0 0 1 1 1 1 1 0 1 1 1 1]
141 15 100 0.06583133299908173 [0 0 1 0 1 0 0 0 0 1 0 0 1 1 0 1 0 0 0 0 0 1 1 1 1 1 0 1 1 1 1]
142 15 100 0.06583133299908173 [0 0 1 0 1 0 0 0 0 1 0 0 1 1 0 1 0 0 0 0 0 1 1 1 1 1 0 1 1 1 1]
143 15 100 0.06583133299908173 [0 0 1 0 1 0 0 0 0 1 0 0 1 1 0 1 0 0 0 0 0 1 1 1 1 1 0 1 1 1 1]
144 15 100 0.06583133299908173 [0 0 1 0 1 0 0 0 0 1 0 0 1 1 0 1 0 0 0 0 0 1 1 1 1 1 0 1 1 1 1]
145 15 100 0.06583133299908173 [0 0 1 0 1 0 0 0 0 1 0 0 1 1 0 1 0 0 0 0 0 1 1 1 1 1 0 1 1 1 1]
146 15 100 0.06583133299908173 [0 0 1 0 1 0 0 0 0 1 0 0 1 1 0 1 0 0 0 0 0 1 1 1 1 1 0 1 1 1 1]
147 15 100 0.06583133299908173 [0 0 1 0 1 0 0 0 0 1 0 0 1 1 0 1 0 0 0 0 0 1 1 1 1 1 0 1 1 1 1]
148 15 100 0.06583133299908173 [0 0 1 0 1 0 0 0 0 1 0 0 1 1 0 1 0 0 0 0 0 1 1 1 1 1 0 1 1 1 1]
149 15 100 0.06583133299908173 [0 0 1 0 1 0 0 0 0 1 0 0 1 1 0 1 0 0 0 0 0 1 1 1 1 1 0 1 1 1 1]
150 15 100 0.06583133299908173 [0 0 1 0 1 0 0 0 0 1 0 0 1 1 0 1 0 0 0 0 0 1 1 1 1 1 0 1 1 1 1]
