0 17 100 0.09356067874667617 [0 0 0 1 1 1 0 1 0 1 0 0 1 1 1 1 0 0 1 0 0 1 1 1 1 1 0 0 0 1 1]
1 23 100 0.09117680578032039 [0 1 1 1 1 0 0 1 0 1 1 1 1 1 1 1 1 0 1 0 1 0 1 1 1 0 1 1 1 1 1]
2 23 100 0.09117680578032039 [0 1 1 1 1 0 0 1 0 1 1 1 1 1 1 1 1 0 1 0 1 0 1 1 1 0 1 1 1 1 1]
3 14 100 0.08439406833366536 [0 0 0 1 1 0 1 0 1 0 0 0 0 1 1 0 0 0 0 0 1 1 1 1 1 0 0 1 0 1 1]
4 12 100 0.07939366381386725 [0 0 1 1 1 0 0 0 0 0 0 1 0 1 0 0 0 1 0 0 0 1 0 1 1 0 0 1 0 1 1]
5 12 100 0.07939366381386725 [0 0 1 1 1 0 0 0 0 0 0 1 0 1 0 0 0 1 0 0 0 1 0 1 1 0 0 1 0 1 1]
6 15 100 0.07852574194186812 [0 0 1 1 1 0 0 0 0 1 0 1 0 1 0 0 0 1 0 0 1 1 1 1 1 1 0 1 0 0 1]
7 15 100 0.07852574194186812 [0 0 1 1 1 0 0 0 0 1 0 1 0 1 0 0 0 1 0 0 1 1 1 1 1 1 0 1 0 0 1]
8 15 100 0.07852574194186812 [0 0 1 1 1 0 0 0 0 1 0 1 0 1 0 0 0 1 0 0 1 1 1 1 1 1 0 1 0 0 1]
9 15 100 0.07852574194186812 [0 0 1 1 1 0 0 0 0 1 0 1 0 1 0 0 0 1 0 0 1 1 1 1 1 1 0 1 0 0 1]
10 15 100 0.07852574194186812 [0 0 1 1 1 0 0 0 0 1 0 1 0 1 0 0 0 1 0 0 1 1 1 1 1 1 0 1 0 0 1]
11 15 100 0.07852574194186812 [0 0 1 1 1 0 0 0 0 1 0 1 0 1 0 0 0 1 0 0 1 1 1 1 1 1 0 1 0 0 1]
12 15 100 0.07852574194186812 [0 0 1 1 1 0 0 0 0 1 0 1 0 1 0 0 0 1 0 0 1 1 1 1 1 1 0 1 0 0 1]
13 15 100 0.07852574194186812 [0 0 1 1 1 0 0 0 0 1 0 1 0 1 0 0 0 1 0 0 1 1 1 1 1 1 0 1 0 0 1]
14 15 100 0.07852574194186812 [0 0 1 1 1 0 0 0 0 1 0 1 0 1 0 0 0 1 0 0 1 1 1 1 1 1 0 1 0 0 1]
15 15 100 0.07852574194186812 [0 0 1 1 1 0 0 0 0 1 0 1 0 1 0 0 0 1 0 0 1 1 1 1 1 1 0 1 0 0 1]
16 15 100 0.07852574194186812 [0 0 1 1 1 0 0 0 0 1 0 1 0 1 0 0 0 1 0 0 1 1 1 1 1 1 0 1 0 0 1]
17 15 100 0.07852574194186812 [0 0 1 1 1 0 0 0 0 1 0 1 0 1 0 0 0 1 0 0 1 1 1 1 1 1 0 1 0 0 1]
18 15 100 0.07852574194186812 [0 0 1 1 1 0 0 0 0 1 0 1 0 1 0 0 0 1 0 0 1 1 1 1 1 1 0 1 0 0 1]
19 15 100 0.07852574194186812 [0 0 1 1 1 0 0 0 0 1 0 1 0 1 0 0 0 1 0 0 1 1 1 1 1 1 0 1 0 0 1]
20 15 100 0.07852574194186812 [0 0 1 1 1 0 0 0 0 1 0 1 0 1 0 0 0 1 0 0 1 1 1 1 1 1 0 1 0 0 1]
21 15 100 0.07852574194186812 [0 0 1 1 1 0 0 0 0 1 0 1 0 1 0 0 0 1 0 0 1 1 1 1 1 1 0 1 0 0 1]
22 15 100 0.07852574194186812 [0 0 1 1 1 0 0 0 0 1 0 1 0 1 0 0 0 1 0 0 1 1 1 1 1 1 0 1 0 0 1]
23 15 100 0.07852574194186812 [0 0 1 1 1 0 0 0 0 1 0 1 0 1 0 0 0 1 0 0 1 1 1 1 1 1 0 1 0 0 1]
24 15 100 0.07852574194186812 [0 0 1 1 1 0 0 0 0 1 0 1 0 1 0 0 0 1 0 0 1 1 1 1 1 1 0 1 0 0 1]
25 15 100 0.07852574194186812 [0 0 1 1 1 0 0 0 0 1 0 1 0 1 0 0 0 1 0 0 1 1 1 1 1 1 0 1 0 0 1]
26 18 100 0.07671588322701428 [0 1 1 1 0 1 0 1 1 1 0 1 1 1 0 0 0 0 0 1 0 0 1 1 1 1 0 1 0 1 1]
27 18 100 0.07671588322701428 [0 1 1 1 0 1 0 1 1 1 0 1 1 1 0 0 0 0 0 1 0 0 1 1 1 1 0 1 0 1 1]
28 18 100 0.07671588322701428 [0 1 1 1 0 1 0 1 1 1 0 1 1 1 0 0 0 0 0 1 0 0 1 1 1 1 0 1 0 1 1]
29 18 100 0.07671588322701428 [0 1 1 1 0 1 0 1 1 1 0 1 1 1 0 0 0 0 0 1 0 0 1 1 1 1 0 1 0 1 1]
30 18 100 0.07671588322701428 [0 1 1 1 0 1 0 1 1 1 0 1 1 1 0 0 0 0 0 1 0 0 1 1 1 1 0 1 0 1 1]
31 18 100 0.07671588322701428 [0 1 1 1 0 1 0 1 1 1 0 1 1 1 0 0 0 0 0 1 0 0 1 1 1 1 0 1 0 1 1]
32 18 100 0.07671588322701428 [0 1 1 1 0 1 0 1 1 1 0 1 1 1 0 0 0 0 0 1 0 0 1 1 1 1 0 1 0 1 1]
33 18 100 0.07671588322701428 [0 1 1 1 0 1 0 1 1 1 0 1 1 1 0 0 0 0 0 1 0 0 1 1 1 1 0 1 0 1 1]
34 18 100 0.07671588322701428 [0 1 1 1 0 1 0 1 1 1 0 1 1 1 0 0 0 0 0 1 0 0 1 1 1 1 0 1 0 1 1]
35 18 100 0.07671588322701428 [0 1 1 1 0 1 0 1 1 1 0 1 1 1 0 0 0 0 0 1 0 0 1 1 1 1 0 1 0 1 1]
36 13 100 0.0717175235084524 [0 0 1 1 0 0 1 0 0 0 0 1 1 1 0 1 0 0 0 0 0 1 1 1 1 0 0 1 0 0 1]
37 13 100 0.0717175235084524 [0 0 1 1 0 0 1 0 0 0 0 1 1 1 0 1 0 0 0 0 0 1 1 1 1 0 0 1 0 0 1]
38 13 100 0.0717175235084524 [0 0 1 1 0 0 1 0 0 0 0 1 1 1 0 1 0 0 0 0 0 1 1 1 1 0 0 1 0 0 1]
39 13 100 0.0717175235084524 [0 0 1 1 0 0 1 0 0 0 0 1 1 1 0 1 0 0 0 0 0 1 1 1 1 0 0 1 0 0 1]
40 13 100 0.0717175235084524 [0 0 1 1 0 0 1 0 0 0 0 1 1 1 0 1 0 0 0 0 0 1 1 1 1 0 0 1 0 0 1]
41 13 100 0.0717175235084524 [0 0 1 1 0 0 1 0 0 0 0 1 1 1 0 1 0 0 0 0 0 1 1 1 1 0 0 1 0 0 1]
42 13 100 0.0717175235084524 [0 0 1 1 0 0 1 0 0 0 0 1 1 1 0 1 0 0 0 0 0 1 1 1 1 0 0 1 0 0 1]
43 13 100 0.0717175235084524 [0 0 1 1 0 0 1 0 0 0 0 1 1 1 0 1 0 0 0 0 0 1 1 1 1 0 0 1 0 0 1]
44 13 100 0.0717175235084524 [0 0 1 1 0 0 1 0 0 0 0 1 1 1 0 1 0 0 0 0 0 1 1 1 1 0 0 1 0 0 1]
45 13 100 0.0717175235084524 [0 0 1 1 0 0 1 0 0 0 0 1 1 1 0 1 0 0 0 0 0 1 1 1 1 0 0 1 0 0 1]
46 13 100 0.0717175235084524 [0 0 1 1 0 0 1 0 0 0 0 1 1 1 0 1 0 0 0 0 0 1 1 1 1 0 0 1 0 0 1]
47 13 100 0.0717175235084524 [0 0 1 1 0 0 1 0 0 0 0 1 1 1 0 1 0 0 0 0 0 1 1 1 1 0 0 1 0 0 1]
48 13 100 0.0717175235084524 [0 0 1 1 0 0 1 0 0 0 0 1 1 1 0 1 0 0 0 0 0 1 1 1 1 0 0 1 0 0 1]
49 13 100 0.0717175235084524 [0 0 1 1 0 0 1 0 0 0 0 1 1 1 0 1 0 0 0 0 0 1 1 1 1 0 0 1 0 0 1]
50 13 100 0.0717175235084524 [0 0 1 1 0 0 1 0 0 0 0 1 1 1 0 1 0 0 0 0 0 1 1 1 1 0 0 1 0 0 1]
51 13 100 0.0717175235084524 [0 0 1 1 0 0 1 0 0 0 0 1 1 1 0 1 0 0 0 0 0 1 1 1 1 0 0 1 0 0 1]
52 13 100 0.0717175235084524 [0 0 1 1 0 0 1 0 0 0 0 1 1 1 0 1 0 0 0 0 0 1 1 1 1 0 0 1 0 0 1]
53 13 100 0.0717175235084524 [0 0 1 1 0 0 1 0 0 0 0 1 1 1 0 1 0 0 0 0 0 1 1 1 1 0 0 1 0 0 1]
54 13 100 0.0717175235084524 [0 0 1 1 0 0 1 0 0 0 0 1 1 1 0 1 0 0 0 0 0 1 1 1 1 0 0 1 0 0 1]
55 13 100 0.0717175235084524 [0 0 1 1 0 0 1 0 0 0 0 1 1 1 0 1 0 0 0 0 0 1 1 1 1 0 0 1 0 0 1]
56 13 100 0.0717175235084524 [0 0 1 1 0 0 1 0 0 0 0 1 1 1 0 1 0 0 0 0 0 1 1 1 1 0 0 1 0 0 1]
57 13 100 0.0717175235084524 [0 0 1 1 0 0 1 0 0 0 0 1 1 1 0 1 0 0 0 0 0 1 1 1 1 0 0 1 0 0 1]
58 13 100 0.0717175235084524 [0 0 1 1 0 0 1 0 0 0 0 1 1 1 0 1 0 0 0 0 0 1 1 1 1 0 0 1 0 0 1]
59 13 100 0.0717175235084524 [0 0 1 1 0 0 1 0 0 0 0 1 1 1 0 1 0 0 0 0 0 1 1 1 1 0 0 1 0 0 1]
60 13 100 0.0717175235084524 [0 0 1 1 0 0 1 0 0 0 0 1 1 1 0 1 0 0 0 0 0 1 1 1 1 0 0 1 0 0 1]
61 13 100 0.0717175235084524 [0 0 1 1 0 0 1 0 0 0 0 1 1 1 0 1 0 0 0 0 0 1 1 1 1 0 0 1 0 0 1]
62 13 100 0.0717175235084524 [0 0 1 1 0 0 1 0 0 0 0 1 1 1 0 1 0 0 0 0 0 1 1 1 1 0 0 1 0 0 1]
63 13 100 0.0717175235084524 [0 0 1 1 0 0 1 0 0 0 0 1 1 1 0 1 0 0 0 0 0 1 1 1 1 0 0 1 0 0 1]
64 13 100 0.0717175235084524 [0 0 1 1 0 0 1 0 0 0 0 1 1 1 0 1 0 0 0 0 0 1 1 1 1 0 0 1 0 0 1]
65 13 100 0.0717175235084524 [0 0 1 1 0 0 1 0 0 0 0 1 1 1 0 1 0 0 0 0 0 1 1 1 1 0 0 1 0 0 1]
66 13 100 0.0717175235084524 [0 0 1 1 0 0 1 0 0 0 0 1 1 1 0 1 0 0 0 0 0 1 1 1 1 0 0 1 0 0 1]
67 13 100 0.0717175235084524 [0 0 1 1 0 0 1 0 0 0 0 1 1 1 0 1 0 0 0 0 0 1 1 1 1 0 0 1 0 0 1]
68 13 100 0.0717175235084524 [0 0 1 1 0 0 1 0 0 0 0 1 1 1 0 1 0 0 0 0 0 1 1 1 1 0 0 1 0 0 1]
69 13 100 0.0717175235084524 [0 0 1 1 0 0 1 0 0 0 0 1 1 1 0 1 0 0 0 0 0 1 1 1 1 0 0 1 0 0 1]
70 13 100 0.0717175235084524 [0 0 1 1 0 0 1 0 0 0 0 1 1 1 0 1 0 0 0 0 0 1 1 1 1 0 0 1 0 0 1]
71 13 100 0.0717175235084524 [0 0 1 1 0 0 1 0 0 0 0 1 1 1 0 1 0 0 0 0 0 1 1 1 1 0 0 1 0 0 1]
72 13 100 0.0717175235084524 [0 0 1 1 0 0 1 0 0 0 0 1 1 1 0 1 0 0 0 0 0 1 1 1 1 0 0 1 0 0 1]
73 13 100 0.0717175235084524 [0 0 1 1 0 0 1 0 0 0 0 1 1 1 0 1 0 0 0 0 0 1 1 1 1 0 0 1 0 0 1]
74 13 100 0.0717175235084524 [0 0 1 1 0 0 1 0 0 0 0 1 1 1 0 1 0 0 0 0 0 1 1 1 1 0 0 1 0 0 1]
75 13 100 0.0717175235084524 [0 0 1 1 0 0 1 0 0 0 0 1 1 1 0 1 0 0 0 0 0 1 1 1 1 0 0 1 0 0 1]
76 13 100 0.0717175235084524 [0 0 1 1 0 0 1 0 0 0 0 1 1 1 0 1 0 0 0 0 0 1 1 1 1 0 0 1 0 0 1]
77 13 100 0.0717175235084524 [0 0 1 1 0 0 1 0 0 0 0 1 1 1 0 1 0 0 0 0 0 1 1 1 1 0 0 1 0 0 1]
78 13 100 0.0717175235084524 [0 0 1 1 0 0 1 0 0 0 0 1 1 1 0 1 0 0 0 0 0 1 1 1 1 0 0 1 0 0 1]
79 9 100 0.070642565452254 [0 0 1 0 0 0 0 0 0 0 0 1 0 0 0 0 0 0 0 0 0 1 1 1 1 1 0 1 0 0 1]
80 9 100 0.070642565452254 [0 0 1 0 0 0 0 0 0 0 0 1 0 0 0 0 0 0 0 0 0 1 1 1 1 1 0 1 0 0 1]
81 9 100 0.070642565452254 [0 0 1 0 0 0 0 0 0 0 0 1 0 0 0 0 0 0 0 0 0 1 1 1 1 1 0 1 0 0 1]
82 9 100 0.070642565452254 [0 0 1 0 0 0 0 0 0 0 0 1 0 0 0 0 0 0 0 0 0 1 1 1 1 1 0 1 0 0 1]
83 9 100 0.070642565452254 [0 0 1 0 0 0 0 0 0 0 0 1 0 0 0 0 0 0 0 0 0 1 1 1 1 1 0 1 0 0 1]
84 9 100 0.070642565452254 [0 0 1 0 0 0 0 0 0 0 0 1 0 0 0 0 0 0 0 0 0 1 1 1 1 1 0 1 0 0 1]
85 9 100 0.070642565452254 [0 0 1 0 0 0 0 0 0 0 0 1 0 0 0 0 0 0 0 0 0 1 1 1 1 1 0 1 0 0 1]
86 9 100 0.070642565452254 [0 0 1 0 0 0 0 0 0 0 0 1 0 0 0 0 0 0 0 0 0 1 1 1 1 1 0 1 0 0 1]
87 9 100 0.070642565452254 [0 0 1 0 0 0 0 0 0 0 0 1 0 0 0 0 0 0 0 0 0 1 1 1 1 1 0 1 0 0 1]
88 9 100 0.070642565452254 [0 0 1 0 0 0 0 0 0 0 0 1 0 0 0 0 0 0 0 0 0 1 1 1 1 1 0 1 0 0 1]
89 9 100 0.070642565452254 [0 0 1 0 0 0 0 0 0 0 0 1 0 0 0 0 0 0 0 0 0 1 1 1 1 1 0 1 0 0 1]
90 9 100 0.070642565452254 [0 0 1 0 0 0 0 0 0 0 0 1 0 0 0 0 0 0 0 0 0 1 1 1 1 1 0 1 0 0 1]
91 9 100 0.070642565452254 [0 0 1 0 0 0 0 0 0 0 0 1 0 0 0 0 0 0 0 0 0 1 1 1 1 1 0 1 0 0 1]
92 9 100 0.070642565452254 [0 0 1 0 0 0 0 0 0 0 0 1 0 0 0 0 0 0 0 0 0 1 1 1 1 1 0 1 0 0 1]
93 9 100 0.070642565452254 [0 0 1 0 0 0 0 0 0 0 0 1 0 0 0 0 0 0 0 0 0 1 1 1 1 1 0 1 0 0 1]
94 9 100 0.070642565452254 [0 0 1 0 0 0 0 0 0 0 0 1 0 0 0 0 0 0 0 0 0 1 1 1 1 1 0 1 0 0 1]
95 9 100 0.070642565452254 [0 0 1 0 0 0 0 0 0 0 0 1 0 0 0 0 0 0 0 0 0 1 1 1 1 1 0 1 0 0 1]
96 9 100 0.070642565452254 [0 0 1 0 0 0 0 0 0 0 0 1 0 0 0 0 0 0 0 0 0 1 1 1 1 1 0 1 0 0 1]
97 9 100 0.070642565452254 [0 0 1 0 0 0 0 0 0 0 0 1 0 0 0 0 0 0 0 0 0 1 1 1 1 1 0 1 0 0 1]
98 9 100 0.070642565452254 [0 0 1 0 0 0 0 0 0 0 0 1 0 0 0 0 0 0 0 0 0 1 1 1 1 1 0 1 0 0 1]
99 9 100 0.070642565452254 [0 0 1 0 0 0 0 0 0 0 0 1 0 0 0 0 0 0 0 0 0 1 1 1 1 1 0 1 0 0 1]
100 9 100 0.070642565452254 [0 0 1 0 0 0 0 0 0 0 0 1 0 0 0 0 0 0 0 0 0 1 1 1 1 1 0 1 0 0 1]
101 9 100 0.070642565452254 [0 0 1 0 0 0 0 0 0 0 0 1 0 0 0 0 0 0 0 0 0 1 1 1 1 1 0 1 0 0 1]
102 9 100 0.070642565452254 [0 0 1 0 0 0 0 0 0 0 0 1 0 0 0 0 0 0 0 0 0 1 1 1 1 1 0 1 0 0 1]
103 9 100 0.070642565452254 [0 0 1 0 0 0 0 0 0 0 0 1 0 0 0 0 0 0 0 0 0 1 1 1 1 1 0 1 0 0 1]
104 9 100 0.070642565452254 [0 0 1 0 0 0 0 0 0 0 0 1 0 0 0 0 0 0 0 0 0 1 1 1 1 1 0 1 0 0 1]
105 9 100 0.070642565452254 [0 0 1 0 0 0 0 0 0 0 0 1 0 0 0 0 0 0 0 0 0 1 1 1 1 1 0 1 0 0 1]
106 9 100 0.070642565452254 [0 0 1 0 0 0 0 0 0 0 0 1 0 0 0 0 0 0 0 0 0 1 1 1 1 1 0 1 0 0 1]
107 9 100 0.070642565452254 [0 0 1 0 0 0 0 0 0 0 0 1 0 0 0 0 0 0 0 0 0 1 1 1 1 1 0 1 0 0 1]
108 9 100 0.070642565452254 [0 0 1 0 0 0 0 0 0 0 0 1 0 0 0 0 0 0 0 0 0 1 1 1 1 1 0 1 0 0 1]
109 14 100 0.06658971342316145 [0 1 1 1 0 0 0 1 0 1 0 1 0 1 0 1 0 0 0 0 0 0 1 1 1 0 0 1 0 1 1]
110 14 100 0.06658971342316145 [0 1 1 1 0 0 0 1 0 1 0 1 0 1 0 1 0 0 0 0 0 0 1 1 1 0 0 1 0 1 1]
111 14 100 0.06658971342316145 [0 1 1 1 0 0 0 1 0 1 0 1 0 1 0 1 0 0 0 0 0 0 1 1 1 0 0 1 0 1 1]
112 14 100 0.06658971342316145 [0 1 1 1 0 0 0 1 0 1 0 1 0 1 0 1 0 0 0 0 0 0 1 1 1 0 0 1 0 1 1]
113 14 100 0.06658971342316145 [0 1 1 1 0 0 0 1 0 1 0 1 0 1 0 1 0 0 0 0 0 0 1 1 1 0 0 1 0 1 1]
114 14 100 0.06658971342316145 [0 1 1 1 0 0 0 1 0 1 0 1 0 1 0 1 0 0 0 0 0 0 1 1 1 0 0 1 0 1 1]
115 14 100 0.06658971342316145 [0 1 1 1 0 0 0 1 0 1 0 1 0 1 0 1 0 0 0 0 0 0 1 1 1 0 0 1 0 1 1]
116 14 100 0.06658971342316145 [0 1 1 1 0 0 0 1 0 1 0 1 0 1 0 1 0 0 0 0 0 0 1 1 1 0 0 1 0 1 1]
117 14 100 0.06658971342316145 [0 1 1 1 0 0 0 1 0 1 0 1 0 1 0 1 0 0 0 0 0 0 1 1 1 0 0 1 0 1 1]
118 14 100 0.06658971342316145 [0 1 1 1 0 0 0 1 0 1 0 1 0 1 0 1 0 0 0 0 0 0 1 1 1 0 0 1 0 1 1]
119 14 100 0.06658971342316145 [0 1 1 1 0 0 0 1 0 1 0 1 0 1 0 1 0 0 0 0 0 0 1 1 1 0 0 1 0 1 1]
120 14 100 0.06658971342316145 [0 1 1 1 0 0 0 1 0 1 0 1 0 1 0 1 0 0 0 0 0 0 1 1 1 0 0 1 0 1 1]
121 14 100 0.06658971342316145 [0 1 1 1 0 0 0 1 0 1 0 1 0 1 0 1 0 0 0 0 0 0 1 1 1 0 0 1 0 1 1]
122 14 100 0.06658971342316145 [0 1 1 1 0 0 0 1 0 1 0 1 0 1 0 1 0 0 0 0 0 0 1 1 1 0 0 1 0 1 1]
123 14 100 0.06658971342316145 [0 1 1 1 0 0 0 1 0 1 0 1 0 1 0 1 0 0 0 0 0 0 1 1 1 0 0 1 0 1 1]
124 14 100 0.06658971342316145 [0 1 1 1 0 0 0 1 0 1 0 1 0 1 0 1 0 0 0 0 0 0 1 1 1 0 0 1 0 1 1]
125 14 100 0.06658971342316145 [0 1 1 1 0 0 0 1 0 1 0 1 0 1 0 1 0 0 0 0 0 0 1 1 1 0 0 1 0 1 1]
126 14 100 0.06658971342316145 [0 1 1 1 0 0 0 1 0 1 0 1 0 1 0 1 0 0 0 0 0 0 1 1 1 0 0 1 0 1 1]
127 14 100 0.06658971342316145 [0 1 1 1 0 0 0 1 0 1 0 1 0 1 0 1 0 0 0 0 0 0 1 1 1 0 0 1 0 1 1]
128 14 100 0.06658971342316145 [0 1 1 1 0 0 0 1 0 1 0 1 0 1 0 1 0 0 0 0 0 0 1 1 1 0 0 1 0 1 1]
129 14 100 0.06658971342316145 [0 1 1 1 0 0 0 1 0 1 0 1 0 1 0 1 0 0 0 0 0 0 1 1 1 0 0 1 0 1 1]
130 14 100 0.06658971342316145 [0 1 1 1 0 0 0 1 0 1 0 1 0 1 0 1 0 0 0 0 0 0 1 1 1 0 0 1 0 1 1]
131 14 100 0.06658971342316145 [0 1 1 1 0 0 0 1 0 1 0 1 0 1 0 1 0 0 0 0 0 0 1 1 1 0 0 1 0 1 1]
132 14 100 0.06658971342316145 [0 1 1 1 0 0 0 1 0 1 0 1 0 1 0 1 0 0 0 0 0 0 1 1 1 0 0 1 0 1 1]
133 14 100 0.06658971342316145 [0 1 1 1 0 0 0 1 0 1 0 1 0 1 0 1 0 0 0 0 0 0 1 1 1 0 0 1 0 1 1]
134 14 100 0.06658971342316145 [0 1 1 1 0 0 0 1 0 1 0 1 0 1 0 1 0 0 0 0 0 0 1 1 1 0 0 1 0 1 1]
135 14 100 0.06658971342316145 [0 1 1 1 0 0 0 1 0 1 0 1 0 1 0 1 0 0 0 0 0 0 1 1 1 0 0 1 0 1 1]
136 14 100 0.06658971342316145 [0 1 1 1 0 0 0 1 0 1 0 1 0 1 0 1 0 0 0 0 0 0 1 1 1 0 0 1 0 1 1]
137 14 100 0.06658971342316145 [0 1 1 1 0 0 0 1 0 1 0 1 0 1 0 1 0 0 0 0 0 0 1 1 1 0 0 1 0 1 1]
138 14 100 0.06658971342316145 [0 1 1 1 0 0 0 1 0 1 0 1 0 1 0 1 0 0 0 0 0 0 1 1 1 0 0 1 0 1 1]
139 14 100 0.06658971342316145 [0 1 1 1 0 0 0 1 0 1 0 1 0 1 0 1 0 0 0 0 0 0 1 1 1 0 0 1 0 1 1]
140 14 100 0.06658971342316145 [0 1 1 1 0 0 0 1 0 1 0 1 0 1 0 1 0 0 0 0 0 0 1 1 1 0 0 1 0 1 1]
141 14 100 0.06658971342316145 [0 1 1 1 0 0 0 1 0 1 0 1 0 1 0 1 0 0 0 0 0 0 1 1 1 0 0 1 0 1 1]
142 14 100 0.06658971342316145 [0 1 1 1 0 0 0 1 0 1 0 1 0 1 0 1 0 0 0 0 0 0 1 1 1 0 0 1 0 1 1]
143 14 100 0.06658971342316145 [0 1 1 1 0 0 0 1 0 1 0 1 0 1 0 1 0 0 0 0 0 0 1 1 1 0 0 1 0 1 1]
144 14 100 0.06658971342316145 [0 1 1 1 0 0 0 1 0 1 0 1 0 1 0 1 0 0 0 0 0 0 1 1 1 0 0 1 0 1 1]
145 14 100 0.06658971342316145 [0 1 1 1 0 0 0 1 0 1 0 1 0 1 0 1 0 0 0 0 0 0 1 1 1 0 0 1 0 1 1]
146 14 100 0.06658971342316145 [0 1 1 1 0 0 0 1 0 1 0 1 0 1 0 1 0 0 0 0 0 0 1 1 1 0 0 1 0 1 1]
147 14 100 0.06658971342316145 [0 1 1 1 0 0 0 1 0 1 0 1 0 1 0 1 0 0 0 0 0 0 1 1 1 0 0 1 0 1 1]
148 14 100 0.06658971342316145 [0 1 1 1 0 0 0 1 0 1 0 1 0 1 0 1 0 0 0 0 0 0 1 1 1 0 0 1 0 1 1]
149 14 100 0.06658971342316145 [0 1 1 1 0 0 0 1 0 1 0 1 0 1 0 1 0 0 0 0 0 0 1 1 1 0 0 1 0 1 1]
150 14 100 0.06658971342316145 [0 1 1 1 0 0 0 1 0 1 0 1 0 1 0 1 0 0 0 0 0 0 1 1 1 0 0 1 0 1 1]
