0 17 100 0.10270678979617243 [0 1 0 1 1 1 1 1 1 0 0 1 0 1 0 1 0 0 0 0 0 1 1 1 0 1 0 1 1 0 1]
1 16 100 0.09841907566147035 [0 1 1 1 0 0 0 0 1 0 0 1 1 0 0 0 1 0 0 1 1 1 1 1 1 0 0 1 1 0 1]
2 15 100 0.09389849577637432 [0 1 1 1 1 0 0 0 1 0 0 1 1 1 1 0 0 0 1 0 1 0 0 1 1 0 1 0 0 0 1]
3 15 100 0.09389849577637432 [0 1 1 1 1 0 0 0 1 0 0 1 1 1 1 0 0 0 1 0 1 0 0 1 1 0 1 0 0 0 1]
4 11 100 0.0908711168420765 [0 0 0 1 1 0 0 0 0 0 0 0 1 0 1 0 1 0 1 0 0 1 1 1 1 0 0 0 0 0 1]
5 11 100 0.08953609886864466 [0 1 0 0 0 0 1 0 0 0 0 0 1 0 0 0 1 0 1 0 0 0 1 1 1 1 1 0 0 0 1]
6 11 100 0.08953609886864466 [0 1 0 0 0 0 1 0 0 0 0 0 1 0 0 0 1 0 1 0 0 0 1 1 1 1 1 0 0 0 1]
7 11 100 0.08953609886864466 [0 1 0 0 0 0 1 0 0 0 0 0 1 0 0 0 1 0 1 0 0 0 1 1 1 1 1 0 0 0 1]
8 11 100 0.08953609886864466 [0 1 0 0 0 0 1 0 0 0 0 0 1 0 0 0 1 0 1 0 0 0 1 1 1 1 1 0 0 0 1]
9 11 100 0.08953609886864466 [0 1 0 0 0 0 1 0 0 0 0 0 1 0 0 0 1 0 1 0 0 0 1 1 1 1 1 0 0 0 1]
10 11 100 0.08953609886864466 [0 1 0 0 0 0 1 0 0 0 0 0 1 0 0 0 1 0 1 0 0 0 1 1 1 1 1 0 0 0 1]
11 11 100 0.08953609886864466 [0 1 0 0 0 0 1 0 0 0 0 0 1 0 0 0 1 0 1 0 0 0 1 1 1 1 1 0 0 0 1]
12 11 100 0.08953609886864466 [0 1 0 0 0 0 1 0 0 0 0 0 1 0 0 0 1 0 1 0 0 0 1 1 1 1 1 0 0 0 1]
13 9 100 0.08139645066533108 [0 0 0 0 0 0 0 0 0 1 0 0 0 1 1 0 0 1 0 0 0 0 1 1 1 0 0 0 0 1 1]
14 9 100 0.08139645066533108 [0 0 0 0 0 0 0 0 0 1 0 0 0 1 1 0 0 1 0 0 0 0 1 1 1 0 0 0 0 1 1]
15 9 100 0.08139645066533108 [0 0 0 0 0 0 0 0 0 1 0 0 0 1 1 0 0 1 0 0 0 0 1 1 1 0 0 0 0 1 1]
16 9 100 0.08139645066533108 [0 0 0 0 0 0 0 0 0 1 0 0 0 1 1 0 0 1 0 0 0 0 1 1 1 0 0 0 0 1 1]
17 9 100 0.08139645066533108 [0 0 0 0 0 0 0 0 0 1 0 0 0 1 1 0 0 1 0 0 0 0 1 1 1 0 0 0 0 1 1]
18 9 100 0.08139645066533108 [0 0 0 0 0 0 0 0 0 1 0 0 0 1 1 0 0 1 0 0 0 0 1 1 1 0 0 0 0 1 1]
19 9 100 0.08139645066533108 [0 0 0 0 0 0 0 0 0 1 0 0 0 1 1 0 0 1 0 0 0 0 1 1 1 0 0 0 0 1 1]
20 19 100 0.08024343767878295 [0 0 1 1 0 1 0 1 0 1 0 1 0 1 1 0 0 1 0 0 1 1 1 1 1 1 1 1 0 1 1]
21 19 100 0.08024343767878295 [0 0 1 1 0 1 0 1 0 1 0 1 0 1 1 0 0 1 0 0 1 1 1 1 1 1 1 1 0 1 1]
22 19 100 0.08024343767878295 [0 0 1 1 0 1 0 1 0 1 0 1 0 1 1 0 0 1 0 0 1 1 1 1 1 1 1 1 0 1 1]
23 19 100 0.08024343767878295 [0 0 1 1 0 1 0 1 0 1 0 1 0 1 1 0 0 1 0 0 1 1 1 1 1 1 1 1 0 1 1]
24 19 100 0.08024343767878295 [0 0 1 1 0 1 0 1 0 1 0 1 0 1 1 0 0 1 0 0 1 1 1 1 1 1 1 1 0 1 1]
25 19 100 0.08024343767878295 [0 0 1 1 0 1 0 1 0 1 0 1 0 1 1 0 0 1 0 0 1 1 1 1 1 1 1 1 0 1 1]
26 19 100 0.08024343767878295 [0 0 1 1 0 1 0 1 0 1 0 1 0 1 1 0 0 1 0 0 1 1 1 1 1 1 1 1 0 1 1]
27 19 100 0.08024343767878295 [0 0 1 1 0 1 0 1 0 1 0 1 0 1 1 0 0 1 0 0 1 1 1 1 1 1 1 1 0 1 1]
28 19 100 0.08024343767878295 [0 0 1 1 0 1 0 1 0 1 0 1 0 1 1 0 0 1 0 0 1 1 1 1 1 1 1 1 0 1 1]
29 19 100 0.08024343767878295 [0 0 1 1 0 1 0 1 0 1 0 1 0 1 1 0 0 1 0 0 1 1 1 1 1 1 1 1 0 1 1]
30 19 100 0.08024343767878295 [0 0 1 1 0 1 0 1 0 1 0 1 0 1 1 0 0 1 0 0 1 1 1 1 1 1 1 1 0 1 1]
31 19 100 0.08024343767878295 [0 0 1 1 0 1 0 1 0 1 0 1 0 1 1 0 0 1 0 0 1 1 1 1 1 1 1 1 0 1 1]
32 19 100 0.08024343767878295 [0 0 1 1 0 1 0 1 0 1 0 1 0 1 1 0 0 1 0 0 1 1 1 1 1 1 1 1 0 1 1]
33 19 100 0.08024343767878295 [0 0 1 1 0 1 0 1 0 1 0 1 0 1 1 0 0 1 0 0 1 1 1 1 1 1 1 1 0 1 1]
34 19 100 0.08024343767878295 [0 0 1 1 0 1 0 1 0 1 0 1 0 1 1 0 0 1 0 0 1 1 1 1 1 1 1 1 0 1 1]
35 19 100 0.08024343767878295 [0 0 1 1 0 1 0 1 0 1 0 1 0 1 1 0 0 1 0 0 1 1 1 1 1 1 1 1 0 1 1]
36 19 100 0.08024343767878295 [0 0 1 1 0 1 0 1 0 1 0 1 0 1 1 0 0 1 0 0 1 1 1 1 1 1 1 1 0 1 1]
37 19 100 0.08024343767878295 [0 0 1 1 0 1 0 1 0 1 0 1 0 1 1 0 0 1 0 0 1 1 1 1 1 1 1 1 0 1 1]
38 19 100 0.08024343767878295 [0 0 1 1 0 1 0 1 0 1 0 1 0 1 1 0 0 1 0 0 1 1 1 1 1 1 1 1 0 1 1]
39 19 100 0.08024343767878295 [0 0 1 1 0 1 0 1 0 1 0 1 0 1 1 0 0 1 0 0 1 1 1 1 1 1 1 1 0 1 1]
40 19 100 0.08024343767878295 [0 0 1 1 0 1 0 1 0 1 0 1 0 1 1 0 0 1 0 0 1 1 1 1 1 1 1 1 0 1 1]
41 19 100 0.08024343767878295 [0 0 1 1 0 1 0 1 0 1 0 1 0 1 1 0 0 1 0 0 1 1 1 1 1 1 1 1 0 1 1]
42 19 100 0.08024343767878295 [0 0 1 1 0 1 0 1 0 1 0 1 0 1 1 0 0 1 0 0 1 1 1 1 1 1 1 1 0 1 1]
43 19 100 0.08024343767878295 [0 0 1 1 0 1 0 1 0 1 0 1 0 1 1 0 0 1 0 0 1 1 1 1 1 1 1 1 0 1 1]
44 19 100 0.08024343767878295 [0 0 1 1 0 1 0 1 0 1 0 1 0 1 1 0 0 1 0 0 1 1 1 1 1 1 1 1 0 1 1]
45 19 100 0.08024343767878295 [0 0 1 1 0 1 0 1 0 1 0 1 0 1 1 0 0 1 0 0 1 1 1 1 1 1 1 1 0 1 1]
46 19 100 0.08024343767878295 [0 0 1 1 0 1 0 1 0 1 0 1 0 1 1 0 0 1 0 0 1 1 1 1 1 1 1 1 0 1 1]
47 19 100 0.08024343767878295 [0 0 1 1 0 1 0 1 0 1 0 1 0 1 1 0 0 1 0 0 1 1 1 1 1 1 1 1 0 1 1]
48 19 100 0.08024343767878295 [0 0 1 1 0 1 0 1 0 1 0 1 0 1 1 0 0 1 0 0 1 1 1 1 1 1 1 1 0 1 1]
49 19 100 0.08024343767878295 [0 0 1 1 0 1 0 1 0 1 0 1 0 1 1 0 0 1 0 0 1 1 1 1 1 1 1 1 0 1 1]
50 19 100 0.08024343767878295 [0 0 1 1 0 1 0 1 0 1 0 1 0 1 1 0 0 1 0 0 1 1 1 1 1 1 1 1 0 1 1]
51 19 100 0.08024343767878295 [0 0 1 1 0 1 0 1 0 1 0 1 0 1 1 0 0 1 0 0 1 1 1 1 1 1 1 1 0 1 1]
52 19 100 0.08024343767878295 [0 0 1 1 0 1 0 1 0 1 0 1 0 1 1 0 0 1 0 0 1 1 1 1 1 1 1 1 0 1 1]
53 19 100 0.08024343767878295 [0 0 1 1 0 1 0 1 0 1 0 1 0 1 1 0 0 1 0 0 1 1 1 1 1 1 1 1 0 1 1]
54 19 100 0.08024343767878295 [0 0 1 1 0 1 0 1 0 1 0 1 0 1 1 0 0 1 0 0 1 1 1 1 1 1 1 1 0 1 1]
55 19 100 0.08024343767878295 [0 0 1 1 0 1 0 1 0 1 0 1 0 1 1 0 0 1 0 0 1 1 1 1 1 1 1 1 0 1 1]
56 19 100 0.08024343767878295 [0 0 1 1 0 1 0 1 0 1 0 1 0 1 1 0 0 1 0 0 1 1 1 1 1 1 1 1 0 1 1]
57 19 100 0.08024343767878295 [0 0 1 1 0 1 0 1 0 1 0 1 0 1 1 0 0 1 0 0 1 1 1 1 1 1 1 1 0 1 1]
58 19 100 0.08024343767878295 [0 0 1 1 0 1 0 1 0 1 0 1 0 1 1 0 0 1 0 0 1 1 1 1 1 1 1 1 0 1 1]
59 19 100 0.08024343767878295 [0 0 1 1 0 1 0 1 0 1 0 1 0 1 1 0 0 1 0 0 1 1 1 1 1 1 1 1 0 1 1]
60 19 100 0.08024343767878295 [0 0 1 1 0 1 0 1 0 1 0 1 0 1 1 0 0 1 0 0 1 1 1 1 1 1 1 1 0 1 1]
61 14 100 0.07841788400753558 [0 1 1 0 1 0 0 0 0 1 0 1 0 1 0 1 0 0 0 1 0 0 1 1 1 0 0 1 0 1 1]
62 14 100 0.07841788400753558 [0 1 1 0 1 0 0 0 0 1 0 1 0 1 0 1 0 0 0 1 0 0 1 1 1 0 0 1 0 1 1]
63 14 100 0.07841788400753558 [0 1 1 0 1 0 0 0 0 1 0 1 0 1 0 1 0 0 0 1 0 0 1 1 1 0 0 1 0 1 1]
64 14 100 0.07841788400753558 [0 1 1 0 1 0 0 0 0 1 0 1 0 1 0 1 0 0 0 1 0 0 1 1 1 0 0 1 0 1 1]
65 14 100 0.07841788400753558 [0 1 1 0 1 0 0 0 0 1 0 1 0 1 0 1 0 0 0 1 0 0 1 1 1 0 0 1 0 1 1]
66 14 100 0.07841788400753558 [0 1 1 0 1 0 0 0 0 1 0 1 0 1 0 1 0 0 0 1 0 0 1 1 1 0 0 1 0 1 1]
67 14 100 0.07841788400753558 [0 1 1 0 1 0 0 0 0 1 0 1 0 1 0 1 0 0 0 1 0 0 1 1 1 0 0 1 0 1 1]
68 14 100 0.07841788400753558 [0 1 1 0 1 0 0 0 0 1 0 1 0 1 0 1 0 0 0 1 0 0 1 1 1 0 0 1 0 1 1]
69 14 100 0.07841788400753558 [0 1 1 0 1 0 0 0 0 1 0 1 0 1 0 1 0 0 0 1 0 0 1 1 1 0 0 1 0 1 1]
70 14 100 0.07841788400753558 [0 1 1 0 1 0 0 0 0 1 0 1 0 1 0 1 0 0 0 1 0 0 1 1 1 0 0 1 0 1 1]
71 14 100 0.07841788400753558 [0 1 1 0 1 0 0 0 0 1 0 1 0 1 0 1 0 0 0 1 0 0 1 1 1 0 0 1 0 1 1]
72 14 100 0.07841788400753558 [0 1 1 0 1 0 0 0 0 1 0 1 0 1 0 1 0 0 0 1 0 0 1 1 1 0 0 1 0 1 1]
73 14 100 0.07841788400753558 [0 1 1 0 1 0 0 0 0 1 0 1 0 1 0 1 0 0 0 1 0 0 1 1 1 0 0 1 0 1 1]
74 14 100 0.07841788400753558 [0 1 1 0 1 0 0 0 0 1 0 1 0 1 0 1 0 0 0 1 0 0 1 1 1 0 0 1 0 1 1]
75 14 100 0.07841788400753558 [0 1 1 0 1 0 0 0 0 1 0 1 0 1 0 1 0 0 0 1 0 0 1 1 1 0 0 1 0 1 1]
76 14 100 0.07841788400753558 [0 1 1 0 1 0 0 0 0 1 0 1 0 1 0 1 0 0 0 1 0 0 1 1 1 0 0 1 0 1 1]
77 14 100 0.07841788400753558 [0 1 1 0 1 0 0 0 0 1 0 1 0 1 0 1 0 0 0 1 0 0 1 1 1 0 0 1 0 1 1]
78 13 100 0.0779852389899226 [0 1 1 0 0 0 0 0 1 0 0 1 0 1 0 0 0 0 1 0 0 0 1 1 1 1 1 1 0 0 1]
79 13 100 0.0779852389899226 [0 1 1 0 0 0 0 0 1 0 0 1 0 1 0 0 0 0 1 0 0 0 1 1 1 1 1 1 0 0 1]
80 13 100 0.0779852389899226 [0 1 1 0 0 0 0 0 1 0 0 1 0 1 0 0 0 0 1 0 0 0 1 1 1 1 1 1 0 0 1]
81 13 100 0.0779852389899226 [0 1 1 0 0 0 0 0 1 0 0 1 0 1 0 0 0 0 1 0 0 0 1 1 1 1 1 1 0 0 1]
82 13 100 0.0779852389899226 [0 1 1 0 0 0 0 0 1 0 0 1 0 1 0 0 0 0 1 0 0 0 1 1 1 1 1 1 0 0 1]
83 13 100 0.0779852389899226 [0 1 1 0 0 0 0 0 1 0 0 1 0 1 0 0 0 0 1 0 0 0 1 1 1 1 1 1 0 0 1]
84 13 100 0.0779852389899226 [0 1 1 0 0 0 0 0 1 0 0 1 0 1 0 0 0 0 1 0 0 0 1 1 1 1 1 1 0 0 1]
85 13 100 0.0779852389899226 [0 1 1 0 0 0 0 0 1 0 0 1 0 1 0 0 0 0 1 0 0 0 1 1 1 1 1 1 0 0 1]
86 13 100 0.0779852389899226 [0 1 1 0 0 0 0 0 1 0 0 1 0 1 0 0 0 0 1 0 0 0 1 1 1 1 1 1 0 0 1]
87 13 100 0.0779852389899226 [0 1 1 0 0 0 0 0 1 0 0 1 0 1 0 0 0 0 1 0 0 0 1 1 1 1 1 1 0 0 1]
88 13 100 0.0779852389899226 [0 1 1 0 0 0 0 0 1 0 0 1 0 1 0 0 0 0 1 0 0 0 1 1 1 1 1 1 0 0 1]
89 13 100 0.0779852389899226 [0 1 1 0 0 0 0 0 1 0 0 1 0 1 0 0 0 0 1 0 0 0 1 1 1 1 1 1 0 0 1]
90 13 100 0.0779852389899226 [0 1 1 0 0 0 0 0 1 0 0 1 0 1 0 0 0 0 1 0 0 0 1 1 1 1 1 1 0 0 1]
91 13 100 0.0779852389899226 [0 1 1 0 0 0 0 0 1 0 0 1 0 1 0 0 0 0 1 0 0 0 1 1 1 1 1 1 0 0 1]
92 13 100 0.0779852389899226 [0 1 1 0 0 0 0 0 1 0 0 1 0 1 0 0 0 0 1 0 0 0 1 1 1 1 1 1 0 0 1]
93 13 100 0.0779852389899226 [0 1 1 0 0 0 0 0 1 0 0 1 0 1 0 0 0 0 1 0 0 0 1 1 1 1 1 1 0 0 1]
94 13 100 0.0779852389899226 [0 1 1 0 0 0 0 0 1 0 0 1 0 1 0 0 0 0 1 0 0 0 1 1 1 1 1 1 0 0 1]
95 13 100 0.0779852389899226 [0 1 1 0 0 0 0 0 1 0 0 1 0 1 0 0 0 0 1 0 0 0 1 1 1 1 1 1 0 0 1]
96 13 100 0.0779852389899226 [0 1 1 0 0 0 0 0 1 0 0 1 0 1 0 0 0 0 1 0 0 0 1 1 1 1 1 1 0 0 1]
97 13 100 0.0779852389899226 [0 1 1 0 0 0 0 0 1 0 0 1 0 1 0 0 0 0 1 0 0 0 1 1 1 1 1 1 0 0 1]
98 13 100 0.0779852389899226 [0 1 1 0 0 0 0 0 1 0 0 1 0 1 0 0 0 0 1 0 0 0 1 1 1 1 1 1 0 0 1]
99 13 100 0.0779852389899226 [0 1 1 0 0 0 0 0 1 0 0 1 0 1 0 0 0 0 1 0 0 0 1 1 1 1 1 1 0 0 1]
100 13 100 0.0779852389899226 [0 1 1 0 0 0 0 0 1 0 0 1 0 1 0 0 0 0 1 0 0 0 1 1 1 1 1 1 0 0 1]
101 13 100 0.0779852389899226 [0 1 1 0 0 0 0 0 1 0 0 1 0 1 0 0 0 0 1 0 0 0 1 1 1 1 1 1 0 0 1]
102 13 100 0.0779852389899226 [0 1 1 0 0 0 0 0 1 0 0 1 0 1 0 0 0 0 1 0 0 0 1 1 1 1 1 1 0 0 1]
103 13 100 0.0779852389899226 [0 1 1 0 0 0 0 0 1 0 0 1 0 1 0 0 0 0 1 0 0 0 1 1 1 1 1 1 0 0 1]
104 13 100 0.0779852389899226 [0 1 1 0 0 0 0 0 1 0 0 1 0 1 0 0 0 0 1 0 0 0 1 1 1 1 1 1 0 0 1]
105 13 100 0.0779852389899226 [0 1 1 0 0 0 0 0 1 0 0 1 0 1 0 0 0 0 1 0 0 0 1 1 1 1 1 1 0 0 1]
106 13 100 0.0779852389899226 [0 1 1 0 0 0 0 0 1 0 0 1 0 1 0 0 0 0 1 0 0 0 1 1 1 1 1 1 0 0 1]
107 13 100 0.0779852389899226 [0 1 1 0 0 0 0 0 1 0 0 1 0 1 0 0 0 0 1 0 0 0 1 1 1 1 1 1 0 0 1]
108 13 100 0.0779852389899226 [0 1 1 0 0 0 0 0 1 0 0 1 0 1 0 0 0 0 1 0 0 0 1 1 1 1 1 1 0 0 1]
109 13 100 0.0779852389899226 [0 1 1 0 0 0 0 0 1 0 0 1 0 1 0 0 0 0 1 0 0 0 1 1 1 1 1 1 0 0 1]
110 13 100 0.0779852389899226 [0 1 1 0 0 0 0 0 1 0 0 1 0 1 0 0 0 0 1 0 0 0 1 1 1 1 1 1 0 0 1]
111 13 100 0.0779852389899226 [0 1 1 0 0 0 0 0 1 0 0 1 0 1 0 0 0 0 1 0 0 0 1 1 1 1 1 1 0 0 1]
112 13 100 0.0779852389899226 [0 1 1 0 0 0 0 0 1 0 0 1 0 1 0 0 0 0 1 0 0 0 1 1 1 1 1 1 0 0 1]
113 13 100 0.0779852389899226 [0 1 1 0 0 0 0 0 1 0 0 1 0 1 0 0 0 0 1 0 0 0 1 1 1 1 1 1 0 0 1]
114 11 100 0.07708473662939519 [0 0 0 1 0 0 0 0 0 1 1 0 0 0 1 0 0 0 0 0 0 0 1 1 1 1 1 1 0 0 1]
115 11 100 0.07708473662939519 [0 0 0 1 0 0 0 0 0 1 1 0 0 0 1 0 0 0 0 0 0 0 1 1 1 1 1 1 0 0 1]
116 11 100 0.07708473662939519 [0 0 0 1 0 0 0 0 0 1 1 0 0 0 1 0 0 0 0 0 0 0 1 1 1 1 1 1 0 0 1]
117 11 100 0.07708473662939519 [0 0 0 1 0 0 0 0 0 1 1 0 0 0 1 0 0 0 0 0 0 0 1 1 1 1 1 1 0 0 1]
118 11 100 0.07708473662939519 [0 0 0 1 0 0 0 0 0 1 1 0 0 0 1 0 0 0 0 0 0 0 1 1 1 1 1 1 0 0 1]
119 11 100 0.07708473662939519 [0 0 0 1 0 0 0 0 0 1 1 0 0 0 1 0 0 0 0 0 0 0 1 1 1 1 1 1 0 0 1]
120 11 100 0.07708473662939519 [0 0 0 1 0 0 0 0 0 1 1 0 0 0 1 0 0 0 0 0 0 0 1 1 1 1 1 1 0 0 1]
121 11 100 0.07708473662939519 [0 0 0 1 0 0 0 0 0 1 1 0 0 0 1 0 0 0 0 0 0 0 1 1 1 1 1 1 0 0 1]
122 11 100 0.07708473662939519 [0 0 0 1 0 0 0 0 0 1 1 0 0 0 1 0 0 0 0 0 0 0 1 1 1 1 1 1 0 0 1]
123 11 100 0.07708473662939519 [0 0 0 1 0 0 0 0 0 1 1 0 0 0 1 0 0 0 0 0 0 0 1 1 1 1 1 1 0 0 1]
124 11 100 0.07708473662939519 [0 0 0 1 0 0 0 0 0 1 1 0 0 0 1 0 0 0 0 0 0 0 1 1 1 1 1 1 0 0 1]
125 11 100 0.07708473662939519 [0 0 0 1 0 0 0 0 0 1 1 0 0 0 1 0 0 0 0 0 0 0 1 1 1 1 1 1 0 0 1]
126 11 100 0.07708473662939519 [0 0 0 1 0 0 0 0 0 1 1 0 0 0 1 0 0 0 0 0 0 0 1 1 1 1 1 1 0 0 1]
127 11 100 0.07708473662939519 [0 0 0 1 0 0 0 0 0 1 1 0 0 0 1 0 0 0 0 0 0 0 1 1 1 1 1 1 0 0 1]
128 11 100 0.07708473662939519 [0 0 0 1 0 0 0 0 0 1 1 0 0 0 1 0 0 0 0 0 0 0 1 1 1 1 1 1 0 0 1]
129 11 100 0.07708473662939519 [0 0 0 1 0 0 0 0 0 1 1 0 0 0 1 0 0 0 0 0 0 0 1 1 1 1 1 1 0 0 1]
130 11 100 0.07708473662939519 [0 0 0 1 0 0 0 0 0 1 1 0 0 0 1 0 0 0 0 0 0 0 1 1 1 1 1 1 0 0 1]
131 11 100 0.07708473662939519 [0 0 0 1 0 0 0 0 0 1 1 0 0 0 1 0 0 0 0 0 0 0 1 1 1 1 1 1 0 0 1]
132 11 100 0.07708473662939519 [0 0 0 1 0 0 0 0 0 1 1 0 0 0 1 0 0 0 0 0 0 0 1 1 1 1 1 1 0 0 1]
133 11 100 0.07708473662939519 [0 0 0 1 0 0 0 0 0 1 1 0 0 0 1 0 0 0 0 0 0 0 1 1 1 1 1 1 0 0 1]
134 11 100 0.07708473662939519 [0 0 0 1 0 0 0 0 0 1 1 0 0 0 1 0 0 0 0 0 0 0 1 1 1 1 1 1 0 0 1]
135 11 100 0.07708473662939519 [0 0 0 1 0 0 0 0 0 1 1 0 0 0 1 0 0 0 0 0 0 0 1 1 1 1 1 1 0 0 1]
136 11 100 0.07708473662939519 [0 0 0 1 0 0 0 0 0 1 1 0 0 0 1 0 0 0 0 0 0 0 1 1 1 1 1 1 0 0 1]
137 11 100 0.07708473662939519 [0 0 0 1 0 0 0 0 0 1 1 0 0 0 1 0 0 0 0 0 0 0 1 1 1 1 1 1 0 0 1]
138 11 100 0.07708473662939519 [0 0 0 1 0 0 0 0 0 1 1 0 0 0 1 0 0 0 0 0 0 0 1 1 1 1 1 1 0 0 1]
139 11 100 0.07708473662939519 [0 0 0 1 0 0 0 0 0 1 1 0 0 0 1 0 0 0 0 0 0 0 1 1 1 1 1 1 0 0 1]
140 11 100 0.07708473662939519 [0 0 0 1 0 0 0 0 0 1 1 0 0 0 1 0 0 0 0 0 0 0 1 1 1 1 1 1 0 0 1]
141 11 100 0.07708473662939519 [0 0 0 1 0 0 0 0 0 1 1 0 0 0 1 0 0 0 0 0 0 0 1 1 1 1 1 1 0 0 1]
142 11 100 0.07708473662939519 [0 0 0 1 0 0 0 0 0 1 1 0 0 0 1 0 0 0 0 0 0 0 1 1 1 1 1 1 0 0 1]
143 11 100 0.07708473662939519 [0 0 0 1 0 0 0 0 0 1 1 0 0 0 1 0 0 0 0 0 0 0 1 1 1 1 1 1 0 0 1]
144 11 100 0.07708473662939519 [0 0 0 1 0 0 0 0 0 1 1 0 0 0 1 0 0 0 0 0 0 0 1 1 1 1 1 1 0 0 1]
145 11 100 0.07708473662939519 [0 0 0 1 0 0 0 0 0 1 1 0 0 0 1 0 0 0 0 0 0 0 1 1 1 1 1 1 0 0 1]
146 11 100 0.07708473662939519 [0 0 0 1 0 0 0 0 0 1 1 0 0 0 1 0 0 0 0 0 0 0 1 1 1 1 1 1 0 0 1]
147 11 100 0.07708473662939519 [0 0 0 1 0 0 0 0 0 1 1 0 0 0 1 0 0 0 0 0 0 0 1 1 1 1 1 1 0 0 1]
148 11 100 0.07708473662939519 [0 0 0 1 0 0 0 0 0 1 1 0 0 0 1 0 0 0 0 0 0 0 1 1 1 1 1 1 0 0 1]
149 11 100 0.07708473662939519 [0 0 0 1 0 0 0 0 0 1 1 0 0 0 1 0 0 0 0 0 0 0 1 1 1 1 1 1 0 0 1]
150 11 100 0.07708473662939519 [0 0 0 1 0 0 0 0 0 1 1 0 0 0 1 0 0 0 0 0 0 0 1 1 1 1 1 1 0 0 1]
