0 14 100 0.09119099627428895 [0 1 0 0 0 1 0 0 1 1 0 1 1 1 0 1 0 0 0 1 0 0 0 1 1 0 0 1 0 1 1]
1 14 100 0.09119099627428895 [0 1 0 0 0 1 0 0 1 1 0 1 1 1 0 1 0 0 0 1 0 0 0 1 1 0 0 1 0 1 1]
2 14 100 0.09119099627428895 [0 1 0 0 0 1 0 0 1 1 0 1 1 1 0 1 0 0 0 1 0 0 0 1 1 0 0 1 0 1 1]
3 14 100 0.09119099627428895 [0 1 0 0 0 1 0 0 1 1 0 1 1 1 0 1 0 0 0 1 0 0 0 1 1 0 0 1 0 1 1]
4 14 100 0.09119099627428895 [0 1 0 0 0 1 0 0 1 1 0 1 1 1 0 1 0 0 0 1 0 0 0 1 1 0 0 1 0 1 1]
5 17 100 0.09029198310698461 [0 1 1 1 0 1 0 0 1 1 0 1 1 1 0 1 0 1 0 0 0 0 1 1 1 1 0 0 1 1 0]
6 17 100 0.09029198310698461 [0 1 1 1 0 1 0 0 1 1 0 1 1 1 0 1 0 1 0 0 0 0 1 1 1 1 0 0 1 1 0]
7 13 100 0.0896267865029391 [0 0 1 1 0 1 0 0 1 1 0 1 0 1 0 0 0 0 0 1 0 1 0 1 1 0 0 1 0 0 1]
8 13 100 0.0896267865029391 [0 0 1 1 0 1 0 0 1 1 0 1 0 1 0 0 0 0 0 1 0 1 0 1 1 0 0 1 0 0 1]
9 22 100 0.0839155463305884 [0 1 1 1 1 0 1 1 1 1 0 1 1 1 0 1 1 0 0 0 1 1 1 1 1 1 1 1 0 0 1]
10 22 100 0.0839155463305884 [0 1 1 1 1 0 1 1 1 1 0 1 1 1 0 1 1 0 0 0 1 1 1 1 1 1 1 1 0 0 1]
11 22 100 0.0839155463305884 [0 1 1 1 1 0 1 1 1 1 0 1 1 1 0 1 1 0 0 0 1 1 1 1 1 1 1 1 0 0 1]
12 22 100 0.0839155463305884 [0 1 1 1 1 0 1 1 1 1 0 1 1 1 0 1 1 0 0 0 1 1 1 1 1 1 1 1 0 0 1]
13 22 100 0.0839155463305884 [0 1 1 1 1 0 1 1 1 1 0 1 1 1 0 1 1 0 0 0 1 1 1 1 1 1 1 1 0 0 1]
14 22 100 0.0839155463305884 [0 1 1 1 1 0 1 1 1 1 0 1 1 1 0 1 1 0 0 0 1 1 1 1 1 1 1 1 0 0 1]
15 22 100 0.0839155463305884 [0 1 1 1 1 0 1 1 1 1 0 1 1 1 0 1 1 0 0 0 1 1 1 1 1 1 1 1 0 0 1]
16 22 100 0.0839155463305884 [0 1 1 1 1 0 1 1 1 1 0 1 1 1 0 1 1 0 0 0 1 1 1 1 1 1 1 1 0 0 1]
17 22 100 0.0839155463305884 [0 1 1 1 1 0 1 1 1 1 0 1 1 1 0 1 1 0 0 0 1 1 1 1 1 1 1 1 0 0 1]
18 11 100 0.07679599184721608 [0 0 0 0 0 0 0 0 0 0 0 0 1 1 1 1 1 0 0 0 0 0 1 1 1 1 0 1 0 0 1]
19 11 100 0.07679599184721608 [0 0 0 0 0 0 0 0 0 0 0 0 1 1 1 1 1 0 0 0 0 0 1 1 1 1 0 1 0 0 1]
20 11 100 0.07679599184721608 [0 0 0 0 0 0 0 0 0 0 0 0 1 1 1 1 1 0 0 0 0 0 1 1 1 1 0 1 0 0 1]
21 11 100 0.07679599184721608 [0 0 0 0 0 0 0 0 0 0 0 0 1 1 1 1 1 0 0 0 0 0 1 1 1 1 0 1 0 0 1]
22 11 100 0.07679599184721608 [0 0 0 0 0 0 0 0 0 0 0 0 1 1 1 1 1 0 0 0 0 0 1 1 1 1 0 1 0 0 1]
23 11 100 0.07679599184721608 [0 0 0 0 0 0 0 0 0 0 0 0 1 1 1 1 1 0 0 0 0 0 1 1 1 1 0 1 0 0 1]
24 11 100 0.07679599184721608 [0 0 0 0 0 0 0 0 0 0 0 0 1 1 1 1 1 0 0 0 0 0 1 1 1 1 0 1 0 0 1]
25 11 100 0.07679599184721608 [0 0 0 0 0 0 0 0 0 0 0 0 1 1 1 1 1 0 0 0 0 0 1 1 1 1 0 1 0 0 1]
26 11 100 0.07679599184721608 [0 0 0 0 0 0 0 0 0 0 0 0 1 1 1 1 1 0 0 0 0 0 1 1 1 1 0 1 0 0 1]
27 11 100 0.07679599184721608 [0 0 0 0 0 0 0 0 0 0 0 0 1 1 1 1 1 0 0 0 0 0 1 1 1 1 0 1 0 0 1]
28 11 100 0.07679599184721608 [0 0 0 0 0 0 0 0 0 0 0 0 1 1 1 1 1 0 0 0 0 0 1 1 1 1 0 1 0 0 1]
29 11 100 0.07679599184721608 [0 0 0 0 0 0 0 0 0 0 0 0 1 1 1 1 1 0 0 0 0 0 1 1 1 1 0 1 0 0 1]
30 11 100 0.07679599184721608 [0 0 0 0 0 0 0 0 0 0 0 0 1 1 1 1 1 0 0 0 0 0 1 1 1 1 0 1 0 0 1]
31 11 100 0.07679599184721608 [0 0 0 0 0 0 0 0 0 0 0 0 1 1 1 1 1 0 0 0 0 0 1 1 1 1 0 1 0 0 1]
32 11 100 0.07679599184721608 [0 0 0 0 0 0 0 0 0 0 0 0 1 1 1 1 1 0 0 0 0 0 1 1 1 1 0 1 0 0 1]
33 11 100 0.07679599184721608 [0 0 0 0 0 0 0 0 0 0 0 0 1 1 1 1 1 0 0 0 0 0 1 1 1 1 0 1 0 0 1]
34 11 100 0.07679599184721608 [0 0 0 0 0 0 0 0 0 0 0 0 1 1 1 1 1 0 0 0 0 0 1 1 1 1 0 1 0 0 1]
35 11 100 0.07679599184721608 [0 0 0 0 0 0 0 0 0 0 0 0 1 1 1 1 1 0 0 0 0 0 1 1 1 1 0 1 0 0 1]
36 11 100 0.07679599184721608 [0 0 0 0 0 0 0 0 0 0 0 0 1 1 1 1 1 0 0 0 0 0 1 1 1 1 0 1 0 0 1]
37 11 100 0.07679599184721608 [0 0 0 0 0 0 0 0 0 0 0 0 1 1 1 1 1 0 0 0 0 0 1 1 1 1 0 1 0 0 1]
38 11 100 0.07679599184721608 [0 0 0 0 0 0 0 0 0 0 0 0 1 1 1 1 1 0 0 0 0 0 1 1 1 1 0 1 0 0 1]
39 11 100 0.07679599184721608 [0 0 0 0 0 0 0 0 0 0 0 0 1 1 1 1 1 0 0 0 0 0 1 1 1 1 0 1 0 0 1]
40 11 100 0.07679599184721608 [0 0 0 0 0 0 0 0 0 0 0 0 1 1 1 1 1 0 0 0 0 0 1 1 1 1 0 1 0 0 1]
41 11 100 0.07679599184721608 [0 0 0 0 0 0 0 0 0 0 0 0 1 1 1 1 1 0 0 0 0 0 1 1 1 1 0 1 0 0 1]
42 11 100 0.07679599184721608 [0 0 0 0 0 0 0 0 0 0 0 0 1 1 1 1 1 0 0 0 0 0 1 1 1 1 0 1 0 0 1]
43 11 100 0.07679599184721608 [0 0 0 0 0 0 0 0 0 0 0 0 1 1 1 1 1 0 0 0 0 0 1 1 1 1 0 1 0 0 1]
44 11 100 0.07679599184721608 [0 0 0 0 0 0 0 0 0 0 0 0 1 1 1 1 1 0 0 0 0 0 1 1 1 1 0 1 0 0 1]
45 11 100 0.07679599184721608 [0 0 0 0 0 0 0 0 0 0 0 0 1 1 1 1 1 0 0 0 0 0 1 1 1 1 0 1 0 0 1]
46 11 100 0.07679599184721608 [0 0 0 0 0 0 0 0 0 0 0 0 1 1 1 1 1 0 0 0 0 0 1 1 1 1 0 1 0 0 1]
47 11 100 0.07679599184721608 [0 0 0 0 0 0 0 0 0 0 0 0 1 1 1 1 1 0 0 0 0 0 1 1 1 1 0 1 0 0 1]
48 11 100 0.07679599184721608 [0 0 0 0 0 0 0 0 0 0 0 0 1 1 1 1 1 0 0 0 0 0 1 1 1 1 0 1 0 0 1]
49 11 100 0.07679599184721608 [0 0 0 0 0 0 0 0 0 0 0 0 1 1 1 1 1 0 0 0 0 0 1 1 1 1 0 1 0 0 1]
50 11 100 0.07679599184721608 [0 0 0 0 0 0 0 0 0 0 0 0 1 1 1 1 1 0 0 0 0 0 1 1 1 1 0 1 0 0 1]
51 11 100 0.07679599184721608 [0 0 0 0 0 0 0 0 0 0 0 0 1 1 1 1 1 0 0 0 0 0 1 1 1 1 0 1 0 0 1]
52 11 100 0.07679599184721608 [0 0 0 0 0 0 0 0 0 0 0 0 1 1 1 1 1 0 0 0 0 0 1 1 1 1 0 1 0 0 1]
53 11 100 0.07679599184721608 [0 0 0 0 0 0 0 0 0 0 0 0 1 1 1 1 1 0 0 0 0 0 1 1 1 1 0 1 0 0 1]
54 11 100 0.07679599184721608 [0 0 0 0 0 0 0 0 0 0 0 0 1 1 1 1 1 0 0 0 0 0 1 1 1 1 0 1 0 0 1]
55 11 100 0.07679599184721608 [0 0 0 0 0 0 0 0 0 0 0 0 1 1 1 1 1 0 0 0 0 0 1 1 1 1 0 1 0 0 1]
56 11 100 0.07679599184721608 [0 0 0 0 0 0 0 0 0 0 0 0 1 1 1 1 1 0 0 0 0 0 1 1 1 1 0 1 0 0 1]
57 11 100 0.07679599184721608 [0 0 0 0 0 0 0 0 0 0 0 0 1 1 1 1 1 0 0 0 0 0 1 1 1 1 0 1 0 0 1]
58 11 100 0.07679599184721608 [0 0 0 0 0 0 0 0 0 0 0 0 1 1 1 1 1 0 0 0 0 0 1 1 1 1 0 1 0 0 1]
59 11 100 0.07679599184721608 [0 0 0 0 0 0 0 0 0 0 0 0 1 1 1 1 1 0 0 0 0 0 1 1 1 1 0 1 0 0 1]
60 11 100 0.07679599184721608 [0 0 0 0 0 0 0 0 0 0 0 0 1 1 1 1 1 0 0 0 0 0 1 1 1 1 0 1 0 0 1]
61 11 100 0.07679599184721608 [0 0 0 0 0 0 0 0 0 0 0 0 1 1 1 1 1 0 0 0 0 0 1 1 1 1 0 1 0 0 1]
62 11 100 0.07679599184721608 [0 0 0 0 0 0 0 0 0 0 0 0 1 1 1 1 1 0 0 0 0 0 1 1 1 1 0 1 0 0 1]
63 11 100 0.07679599184721608 [0 0 0 0 0 0 0 0 0 0 0 0 1 1 1 1 1 0 0 0 0 0 1 1 1 1 0 1 0 0 1]
64 11 100 0.07679599184721608 [0 0 0 0 0 0 0 0 0 0 0 0 1 1 1 1 1 0 0 0 0 0 1 1 1 1 0 1 0 0 1]
65 11 100 0.07679599184721608 [0 0 0 0 0 0 0 0 0 0 0 0 1 1 1 1 1 0 0 0 0 0 1 1 1 1 0 1 0 0 1]
66 11 100 0.07679599184721608 [0 0 0 0 0 0 0 0 0 0 0 0 1 1 1 1 1 0 0 0 0 0 1 1 1 1 0 1 0 0 1]
67 11 100 0.07679599184721608 [0 0 0 0 0 0 0 0 0 0 0 0 1 1 1 1 1 0 0 0 0 0 1 1 1 1 0 1 0 0 1]
68 11 100 0.07679599184721608 [0 0 0 0 0 0 0 0 0 0 0 0 1 1 1 1 1 0 0 0 0 0 1 1 1 1 0 1 0 0 1]
69 11 100 0.07679599184721608 [0 0 0 0 0 0 0 0 0 0 0 0 1 1 1 1 1 0 0 0 0 0 1 1 1 1 0 1 0 0 1]
70 11 100 0.07679599184721608 [0 0 0 0 0 0 0 0 0 0 0 0 1 1 1 1 1 0 0 0 0 0 1 1 1 1 0 1 0 0 1]
71 11 100 0.07679599184721608 [0 0 0 0 0 0 0 0 0 0 0 0 1 1 1 1 1 0 0 0 0 0 1 1 1 1 0 1 0 0 1]
72 11 100 0.07679599184721608 [0 0 0 0 0 0 0 0 0 0 0 0 1 1 1 1 1 0 0 0 0 0 1 1 1 1 0 1 0 0 1]
73 11 100 0.07679599184721608 [0 0 0 0 0 0 0 0 0 0 0 0 1 1 1 1 1 0 0 0 0 0 1 1 1 1 0 1 0 0 1]
74 11 100 0.07679599184721608 [0 0 0 0 0 0 0 0 0 0 0 0 1 1 1 1 1 0 0 0 0 0 1 1 1 1 0 1 0 0 1]
75 11 100 0.07679599184721608 [0 0 0 0 0 0 0 0 0 0 0 0 1 1 1 1 1 0 0 0 0 0 1 1 1 1 0 1 0 0 1]
76 11 100 0.07679599184721608 [0 0 0 0 0 0 0 0 0 0 0 0 1 1 1 1 1 0 0 0 0 0 1 1 1 1 0 1 0 0 1]
77 17 100 0.07615032738362182 [0 0 0 1 1 0 1 0 1 0 0 1 1 1 1 1 0 0 0 0 0 1 1 1 1 1 0 1 0 1 1]
78 17 100 0.07615032738362182 [0 0 0 1 1 0 1 0 1 0 0 1 1 1 1 1 0 0 0 0 0 1 1 1 1 1 0 1 0 1 1]
79 9 100 0.07421934331025237 [0 0 1 1 0 0 1 0 0 1 0 0 0 0 0 0 0 0 0 0 0 1 1 1 0 0 0 1 0 0 1]
80 9 100 0.07421934331025237 [0 0 1 1 0 0 1 0 0 1 0 0 0 0 0 0 0 0 0 0 0 1 1 1 0 0 0 1 0 0 1]
81 9 100 0.07421934331025237 [0 0 1 1 0 0 1 0 0 1 0 0 0 0 0 0 0 0 0 0 0 1 1 1 0 0 0 1 0 0 1]
82 9 100 0.07421934331025237 [0 0 1 1 0 0 1 0 0 1 0 0 0 0 0 0 0 0 0 0 0 1 1 1 0 0 0 1 0 0 1]
83 9 100 0.07421934331025237 [0 0 1 1 0 0 1 0 0 1 0 0 0 0 0 0 0 0 0 0 0 1 1 1 0 0 0 1 0 0 1]
84 9 100 0.07421934331025237 [0 0 1 1 0 0 1 0 0 1 0 0 0 0 0 0 0 0 0 0 0 1 1 1 0 0 0 1 0 0 1]
85 9 100 0.07421934331025237 [0 0 1 1 0 0 1 0 0 1 0 0 0 0 0 0 0 0 0 0 0 1 1 1 0 0 0 1 0 0 1]
86 15 100 0.07140593405318063 [0 0 0 1 1 0 0 0 0 1 0 1 1 1 0 1 1 0 0 0 0 1 1 1 1 1 0 1 0 0 1]
87 15 100 0.07140593405318063 [0 0 0 1 1 0 0 0 0 1 0 1 1 1 0 1 1 0 0 0 0 1 1 1 1 1 0 1 0 0 1]
88 15 100 0.07140593405318063 [0 0 0 1 1 0 0 0 0 1 0 1 1 1 0 1 1 0 0 0 0 1 1 1 1 1 0 1 0 0 1]
89 15 100 0.07140593405318063 [0 0 0 1 1 0 0 0 0 1 0 1 1 1 0 1 1 0 0 0 0 1 1 1 1 1 0 1 0 0 1]
90 15 100 0.07140593405318063 [0 0 0 1 1 0 0 0 0 1 0 1 1 1 0 1 1 0 0 0 0 1 1 1 1 1 0 1 0 0 1]
91 15 100 0.07140593405318063 [0 0 0 1 1 0 0 0 0 1 0 1 1 1 0 1 1 0 0 0 0 1 1 1 1 1 0 1 0 0 1]
92 15 100 0.07140593405318063 [0 0 0 1 1 0 0 0 0 1 0 1 1 1 0 1 1 0 0 0 0 1 1 1 1 1 0 1 0 0 1]
93 15 100 0.07140593405318063 [0 0 0 1 1 0 0 0 0 1 0 1 1 1 0 1 1 0 0 0 0 1 1 1 1 1 0 1 0 0 1]
94 15 100 0.07140593405318063 [0 0 0 1 1 0 0 0 0 1 0 1 1 1 0 1 1 0 0 0 0 1 1 1 1 1 0 1 0 0 1]
95 15 100 0.07140593405318063 [0 0 0 1 1 0 0 0 0 1 0 1 1 1 0 1 1 0 0 0 0 1 1 1 1 1 0 1 0 0 1]
96 15 100 0.07140593405318063 [0 0 0 1 1 0 0 0 0 1 0 1 1 1 0 1 1 0 0 0 0 1 1 1 1 1 0 1 0 0 1]
97 15 100 0.07140593405318063 [0 0 0 1 1 0 0 0 0 1 0 1 1 1 0 1 1 0 0 0 0 1 1 1 1 1 0 1 0 0 1]
98 15 100 0.07140593405318063 [0 0 0 1 1 0 0 0 0 1 0 1 1 1 0 1 1 0 0 0 0 1 1 1 1 1 0 1 0 0 1]
99 15 100 0.07140593405318063 [0 0 0 1 1 0 0 0 0 1 0 1 1 1 0 1 1 0 0 0 0 1 1 1 1 1 0 1 0 0 1]
100 15 100 0.07140593405318063 [0 0 0 1 1 0 0 0 0 1 0 1 1 1 0 1 1 0 0 0 0 1 1 1 1 1 0 1 0 0 1]
101 15 100 0.07140593405318063 [0 0 0 1 1 0 0 0 0 1 0 1 1 1 0 1 1 0 0 0 0 1 1 1 1 1 0 1 0 0 1]
102 15 100 0.07140593405318063 [0 0 0 1 1 0 0 0 0 1 0 1 1 1 0 1 1 0 0 0 0 1 1 1 1 1 0 1 0 0 1]
103 15 100 0.07140593405318063 [0 0 0 1 1 0 0 0 0 1 0 1 1 1 0 1 1 0 0 0 0 1 1 1 1 1 0 1 0 0 1]
104 15 100 0.07140593405318063 [0 0 0 1 1 0 0 0 0 1 0 1 1 1 0 1 1 0 0 0 0 1 1 1 1 1 0 1 0 0 1]
105 15 100 0.07140593405318063 [0 0 0 1 1 0 0 0 0 1 0 1 1 1 0 1 1 0 0 0 0 1 1 1 1 1 0 1 0 0 1]
106 15 100 0.07140593405318063 [0 0 0 1 1 0 0 0 0 1 0 1 1 1 0 1 1 0 0 0 0 1 1 1 1 1 0 1 0 0 1]
107 15 100 0.07140593405318063 [0 0 0 1 1 0 0 0 0 1 0 1 1 1 0 1 1 0 0 0 0 1 1 1 1 1 0 1 0 0 1]
108 15 100 0.07140593405318063 [0 0 0 1 1 0 0 0 0 1 0 1 1 1 0 1 1 0 0 0 0 1 1 1 1 1 0 1 0 0 1]
109 15 100 0.07140593405318063 [0 0 0 1 1 0 0 0 0 1 0 1 1 1 0 1 1 0 0 0 0 1 1 1 1 1 0 1 0 0 1]
110 15 100 0.07140593405318063 [0 0 0 1 1 0 0 0 0 1 0 1 1 1 0 1 1 0 0 0 0 1 1 1 1 1 0 1 0 0 1]
111 15 100 0.07140593405318063 [0 0 0 1 1 0 0 0 0 1 0 1 1 1 0 1 1 0 0 0 0 1 1 1 1 1 0 1 0 0 1]
112 15 100 0.07140593405318063 [0 0 0 1 1 0 0 0 0 1 0 1 1 1 0 1 1 0 0 0 0 1 1 1 1 1 0 1 0 0 1]
113 15 100 0.07140593405318063 [0 0 0 1 1 0 0 0 0 1 0 1 1 1 0 1 1 0 0 0 0 1 1 1 1 1 0 1 0 0 1]
114 15 100 0.07140593405318063 [0 0 0 1 1 0 0 0 0 1 0 1 1 1 0 1 1 0 0 0 0 1 1 1 1 1 0 1 0 0 1]
115 15 100 0.07140593405318063 [0 0 0 1 1 0 0 0 0 1 0 1 1 1 0 1 1 0 0 0 0 1 1 1 1 1 0 1 0 0 1]
116 15 100 0.07140593405318063 [0 0 0 1 1 0 0 0 0 1 0 1 1 1 0 1 1 0 0 0 0 1 1 1 1 1 0 1 0 0 1]
117 15 100 0.07140593405318063 [0 0 0 1 1 0 0 0 0 1 0 1 1 1 0 1 1 0 0 0 0 1 1 1 1 1 0 1 0 0 1]
118 15 100 0.07140593405318063 [0 0 0 1 1 0 0 0 0 1 0 1 1 1 0 1 1 0 0 0 0 1 1 1 1 1 0 1 0 0 1]
119 15 100 0.07140593405318063 [0 0 0 1 1 0 0 0 0 1 0 1 1 1 0 1 1 0 0 0 0 1 1 1 1 1 0 1 0 0 1]
120 15 100 0.07140593405318063 [0 0 0 1 1 0 0 0 0 1 0 1 1 1 0 1 1 0 0 0 0 1 1 1 1 1 0 1 0 0 1]
121 15 100 0.07140593405318063 [0 0 0 1 1 0 0 0 0 1 0 1 1 1 0 1 1 0 0 0 0 1 1 1 1 1 0 1 0 0 1]
122 15 100 0.07140593405318063 [0 0 0 1 1 0 0 0 0 1 0 1 1 1 0 1 1 0 0 0 0 1 1 1 1 1 0 1 0 0 1]
123 15 100 0.07140593405318063 [0 0 0 1 1 0 0 0 0 1 0 1 1 1 0 1 1 0 0 0 0 1 1 1 1 1 0 1 0 0 1]
124 15 100 0.07140593405318063 [0 0 0 1 1 0 0 0 0 1 0 1 1 1 0 1 1 0 0 0 0 1 1 1 1 1 0 1 0 0 1]
125 15 100 0.07140593405318063 [0 0 0 1 1 0 0 0 0 1 0 1 1 1 0 1 1 0 0 0 0 1 1 1 1 1 0 1 0 0 1]
126 15 100 0.07140593405318063 [0 0 0 1 1 0 0 0 0 1 0 1 1 1 0 1 1 0 0 0 0 1 1 1 1 1 0 1 0 0 1]
127 15 100 0.07140593405318063 [0 0 0 1 1 0 0 0 0 1 0 1 1 1 0 1 1 0 0 0 0 1 1 1 1 1 0 1 0 0 1]
128 15 100 0.07140593405318063 [0 0 0 1 1 0 0 0 0 1 0 1 1 1 0 1 1 0 0 0 0 1 1 1 1 1 0 1 0 0 1]
129 15 100 0.07140593405318063 [0 0 0 1 1 0 0 0 0 1 0 1 1 1 0 1 1 0 0 0 0 1 1 1 1 1 0 1 0 0 1]
130 15 100 0.07140593405318063 [0 0 0 1 1 0 0 0 0 1 0 1 1 1 0 1 1 0 0 0 0 1 1 1 1 1 0 1 0 0 1]
131 15 100 0.07140593405318063 [0 0 0 1 1 0 0 0 0 1 0 1 1 1 0 1 1 0 0 0 0 1 1 1 1 1 0 1 0 0 1]
132 15 100 0.07140593405318063 [0 0 0 1 1 0 0 0 0 1 0 1 1 1 0 1 1 0 0 0 0 1 1 1 1 1 0 1 0 0 1]
133 15 100 0.07140593405318063 [0 0 0 1 1 0 0 0 0 1 0 1 1 1 0 1 1 0 0 0 0 1 1 1 1 1 0 1 0 0 1]
134 15 100 0.07140593405318063 [0 0 0 1 1 0 0 0 0 1 0 1 1 1 0 1 1 0 0 0 0 1 1 1 1 1 0 1 0 0 1]
135 15 100 0.07140593405318063 [0 0 0 1 1 0 0 0 0 1 0 1 1 1 0 1 1 0 0 0 0 1 1 1 1 1 0 1 0 0 1]
136 15 100 0.07140593405318063 [0 0 0 1 1 0 0 0 0 1 0 1 1 1 0 1 1 0 0 0 0 1 1 1 1 1 0 1 0 0 1]
137 15 100 0.07140593405318063 [0 0 0 1 1 0 0 0 0 1 0 1 1 1 0 1 1 0 0 0 0 1 1 1 1 1 0 1 0 0 1]
138 15 100 0.07140593405318063 [0 0 0 1 1 0 0 0 0 1 0 1 1 1 0 1 1 0 0 0 0 1 1 1 1 1 0 1 0 0 1]
139 15 100 0.07140593405318063 [0 0 0 1 1 0 0 0 0 1 0 1 1 1 0 1 1 0 0 0 0 1 1 1 1 1 0 1 0 0 1]
140 15 100 0.07140593405318063 [0 0 0 1 1 0 0 0 0 1 0 1 1 1 0 1 1 0 0 0 0 1 1 1 1 1 0 1 0 0 1]
141 15 100 0.07140593405318063 [0 0 0 1 1 0 0 0 0 1 0 1 1 1 0 1 1 0 0 0 0 1 1 1 1 1 0 1 0 0 1]
142 15 100 0.07140593405318063 [0 0 0 1 1 0 0 0 0 1 0 1 1 1 0 1 1 0 0 0 0 1 1 1 1 1 0 1 0 0 1]
143 15 100 0.07140593405318063 [0 0 0 1 1 0 0 0 0 1 0 1 1 1 0 1 1 0 0 0 0 1 1 1 1 1 0 1 0 0 1]
144 15 100 0.07140593405318063 [0 0 0 1 1 0 0 0 0 1 0 1 1 1 0 1 1 0 0 0 0 1 1 1 1 1 0 1 0 0 1]
145 15 100 0.07140593405318063 [0 0 0 1 1 0 0 0 0 1 0 1 1 1 0 1 1 0 0 0 0 1 1 1 1 1 0 1 0 0 1]
146 15 100 0.07140593405318063 [0 0 0 1 1 0 0 0 0 1 0 1 1 1 0 1 1 0 0 0 0 1 1 1 1 1 0 1 0 0 1]
147 15 100 0.07140593405318063 [0 0 0 1 1 0 0 0 0 1 0 1 1 1 0 1 1 0 0 0 0 1 1 1 1 1 0 1 0 0 1]
148 15 100 0.07140593405318063 [0 0 0 1 1 0 0 0 0 1 0 1 1 1 0 1 1 0 0 0 0 1 1 1 1 1 0 1 0 0 1]
149 15 100 0.07140593405318063 [0 0 0 1 1 0 0 0 0 1 0 1 1 1 0 1 1 0 0 0 0 1 1 1 1 1 0 1 0 0 1]
150 15 100 0.07140593405318063 [0 0 0 1 1 0 0 0 0 1 0 1 1 1 0 1 1 0 0 0 0 1 1 1 1 1 0 1 0 0 1]
