77 13 100 0.07443105037542175 [0 1 0 0 0 0 0 1 0 1 0 0 1 1 0 0 1 1 0 0 0 0 1 1 1 0 0 0 1 1 1]
78 13 100 0.07443105037542175 [0 1 0 0 0 0 0 1 0 1 0 0 1 1 0 0 1 1 0 0 0 0 1 1 1 0 0 0 1 1 1]
79 13 100 0.07443105037542175 [0 1 0 0 0 0 0 1 0 1 0 0 1 1 0 0 1 1 0 0 0 0 1 1 1 0 0 0 1 1 1]
80 13 100 0.07443105037542175 [0 1 0 0 0 0 0 1 0 1 0 0 1 1 0 0 1 1 0 0 0 0 1 1 1 0 0 0 1 1 1]
81 13 100 0.07443105037542175 [0 1 0 0 0 0 0 1 0 1 0 0 1 1 0 0 1 1 0 0 0 0 1 1 1 0 0 0 1 1 1]
82 13 100 0.07443105037542175 [0 1 0 0 0 0 0 1 0 1 0 0 1 1 0 0 1 1 0 0 0 0 1 1 1 0 0 0 1 1 1]
83 13 100 0.07443105037542175 [0 1 0 0 0 0 0 1 0 1 0 0 1 1 0 0 1 1 0 0 0 0 1 1 1 0 0 0 1 1 1]
84 13 100 0.07443105037542175 [0 1 0 0 0 0 0 1 0 1 0 0 1 1 0 0 1 1 0 0 0 0 1 1 1 0 0 0 1 1 1]
85 13 100 0.07443105037542175 [0 1 0 0 0 0 0 1 0 1 0 0 1 1 0 0 1 1 0 0 0 0 1 1 1 0 0 0 1 1 1]
86 13 100 0.07443105037542175 [0 1 0 0 0 0 0 1 0 1 0 0 1 1 0 0 1 1 0 0 0 0 1 1 1 0 0 0 1 1 1]
87 13 100 0.07443105037542175 [0 1 0 0 0 0 0 1 0 1 0 0 1 1 0 0 1 1 0 0 0 0 1 1 1 0 0 0 1 1 1]
88 13 100 0.07443105037542175 [0 1 0 0 0 0 0 1 0 1 0 0 1 1 0 0 1 1 0 0 0 0 1 1 1 0 0 0 1 1 1]
89 13 100 0.07443105037542175 [0 1 0 0 0 0 0 1 0 1 0 0 1 1 0 0 1 1 0 0 0 0 1 1 1 0 0 0 1 1 1]
90 13 100 0.07443105037542175 [0 1 0 0 0 0 0 1 0 1 0 0 1 1 0 0 1 1 0 0 0 0 1 1 1 0 0 0 1 1 1]
91 13 100 0.07443105037542175 [0 1 0 0 0 0 0 1 0 1 0 0 1 1 0 0 1 1 0 0 0 0 1 1 1 0 0 0 1 1 1]
92 13 100 0.07443105037542175 [0 1 0 0 0 0 0 1 0 1 0 0 1 1 0 0 1 1 0 0 0 0 1 1 1 0 0 0 1 1 1]
93 13 100 0.07443105037542175 [0 1 0 0 0 0 0 1 0 1 0 0 1 1 0 0 1 1 0 0 0 0 1 1 1 0 0 0 1 1 1]
94 13 100 0.07443105037542175 [0 1 0 0 0 0 0 1 0 1 0 0 1 1 0 0 1 1 0 0 0 0 1 1 1 0 0 0 1 1 1]
95 13 100 0.07443105037542175 [0 1 0 0 0 0 0 1 0 1 0 0 1 1 0 0 1 1 0 0 0 0 1 1 1 0 0 0 1 1 1]
96 13 100 0.07443105037542175 [0 1 0 0 0 0 0 1 0 1 0 0 1 1 0 0 1 1 0 0 0 0 1 1 1 0 0 0 1 1 1]
97 13 100 0.07443105037542175 [0 1 0 0 0 0 0 1 0 1 0 0 1 1 0 0 1 1 0 0 0 0 1 1 1 0 0 0 1 1 1]
98 13 100 0.07443105037542175 [0 1 0 0 0 0 0 1 0 1 0 0 1 1 0 0 1 1 0 0 0 0 1 1 1 0 0 0 1 1 1]
99 13 100 0.07443105037542175 [0 1 0 0 0 0 0 1 0 1 0 0 1 1 0 0 1 1 0 0 0 0 1 1 1 0 0 0 1 1 1]
100 13 100 0.07443105037542175 [0 1 0 0 0 0 0 1 0 1 0 0 1 1 0 0 1 1 0 0 0 0 1 1 1 0 0 0 1 1 1]
101 13 100 0.07443105037542175 [0 1 0 0 0 0 0 1 0 1 0 0 1 1 0 0 1 1 0 0 0 0 1 1 1 0 0 0 1 1 1]
102 13 100 0.07443105037542175 [0 1 0 0 0 0 0 1 0 1 0 0 1 1 0 0 1 1 0 0 0 0 1 1 1 0 0 0 1 1 1]
103 13 100 0.07443105037542175 [0 1 0 0 0 0 0 1 0 1 0 0 1 1 0 0 1 1 0 0 0 0 1 1 1 0 0 0 1 1 1]
104 13 100 0.07443105037542175 [0 1 0 0 0 0 0 1 0 1 0 0 1 1 0 0 1 1 0 0 0 0 1 1 1 0 0 0 1 1 1]
105 13 100 0.07443105037542175 [0 1 0 0 0 0 0 1 0 1 0 0 1 1 0 0 1 1 0 0 0 0 1 1 1 0 0 0 1 1 1]
106 13 100 0.07443105037542175 [0 1 0 0 0 0 0 1 0 1 0 0 1 1 0 0 1 1 0 0 0 0 1 1 1 0 0 0 1 1 1]
107 13 100 0.07443105037542175 [0 1 0 0 0 0 0 1 0 1 0 0 1 1 0 0 1 1 0 0 0 0 1 1 1 0 0 0 1 1 1]
108 13 100 0.07443105037542175 [0 1 0 0 0 0 0 1 0 1 0 0 1 1 0 0 1 1 0 0 0 0 1 1 1 0 0 0 1 1 1]
109 13 100 0.07443105037542175 [0 1 0 0 0 0 0 1 0 1 0 0 1 1 0 0 1 1 0 0 0 0 1 1 1 0 0 0 1 1 1]
110 13 100 0.07443105037542175 [0 1 0 0 0 0 0 1 0 1 0 0 1 1 0 0 1 1 0 0 0 0 1 1 1 0 0 0 1 1 1]
111 13 100 0.07443105037542175 [0 1 0 0 0 0 0 1 0 1 0 0 1 1 0 0 1 1 0 0 0 0 1 1 1 0 0 0 1 1 1]
112 13 100 0.07443105037542175 [0 1 0 0 0 0 0 1 0 1 0 0 1 1 0 0 1 1 0 0 0 0 1 1 1 0 0 0 1 1 1]
113 13 100 0.07443105037542175 [0 1 0 0 0 0 0 1 0 1 0 0 1 1 0 0 1 1 0 0 0 0 1 1 1 0 0 0 1 1 1]
114 13 100 0.07443105037542175 [0 1 0 0 0 0 0 1 0 1 0 0 1 1 0 0 1 1 0 0 0 0 1 1 1 0 0 0 1 1 1]
115 13 100 0.07443105037542175 [0 1 0 0 0 0 0 1 0 1 0 0 1 1 0 0 1 1 0 0 0 0 1 1 1 0 0 0 1 1 1]
116 13 100 0.07443105037542175 [0 1 0 0 0 0 0 1 0 1 0 0 1 1 0 0 1 1 0 0 0 0 1 1 1 0 0 0 1 1 1]
117 13 100 0.07443105037542175 [0 1 0 0 0 0 0 1 0 1 0 0 1 1 0 0 1 1 0 0 0 0 1 1 1 0 0 0 1 1 1]
118 13 100 0.07443105037542175 [0 1 0 0 0 0 0 1 0 1 0 0 1 1 0 0 1 1 0 0 0 0 1 1 1 0 0 0 1 1 1]
119 13 100 0.07443105037542175 [0 1 0 0 0 0 0 1 0 1 0 0 1 1 0 0 1 1 0 0 0 0 1 1 1 0 0 0 1 1 1]
120 13 100 0.07443105037542175 [0 1 0 0 0 0 0 1 0 1 0 0 1 1 0 0 1 1 0 0 0 0 1 1 1 0 0 0 1 1 1]
121 13 100 0.07443105037542175 [0 1 0 0 0 0 0 1 0 1 0 0 1 1 0 0 1 1 0 0 0 0 1 1 1 0 0 0 1 1 1]
122 13 100 0.07443105037542175 [0 1 0 0 0 0 0 1 0 1 0 0 1 1 0 0 1 1 0 0 0 0 1 1 1 0 0 0 1 1 1]
123 13 100 0.07443105037542175 [0 1 0 0 0 0 0 1 0 1 0 0 1 1 0 0 1 1 0 0 0 0 1 1 1 0 0 0 1 1 1]
124 13 100 0.07443105037542175 [0 1 0 0 0 0 0 1 0 1 0 0 1 1 0 0 1 1 0 0 0 0 1 1 1 0 0 0 1 1 1]
125 13 100 0.07443105037542175 [0 1 0 0 0 0 0 1 0 1 0 0 1 1 0 0 1 1 0 0 0 0 1 1 1 0 0 0 1 1 1]
126 13 100 0.07443105037542175 [0 1 0 0 0 0 0 1 0 1 0 0 1 1 0 0 1 1 0 0 0 0 1 1 1 0 0 0 1 1 1]
127 13 100 0.07443105037542175 [0 1 0 0 0 0 0 1 0 1 0 0 1 1 0 0 1 1 0 0 0 0 1 1 1 0 0 0 1 1 1]
128 13 100 0.07443105037542175 [0 1 0 0 0 0 0 1 0 1 0 0 1 1 0 0 1 1 0 0 0 0 1 1 1 0 0 0 1 1 1]
129 13 100 0.07443105037542175 [0 1 0 0 0 0 0 1 0 1 0 0 1 1 0 0 1 1 0 0 0 0 1 1 1 0 0 0 1 1 1]
130 13 100 0.07443105037542175 [0 1 0 0 0 0 0 1 0 1 0 0 1 1 0 0 1 1 0 0 0 0 1 1 1 0 0 0 1 1 1]
131 13 100 0.07443105037542175 [0 1 0 0 0 0 0 1 0 1 0 0 1 1 0 0 1 1 0 0 0 0 1 1 1 0 0 0 1 1 1]
132 13 100 0.07443105037542175 [0 1 0 0 0 0 0 1 0 1 0 0 1 1 0 0 1 1 0 0 0 0 1 1 1 0 0 0 1 1 1]
133 13 100 0.07443105037542175 [0 1 0 0 0 0 0 1 0 1 0 0 1 1 0 0 1 1 0 0 0 0 1 1 1 0 0 0 1 1 1]
134 13 100 0.07443105037542175 [0 1 0 0 0 0 0 1 0 1 0 0 1 1 0 0 1 1 0 0 0 0 1 1 1 0 0 0 1 1 1]
135 13 100 0.07443105037542175 [0 1 0 0 0 0 0 1 0 1 0 0 1 1 0 0 1 1 0 0 0 0 1 1 1 0 0 0 1 1 1]
136 13 100 0.07443105037542175 [0 1 0 0 0 0 0 1 0 1 0 0 1 1 0 0 1 1 0 0 0 0 1 1 1 0 0 0 1 1 1]
137 13 100 0.07443105037542175 [0 1 0 0 0 0 0 1 0 1 0 0 1 1 0 0 1 1 0 0 0 0 1 1 1 0 0 0 1 1 1]
138 13 100 0.07443105037542175 [0 1 0 0 0 0 0 1 0 1 0 0 1 1 0 0 1 1 0 0 0 0 1 1 1 0 0 0 1 1 1]
139 13 100 0.07443105037542175 [0 1 0 0 0 0 0 1 0 1 0 0 1 1 0 0 1 1 0 0 0 0 1 1 1 0 0 0 1 1 1]
140 13 100 0.07443105037542175 [0 1 0 0 0 0 0 1 0 1 0 0 1 1 0 0 1 1 0 0 0 0 1 1 1 0 0 0 1 1 1]
141 13 100 0.07443105037542175 [0 1 0 0 0 0 0 1 0 1 0 0 1 1 0 0 1 1 0 0 0 0 1 1 1 0 0 0 1 1 1]
142 13 100 0.07443105037542175 [0 1 0 0 0 0 0 1 0 1 0 0 1 1 0 0 1 1 0 0 0 0 1 1 1 0 0 0 1 1 1]
143 13 100 0.07443105037542175 [0 1 0 0 0 0 0 1 0 1 0 0 1 1 0 0 1 1 0 0 0 0 1 1 1 0 0 0 1 1 1]
144 13 100 0.07443105037542175 [0 1 0 0 0 0 0 1 0 1 0 0 1 1 0 0 1 1 0 0 0 0 1 1 1 0 0 0 1 1 1]
145 13 100 0.07443105037542175 [0 1 0 0 0 0 0 1 0 1 0 0 1 1 0 0 1 1 0 0 0 0 1 1 1 0 0 0 1 1 1]
146 13 100 0.07443105037542175 [0 1 0 0 0 0 0 1 0 1 0 0 1 1 0 0 1 1 0 0 0 0 1 1 1 0 0 0 1 1 1]
147 13 100 0.07443105037542175 [0 1 0 0 0 0 0 1 0 1 0 0 1 1 0 0 1 1 0 0 0 0 1 1 1 0 0 0 1 1 1]
148 13 100 0.07443105037542175 [0 1 0 0 0 0 0 1 0 1 0 0 1 1 0 0 1 1 0 0 0 0 1 1 1 0 0 0 1 1 1]
149 13 100 0.07443105037542175 [0 1 0 0 0 0 0 1 0 1 0 0 1 1 0 0 1 1 0 0 0 0 1 1 1 0 0 0 1 1 1]
150 11 100 0.07341156267887816 [0 1 1 0 0 1 0 1 0 0 0 1 0 0 0 0 0 0 0 0 0 0 1 1 1 0 0 0 1 1 1]
