0 17 100 0.09648861810574882 [0 0 0 0 1 0 0 1 0 0 0 1 1 1 1 1 1 1 1 0 0 1 1 1 1 0 0 1 0 1 1]
1 17 100 0.09648861810574882 [0 0 0 0 1 0 0 1 0 0 0 1 1 1 1 1 1 1 1 0 0 1 1 1 1 0 0 1 0 1 1]
2 14 100 0.0930524934861432 [0 1 1 0 0 0 0 0 1 1 1 1 0 0 1 0 0 0 0 0 1 0 1 1 1 1 0 0 1 0 1]
3 14 100 0.0930524934861432 [0 1 1 0 0 0 0 0 1 1 1 1 0 0 1 0 0 0 0 0 1 0 1 1 1 1 0 0 1 0 1]
4 14 100 0.0930524934861432 [0 1 1 0 0 0 0 0 1 1 1 1 0 0 1 0 0 0 0 0 1 0 1 1 1 1 0 0 1 0 1]
5 18 100 0.08439406833366536 [0 1 1 0 1 1 0 0 1 1 0 1 1 1 1 0 0 0 0 0 1 0 0 1 1 1 1 1 0 1 1]
6 18 100 0.08439406833366536 [0 1 1 0 1 1 0 0 1 1 0 1 1 1 1 0 0 0 0 0 1 0 0 1 1 1 1 1 0 1 1]
7 18 100 0.08439406833366536 [0 1 1 0 1 1 0 0 1 1 0 1 1 1 1 0 0 0 0 0 1 0 0 1 1 1 1 1 0 1 1]
8 14 100 0.08355040698488092 [0 0 1 0 0 1 0 0 1 1 0 1 0 1 1 0 0 0 0 0 0 1 1 1 1 0 0 1 0 1 1]
9 14 100 0.08355040698488092 [0 0 1 0 0 1 0 0 1 1 0 1 0 1 1 0 0 0 0 0 0 1 1 1 1 0 0 1 0 1 1]
10 14 100 0.08355040698488092 [0 0 1 0 0 1 0 0 1 1 0 1 0 1 1 0 0 0 0 0 0 1 1 1 1 0 0 1 0 1 1]
11 14 100 0.08069126643648472 [0 1 1 1 0 0 0 1 0 1 0 0 1 0 0 1 1 0 0 0 0 0 1 1 0 1 0 1 1 0 1]
12 12 100 0.07756903698121331 [0 1 1 1 0 0 0 1 0 1 0 0 1 0 0 1 0 0 0 0 0 0 1 1 0 0 0 1 1 0 1]
13 12 100 0.07756903698121331 [0 1 1 1 0 0 0 1 0 1 0 0 1 0 0 1 0 0 0 0 0 0 1 1 0 0 0 1 1 0 1]
14 12 100 0.07756903698121331 [0 1 1 1 0 0 0 1 0 1 0 0 1 0 0 1 0 0 0 0 0 0 1 1 0 0 0 1 1 0 1]
15 12 100 0.07756903698121331 [0 1 1 1 0 0 0 1 0 1 0 0 1 0 0 1 0 0 0 0 0 0 1 1 0 0 0 1 1 0 1]
16 12 100 0.07756903698121331 [0 1 1 1 0 0 0 1 0 1 0 0 1 0 0 1 0 0 0 0 0 0 1 1 0 0 0 1 1 0 1]
17 12 100 0.07756903698121331 [0 1 1 1 0 0 0 1 0 1 0 0 1 0 0 1 0 0 0 0 0 0 1 1 0 0 0 1 1 0 1]
18 12 100 0.07756903698121331 [0 1 1 1 0 0 0 1 0 1 0 0 1 0 0 1 0 0 0 0 0 0 1 1 0 0 0 1 1 0 1]
19 12 100 0.07756903698121331 [0 1 1 1 0 0 0 1 0 1 0 0 1 0 0 1 0 0 0 0 0 0 1 1 0 0 0 1 1 0 1]
20 12 100 0.07756903698121331 [0 1 1 1 0 0 0 1 0 1 0 0 1 0 0 1 0 0 0 0 0 0 1 1 0 0 0 1 1 0 1]
21 12 100 0.07756903698121331 [0 1 1 1 0 0 0 1 0 1 0 0 1 0 0 1 0 0 0 0 0 0 1 1 0 0 0 1 1 0 1]
22 12 100 0.07756903698121331 [0 1 1 1 0 0 0 1 0 1 0 0 1 0 0 1 0 0 0 0 0 0 1 1 0 0 0 1 1 0 1]
23 12 100 0.07756903698121331 [0 1 1 1 0 0 0 1 0 1 0 0 1 0 0 1 0 0 0 0 0 0 1 1 0 0 0 1 1 0 1]
24 12 100 0.07756903698121331 [0 1 1 1 0 0 0 1 0 1 0 0 1 0 0 1 0 0 0 0 0 0 1 1 0 0 0 1 1 0 1]
25 12 100 0.07756903698121331 [0 1 1 1 0 0 0 1 0 1 0 0 1 0 0 1 0 0 0 0 0 0 1 1 0 0 0 1 1 0 1]
26 12 100 0.07756903698121331 [0 1 1 1 0 0 0 1 0 1 0 0 1 0 0 1 0 0 0 0 0 0 1 1 0 0 0 1 1 0 1]
27 12 100 0.07756903698121331 [0 1 1 1 0 0 0 1 0 1 0 0 1 0 0 1 0 0 0 0 0 0 1 1 0 0 0 1 1 0 1]
28 12 100 0.07756903698121331 [0 1 1 1 0 0 0 1 0 1 0 0 1 0 0 1 0 0 0 0 0 0 1 1 0 0 0 1 1 0 1]
29 12 100 0.07756903698121331 [0 1 1 1 0 0 0 1 0 1 0 0 1 0 0 1 0 0 0 0 0 0 1 1 0 0 0 1 1 0 1]
30 12 100 0.07756903698121331 [0 1 1 1 0 0 0 1 0 1 0 0 1 0 0 1 0 0 0 0 0 0 1 1 0 0 0 1 1 0 1]
31 12 100 0.07756903698121331 [0 1 1 1 0 0 0 1 0 1 0 0 1 0 0 1 0 0 0 0 0 0 1 1 0 0 0 1 1 0 1]
32 12 100 0.07756903698121331 [0 1 1 1 0 0 0 1 0 1 0 0 1 0 0 1 0 0 0 0 0 0 1 1 0 0 0 1 1 0 1]
33 12 100 0.07756903698121331 [0 1 1 1 0 0 0 1 0 1 0 0 1 0 0 1 0 0 0 0 0 0 1 1 0 0 0 1 1 0 1]
34 12 100 0.07756903698121331 [0 1 1 1 0 0 0 1 0 1 0 0 1 0 0 1 0 0 0 0 0 0 1 1 0 0 0 1 1 0 1]
35 12 100 0.07756903698121331 [0 1 1 1 0 0 0 1 0 1 0 0 1 0 0 1 0 0 0 0 0 0 1 1 0 0 0 1 1 0 1]
36 12 100 0.07756903698121331 [0 1 1 1 0 0 0 1 0 1 0 0 1 0 0 1 0 0 0 0 0 0 1 1 0 0 0 1 1 0 1]
37 12 100 0.07756903698121331 [0 1 1 1 0 0 0 1 0 1 0 0 1 0 0 1 0 0 0 0 0 0 1 1 0 0 0 1 1 0 1]
38 12 100 0.07756903698121331 [0 1 1 1 0 0 0 1 0 1 0 0 1 0 0 1 0 0 0 0 0 0 1 1 0 0 0 1 1 0 1]
39 12 100 0.07756903698121331 [0 1 1 1 0 0 0 1 0 1 0 0 1 0 0 1 0 0 0 0 0 0 1 1 0 0 0 1 1 0 1]
40 12 100 0.07756903698121331 [0 1 1 1 0 0 0 1 0 1 0 0 1 0 0 1 0 0 0 0 0 0 1 1 0 0 0 1 1 0 1]
41 12 100 0.07756903698121331 [0 1 1 1 0 0 0 1 0 1 0 0 1 0 0 1 0 0 0 0 0 0 1 1 0 0 0 1 1 0 1]
42 12 100 0.07756903698121331 [0 1 1 1 0 0 0 1 0 1 0 0 1 0 0 1 0 0 0 0 0 0 1 1 0 0 0 1 1 0 1]
43 12 100 0.07756903698121331 [0 1 1 1 0 0 0 1 0 1 0 0 1 0 0 1 0 0 0 0 0 0 1 1 0 0 0 1 1 0 1]
44 12 100 0.07756903698121331 [0 1 1 1 0 0 0 1 0 1 0 0 1 0 0 1 0 0 0 0 0 0 1 1 0 0 0 1 1 0 1]
45 12 100 0.07756903698121331 [0 1 1 1 0 0 0 1 0 1 0 0 1 0 0 1 0 0 0 0 0 0 1 1 0 0 0 1 1 0 1]
46 12 100 0.07756903698121331 [0 1 1 1 0 0 0 1 0 1 0 0 1 0 0 1 0 0 0 0 0 0 1 1 0 0 0 1 1 0 1]
47 12 100 0.07756903698121331 [0 1 1 1 0 0 0 1 0 1 0 0 1 0 0 1 0 0 0 0 0 0 1 1 0 0 0 1 1 0 1]
48 12 100 0.07756903698121331 [0 1 1 1 0 0 0 1 0 1 0 0 1 0 0 1 0 0 0 0 0 0 1 1 0 0 0 1 1 0 1]
49 12 100 0.07756903698121331 [0 1 1 1 0 0 0 1 0 1 0 0 1 0 0 1 0 0 0 0 0 0 1 1 0 0 0 1 1 0 1]
50 12 100 0.07756903698121331 [0 1 1 1 0 0 0 1 0 1 0 0 1 0 0 1 0 0 0 0 0 0 1 1 0 0 0 1 1 0 1]
51 12 100 0.07640110580547887 [0 0 1 0 0 0 0 0 0 0 0 1 0 0 0 1 0 0 0 0 1 1 1 1 1 1 0 1 0 1 1]
52 12 100 0.07640110580547887 [0 0 1 0 0 0 0 0 0 0 0 1 0 0 0 1 0 0 0 0 1 1 1 1 1 1 0 1 0 1 1]
53 12 100 0.07640110580547887 [0 0 1 0 0 0 0 0 0 0 0 1 0 0 0 1 0 0 0 0 1 1 1 1 1 1 0 1 0 1 1]
54 12 100 0.07640110580547887 [0 0 1 0 0 0 0 0 0 0 0 1 0 0 0 1 0 0 0 0 1 1 1 1 1 1 0 1 0 1 1]
55 12 100 0.07640110580547887 [0 0 1 0 0 0 0 0 0 0 0 1 0 0 0 1 0 0 0 0 1 1 1 1 1 1 0 1 0 1 1]
56 12 100 0.07640110580547887 [0 0 1 0 0 0 0 0 0 0 0 1 0 0 0 1 0 0 0 0 1 1 1 1 1 1 0 1 0 1 1]
57 12 100 0.07640110580547887 [0 0 1 0 0 0 0 0 0 0 0 1 0 0 0 1 0 0 0 0 1 1 1 1 1 1 0 1 0 1 1]
58 12 100 0.07640110580547887 [0 0 1 0 0 0 0 0 0 0 0 1 0 0 0 1 0 0 0 0 1 1 1 1 1 1 0 1 0 1 1]
59 16 100 0.07464344585393812 [0 0 1 1 0 0 0 1 0 1 0 1 1 0 0 0 0 0 1 0 1 1 1 1 1 1 0 1 0 1 1]
60 16 100 0.07464344585393812 [0 0 1 1 0 0 0 1 0 1 0 1 1 0 0 0 0 0 1 0 1 1 1 1 1 1 0 1 0 1 1]
61 16 100 0.07464344585393812 [0 0 1 1 0 0 0 1 0 1 0 1 1 0 0 0 0 0 1 0 1 1 1 1 1 1 0 1 0 1 1]
62 16 100 0.07464344585393812 [0 0 1 1 0 0 0 1 0 1 0 1 1 0 0 0 0 0 1 0 1 1 1 1 1 1 0 1 0 1 1]
63 16 100 0.07464344585393812 [0 0 1 1 0 0 0 1 0 1 0 1 1 0 0 0 0 0 1 0 1 1 1 1 1 1 0 1 0 1 1]
64 16 100 0.07464344585393812 [0 0 1 1 0 0 0 1 0 1 0 1 1 0 0 0 0 0 1 0 1 1 1 1 1 1 0 1 0 1 1]
65 16 100 0.07464344585393812 [0 0 1 1 0 0 0 1 0 1 0 1 1 0 0 0 0 0 1 0 1 1 1 1 1 1 0 1 0 1 1]
66 16 100 0.07464344585393812 [0 0 1 1 0 0 0 1 0 1 0 1 1 0 0 0 0 0 1 0 1 1 1 1 1 1 0 1 0 1 1]
67 16 100 0.07464344585393812 [0 0 1 1 0 0 0 1 0 1 0 1 1 0 0 0 0 0 1 0 1 1 1 1 1 1 0 1 0 1 1]
68 16 100 0.07464344585393812 [0 0 1 1 0 0 0 1 0 1 0 1 1 0 0 0 0 0 1 0 1 1 1 1 1 1 0 1 0 1 1]
69 16 100 0.07464344585393812 [0 0 1 1 0 0 0 1 0 1 0 1 1 0 0 0 0 0 1 0 1 1 1 1 1 1 0 1 0 1 1]
70 16 100 0.07464344585393812 [0 0 1 1 0 0 0 1 0 1 0 1 1 0 0 0 0 0 1 0 1 1 1 1 1 1 0 1 0 1 1]
71 16 100 0.07464344585393812 [0 0 1 1 0 0 0 1 0 1 0 1 1 0 0 0 0 0 1 0 1 1 1 1 1 1 0 1 0 1 1]
72 16 100 0.07464344585393812 [0 0 1 1 0 0 0 1 0 1 0 1 1 0 0 0 0 0 1 0 1 1 1 1 1 1 0 1 0 1 1]
73 16 100 0.07464344585393812 [0 0 1 1 0 0 0 1 0 1 0 1 1 0 0 0 0 0 1 0 1 1 1 1 1 1 0 1 0 1 1]
74 16 100 0.07464344585393812 [0 0 1 1 0 0 0 1 0 1 0 1 1 0 0 0 0 0 1 0 1 1 1 1 1 1 0 1 0 1 1]
75 16 100 0.07464344585393812 [0 0 1 1 0 0 0 1 0 1 0 1 1 0 0 0 0 0 1 0 1 1 1 1 1 1 0 1 0 1 1]
76 16 100 0.07464344585393812 [0 0 1 1 0 0 0 1 0 1 0 1 1 0 0 0 0 0 1 0 1 1 1 1 1 1 0 1 0 1 1]
77 16 100 0.07464344585393812 [0 0 1 1 0 0 0 1 0 1 0 1 1 0 0 0 0 0 1 0 1 1 1 1 1 1 0 1 0 1 1]
78 16 100 0.07464344585393812 [0 0 1 1 0 0 0 1 0 1 0 1 1 0 0 0 0 0 1 0 1 1 1 1 1 1 0 1 0 1 1]
79 16 100 0.07464344585393812 [0 0 1 1 0 0 0 1 0 1 0 1 1 0 0 0 0 0 1 0 1 1 1 1 1 1 0 1 0 1 1]
80 16 100 0.07464344585393812 [0 0 1 1 0 0 0 1 0 1 0 1 1 0 0 0 0 0 1 0 1 1 1 1 1 1 0 1 0 1 1]
81 16 100 0.07464344585393812 [0 0 1 1 0 0 0 1 0 1 0 1 1 0 0 0 0 0 1 0 1 1 1 1 1 1 0 1 0 1 1]
82 16 100 0.07464344585393812 [0 0 1 1 0 0 0 1 0 1 0 1 1 0 0 0 0 0 1 0 1 1 1 1 1 1 0 1 0 1 1]
83 16 100 0.07464344585393812 [0 0 1 1 0 0 0 1 0 1 0 1 1 0 0 0 0 0 1 0 1 1 1 1 1 1 0 1 0 1 1]
84 16 100 0.07464344585393812 [0 0 1 1 0 0 0 1 0 1 0 1 1 0 0 0 0 0 1 0 1 1 1 1 1 1 0 1 0 1 1]
85 16 100 0.07464344585393812 [0 0 1 1 0 0 0 1 0 1 0 1 1 0 0 0 0 0 1 0 1 1 1 1 1 1 0 1 0 1 1]
86 16 100 0.07464344585393812 [0 0 1 1 0 0 0 1 0 1 0 1 1 0 0 0 0 0 1 0 1 1 1 1 1 1 0 1 0 1 1]
87 16 100 0.07464344585393812 [0 0 1 1 0 0 0 1 0 1 0 1 1 0 0 0 0 0 1 0 1 1 1 1 1 1 0 1 0 1 1]
88 16 100 0.07464344585393812 [0 0 1 1 0 0 0 1 0 1 0 1 1 0 0 0 0 0 1 0 1 1 1 1 1 1 0 1 0 1 1]
89 16 100 0.07464344585393812 [0 0 1 1 0 0 0 1 0 1 0 1 1 0 0 0 0 0 1 0 1 1 1 1 1 1 0 1 0 1 1]
90 16 100 0.07464344585393812 [0 0 1 1 0 0 0 1 0 1 0 1 1 0 0 0 0 0 1 0 1 1 1 1 1 1 0 1 0 1 1]
91 16 100 0.07464344585393812 [0 0 1 1 0 0 0 1 0 1 0 1 1 0 0 0 0 0 1 0 1 1 1 1 1 1 0 1 0 1 1]
92 16 100 0.07464344585393812 [0 0 1 1 0 0 0 1 0 1 0 1 1 0 0 0 0 0 1 0 1 1 1 1 1 1 0 1 0 1 1]
93 16 100 0.07464344585393812 [0 0 1 1 0 0 0 1 0 1 0 1 1 0 0 0 0 0 1 0 1 1 1 1 1 1 0 1 0 1 1]
94 16 100 0.07464344585393812 [0 0 1 1 0 0 0 1 0 1 0 1 1 0 0 0 0 0 1 0 1 1 1 1 1 1 0 1 0 1 1]
95 16 100 0.07464344585393812 [0 0 1 1 0 0 0 1 0 1 0 1 1 0 0 0 0 0 1 0 1 1 1 1 1 1 0 1 0 1 1]
96 16 100 0.07464344585393812 [0 0 1 1 0 0 0 1 0 1 0 1 1 0 0 0 0 0 1 0 1 1 1 1 1 1 0 1 0 1 1]
97 16 100 0.07464344585393812 [0 0 1 1 0 0 0 1 0 1 0 1 1 0 0 0 0 0 1 0 1 1 1 1 1 1 0 1 0 1 1]
98 16 100 0.07464344585393812 [0 0 1 1 0 0 0 1 0 1 0 1 1 0 0 0 0 0 1 0 1 1 1 1 1 1 0 1 0 1 1]
99 16 100 0.07464344585393812 [0 0 1 1 0 0 0 1 0 1 0 1 1 0 0 0 0 0 1 0 1 1 1 1 1 1 0 1 0 1 1]
100 16 100 0.07464344585393812 [0 0 1 1 0 0 0 1 0 1 0 1 1 0 0 0 0 0 1 0 1 1 1 1 1 1 0 1 0 1 1]
101 16 100 0.07464344585393812 [0 0 1 1 0 0 0 1 0 1 0 1 1 0 0 0 0 0 1 0 1 1 1 1 1 1 0 1 0 1 1]
102 16 100 0.07464344585393812 [0 0 1 1 0 0 0 1 0 1 0 1 1 0 0 0 0 0 1 0 1 1 1 1 1 1 0 1 0 1 1]
103 16 100 0.07464344585393812 [0 0 1 1 0 0 0 1 0 1 0 1 1 0 0 0 0 0 1 0 1 1 1 1 1 1 0 1 0 1 1]
104 16 100 0.07464344585393812 [0 0 1 1 0 0 0 1 0 1 0 1 1 0 0 0 0 0 1 0 1 1 1 1 1 1 0 1 0 1 1]
105 16 100 0.07464344585393812 [0 0 1 1 0 0 0 1 0 1 0 1 1 0 0 0 0 0 1 0 1 1 1 1 1 1 0 1 0 1 1]
106 16 100 0.07464344585393812 [0 0 1 1 0 0 0 1 0 1 0 1 1 0 0 0 0 0 1 0 1 1 1 1 1 1 0 1 0 1 1]
107 16 100 0.07464344585393812 [0 0 1 1 0 0 0 1 0 1 0 1 1 0 0 0 0 0 1 0 1 1 1 1 1 1 0 1 0 1 1]
108 16 100 0.07464344585393812 [0 0 1 1 0 0 0 1 0 1 0 1 1 0 0 0 0 0 1 0 1 1 1 1 1 1 0 1 0 1 1]
109 16 100 0.07464344585393812 [0 0 1 1 0 0 0 1 0 1 0 1 1 0 0 0 0 0 1 0 1 1 1 1 1 1 0 1 0 1 1]
110 16 100 0.07464344585393812 [0 0 1 1 0 0 0 1 0 1 0 1 1 0 0 0 0 0 1 0 1 1 1 1 1 1 0 1 0 1 1]
111 16 100 0.07464344585393812 [0 0 1 1 0 0 0 1 0 1 0 1 1 0 0 0 0 0 1 0 1 1 1 1 1 1 0 1 0 1 1]
112 16 100 0.07464344585393812 [0 0 1 1 0 0 0 1 0 1 0 1 1 0 0 0 0 0 1 0 1 1 1 1 1 1 0 1 0 1 1]
113 16 100 0.07464344585393812 [0 0 1 1 0 0 0 1 0 1 0 1 1 0 0 0 0 0 1 0 1 1 1 1 1 1 0 1 0 1 1]
114 16 100 0.07464344585393812 [0 0 1 1 0 0 0 1 0 1 0 1 1 0 0 0 0 0 1 0 1 1 1 1 1 1 0 1 0 1 1]
115 16 100 0.07464344585393812 [0 0 1 1 0 0 0 1 0 1 0 1 1 0 0 0 0 0 1 0 1 1 1 1 1 1 0 1 0 1 1]
116 16 100 0.07464344585393812 [0 0 1 1 0 0 0 1 0 1 0 1 1 0 0 0 0 0 1 0 1 1 1 1 1 1 0 1 0 1 1]
117 16 100 0.07464344585393812 [0 0 1 1 0 0 0 1 0 1 0 1 1 0 0 0 0 0 1 0 1 1 1 1 1 1 0 1 0 1 1]
118 16 100 0.07464344585393812 [0 0 1 1 0 0 0 1 0 1 0 1 1 0 0 0 0 0 1 0 1 1 1 1 1 1 0 1 0 1 1]
119 16 100 0.07464344585393812 [0 0 1 1 0 0 0 1 0 1 0 1 1 0 0 0 0 0 1 0 1 1 1 1 1 1 0 1 0 1 1]
120 16 100 0.07464344585393812 [0 0 1 1 0 0 0 1 0 1 0 1 1 0 0 0 0 0 1 0 1 1 1 1 1 1 0 1 0 1 1]
121 16 100 0.07464344585393812 [0 0 1 1 0 0 0 1 0 1 0 1 1 0 0 0 0 0 1 0 1 1 1 1 1 1 0 1 0 1 1]
122 16 100 0.07464344585393812 [0 0 1 1 0 0 0 1 0 1 0 1 1 0 0 0 0 0 1 0 1 1 1 1 1 1 0 1 0 1 1]
123 16 100 0.07464344585393812 [0 0 1 1 0 0 0 1 0 1 0 1 1 0 0 0 0 0 1 0 1 1 1 1 1 1 0 1 0 1 1]
124 16 100 0.07464344585393812 [0 0 1 1 0 0 0 1 0 1 0 1 1 0 0 0 0 0 1 0 1 1 1 1 1 1 0 1 0 1 1]
125 16 100 0.07464344585393812 [0 0 1 1 0 0 0 1 0 1 0 1 1 0 0 0 0 0 1 0 1 1 1 1 1 1 0 1 0 1 1]
126 16 100 0.07464344585393812 [0 0 1 1 0 0 0 1 0 1 0 1 1 0 0 0 0 0 1 0 1 1 1 1 1 1 0 1 0 1 1]
127 16 100 0.07464344585393812 [0 0 1 1 0 0 0 1 0 1 0 1 1 0 0 0 0 0 1 0 1 1 1 1 1 1 0 1 0 1 1]
128 16 100 0.07464344585393812 [0 0 1 1 0 0 0 1 0 1 0 1 1 0 0 0 0 0 1 0 1 1 1 1 1 1 0 1 0 1 1]
129 16 100 0.07464344585393812 [0 0 1 1 0 0 0 1 0 1 0 1 1 0 0 0 0 0 1 0 1 1 1 1 1 1 0 1 0 1 1]
130 16 100 0.07464344585393812 [0 0 1 1 0 0 0 1 0 1 0 1 1 0 0 0 0 0 1 0 1 1 1 1 1 1 0 1 0 1 1]
131 16 100 0.07464344585393812 [0 0 1 1 0 0 0 1 0 1 0 1 1 0 0 0 0 0 1 0 1 1 1 1 1 1 0 1 0 1 1]
132 16 100 0.07464344585393812 [0 0 1 1 0 0 0 1 0 1 0 1 1 0 0 0 0 0 1 0 1 1 1 1 1 1 0 1 0 1 1]
133 16 100 0.07464344585393812 [0 0 1 1 0 0 0 1 0 1 0 1 1 0 0 0 0 0 1 0 1 1 1 1 1 1 0 1 0 1 1]
134 16 100 0.07464344585393812 [0 0 1 1 0 0 0 1 0 1 0 1 1 0 0 0 0 0 1 0 1 1 1 1 1 1 0 1 0 1 1]
135 16 100 0.07464344585393812 [0 0 1 1 0 0 0 1 0 1 0 1 1 0 0 0 0 0 1 0 1 1 1 1 1 1 0 1 0 1 1]
136 16 100 0.07464344585393812 [0 0 1 1 0 0 0 1 0 1 0 1 1 0 0 0 0 0 1 0 1 1 1 1 1 1 0 1 0 1 1]
137 14 100 0.0726078212290504 [0 0 1 1 0 0 0 0 0 0 0 1 1 1 0 0 0 0 1 0 0 1 1 1 1 1 0 1 1 0 1]
138 14 100 0.0726078212290504 [0 0 1 1 0 0 0 0 0 0 0 1 1 1 0 0 0 0 1 0 0 1 1 1 1 1 0 1 1 0 1]
139 14 100 0.0726078212290504 [0 0 1 1 0 0 0 0 0 0 0 1 1 1 0 0 0 0 1 0 0 1 1 1 1 1 0 1 1 0 1]
140 14 100 0.0726078212290504 [0 0 1 1 0 0 0 0 0 0 0 1 1 1 0 0 0 0 1 0 0 1 1 1 1 1 0 1 1 0 1]
141 14 100 0.0726078212290504 [0 0 1 1 0 0 0 0 0 0 0 1 1 1 0 0 0 0 1 0 0 1 1 1 1 1 0 1 1 0 1]
142 14 100 0.0726078212290504 [0 0 1 1 0 0 0 0 0 0 0 1 1 1 0 0 0 0 1 0 0 1 1 1 1 1 0 1 1 0 1]
143 14 100 0.0726078212290504 [0 0 1 1 0 0 0 0 0 0 0 1 1 1 0 0 0 0 1 0 0 1 1 1 1 1 0 1 1 0 1]
144 14 100 0.0726078212290504 [0 0 1 1 0 0 0 0 0 0 0 1 1 1 0 0 0 0 1 0 0 1 1 1 1 1 0 1 1 0 1]
145 14 100 0.0726078212290504 [0 0 1 1 0 0 0 0 0 0 0 1 1 1 0 0 0 0 1 0 0 1 1 1 1 1 0 1 1 0 1]
146 14 100 0.0726078212290504 [0 0 1 1 0 0 0 0 0 0 0 1 1 1 0 0 0 0 1 0 0 1 1 1 1 1 0 1 1 0 1]
147 14 100 0.0726078212290504 [0 0 1 1 0 0 0 0 0 0 0 1 1 1 0 0 0 0 1 0 0 1 1 1 1 1 0 1 1 0 1]
148 14 100 0.0726078212290504 [0 0 1 1 0 0 0 0 0 0 0 1 1 1 0 0 0 0 1 0 0 1 1 1 1 1 0 1 1 0 1]
149 14 100 0.0726078212290504 [0 0 1 1 0 0 0 0 0 0 0 1 1 1 0 0 0 0 1 0 0 1 1 1 1 1 0 1 1 0 1]
150 14 100 0.0726078212290504 [0 0 1 1 0 0 0 0 0 0 0 1 1 1 0 0 0 0 1 0 0 1 1 1 1 1 0 1 1 0 1]
