0 16 100 0.10803072980985817 [0 0 1 1 0 1 1 0 0 0 0 1 1 1 1 1 1 1 0 0 0 1 0 1 1 0 1 0 0 1 0]
1 20 100 0.08115883214970132 [0 1 1 0 1 0 0 0 0 1 0 1 1 1 1 1 1 0 1 0 1 0 1 1 1 1 0 1 1 1 1]
2 20 100 0.08115883214970132 [0 1 1 0 1 0 0 0 0 1 0 1 1 1 1 1 1 0 1 0 1 0 1 1 1 1 0 1 1 1 1]
3 20 100 0.08115883214970132 [0 1 1 0 1 0 0 0 0 1 0 1 1 1 1 1 1 0 1 0 1 0 1 1 1 1 0 1 1 1 1]
4 20 100 0.08115883214970132 [0 1 1 0 1 0 0 0 0 1 0 1 1 1 1 1 1 0 1 0 1 0 1 1 1 1 0 1 1 1 1]
5 17 100 0.08043619088749732 [0 1 1 1 0 0 1 0 0 1 0 0 1 0 1 1 0 0 0 0 1 0 1 1 1 1 0 1 1 1 1]
6 17 100 0.08043619088749732 [0 1 1 1 0 0 1 0 0 1 0 0 1 0 1 1 0 0 0 0 1 0 1 1 1 1 0 1 1 1 1]
7 17 100 0.08043619088749732 [0 1 1 1 0 0 1 0 0 1 0 0 1 0 1 1 0 0 0 0 1 0 1 1 1 1 0 1 1 1 1]
8 17 100 0.08043619088749732 [0 1 1 1 0 0 1 0 0 1 0 0 1 0 1 1 0 0 0 0 1 0 1 1 1 1 0 1 1 1 1]
9 17 100 0.08043619088749732 [0 1 1 1 0 0 1 0 0 1 0 0 1 0 1 1 0 0 0 0 1 0 1 1 1 1 0 1 1 1 1]
10 17 100 0.08043619088749732 [0 1 1 1 0 0 1 0 0 1 0 0 1 0 1 1 0 0 0 0 1 0 1 1 1 1 0 1 1 1 1]
11 17 100 0.08043619088749732 [0 1 1 1 0 0 1 0 0 1 0 0 1 0 1 1 0 0 0 0 1 0 1 1 1 1 0 1 1 1 1]
12 17 100 0.08043619088749732 [0 1 1 1 0 0 1 0 0 1 0 0 1 0 1 1 0 0 0 0 1 0 1 1 1 1 0 1 1 1 1]
13 17 100 0.08043619088749732 [0 1 1 1 0 0 1 0 0 1 0 0 1 0 1 1 0 0 0 0 1 0 1 1 1 1 0 1 1 1 1]
14 17 100 0.08043619088749732 [0 1 1 1 0 0 1 0 0 1 0 0 1 0 1 1 0 0 0 0 1 0 1 1 1 1 0 1 1 1 1]
15 17 100 0.08043619088749732 [0 1 1 1 0 0 1 0 0 1 0 0 1 0 1 1 0 0 0 0 1 0 1 1 1 1 0 1 1 1 1]
16 17 100 0.08043619088749732 [0 1 1 1 0 0 1 0 0 1 0 0 1 0 1 1 0 0 0 0 1 0 1 1 1 1 0 1 1 1 1]
17 17 100 0.08043619088749732 [0 1 1 1 0 0 1 0 0 1 0 0 1 0 1 1 0 0 0 0 1 0 1 1 1 1 0 1 1 1 1]
18 17 100 0.08043619088749732 [0 1 1 1 0 0 1 0 0 1 0 0 1 0 1 1 0 0 0 0 1 0 1 1 1 1 0 1 1 1 1]
19 14 100 0.08028966828745121 [0 1 1 0 0 0 0 0 1 1 0 0 1 0 0 1 1 0 0 0 0 0 1 1 1 1 0 0 1 1 1]
20 14 100 0.08028966828745121 [0 1 1 0 0 0 0 0 1 1 0 0 1 0 0 1 1 0 0 0 0 0 1 1 1 1 0 0 1 1 1]
21 13 100 0.07659927749231499 [0 1 1 0 1 0 0 0 0 0 0 0 1 1 0 0 1 0 0 0 1 0 1 1 0 1 0 1 0 1 1]
22 13 100 0.07659927749231499 [0 1 1 0 1 0 0 0 0 0 0 0 1 1 0 0 1 0 0 0 1 0 1 1 0 1 0 1 0 1 1]
23 13 100 0.07659927749231499 [0 1 1 0 1 0 0 0 0 0 0 0 1 1 0 0 1 0 0 0 1 0 1 1 0 1 0 1 0 1 1]
24 13 100 0.07659927749231499 [0 1 1 0 1 0 0 0 0 0 0 0 1 1 0 0 1 0 0 0 1 0 1 1 0 1 0 1 0 1 1]
25 13 100 0.07659927749231499 [0 1 1 0 1 0 0 0 0 0 0 0 1 1 0 0 1 0 0 0 1 0 1 1 0 1 0 1 0 1 1]
26 13 100 0.07659927749231499 [0 1 1 0 1 0 0 0 0 0 0 0 1 1 0 0 1 0 0 0 1 0 1 1 0 1 0 1 0 1 1]
27 13 100 0.07659927749231499 [0 1 1 0 1 0 0 0 0 0 0 0 1 1 0 0 1 0 0 0 1 0 1 1 0 1 0 1 0 1 1]
28 13 100 0.07659927749231499 [0 1 1 0 1 0 0 0 0 0 0 0 1 1 0 0 1 0 0 0 1 0 1 1 0 1 0 1 0 1 1]
29 13 100 0.07659927749231499 [0 1 1 0 1 0 0 0 0 0 0 0 1 1 0 0 1 0 0 0 1 0 1 1 0 1 0 1 0 1 1]
30 13 100 0.07659927749231499 [0 1 1 0 1 0 0 0 0 0 0 0 1 1 0 0 1 0 0 0 1 0 1 1 0 1 0 1 0 1 1]
31 13 100 0.07659927749231499 [0 1 1 0 1 0 0 0 0 0 0 0 1 1 0 0 1 0 0 0 1 0 1 1 0 1 0 1 0 1 1]
32 13 100 0.07659927749231499 [0 1 1 0 1 0 0 0 0 0 0 0 1 1 0 0 1 0 0 0 1 0 1 1 0 1 0 1 0 1 1]
33 13 100 0.07659927749231499 [0 1 1 0 1 0 0 0 0 0 0 0 1 1 0 0 1 0 0 0 1 0 1 1 0 1 0 1 0 1 1]
34 13 100 0.07659927749231499 [0 1 1 0 1 0 0 0 0 0 0 0 1 1 0 0 1 0 0 0 1 0 1 1 0 1 0 1 0 1 1]
35 13 100 0.07659927749231499 [0 1 1 0 1 0 0 0 0 0 0 0 1 1 0 0 1 0 0 0 1 0 1 1 0 1 0 1 0 1 1]
36 13 100 0.07659927749231499 [0 1 1 0 1 0 0 0 0 0 0 0 1 1 0 0 1 0 0 0 1 0 1 1 0 1 0 1 0 1 1]
37 13 100 0.07659927749231499 [0 1 1 0 1 0 0 0 0 0 0 0 1 1 0 0 1 0 0 0 1 0 1 1 0 1 0 1 0 1 1]
38 13 100 0.07659927749231499 [0 1 1 0 1 0 0 0 0 0 0 0 1 1 0 0 1 0 0 0 1 0 1 1 0 1 0 1 0 1 1]
39 13 100 0.07659927749231499 [0 1 1 0 1 0 0 0 0 0 0 0 1 1 0 0 1 0 0 0 1 0 1 1 0 1 0 1 0 1 1]
40 13 100 0.07659927749231499 [0 1 1 0 1 0 0 0 0 0 0 0 1 1 0 0 1 0 0 0 1 0 1 1 0 1 0 1 0 1 1]
41 13 100 0.07659927749231499 [0 1 1 0 1 0 0 0 0 0 0 0 1 1 0 0 1 0 0 0 1 0 1 1 0 1 0 1 0 1 1]
42 13 100 0.07659927749231499 [0 1 1 0 1 0 0 0 0 0 0 0 1 1 0 0 1 0 0 0 1 0 1 1 0 1 0 1 0 1 1]
43 13 100 0.07659927749231499 [0 1 1 0 1 0 0 0 0 0 0 0 1 1 0 0 1 0 0 0 1 0 1 1 0 1 0 1 0 1 1]
44 13 100 0.07659927749231499 [0 1 1 0 1 0 0 0 0 0 0 0 1 1 0 0 1 0 0 0 1 0 1 1 0 1 0 1 0 1 1]
45 13 100 0.07659927749231499 [0 1 1 0 1 0 0 0 0 0 0 0 1 1 0 0 1 0 0 0 1 0 1 1 0 1 0 1 0 1 1]
46 13 100 0.07659927749231499 [0 1 1 0 1 0 0 0 0 0 0 0 1 1 0 0 1 0 0 0 1 0 1 1 0 1 0 1 0 1 1]
47 13 100 0.07659927749231499 [0 1 1 0 1 0 0 0 0 0 0 0 1 1 0 0 1 0 0 0 1 0 1 1 0 1 0 1 0 1 1]
48 13 100 0.07659927749231499 [0 1 1 0 1 0 0 0 0 0 0 0 1 1 0 0 1 0 0 0 1 0 1 1 0 1 0 1 0 1 1]
49 13 100 0.07659927749231499 [0 1 1 0 1 0 0 0 0 0 0 0 1 1 0 0 1 0 0 0 1 0 1 1 0 1 0 1 0 1 1]
50 13 100 0.07659927749231499 [0 1 1 0 1 0 0 0 0 0 0 0 1 1 0 0 1 0 0 0 1 0 1 1 0 1 0 1 0 1 1]
51 13 100 0.07659927749231499 [0 1 1 0 1 0 0 0 0 0 0 0 1 1 0 0 1 0 0 0 1 0 1 1 0 1 0 1 0 1 1]
52 13 100 0.07659927749231499 [0 1 1 0 1 0 0 0 0 0 0 0 1 1 0 0 1 0 0 0 1 0 1 1 0 1 0 1 0 1 1]
53 13 100 0.07659927749231499 [0 1 1 0 1 0 0 0 0 0 0 0 1 1 0 0 1 0 0 0 1 0 1 1 0 1 0 1 0 1 1]
54 13 100 0.07659927749231499 [0 1 1 0 1 0 0 0 0 0 0 0 1 1 0 0 1 0 0 0 1 0 1 1 0 1 0 1 0 1 1]
55 13 100 0.07659927749231499 [0 1 1 0 1 0 0 0 0 0 0 0 1 1 0 0 1 0 0 0 1 0 1 1 0 1 0 1 0 1 1]
56 13 100 0.07659927749231499 [0 1 1 0 1 0 0 0 0 0 0 0 1 1 0 0 1 0 0 0 1 0 1 1 0 1 0 1 0 1 1]
57 13 100 0.07659927749231499 [0 1 1 0 1 0 0 0 0 0 0 0 1 1 0 0 1 0 0 0 1 0 1 1 0 1 0 1 0 1 1]
58 13 100 0.07659927749231499 [0 1 1 0 1 0 0 0 0 0 0 0 1 1 0 0 1 0 0 0 1 0 1 1 0 1 0 1 0 1 1]
59 13 100 0.07659927749231499 [0 1 1 0 1 0 0 0 0 0 0 0 1 1 0 0 1 0 0 0 1 0 1 1 0 1 0 1 0 1 1]
60 13 100 0.07659927749231499 [0 1 1 0 1 0 0 0 0 0 0 0 1 1 0 0 1 0 0 0 1 0 1 1 0 1 0 1 0 1 1]
61 13 100 0.07659927749231499 [0 1 1 0 1 0 0 0 0 0 0 0 1 1 0 0 1 0 0 0 1 0 1 1 0 1 0 1 0 1 1]
62 13 100 0.07659927749231499 [0 1 1 0 1 0 0 0 0 0 0 0 1 1 0 0 1 0 0 0 1 0 1 1 0 1 0 1 0 1 1]
63 13 100 0.07659927749231499 [0 1 1 0 1 0 0 0 0 0 0 0 1 1 0 0 1 0 0 0 1 0 1 1 0 1 0 1 0 1 1]
64 13 100 0.07659927749231499 [0 1 1 0 1 0 0 0 0 0 0 0 1 1 0 0 1 0 0 0 1 0 1 1 0 1 0 1 0 1 1]
65 13 100 0.07659927749231499 [0 1 1 0 1 0 0 0 0 0 0 0 1 1 0 0 1 0 0 0 1 0 1 1 0 1 0 1 0 1 1]
66 13 100 0.07659927749231499 [0 1 1 0 1 0 0 0 0 0 0 0 1 1 0 0 1 0 0 0 1 0 1 1 0 1 0 1 0 1 1]
67 13 100 0.07659927749231499 [0 1 1 0 1 0 0 0 0 0 0 0 1 1 0 0 1 0 0 0 1 0 1 1 0 1 0 1 0 1 1]
68 13 100 0.07659927749231499 [0 1 1 0 1 0 0 0 0 0 0 0 1 1 0 0 1 0 0 0 1 0 1 1 0 1 0 1 0 1 1]
69 13 100 0.07659927749231499 [0 1 1 0 1 0 0 0 0 0 0 0 1 1 0 0 1 0 0 0 1 0 1 1 0 1 0 1 0 1 1]
70 13 100 0.07659927749231499 [0 1 1 0 1 0 0 0 0 0 0 0 1 1 0 0 1 0 0 0 1 0 1 1 0 1 0 1 0 1 1]
71 13 100 0.07659927749231499 [0 1 1 0 1 0 0 0 0 0 0 0 1 1 0 0 1 0 0 0 1 0 1 1 0 1 0 1 0 1 1]
72 13 100 0.07659927749231499 [0 1 1 0 1 0 0 0 0 0 0 0 1 1 0 0 1 0 0 0 1 0 1 1 0 1 0 1 0 1 1]
73 13 100 0.07659927749231499 [0 1 1 0 1 0 0 0 0 0 0 0 1 1 0 0 1 0 0 0 1 0 1 1 0 1 0 1 0 1 1]
74 13 100 0.07659927749231499 [0 1 1 0 1 0 0 0 0 0 0 0 1 1 0 0 1 0 0 0 1 0 1 1 0 1 0 1 0 1 1]
75 13 100 0.07659927749231499 [0 1 1 0 1 0 0 0 0 0 0 0 1 1 0 0 1 0 0 0 1 0 1 1 0 1 0 1 0 1 1]
76 13 100 0.07659927749231499 [0 1 1 0 1 0 0 0 0 0 0 0 1 1 0 0 1 0 0 0 1 0 1 1 0 1 0 1 0 1 1]
77 13 100 0.07659927749231499 [0 1 1 0 1 0 0 0 0 0 0 0 1 1 0 0 1 0 0 0 1 0 1 1 0 1 0 1 0 1 1]
78 13 100 0.07659927749231499 [0 1 1 0 1 0 0 0 0 0 0 0 1 1 0 0 1 0 0 0 1 0 1 1 0 1 0 1 0 1 1]
79 13 100 0.07659927749231499 [0 1 1 0 1 0 0 0 0 0 0 0 1 1 0 0 1 0 0 0 1 0 1 1 0 1 0 1 0 1 1]
80 13 100 0.07659927749231499 [0 1 1 0 1 0 0 0 0 0 0 0 1 1 0 0 1 0 0 0 1 0 1 1 0 1 0 1 0 1 1]
81 13 100 0.07659927749231499 [0 1 1 0 1 0 0 0 0 0 0 0 1 1 0 0 1 0 0 0 1 0 1 1 0 1 0 1 0 1 1]
82 13 100 0.07659927749231499 [0 1 1 0 1 0 0 0 0 0 0 0 1 1 0 0 1 0 0 0 1 0 1 1 0 1 0 1 0 1 1]
83 13 100 0.07659927749231499 [0 1 1 0 1 0 0 0 0 0 0 0 1 1 0 0 1 0 0 0 1 0 1 1 0 1 0 1 0 1 1]
84 13 100 0.07659927749231499 [0 1 1 0 1 0 0 0 0 0 0 0 1 1 0 0 1 0 0 0 1 0 1 1 0 1 0 1 0 1 1]
85 13 100 0.07659927749231499 [0 1 1 0 1 0 0 0 0 0 0 0 1 1 0 0 1 0 0 0 1 0 1 1 0 1 0 1 0 1 1]
86 13 100 0.07659927749231499 [0 1 1 0 1 0 0 0 0 0 0 0 1 1 0 0 1 0 0 0 1 0 1 1 0 1 0 1 0 1 1]
87 13 100 0.07659927749231499 [0 1 1 0 1 0 0 0 0 0 0 0 1 1 0 0 1 0 0 0 1 0 1 1 0 1 0 1 0 1 1]
88 13 100 0.07659927749231499 [0 1 1 0 1 0 0 0 0 0 0 0 1 1 0 0 1 0 0 0 1 0 1 1 0 1 0 1 0 1 1]
89 13 100 0.07659927749231499 [0 1 1 0 1 0 0 0 0 0 0 0 1 1 0 0 1 0 0 0 1 0 1 1 0 1 0 1 0 1 1]
90 13 100 0.07659927749231499 [0 1 1 0 1 0 0 0 0 0 0 0 1 1 0 0 1 0 0 0 1 0 1 1 0 1 0 1 0 1 1]
91 13 100 0.07659927749231499 [0 1 1 0 1 0 0 0 0 0 0 0 1 1 0 0 1 0 0 0 1 0 1 1 0 1 0 1 0 1 1]
92 13 100 0.07659927749231499 [0 1 1 0 1 0 0 0 0 0 0 0 1 1 0 0 1 0 0 0 1 0 1 1 0 1 0 1 0 1 1]
93 13 100 0.07659927749231499 [0 1 1 0 1 0 0 0 0 0 0 0 1 1 0 0 1 0 0 0 1 0 1 1 0 1 0 1 0 1 1]
94 13 100 0.07659927749231499 [0 1 1 0 1 0 0 0 0 0 0 0 1 1 0 0 1 0 0 0 1 0 1 1 0 1 0 1 0 1 1]
95 13 100 0.07659927749231499 [0 1 1 0 1 0 0 0 0 0 0 0 1 1 0 0 1 0 0 0 1 0 1 1 0 1 0 1 0 1 1]
96 13 100 0.07659927749231499 [0 1 1 0 1 0 0 0 0 0 0 0 1 1 0 0 1 0 0 0 1 0 1 1 0 1 0 1 0 1 1]
97 13 100 0.07659927749231499 [0 1 1 0 1 0 0 0 0 0 0 0 1 1 0 0 1 0 0 0 1 0 1 1 0 1 0 1 0 1 1]
98 13 100 0.07659927749231499 [0 1 1 0 1 0 0 0 0 0 0 0 1 1 0 0 1 0 0 0 1 0 1 1 0 1 0 1 0 1 1]
99 13 100 0.07659927749231499 [0 1 1 0 1 0 0 0 0 0 0 0 1 1 0 0 1 0 0 0 1 0 1 1 0 1 0 1 0 1 1]
100 13 100 0.07659927749231499 [0 1 1 0 1 0 0 0 0 0 0 0 1 1 0 0 1 0 0 0 1 0 1 1 0 1 0 1 0 1 1]
101 13 100 0.07659927749231499 [0 1 1 0 1 0 0 0 0 0 0 0 1 1 0 0 1 0 0 0 1 0 1 1 0 1 0 1 0 1 1]
102 13 100 0.07659927749231499 [0 1 1 0 1 0 0 0 0 0 0 0 1 1 0 0 1 0 0 0 1 0 1 1 0 1 0 1 0 1 1]
103 13 100 0.07659927749231499 [0 1 1 0 1 0 0 0 0 0 0 0 1 1 0 0 1 0 0 0 1 0 1 1 0 1 0 1 0 1 1]
104 13 100 0.07659927749231499 [0 1 1 0 1 0 0 0 0 0 0 0 1 1 0 0 1 0 0 0 1 0 1 1 0 1 0 1 0 1 1]
105 13 100 0.07659927749231499 [0 1 1 0 1 0 0 0 0 0 0 0 1 1 0 0 1 0 0 0 1 0 1 1 0 1 0 1 0 1 1]
106 13 100 0.07659927749231499 [0 1 1 0 1 0 0 0 0 0 0 0 1 1 0 0 1 0 0 0 1 0 1 1 0 1 0 1 0 1 1]
107 13 100 0.07659927749231499 [0 1 1 0 1 0 0 0 0 0 0 0 1 1 0 0 1 0 0 0 1 0 1 1 0 1 0 1 0 1 1]
108 13 100 0.07659927749231499 [0 1 1 0 1 0 0 0 0 0 0 0 1 1 0 0 1 0 0 0 1 0 1 1 0 1 0 1 0 1 1]
109 13 100 0.07659927749231499 [0 1 1 0 1 0 0 0 0 0 0 0 1 1 0 0 1 0 0 0 1 0 1 1 0 1 0 1 0 1 1]
110 13 100 0.07659927749231499 [0 1 1 0 1 0 0 0 0 0 0 0 1 1 0 0 1 0 0 0 1 0 1 1 0 1 0 1 0 1 1]
111 13 100 0.07659927749231499 [0 1 1 0 1 0 0 0 0 0 0 0 1 1 0 0 1 0 0 0 1 0 1 1 0 1 0 1 0 1 1]
112 13 100 0.07659927749231499 [0 1 1 0 1 0 0 0 0 0 0 0 1 1 0 0 1 0 0 0 1 0 1 1 0 1 0 1 0 1 1]
113 13 100 0.07659927749231499 [0 1 1 0 1 0 0 0 0 0 0 0 1 1 0 0 1 0 0 0 1 0 1 1 0 1 0 1 0 1 1]
114 13 100 0.07659927749231499 [0 1 1 0 1 0 0 0 0 0 0 0 1 1 0 0 1 0 0 0 1 0 1 1 0 1 0 1 0 1 1]
115 13 100 0.07659927749231499 [0 1 1 0 1 0 0 0 0 0 0 0 1 1 0 0 1 0 0 0 1 0 1 1 0 1 0 1 0 1 1]
116 13 100 0.07659927749231499 [0 1 1 0 1 0 0 0 0 0 0 0 1 1 0 0 1 0 0 0 1 0 1 1 0 1 0 1 0 1 1]
117 13 100 0.07659927749231499 [0 1 1 0 1 0 0 0 0 0 0 0 1 1 0 0 1 0 0 0 1 0 1 1 0 1 0 1 0 1 1]
118 13 100 0.07659927749231499 [0 1 1 0 1 0 0 0 0 0 0 0 1 1 0 0 1 0 0 0 1 0 1 1 0 1 0 1 0 1 1]
119 13 100 0.07659927749231499 [0 1 1 0 1 0 0 0 0 0 0 0 1 1 0 0 1 0 0 0 1 0 1 1 0 1 0 1 0 1 1]
120 13 100 0.07659927749231499 [0 1 1 0 1 0 0 0 0 0 0 0 1 1 0 0 1 0 0 0 1 0 1 1 0 1 0 1 0 1 1]
121 13 100 0.07659927749231499 [0 1 1 0 1 0 0 0 0 0 0 0 1 1 0 0 1 0 0 0 1 0 1 1 0 1 0 1 0 1 1]
122 13 100 0.07659927749231499 [0 1 1 0 1 0 0 0 0 0 0 0 1 1 0 0 1 0 0 0 1 0 1 1 0 1 0 1 0 1 1]
123 13 100 0.07659927749231499 [0 1 1 0 1 0 0 0 0 0 0 0 1 1 0 0 1 0 0 0 1 0 1 1 0 1 0 1 0 1 1]
124 13 100 0.07659927749231499 [0 1 1 0 1 0 0 0 0 0 0 0 1 1 0 0 1 0 0 0 1 0 1 1 0 1 0 1 0 1 1]
125 13 100 0.07659927749231499 [0 1 1 0 1 0 0 0 0 0 0 0 1 1 0 0 1 0 0 0 1 0 1 1 0 1 0 1 0 1 1]
126 13 100 0.07659927749231499 [0 1 1 0 1 0 0 0 0 0 0 0 1 1 0 0 1 0 0 0 1 0 1 1 0 1 0 1 0 1 1]
127 13 100 0.07659927749231499 [0 1 1 0 1 0 0 0 0 0 0 0 1 1 0 0 1 0 0 0 1 0 1 1 0 1 0 1 0 1 1]
128 13 100 0.07659927749231499 [0 1 1 0 1 0 0 0 0 0 0 0 1 1 0 0 1 0 0 0 1 0 1 1 0 1 0 1 0 1 1]
129 13 100 0.07659927749231499 [0 1 1 0 1 0 0 0 0 0 0 0 1 1 0 0 1 0 0 0 1 0 1 1 0 1 0 1 0 1 1]
130 13 100 0.07659927749231499 [0 1 1 0 1 0 0 0 0 0 0 0 1 1 0 0 1 0 0 0 1 0 1 1 0 1 0 1 0 1 1]
131 13 100 0.07659927749231499 [0 1 1 0 1 0 0 0 0 0 0 0 1 1 0 0 1 0 0 0 1 0 1 1 0 1 0 1 0 1 1]
132 13 100 0.07659927749231499 [0 1 1 0 1 0 0 0 0 0 0 0 1 1 0 0 1 0 0 0 1 0 1 1 0 1 0 1 0 1 1]
133 13 100 0.07659927749231499 [0 1 1 0 1 0 0 0 0 0 0 0 1 1 0 0 1 0 0 0 1 0 1 1 0 1 0 1 0 1 1]
134 13 100 0.07659927749231499 [0 1 1 0 1 0 0 0 0 0 0 0 1 1 0 0 1 0 0 0 1 0 1 1 0 1 0 1 0 1 1]
135 13 100 0.07659927749231499 [0 1 1 0 1 0 0 0 0 0 0 0 1 1 0 0 1 0 0 0 1 0 1 1 0 1 0 1 0 1 1]
136 13 100 0.07659927749231499 [0 1 1 0 1 0 0 0 0 0 0 0 1 1 0 0 1 0 0 0 1 0 1 1 0 1 0 1 0 1 1]
137 13 100 0.07659927749231499 [0 1 1 0 1 0 0 0 0 0 0 0 1 1 0 0 1 0 0 0 1 0 1 1 0 1 0 1 0 1 1]
138 13 100 0.07659927749231499 [0 1 1 0 1 0 0 0 0 0 0 0 1 1 0 0 1 0 0 0 1 0 1 1 0 1 0 1 0 1 1]
139 13 100 0.07659927749231499 [0 1 1 0 1 0 0 0 0 0 0 0 1 1 0 0 1 0 0 0 1 0 1 1 0 1 0 1 0 1 1]
140 13 100 0.07659927749231499 [0 1 1 0 1 0 0 0 0 0 0 0 1 1 0 0 1 0 0 0 1 0 1 1 0 1 0 1 0 1 1]
141 13 100 0.07659927749231499 [0 1 1 0 1 0 0 0 0 0 0 0 1 1 0 0 1 0 0 0 1 0 1 1 0 1 0 1 0 1 1]
142 13 100 0.07659927749231499 [0 1 1 0 1 0 0 0 0 0 0 0 1 1 0 0 1 0 0 0 1 0 1 1 0 1 0 1 0 1 1]
143 13 100 0.07659927749231499 [0 1 1 0 1 0 0 0 0 0 0 0 1 1 0 0 1 0 0 0 1 0 1 1 0 1 0 1 0 1 1]
144 13 100 0.07659927749231499 [0 1 1 0 1 0 0 0 0 0 0 0 1 1 0 0 1 0 0 0 1 0 1 1 0 1 0 1 0 1 1]
145 13 100 0.07659927749231499 [0 1 1 0 1 0 0 0 0 0 0 0 1 1 0 0 1 0 0 0 1 0 1 1 0 1 0 1 0 1 1]
146 13 100 0.07659927749231499 [0 1 1 0 1 0 0 0 0 0 0 0 1 1 0 0 1 0 0 0 1 0 1 1 0 1 0 1 0 1 1]
147 13 100 0.07659927749231499 [0 1 1 0 1 0 0 0 0 0 0 0 1 1 0 0 1 0 0 0 1 0 1 1 0 1 0 1 0 1 1]
148 13 100 0.07659927749231499 [0 1 1 0 1 0 0 0 0 0 0 0 1 1 0 0 1 0 0 0 1 0 1 1 0 1 0 1 0 1 1]
149 13 100 0.07659927749231499 [0 1 1 0 1 0 0 0 0 0 0 0 1 1 0 0 1 0 0 0 1 0 1 1 0 1 0 1 0 1 1]
150 13 100 0.07659927749231499 [0 1 1 0 1 0 0 0 0 0 0 0 1 1 0 0 1 0 0 0 1 0 1 1 0 1 0 1 0 1 1]
