0 16 100 0.10481463136893665 [0 0 0 1 0 0 1 1 1 0 0 1 0 1 1 0 0 0 0 1 0 1 0 1 1 1 1 1 1 0 1]
1 18 100 0.09662179207852672 [0 0 0 1 0 1 1 0 1 0 0 1 1 1 1 0 0 1 0 1 1 1 1 1 1 0 1 1 0 0 1]
2 18 100 0.09571226291888724 [0 0 0 0 0 0 1 1 1 1 0 1 0 1 1 0 1 1 0 1 1 1 1 1 1 0 1 1 0 0 1]
3 17 100 0.09242027942074416 [0 1 1 0 0 0 1 1 1 0 0 1 0 1 0 1 1 0 0 0 1 1 1 1 1 1 0 1 0 0 1]
4 16 100 0.08192582038541663 [0 1 1 1 0 0 0 1 1 0 0 1 1 0 1 1 0 0 0 0 0 0 1 1 1 1 0 1 1 0 1]
5 16 100 0.08192582038541663 [0 1 1 1 0 0 0 1 1 0 0 1 1 0 1 1 0 0 0 0 0 0 1 1 1 1 0 1 1 0 1]
6 16 100 0.08192582038541663 [0 1 1 1 0 0 0 1 1 0 0 1 1 0 1 1 0 0 0 0 0 0 1 1 1 1 0 1 1 0 1]
7 16 100 0.08192582038541663 [0 1 1 1 0 0 0 1 1 0 0 1 1 0 1 1 0 0 0 0 0 0 1 1 1 1 0 1 1 0 1]
8 16 100 0.08192582038541663 [0 1 1 1 0 0 0 1 1 0 0 1 1 0 1 1 0 0 0 0 0 0 1 1 1 1 0 1 1 0 1]
9 16 100 0.08192582038541663 [0 1 1 1 0 0 0 1 1 0 0 1 1 0 1 1 0 0 0 0 0 0 1 1 1 1 0 1 1 0 1]
10 16 100 0.08192582038541663 [0 1 1 1 0 0 0 1 1 0 0 1 1 0 1 1 0 0 0 0 0 0 1 1 1 1 0 1 1 0 1]
11 16 100 0.08192582038541663 [0 1 1 1 0 0 0 1 1 0 0 1 1 0 1 1 0 0 0 0 0 0 1 1 1 1 0 1 1 0 1]
12 16 100 0.08192582038541663 [0 1 1 1 0 0 0 1 1 0 0 1 1 0 1 1 0 0 0 0 0 0 1 1 1 1 0 1 1 0 1]
13 16 100 0.08192582038541663 [0 1 1 1 0 0 0 1 1 0 0 1 1 0 1 1 0 0 0 0 0 0 1 1 1 1 0 1 1 0 1]
14 16 100 0.08192582038541663 [0 1 1 1 0 0 0 1 1 0 0 1 1 0 1 1 0 0 0 0 0 0 1 1 1 1 0 1 1 0 1]
15 16 100 0.08192582038541663 [0 1 1 1 0 0 0 1 1 0 0 1 1 0 1 1 0 0 0 0 0 0 1 1 1 1 0 1 1 0 1]
16 16 100 0.08192582038541663 [0 1 1 1 0 0 0 1 1 0 0 1 1 0 1 1 0 0 0 0 0 0 1 1 1 1 0 1 1 0 1]
17 16 100 0.08192582038541663 [0 1 1 1 0 0 0 1 1 0 0 1 1 0 1 1 0 0 0 0 0 0 1 1 1 1 0 1 1 0 1]
18 16 100 0.08192582038541663 [0 1 1 1 0 0 0 1 1 0 0 1 1 0 1 1 0 0 0 0 0 0 1 1 1 1 0 1 1 0 1]
19 16 100 0.08192582038541663 [0 1 1 1 0 0 0 1 1 0 0 1 1 0 1 1 0 0 0 0 0 0 1 1 1 1 0 1 1 0 1]
20 16 100 0.08192582038541663 [0 1 1 1 0 0 0 1 1 0 0 1 1 0 1 1 0 0 0 0 0 0 1 1 1 1 0 1 1 0 1]
21 16 100 0.08192582038541663 [0 1 1 1 0 0 0 1 1 0 0 1 1 0 1 1 0 0 0 0 0 0 1 1 1 1 0 1 1 0 1]
22 16 100 0.08192582038541663 [0 1 1 1 0 0 0 1 1 0 0 1 1 0 1 1 0 0 0 0 0 0 1 1 1 1 0 1 1 0 1]
23 16 100 0.08192582038541663 [0 1 1 1 0 0 0 1 1 0 0 1 1 0 1 1 0 0 0 0 0 0 1 1 1 1 0 1 1 0 1]
24 16 100 0.08192582038541663 [0 1 1 1 0 0 0 1 1 0 0 1 1 0 1 1 0 0 0 0 0 0 1 1 1 1 0 1 1 0 1]
25 16 100 0.08192582038541663 [0 1 1 1 0 0 0 1 1 0 0 1 1 0 1 1 0 0 0 0 0 0 1 1 1 1 0 1 1 0 1]
26 16 100 0.08192582038541663 [0 1 1 1 0 0 0 1 1 0 0 1 1 0 1 1 0 0 0 0 0 0 1 1 1 1 0 1 1 0 1]
27 16 100 0.08192582038541663 [0 1 1 1 0 0 0 1 1 0 0 1 1 0 1 1 0 0 0 0 0 0 1 1 1 1 0 1 1 0 1]
28 16 100 0.08192582038541663 [0 1 1 1 0 0 0 1 1 0 0 1 1 0 1 1 0 0 0 0 0 0 1 1 1 1 0 1 1 0 1]
29 16 100 0.08192582038541663 [0 1 1 1 0 0 0 1 1 0 0 1 1 0 1 1 0 0 0 0 0 0 1 1 1 1 0 1 1 0 1]
30 16 100 0.08192582038541663 [0 1 1 1 0 0 0 1 1 0 0 1 1 0 1 1 0 0 0 0 0 0 1 1 1 1 0 1 1 0 1]
31 16 100 0.08192582038541663 [0 1 1 1 0 0 0 1 1 0 0 1 1 0 1 1 0 0 0 0 0 0 1 1 1 1 0 1 1 0 1]
32 16 100 0.08192582038541663 [0 1 1 1 0 0 0 1 1 0 0 1 1 0 1 1 0 0 0 0 0 0 1 1 1 1 0 1 1 0 1]
33 16 100 0.08192582038541663 [0 1 1 1 0 0 0 1 1 0 0 1 1 0 1 1 0 0 0 0 0 0 1 1 1 1 0 1 1 0 1]
34 16 100 0.08192582038541663 [0 1 1 1 0 0 0 1 1 0 0 1 1 0 1 1 0 0 0 0 0 0 1 1 1 1 0 1 1 0 1]
35 16 100 0.08192582038541663 [0 1 1 1 0 0 0 1 1 0 0 1 1 0 1 1 0 0 0 0 0 0 1 1 1 1 0 1 1 0 1]
36 16 100 0.08192582038541663 [0 1 1 1 0 0 0 1 1 0 0 1 1 0 1 1 0 0 0 0 0 0 1 1 1 1 0 1 1 0 1]
37 16 100 0.08192582038541663 [0 1 1 1 0 0 0 1 1 0 0 1 1 0 1 1 0 0 0 0 0 0 1 1 1 1 0 1 1 0 1]
38 16 100 0.08192582038541663 [0 1 1 1 0 0 0 1 1 0 0 1 1 0 1 1 0 0 0 0 0 0 1 1 1 1 0 1 1 0 1]
39 14 100 0.07910188740322444 [0 0 1 1 0 0 0 1 0 1 0 0 0 0 1 1 0 0 0 0 1 1 1 1 1 1 0 0 1 0 1]
40 14 100 0.07910188740322444 [0 0 1 1 0 0 0 1 0 1 0 0 0 0 1 1 0 0 0 0 1 1 1 1 1 1 0 0 1 0 1]
41 14 100 0.07910188740322444 [0 0 1 1 0 0 0 1 0 1 0 0 0 0 1 1 0 0 0 0 1 1 1 1 1 1 0 0 1 0 1]
42 14 100 0.07910188740322444 [0 0 1 1 0 0 0 1 0 1 0 0 0 0 1 1 0 0 0 0 1 1 1 1 1 1 0 0 1 0 1]
43 14 100 0.07910188740322444 [0 0 1 1 0 0 0 1 0 1 0 0 0 0 1 1 0 0 0 0 1 1 1 1 1 1 0 0 1 0 1]
44 14 100 0.07910188740322444 [0 0 1 1 0 0 0 1 0 1 0 0 0 0 1 1 0 0 0 0 1 1 1 1 1 1 0 0 1 0 1]
45 14 100 0.07910188740322444 [0 0 1 1 0 0 0 1 0 1 0 0 0 0 1 1 0 0 0 0 1 1 1 1 1 1 0 0 1 0 1]
46 14 100 0.07910188740322444 [0 0 1 1 0 0 0 1 0 1 0 0 0 0 1 1 0 0 0 0 1 1 1 1 1 1 0 0 1 0 1]
47 14 100 0.07910188740322444 [0 0 1 1 0 0 0 1 0 1 0 0 0 0 1 1 0 0 0 0 1 1 1 1 1 1 0 0 1 0 1]
48 14 100 0.07910188740322444 [0 0 1 1 0 0 0 1 0 1 0 0 0 0 1 1 0 0 0 0 1 1 1 1 1 1 0 0 1 0 1]
49 14 100 0.07910188740322444 [0 0 1 1 0 0 0 1 0 1 0 0 0 0 1 1 0 0 0 0 1 1 1 1 1 1 0 0 1 0 1]
50 14 100 0.07910188740322444 [0 0 1 1 0 0 0 1 0 1 0 0 0 0 1 1 0 0 0 0 1 1 1 1 1 1 0 0 1 0 1]
51 14 100 0.07910188740322444 [0 0 1 1 0 0 0 1 0 1 0 0 0 0 1 1 0 0 0 0 1 1 1 1 1 1 0 0 1 0 1]
52 14 100 0.07910188740322444 [0 0 1 1 0 0 0 1 0 1 0 0 0 0 1 1 0 0 0 0 1 1 1 1 1 1 0 0 1 0 1]
53 14 100 0.07910188740322444 [0 0 1 1 0 0 0 1 0 1 0 0 0 0 1 1 0 0 0 0 1 1 1 1 1 1 0 0 1 0 1]
54 12 100 0.0788874591705433 [0 0 1 0 1 0 0 0 0 1 0 0 0 0 0 1 0 0 0 0 0 1 1 1 1 1 0 0 1 1 1]
55 12 100 0.0788874591705433 [0 0 1 0 1 0 0 0 0 1 0 0 0 0 0 1 0 0 0 0 0 1 1 1 1 1 0 0 1 1 1]
56 12 100 0.06964932524849299 [0 0 1 0 1 0 0 0 1 0 0 0 1 1 0 1 0 0 0 0 0 1 1 1 1 0 0 1 0 0 1]
57 12 100 0.06964932524849299 [0 0 1 0 1 0 0 0 1 0 0 0 1 1 0 1 0 0 0 0 0 1 1 1 1 0 0 1 0 0 1]
58 12 100 0.06964932524849299 [0 0 1 0 1 0 0 0 1 0 0 0 1 1 0 1 0 0 0 0 0 1 1 1 1 0 0 1 0 0 1]
59 12 100 0.06964932524849299 [0 0 1 0 1 0 0 0 1 0 0 0 1 1 0 1 0 0 0 0 0 1 1 1 1 0 0 1 0 0 1]
60 12 100 0.06964932524849299 [0 0 1 0 1 0 0 0 1 0 0 0 1 1 0 1 0 0 0 0 0 1 1 1 1 0 0 1 0 0 1]
61 12 100 0.06964932524849299 [0 0 1 0 1 0 0 0 1 0 0 0 1 1 0 1 0 0 0 0 0 1 1 1 1 0 0 1 0 0 1]
62 12 100 0.06964932524849299 [0 0 1 0 1 0 0 0 1 0 0 0 1 1 0 1 0 0 0 0 0 1 1 1 1 0 0 1 0 0 1]
63 12 100 0.06964932524849299 [0 0 1 0 1 0 0 0 1 0 0 0 1 1 0 1 0 0 0 0 0 1 1 1 1 0 0 1 0 0 1]
64 12 100 0.06964932524849299 [0 0 1 0 1 0 0 0 1 0 0 0 1 1 0 1 0 0 0 0 0 1 1 1 1 0 0 1 0 0 1]
65 12 100 0.06964932524849299 [0 0 1 0 1 0 0 0 1 0 0 0 1 1 0 1 0 0 0 0 0 1 1 1 1 0 0 1 0 0 1]
66 12 100 0.06964932524849299 [0 0 1 0 1 0 0 0 1 0 0 0 1 1 0 1 0 0 0 0 0 1 1 1 1 0 0 1 0 0 1]
67 12 100 0.06964932524849299 [0 0 1 0 1 0 0 0 1 0 0 0 1 1 0 1 0 0 0 0 0 1 1 1 1 0 0 1 0 0 1]
68 12 100 0.06964932524849299 [0 0 1 0 1 0 0 0 1 0 0 0 1 1 0 1 0 0 0 0 0 1 1 1 1 0 0 1 0 0 1]
69 12 100 0.06964932524849299 [0 0 1 0 1 0 0 0 1 0 0 0 1 1 0 1 0 0 0 0 0 1 1 1 1 0 0 1 0 0 1]
70 12 100 0.06964932524849299 [0 0 1 0 1 0 0 0 1 0 0 0 1 1 0 1 0 0 0 0 0 1 1 1 1 0 0 1 0 0 1]
71 12 100 0.06964932524849299 [0 0 1 0 1 0 0 0 1 0 0 0 1 1 0 1 0 0 0 0 0 1 1 1 1 0 0 1 0 0 1]
72 12 100 0.06964932524849299 [0 0 1 0 1 0 0 0 1 0 0 0 1 1 0 1 0 0 0 0 0 1 1 1 1 0 0 1 0 0 1]
73 12 100 0.06964932524849299 [0 0 1 0 1 0 0 0 1 0 0 0 1 1 0 1 0 0 0 0 0 1 1 1 1 0 0 1 0 0 1]
74 12 100 0.06964932524849299 [0 0 1 0 1 0 0 0 1 0 0 0 1 1 0 1 0 0 0 0 0 1 1 1 1 0 0 1 0 0 1]
75 12 100 0.06964932524849299 [0 0 1 0 1 0 0 0 1 0 0 0 1 1 0 1 0 0 0 0 0 1 1 1 1 0 0 1 0 0 1]
76 12 100 0.06964932524849299 [0 0 1 0 1 0 0 0 1 0 0 0 1 1 0 1 0 0 0 0 0 1 1 1 1 0 0 1 0 0 1]
77 12 100 0.06964932524849299 [0 0 1 0 1 0 0 0 1 0 0 0 1 1 0 1 0 0 0 0 0 1 1 1 1 0 0 1 0 0 1]
78 12 100 0.06964932524849299 [0 0 1 0 1 0 0 0 1 0 0 0 1 1 0 1 0 0 0 0 0 1 1 1 1 0 0 1 0 0 1]
79 12 100 0.06964932524849299 [0 0 1 0 1 0 0 0 1 0 0 0 1 1 0 1 0 0 0 0 0 1 1 1 1 0 0 1 0 0 1]
80 12 100 0.06964932524849299 [0 0 1 0 1 0 0 0 1 0 0 0 1 1 0 1 0 0 0 0 0 1 1 1 1 0 0 1 0 0 1]
81 12 100 0.06964932524849299 [0 0 1 0 1 0 0 0 1 0 0 0 1 1 0 1 0 0 0 0 0 1 1 1 1 0 0 1 0 0 1]
82 12 100 0.06964932524849299 [0 0 1 0 1 0 0 0 1 0 0 0 1 1 0 1 0 0 0 0 0 1 1 1 1 0 0 1 0 0 1]
83 12 100 0.06964932524849299 [0 0 1 0 1 0 0 0 1 0 0 0 1 1 0 1 0 0 0 0 0 1 1 1 1 0 0 1 0 0 1]
84 12 100 0.06964932524849299 [0 0 1 0 1 0 0 0 1 0 0 0 1 1 0 1 0 0 0 0 0 1 1 1 1 0 0 1 0 0 1]
85 12 100 0.06964932524849299 [0 0 1 0 1 0 0 0 1 0 0 0 1 1 0 1 0 0 0 0 0 1 1 1 1 0 0 1 0 0 1]
86 12 100 0.06964932524849299 [0 0 1 0 1 0 0 0 1 0 0 0 1 1 0 1 0 0 0 0 0 1 1 1 1 0 0 1 0 0 1]
87 12 100 0.06964932524849299 [0 0 1 0 1 0 0 0 1 0 0 0 1 1 0 1 0 0 0 0 0 1 1 1 1 0 0 1 0 0 1]
88 12 100 0.06964932524849299 [0 0 1 0 1 0 0 0 1 0 0 0 1 1 0 1 0 0 0 0 0 1 1 1 1 0 0 1 0 0 1]
89 12 100 0.06964932524849299 [0 0 1 0 1 0 0 0 1 0 0 0 1 1 0 1 0 0 0 0 0 1 1 1 1 0 0 1 0 0 1]
90 12 100 0.06964932524849299 [0 0 1 0 1 0 0 0 1 0 0 0 1 1 0 1 0 0 0 0 0 1 1 1 1 0 0 1 0 0 1]
91 12 100 0.06964932524849299 [0 0 1 0 1 0 0 0 1 0 0 0 1 1 0 1 0 0 0 0 0 1 1 1 1 0 0 1 0 0 1]
92 12 100 0.06964932524849299 [0 0 1 0 1 0 0 0 1 0 0 0 1 1 0 1 0 0 0 0 0 1 1 1 1 0 0 1 0 0 1]
93 12 100 0.06964932524849299 [0 0 1 0 1 0 0 0 1 0 0 0 1 1 0 1 0 0 0 0 0 1 1 1 1 0 0 1 0 0 1]
94 12 100 0.06964932524849299 [0 0 1 0 1 0 0 0 1 0 0 0 1 1 0 1 0 0 0 0 0 1 1 1 1 0 0 1 0 0 1]
95 12 100 0.06964932524849299 [0 0 1 0 1 0 0 0 1 0 0 0 1 1 0 1 0 0 0 0 0 1 1 1 1 0 0 1 0 0 1]
96 12 100 0.06964932524849299 [0 0 1 0 1 0 0 0 1 0 0 0 1 1 0 1 0 0 0 0 0 1 1 1 1 0 0 1 0 0 1]
97 12 100 0.06964932524849299 [0 0 1 0 1 0 0 0 1 0 0 0 1 1 0 1 0 0 0 0 0 1 1 1 1 0 0 1 0 0 1]
98 12 100 0.06964932524849299 [0 0 1 0 1 0 0 0 1 0 0 0 1 1 0 1 0 0 0 0 0 1 1 1 1 0 0 1 0 0 1]
99 12 100 0.06964932524849299 [0 0 1 0 1 0 0 0 1 0 0 0 1 1 0 1 0 0 0 0 0 1 1 1 1 0 0 1 0 0 1]
100 12 100 0.06964932524849299 [0 0 1 0 1 0 0 0 1 0 0 0 1 1 0 1 0 0 0 0 0 1 1 1 1 0 0 1 0 0 1]
101 12 100 0.06964932524849299 [0 0 1 0 1 0 0 0 1 0 0 0 1 1 0 1 0 0 0 0 0 1 1 1 1 0 0 1 0 0 1]
102 12 100 0.06964932524849299 [0 0 1 0 1 0 0 0 1 0 0 0 1 1 0 1 0 0 0 0 0 1 1 1 1 0 0 1 0 0 1]
103 12 100 0.06964932524849299 [0 0 1 0 1 0 0 0 1 0 0 0 1 1 0 1 0 0 0 0 0 1 1 1 1 0 0 1 0 0 1]
104 12 100 0.06964932524849299 [0 0 1 0 1 0 0 0 1 0 0 0 1 1 0 1 0 0 0 0 0 1 1 1 1 0 0 1 0 0 1]
105 12 100 0.06964932524849299 [0 0 1 0 1 0 0 0 1 0 0 0 1 1 0 1 0 0 0 0 0 1 1 1 1 0 0 1 0 0 1]
106 12 100 0.06964932524849299 [0 0 1 0 1 0 0 0 1 0 0 0 1 1 0 1 0 0 0 0 0 1 1 1 1 0 0 1 0 0 1]
107 12 100 0.06964932524849299 [0 0 1 0 1 0 0 0 1 0 0 0 1 1 0 1 0 0 0 0 0 1 1 1 1 0 0 1 0 0 1]
108 12 100 0.06964932524849299 [0 0 1 0 1 0 0 0 1 0 0 0 1 1 0 1 0 0 0 0 0 1 1 1 1 0 0 1 0 0 1]
109 12 100 0.06964932524849299 [0 0 1 0 1 0 0 0 1 0 0 0 1 1 0 1 0 0 0 0 0 1 1 1 1 0 0 1 0 0 1]
110 12 100 0.06964932524849299 [0 0 1 0 1 0 0 0 1 0 0 0 1 1 0 1 0 0 0 0 0 1 1 1 1 0 0 1 0 0 1]
111 12 100 0.06964932524849299 [0 0 1 0 1 0 0 0 1 0 0 0 1 1 0 1 0 0 0 0 0 1 1 1 1 0 0 1 0 0 1]
112 12 100 0.06964932524849299 [0 0 1 0 1 0 0 0 1 0 0 0 1 1 0 1 0 0 0 0 0 1 1 1 1 0 0 1 0 0 1]
113 12 100 0.06964932524849299 [0 0 1 0 1 0 0 0 1 0 0 0 1 1 0 1 0 0 0 0 0 1 1 1 1 0 0 1 0 0 1]
114 12 100 0.06964932524849299 [0 0 1 0 1 0 0 0 1 0 0 0 1 1 0 1 0 0 0 0 0 1 1 1 1 0 0 1 0 0 1]
115 12 100 0.06964932524849299 [0 0 1 0 1 0 0 0 1 0 0 0 1 1 0 1 0 0 0 0 0 1 1 1 1 0 0 1 0 0 1]
116 12 100 0.06964932524849299 [0 0 1 0 1 0 0 0 1 0 0 0 1 1 0 1 0 0 0 0 0 1 1 1 1 0 0 1 0 0 1]
117 12 100 0.06964932524849299 [0 0 1 0 1 0 0 0 1 0 0 0 1 1 0 1 0 0 0 0 0 1 1 1 1 0 0 1 0 0 1]
118 12 100 0.06964932524849299 [0 0 1 0 1 0 0 0 1 0 0 0 1 1 0 1 0 0 0 0 0 1 1 1 1 0 0 1 0 0 1]
119 12 100 0.06964932524849299 [0 0 1 0 1 0 0 0 1 0 0 0 1 1 0 1 0 0 0 0 0 1 1 1 1 0 0 1 0 0 1]
120 12 100 0.06964932524849299 [0 0 1 0 1 0 0 0 1 0 0 0 1 1 0 1 0 0 0 0 0 1 1 1 1 0 0 1 0 0 1]
121 12 100 0.06964932524849299 [0 0 1 0 1 0 0 0 1 0 0 0 1 1 0 1 0 0 0 0 0 1 1 1 1 0 0 1 0 0 1]
122 12 100 0.06964932524849299 [0 0 1 0 1 0 0 0 1 0 0 0 1 1 0 1 0 0 0 0 0 1 1 1 1 0 0 1 0 0 1]
123 12 100 0.06964932524849299 [0 0 1 0 1 0 0 0 1 0 0 0 1 1 0 1 0 0 0 0 0 1 1 1 1 0 0 1 0 0 1]
124 12 100 0.06964932524849299 [0 0 1 0 1 0 0 0 1 0 0 0 1 1 0 1 0 0 0 0 0 1 1 1 1 0 0 1 0 0 1]
125 12 100 0.06964932524849299 [0 0 1 0 1 0 0 0 1 0 0 0 1 1 0 1 0 0 0 0 0 1 1 1 1 0 0 1 0 0 1]
126 12 100 0.06964932524849299 [0 0 1 0 1 0 0 0 1 0 0 0 1 1 0 1 0 0 0 0 0 1 1 1 1 0 0 1 0 0 1]
127 12 100 0.06964932524849299 [0 0 1 0 1 0 0 0 1 0 0 0 1 1 0 1 0 0 0 0 0 1 1 1 1 0 0 1 0 0 1]
128 12 100 0.06964932524849299 [0 0 1 0 1 0 0 0 1 0 0 0 1 1 0 1 0 0 0 0 0 1 1 1 1 0 0 1 0 0 1]
129 12 100 0.06964932524849299 [0 0 1 0 1 0 0 0 1 0 0 0 1 1 0 1 0 0 0 0 0 1 1 1 1 0 0 1 0 0 1]
130 12 100 0.06964932524849299 [0 0 1 0 1 0 0 0 1 0 0 0 1 1 0 1 0 0 0 0 0 1 1 1 1 0 0 1 0 0 1]
131 12 100 0.06964932524849299 [0 0 1 0 1 0 0 0 1 0 0 0 1 1 0 1 0 0 0 0 0 1 1 1 1 0 0 1 0 0 1]
132 12 100 0.06964932524849299 [0 0 1 0 1 0 0 0 1 0 0 0 1 1 0 1 0 0 0 0 0 1 1 1 1 0 0 1 0 0 1]
133 12 100 0.06964932524849299 [0 0 1 0 1 0 0 0 1 0 0 0 1 1 0 1 0 0 0 0 0 1 1 1 1 0 0 1 0 0 1]
134 12 100 0.06964932524849299 [0 0 1 0 1 0 0 0 1 0 0 0 1 1 0 1 0 0 0 0 0 1 1 1 1 0 0 1 0 0 1]
135 12 100 0.06964932524849299 [0 0 1 0 1 0 0 0 1 0 0 0 1 1 0 1 0 0 0 0 0 1 1 1 1 0 0 1 0 0 1]
136 12 100 0.06964932524849299 [0 0 1 0 1 0 0 0 1 0 0 0 1 1 0 1 0 0 0 0 0 1 1 1 1 0 0 1 0 0 1]
137 12 100 0.06964932524849299 [0 0 1 0 1 0 0 0 1 0 0 0 1 1 0 1 0 0 0 0 0 1 1 1 1 0 0 1 0 0 1]
138 12 100 0.06964932524849299 [0 0 1 0 1 0 0 0 1 0 0 0 1 1 0 1 0 0 0 0 0 1 1 1 1 0 0 1 0 0 1]
139 12 100 0.06964932524849299 [0 0 1 0 1 0 0 0 1 0 0 0 1 1 0 1 0 0 0 0 0 1 1 1 1 0 0 1 0 0 1]
140 12 100 0.06964932524849299 [0 0 1 0 1 0 0 0 1 0 0 0 1 1 0 1 0 0 0 0 0 1 1 1 1 0 0 1 0 0 1]
141 12 100 0.06964932524849299 [0 0 1 0 1 0 0 0 1 0 0 0 1 1 0 1 0 0 0 0 0 1 1 1 1 0 0 1 0 0 1]
142 12 100 0.06964932524849299 [0 0 1 0 1 0 0 0 1 0 0 0 1 1 0 1 0 0 0 0 0 1 1 1 1 0 0 1 0 0 1]
143 12 100 0.06964932524849299 [0 0 1 0 1 0 0 0 1 0 0 0 1 1 0 1 0 0 0 0 0 1 1 1 1 0 0 1 0 0 1]
144 12 100 0.06964932524849299 [0 0 1 0 1 0 0 0 1 0 0 0 1 1 0 1 0 0 0 0 0 1 1 1 1 0 0 1 0 0 1]
145 12 100 0.06964932524849299 [0 0 1 0 1 0 0 0 1 0 0 0 1 1 0 1 0 0 0 0 0 1 1 1 1 0 0 1 0 0 1]
146 12 100 0.06964932524849299 [0 0 1 0 1 0 0 0 1 0 0 0 1 1 0 1 0 0 0 0 0 1 1 1 1 0 0 1 0 0 1]
147 12 100 0.06964932524849299 [0 0 1 0 1 0 0 0 1 0 0 0 1 1 0 1 0 0 0 0 0 1 1 1 1 0 0 1 0 0 1]
148 12 100 0.06964932524849299 [0 0 1 0 1 0 0 0 1 0 0 0 1 1 0 1 0 0 0 0 0 1 1 1 1 0 0 1 0 0 1]
149 12 100 0.06964932524849299 [0 0 1 0 1 0 0 0 1 0 0 0 1 1 0 1 0 0 0 0 0 1 1 1 1 0 0 1 0 0 1]
150 12 100 0.06964932524849299 [0 0 1 0 1 0 0 0 1 0 0 0 1 1 0 1 0 0 0 0 0 1 1 1 1 0 0 1 0 0 1]
