0 18 100 0.09849985977849596 [0 0 1 1 1 0 1 1 1 1 0 0 1 1 1 0 0 0 1 0 1 1 1 1 0 0 1 0 0 1 1]
1 18 100 0.09849985977849596 [0 0 1 1 1 0 1 1 1 1 0 0 1 1 1 0 0 0 1 0 1 1 1 1 0 0 1 0 0 1 1]
2 18 100 0.09849985977849596 [0 0 1 1 1 0 1 1 1 1 0 0 1 1 1 0 0 0 1 0 1 1 1 1 0 0 1 0 0 1 1]
3 18 100 0.09849985977849596 [0 0 1 1 1 0 1 1 1 1 0 0 1 1 1 0 0 0 1 0 1 1 1 1 0 0 1 0 0 1 1]
4 18 100 0.09849985977849596 [0 0 1 1 1 0 1 1 1 1 0 0 1 1 1 0 0 0 1 0 1 1 1 1 0 0 1 0 0 1 1]
5 19 100 0.09815240371357659 [0 1 1 1 0 0 1 0 1 1 0 0 1 1 0 0 1 1 1 0 0 0 1 1 1 1 1 1 0 1 1]
6 14 100 0.09486218463552032 [0 1 1 1 0 1 1 0 0 1 0 0 0 0 0 0 1 0 0 0 0 0 1 1 1 1 1 0 1 1 0]
7 14 100 0.09486218463552032 [0 1 1 1 0 1 1 0 0 1 0 0 0 0 0 0 1 0 0 0 0 0 1 1 1 1 1 0 1 1 0]
8 14 100 0.09486218463552032 [0 1 1 1 0 1 1 0 0 1 0 0 0 0 0 0 1 0 0 0 0 0 1 1 1 1 1 0 1 1 0]
9 14 100 0.09486218463552032 [0 1 1 1 0 1 1 0 0 1 0 0 0 0 0 0 1 0 0 0 0 0 1 1 1 1 1 0 1 1 0]
10 14 100 0.09486218463552032 [0 1 1 1 0 1 1 0 0 1 0 0 0 0 0 0 1 0 0 0 0 0 1 1 1 1 1 0 1 1 0]
11 14 100 0.09486218463552032 [0 1 1 1 0 1 1 0 0 1 0 0 0 0 0 0 1 0 0 0 0 0 1 1 1 1 1 0 1 1 0]
12 14 100 0.09486218463552032 [0 1 1 1 0 1 1 0 0 1 0 0 0 0 0 0 1 0 0 0 0 0 1 1 1 1 1 0 1 1 0]
13 14 100 0.09486218463552032 [0 1 1 1 0 1 1 0 0 1 0 0 0 0 0 0 1 0 0 0 0 0 1 1 1 1 1 0 1 1 0]
14 14 100 0.09486218463552032 [0 1 1 1 0 1 1 0 0 1 0 0 0 0 0 0 1 0 0 0 0 0 1 1 1 1 1 0 1 1 0]
15 14 100 0.09486218463552032 [0 1 1 1 0 1 1 0 0 1 0 0 0 0 0 0 1 0 0 0 0 0 1 1 1 1 1 0 1 1 0]
16 14 100 0.09486218463552032 [0 1 1 1 0 1 1 0 0 1 0 0 0 0 0 0 1 0 0 0 0 0 1 1 1 1 1 0 1 1 0]
17 14 100 0.09486218463552032 [0 1 1 1 0 1 1 0 0 1 0 0 0 0 0 0 1 0 0 0 0 0 1 1 1 1 1 0 1 1 0]
18 11 100 0.09170170270590694 [0 1 1 0 0 0 1 1 0 1 0 0 0 0 0 0 1 0 0 0 1 0 1 1 0 0 0 0 0 1 1]
19 11 100 0.09170170270590694 [0 1 1 0 0 0 1 1 0 1 0 0 0 0 0 0 1 0 0 0 1 0 1 1 0 0 0 0 0 1 1]
20 11 100 0.09170170270590694 [0 1 1 0 0 0 1 1 0 1 0 0 0 0 0 0 1 0 0 0 1 0 1 1 0 0 0 0 0 1 1]
21 11 100 0.09170170270590694 [0 1 1 0 0 0 1 1 0 1 0 0 0 0 0 0 1 0 0 0 1 0 1 1 0 0 0 0 0 1 1]
22 11 100 0.09170170270590694 [0 1 1 0 0 0 1 1 0 1 0 0 0 0 0 0 1 0 0 0 1 0 1 1 0 0 0 0 0 1 1]
23 11 100 0.09170170270590694 [0 1 1 0 0 0 1 1 0 1 0 0 0 0 0 0 1 0 0 0 1 0 1 1 0 0 0 0 0 1 1]
24 13 100 0.08708915925186134 [0 1 0 0 0 0 0 1 0 1 0 0 0 1 0 0 1 0 1 0 0 0 1 1 1 0 0 1 1 1 1]
25 13 100 0.08708915925186134 [0 1 0 0 0 0 0 1 0 1 0 0 0 1 0 0 1 0 1 0 0 0 1 1 1 0 0 1 1 1 1]
26 13 100 0.08708915925186134 [0 1 0 0 0 0 0 1 0 1 0 0 0 1 0 0 1 0 1 0 0 0 1 1 1 0 0 1 1 1 1]
27 13 100 0.08708915925186134 [0 1 0 0 0 0 0 1 0 1 0 0 0 1 0 0 1 0 1 0 0 0 1 1 1 0 0 1 1 1 1]
28 13 100 0.0855112271445796 [0 0 1 1 0 0 1 0 0 0 0 1 1 1 0 1 1 0 0 0 0 1 1 1 1 0 0 0 0 0 1]
29 13 100 0.0855112271445796 [0 0 1 1 0 0 1 0 0 0 0 1 1 1 0 1 1 0 0 0 0 1 1 1 1 0 0 0 0 0 1]
30 13 100 0.0855112271445796 [0 0 1 1 0 0 1 0 0 0 0 1 1 1 0 1 1 0 0 0 0 1 1 1 1 0 0 0 0 0 1]
31 13 100 0.0855112271445796 [0 0 1 1 0 0 1 0 0 0 0 1 1 1 0 1 1 0 0 0 0 1 1 1 1 0 0 0 0 0 1]
32 13 100 0.0855112271445796 [0 0 1 1 0 0 1 0 0 0 0 1 1 1 0 1 1 0 0 0 0 1 1 1 1 0 0 0 0 0 1]
33 13 100 0.0855112271445796 [0 0 1 1 0 0 1 0 0 0 0 1 1 1 0 1 1 0 0 0 0 1 1 1 1 0 0 0 0 0 1]
34 13 100 0.0855112271445796 [0 0 1 1 0 0 1 0 0 0 0 1 1 1 0 1 1 0 0 0 0 1 1 1 1 0 0 0 0 0 1]
35 13 100 0.0855112271445796 [0 0 1 1 0 0 1 0 0 0 0 1 1 1 0 1 1 0 0 0 0 1 1 1 1 0 0 0 0 0 1]
36 13 100 0.0855112271445796 [0 0 1 1 0 0 1 0 0 0 0 1 1 1 0 1 1 0 0 0 0 1 1 1 1 0 0 0 0 0 1]
37 13 100 0.0855112271445796 [0 0 1 1 0 0 1 0 0 0 0 1 1 1 0 1 1 0 0 0 0 1 1 1 1 0 0 0 0 0 1]
38 13 100 0.0855112271445796 [0 0 1 1 0 0 1 0 0 0 0 1 1 1 0 1 1 0 0 0 0 1 1 1 1 0 0 0 0 0 1]
39 16 100 0.08353066647385254 [0 1 1 1 0 0 1 0 0 0 0 1 1 1 1 1 1 0 0 0 1 0 1 1 1 1 0 0 0 0 1]
40 16 100 0.08353066647385254 [0 1 1 1 0 0 1 0 0 0 0 1 1 1 1 1 1 0 0 0 1 0 1 1 1 1 0 0 0 0 1]
41 16 100 0.08353066647385254 [0 1 1 1 0 0 1 0 0 0 0 1 1 1 1 1 1 0 0 0 1 0 1 1 1 1 0 0 0 0 1]
42 16 100 0.08353066647385254 [0 1 1 1 0 0 1 0 0 0 0 1 1 1 1 1 1 0 0 0 1 0 1 1 1 1 0 0 0 0 1]
43 18 100 0.0711421370742914 [0 0 1 0 1 0 0 1 0 1 0 1 1 1 1 1 0 0 0 0 1 1 1 1 1 1 0 1 0 1 1]
44 18 100 0.0711421370742914 [0 0 1 0 1 0 0 1 0 1 0 1 1 1 1 1 0 0 0 0 1 1 1 1 1 1 0 1 0 1 1]
45 18 100 0.0711421370742914 [0 0 1 0 1 0 0 1 0 1 0 1 1 1 1 1 0 0 0 0 1 1 1 1 1 1 0 1 0 1 1]
46 18 100 0.0711421370742914 [0 0 1 0 1 0 0 1 0 1 0 1 1 1 1 1 0 0 0 0 1 1 1 1 1 1 0 1 0 1 1]
47 18 100 0.0711421370742914 [0 0 1 0 1 0 0 1 0 1 0 1 1 1 1 1 0 0 0 0 1 1 1 1 1 1 0 1 0 1 1]
48 18 100 0.0711421370742914 [0 0 1 0 1 0 0 1 0 1 0 1 1 1 1 1 0 0 0 0 1 1 1 1 1 1 0 1 0 1 1]
49 18 100 0.0711421370742914 [0 0 1 0 1 0 0 1 0 1 0 1 1 1 1 1 0 0 0 0 1 1 1 1 1 1 0 1 0 1 1]
50 18 100 0.0711421370742914 [0 0 1 0 1 0 0 1 0 1 0 1 1 1 1 1 0 0 0 0 1 1 1 1 1 1 0 1 0 1 1]
51 18 100 0.0711421370742914 [0 0 1 0 1 0 0 1 0 1 0 1 1 1 1 1 0 0 0 0 1 1 1 1 1 1 0 1 0 1 1]
52 18 100 0.0711421370742914 [0 0 1 0 1 0 0 1 0 1 0 1 1 1 1 1 0 0 0 0 1 1 1 1 1 1 0 1 0 1 1]
53 18 100 0.0711421370742914 [0 0 1 0 1 0 0 1 0 1 0 1 1 1 1 1 0 0 0 0 1 1 1 1 1 1 0 1 0 1 1]
54 18 100 0.0711421370742914 [0 0 1 0 1 0 0 1 0 1 0 1 1 1 1 1 0 0 0 0 1 1 1 1 1 1 0 1 0 1 1]
55 18 100 0.0711421370742914 [0 0 1 0 1 0 0 1 0 1 0 1 1 1 1 1 0 0 0 0 1 1 1 1 1 1 0 1 0 1 1]
56 18 100 0.0711421370742914 [0 0 1 0 1 0 0 1 0 1 0 1 1 1 1 1 0 0 0 0 1 1 1 1 1 1 0 1 0 1 1]
57 18 100 0.0711421370742914 [0 0 1 0 1 0 0 1 0 1 0 1 1 1 1 1 0 0 0 0 1 1 1 1 1 1 0 1 0 1 1]
58 18 100 0.0711421370742914 [0 0 1 0 1 0 0 1 0 1 0 1 1 1 1 1 0 0 0 0 1 1 1 1 1 1 0 1 0 1 1]
59 18 100 0.0711421370742914 [0 0 1 0 1 0 0 1 0 1 0 1 1 1 1 1 0 0 0 0 1 1 1 1 1 1 0 1 0 1 1]
60 18 100 0.0711421370742914 [0 0 1 0 1 0 0 1 0 1 0 1 1 1 1 1 0 0 0 0 1 1 1 1 1 1 0 1 0 1 1]
61 18 100 0.0711421370742914 [0 0 1 0 1 0 0 1 0 1 0 1 1 1 1 1 0 0 0 0 1 1 1 1 1 1 0 1 0 1 1]
62 18 100 0.0711421370742914 [0 0 1 0 1 0 0 1 0 1 0 1 1 1 1 1 0 0 0 0 1 1 1 1 1 1 0 1 0 1 1]
63 18 100 0.0711421370742914 [0 0 1 0 1 0 0 1 0 1 0 1 1 1 1 1 0 0 0 0 1 1 1 1 1 1 0 1 0 1 1]
64 18 100 0.0711421370742914 [0 0 1 0 1 0 0 1 0 1 0 1 1 1 1 1 0 0 0 0 1 1 1 1 1 1 0 1 0 1 1]
65 18 100 0.0711421370742914 [0 0 1 0 1 0 0 1 0 1 0 1 1 1 1 1 0 0 0 0 1 1 1 1 1 1 0 1 0 1 1]
66 18 100 0.0711421370742914 [0 0 1 0 1 0 0 1 0 1 0 1 1 1 1 1 0 0 0 0 1 1 1 1 1 1 0 1 0 1 1]
67 18 100 0.0711421370742914 [0 0 1 0 1 0 0 1 0 1 0 1 1 1 1 1 0 0 0 0 1 1 1 1 1 1 0 1 0 1 1]
68 18 100 0.0711421370742914 [0 0 1 0 1 0 0 1 0 1 0 1 1 1 1 1 0 0 0 0 1 1 1 1 1 1 0 1 0 1 1]
69 18 100 0.0711421370742914 [0 0 1 0 1 0 0 1 0 1 0 1 1 1 1 1 0 0 0 0 1 1 1 1 1 1 0 1 0 1 1]
70 18 100 0.0711421370742914 [0 0 1 0 1 0 0 1 0 1 0 1 1 1 1 1 0 0 0 0 1 1 1 1 1 1 0 1 0 1 1]
71 18 100 0.0711421370742914 [0 0 1 0 1 0 0 1 0 1 0 1 1 1 1 1 0 0 0 0 1 1 1 1 1 1 0 1 0 1 1]
72 18 100 0.0711421370742914 [0 0 1 0 1 0 0 1 0 1 0 1 1 1 1 1 0 0 0 0 1 1 1 1 1 1 0 1 0 1 1]
73 18 100 0.0711421370742914 [0 0 1 0 1 0 0 1 0 1 0 1 1 1 1 1 0 0 0 0 1 1 1 1 1 1 0 1 0 1 1]
74 18 100 0.0711421370742914 [0 0 1 0 1 0 0 1 0 1 0 1 1 1 1 1 0 0 0 0 1 1 1 1 1 1 0 1 0 1 1]
75 18 100 0.0711421370742914 [0 0 1 0 1 0 0 1 0 1 0 1 1 1 1 1 0 0 0 0 1 1 1 1 1 1 0 1 0 1 1]
76 18 100 0.0711421370742914 [0 0 1 0 1 0 0 1 0 1 0 1 1 1 1 1 0 0 0 0 1 1 1 1 1 1 0 1 0 1 1]
77 18 100 0.0711421370742914 [0 0 1 0 1 0 0 1 0 1 0 1 1 1 1 1 0 0 0 0 1 1 1 1 1 1 0 1 0 1 1]
78 18 100 0.0711421370742914 [0 0 1 0 1 0 0 1 0 1 0 1 1 1 1 1 0 0 0 0 1 1 1 1 1 1 0 1 0 1 1]
79 18 100 0.0711421370742914 [0 0 1 0 1 0 0 1 0 1 0 1 1 1 1 1 0 0 0 0 1 1 1 1 1 1 0 1 0 1 1]
80 18 100 0.0711421370742914 [0 0 1 0 1 0 0 1 0 1 0 1 1 1 1 1 0 0 0 0 1 1 1 1 1 1 0 1 0 1 1]
81 18 100 0.0711421370742914 [0 0 1 0 1 0 0 1 0 1 0 1 1 1 1 1 0 0 0 0 1 1 1 1 1 1 0 1 0 1 1]
82 18 100 0.0711421370742914 [0 0 1 0 1 0 0 1 0 1 0 1 1 1 1 1 0 0 0 0 1 1 1 1 1 1 0 1 0 1 1]
83 18 100 0.0711421370742914 [0 0 1 0 1 0 0 1 0 1 0 1 1 1 1 1 0 0 0 0 1 1 1 1 1 1 0 1 0 1 1]
84 18 100 0.0711421370742914 [0 0 1 0 1 0 0 1 0 1 0 1 1 1 1 1 0 0 0 0 1 1 1 1 1 1 0 1 0 1 1]
85 18 100 0.0711421370742914 [0 0 1 0 1 0 0 1 0 1 0 1 1 1 1 1 0 0 0 0 1 1 1 1 1 1 0 1 0 1 1]
86 18 100 0.0711421370742914 [0 0 1 0 1 0 0 1 0 1 0 1 1 1 1 1 0 0 0 0 1 1 1 1 1 1 0 1 0 1 1]
87 18 100 0.0711421370742914 [0 0 1 0 1 0 0 1 0 1 0 1 1 1 1 1 0 0 0 0 1 1 1 1 1 1 0 1 0 1 1]
88 18 100 0.0711421370742914 [0 0 1 0 1 0 0 1 0 1 0 1 1 1 1 1 0 0 0 0 1 1 1 1 1 1 0 1 0 1 1]
89 18 100 0.0711421370742914 [0 0 1 0 1 0 0 1 0 1 0 1 1 1 1 1 0 0 0 0 1 1 1 1 1 1 0 1 0 1 1]
90 18 100 0.0711421370742914 [0 0 1 0 1 0 0 1 0 1 0 1 1 1 1 1 0 0 0 0 1 1 1 1 1 1 0 1 0 1 1]
91 18 100 0.0711421370742914 [0 0 1 0 1 0 0 1 0 1 0 1 1 1 1 1 0 0 0 0 1 1 1 1 1 1 0 1 0 1 1]
92 18 100 0.0711421370742914 [0 0 1 0 1 0 0 1 0 1 0 1 1 1 1 1 0 0 0 0 1 1 1 1 1 1 0 1 0 1 1]
93 18 100 0.0711421370742914 [0 0 1 0 1 0 0 1 0 1 0 1 1 1 1 1 0 0 0 0 1 1 1 1 1 1 0 1 0 1 1]
94 18 100 0.0711421370742914 [0 0 1 0 1 0 0 1 0 1 0 1 1 1 1 1 0 0 0 0 1 1 1 1 1 1 0 1 0 1 1]
95 18 100 0.0711421370742914 [0 0 1 0 1 0 0 1 0 1 0 1 1 1 1 1 0 0 0 0 1 1 1 1 1 1 0 1 0 1 1]
96 18 100 0.0711421370742914 [0 0 1 0 1 0 0 1 0 1 0 1 1 1 1 1 0 0 0 0 1 1 1 1 1 1 0 1 0 1 1]
97 18 100 0.0711421370742914 [0 0 1 0 1 0 0 1 0 1 0 1 1 1 1 1 0 0 0 0 1 1 1 1 1 1 0 1 0 1 1]
98 18 100 0.0711421370742914 [0 0 1 0 1 0 0 1 0 1 0 1 1 1 1 1 0 0 0 0 1 1 1 1 1 1 0 1 0 1 1]
99 18 100 0.0711421370742914 [0 0 1 0 1 0 0 1 0 1 0 1 1 1 1 1 0 0 0 0 1 1 1 1 1 1 0 1 0 1 1]
100 18 100 0.0711421370742914 [0 0 1 0 1 0 0 1 0 1 0 1 1 1 1 1 0 0 0 0 1 1 1 1 1 1 0 1 0 1 1]
101 18 100 0.0711421370742914 [0 0 1 0 1 0 0 1 0 1 0 1 1 1 1 1 0 0 0 0 1 1 1 1 1 1 0 1 0 1 1]
102 18 100 0.0711421370742914 [0 0 1 0 1 0 0 1 0 1 0 1 1 1 1 1 0 0 0 0 1 1 1 1 1 1 0 1 0 1 1]
103 18 100 0.0711421370742914 [0 0 1 0 1 0 0 1 0 1 0 1 1 1 1 1 0 0 0 0 1 1 1 1 1 1 0 1 0 1 1]
104 18 100 0.0711421370742914 [0 0 1 0 1 0 0 1 0 1 0 1 1 1 1 1 0 0 0 0 1 1 1 1 1 1 0 1 0 1 1]
105 18 100 0.0711421370742914 [0 0 1 0 1 0 0 1 0 1 0 1 1 1 1 1 0 0 0 0 1 1 1 1 1 1 0 1 0 1 1]
106 18 100 0.0711421370742914 [0 0 1 0 1 0 0 1 0 1 0 1 1 1 1 1 0 0 0 0 1 1 1 1 1 1 0 1 0 1 1]
107 18 100 0.0711421370742914 [0 0 1 0 1 0 0 1 0 1 0 1 1 1 1 1 0 0 0 0 1 1 1 1 1 1 0 1 0 1 1]
108 18 100 0.0711421370742914 [0 0 1 0 1 0 0 1 0 1 0 1 1 1 1 1 0 0 0 0 1 1 1 1 1 1 0 1 0 1 1]
109 18 100 0.0711421370742914 [0 0 1 0 1 0 0 1 0 1 0 1 1 1 1 1 0 0 0 0 1 1 1 1 1 1 0 1 0 1 1]
110 18 100 0.0711421370742914 [0 0 1 0 1 0 0 1 0 1 0 1 1 1 1 1 0 0 0 0 1 1 1 1 1 1 0 1 0 1 1]
111 16 100 0.07022821160710713 [0 0 1 1 0 0 0 1 0 1 0 1 0 1 1 0 1 0 0 0 1 1 1 1 1 1 0 1 0 0 1]
112 16 100 0.07022821160710713 [0 0 1 1 0 0 0 1 0 1 0 1 0 1 1 0 1 0 0 0 1 1 1 1 1 1 0 1 0 0 1]
113 16 100 0.07022821160710713 [0 0 1 1 0 0 0 1 0 1 0 1 0 1 1 0 1 0 0 0 1 1 1 1 1 1 0 1 0 0 1]
114 16 100 0.07022821160710713 [0 0 1 1 0 0 0 1 0 1 0 1 0 1 1 0 1 0 0 0 1 1 1 1 1 1 0 1 0 0 1]
115 16 100 0.07022821160710713 [0 0 1 1 0 0 0 1 0 1 0 1 0 1 1 0 1 0 0 0 1 1 1 1 1 1 0 1 0 0 1]
116 16 100 0.07022821160710713 [0 0 1 1 0 0 0 1 0 1 0 1 0 1 1 0 1 0 0 0 1 1 1 1 1 1 0 1 0 0 1]
117 16 100 0.07022821160710713 [0 0 1 1 0 0 0 1 0 1 0 1 0 1 1 0 1 0 0 0 1 1 1 1 1 1 0 1 0 0 1]
118 16 100 0.07022821160710713 [0 0 1 1 0 0 0 1 0 1 0 1 0 1 1 0 1 0 0 0 1 1 1 1 1 1 0 1 0 0 1]
119 16 100 0.07022821160710713 [0 0 1 1 0 0 0 1 0 1 0 1 0 1 1 0 1 0 0 0 1 1 1 1 1 1 0 1 0 0 1]
120 16 100 0.07022821160710713 [0 0 1 1 0 0 0 1 0 1 0 1 0 1 1 0 1 0 0 0 1 1 1 1 1 1 0 1 0 0 1]
121 16 100 0.07022821160710713 [0 0 1 1 0 0 0 1 0 1 0 1 0 1 1 0 1 0 0 0 1 1 1 1 1 1 0 1 0 0 1]
122 16 100 0.07022821160710713 [0 0 1 1 0 0 0 1 0 1 0 1 0 1 1 0 1 0 0 0 1 1 1 1 1 1 0 1 0 0 1]
123 16 100 0.07022821160710713 [0 0 1 1 0 0 0 1 0 1 0 1 0 1 1 0 1 0 0 0 1 1 1 1 1 1 0 1 0 0 1]
124 16 100 0.07022821160710713 [0 0 1 1 0 0 0 1 0 1 0 1 0 1 1 0 1 0 0 0 1 1 1 1 1 1 0 1 0 0 1]
125 16 100 0.07022821160710713 [0 0 1 1 0 0 0 1 0 1 0 1 0 1 1 0 1 0 0 0 1 1 1 1 1 1 0 1 0 0 1]
126 16 100 0.07022821160710713 [0 0 1 1 0 0 0 1 0 1 0 1 0 1 1 0 1 0 0 0 1 1 1 1 1 1 0 1 0 0 1]
127 16 100 0.07022821160710713 [0 0 1 1 0 0 0 1 0 1 0 1 0 1 1 0 1 0 0 0 1 1 1 1 1 1 0 1 0 0 1]
128 16 100 0.07022821160710713 [0 0 1 1 0 0 0 1 0 1 0 1 0 1 1 0 1 0 0 0 1 1 1 1 1 1 0 1 0 0 1]
129 16 100 0.07022821160710713 [0 0 1 1 0 0 0 1 0 1 0 1 0 1 1 0 1 0 0 0 1 1 1 1 1 1 0 1 0 0 1]
130 16 100 0.07022821160710713 [0 0 1 1 0 0 0 1 0 1 0 1 0 1 1 0 1 0 0 0 1 1 1 1 1 1 0 1 0 0 1]
131 16 100 0.07022821160710713 [0 0 1 1 0 0 0 1 0 1 0 1 0 1 1 0 1 0 0 0 1 1 1 1 1 1 0 1 0 0 1]
132 16 100 0.07022821160710713 [0 0 1 1 0 0 0 1 0 1 0 1 0 1 1 0 1 0 0 0 1 1 1 1 1 1 0 1 0 0 1]
133 16 100 0.07022821160710713 [0 0 1 1 0 0 0 1 0 1 0 1 0 1 1 0 1 0 0 0 1 1 1 1 1 1 0 1 0 0 1]
134 16 100 0.07022821160710713 [0 0 1 1 0 0 0 1 0 1 0 1 0 1 1 0 1 0 0 0 1 1 1 1 1 1 0 1 0 0 1]
135 16 100 0.07022821160710713 [0 0 1 1 0 0 0 1 0 1 0 1 0 1 1 0 1 0 0 0 1 1 1 1 1 1 0 1 0 0 1]
136 16 100 0.07022821160710713 [0 0 1 1 0 0 0 1 0 1 0 1 0 1 1 0 1 0 0 0 1 1 1 1 1 1 0 1 0 0 1]
137 16 100 0.07022821160710713 [0 0 1 1 0 0 0 1 0 1 0 1 0 1 1 0 1 0 0 0 1 1 1 1 1 1 0 1 0 0 1]
138 16 100 0.07022821160710713 [0 0 1 1 0 0 0 1 0 1 0 1 0 1 1 0 1 0 0 0 1 1 1 1 1 1 0 1 0 0 1]
139 16 100 0.07022821160710713 [0 0 1 1 0 0 0 1 0 1 0 1 0 1 1 0 1 0 0 0 1 1 1 1 1 1 0 1 0 0 1]
140 16 100 0.07022821160710713 [0 0 1 1 0 0 0 1 0 1 0 1 0 1 1 0 1 0 0 0 1 1 1 1 1 1 0 1 0 0 1]
141 16 100 0.07022821160710713 [0 0 1 1 0 0 0 1 0 1 0 1 0 1 1 0 1 0 0 0 1 1 1 1 1 1 0 1 0 0 1]
142 16 100 0.07022821160710713 [0 0 1 1 0 0 0 1 0 1 0 1 0 1 1 0 1 0 0 0 1 1 1 1 1 1 0 1 0 0 1]
143 16 100 0.07022821160710713 [0 0 1 1 0 0 0 1 0 1 0 1 0 1 1 0 1 0 0 0 1 1 1 1 1 1 0 1 0 0 1]
144 16 100 0.07022821160710713 [0 0 1 1 0 0 0 1 0 1 0 1 0 1 1 0 1 0 0 0 1 1 1 1 1 1 0 1 0 0 1]
145 16 100 0.07022821160710713 [0 0 1 1 0 0 0 1 0 1 0 1 0 1 1 0 1 0 0 0 1 1 1 1 1 1 0 1 0 0 1]
146 16 100 0.07022821160710713 [0 0 1 1 0 0 0 1 0 1 0 1 0 1 1 0 1 0 0 0 1 1 1 1 1 1 0 1 0 0 1]
147 16 100 0.07022821160710713 [0 0 1 1 0 0 0 1 0 1 0 1 0 1 1 0 1 0 0 0 1 1 1 1 1 1 0 1 0 0 1]
148 16 100 0.07022821160710713 [0 0 1 1 0 0 0 1 0 1 0 1 0 1 1 0 1 0 0 0 1 1 1 1 1 1 0 1 0 0 1]
149 16 100 0.07022821160710713 [0 0 1 1 0 0 0 1 0 1 0 1 0 1 1 0 1 0 0 0 1 1 1 1 1 1 0 1 0 0 1]
150 16 100 0.07022821160710713 [0 0 1 1 0 0 0 1 0 1 0 1 0 1 1 0 1 0 0 0 1 1 1 1 1 1 0 1 0 0 1]
