0 17 100 0.09393816092059137 [0 1 0 0 0 1 1 1 0 1 0 1 0 1 1 0 1 1 0 0 1 0 1 1 1 0 0 1 1 0 1]
1 17 100 0.09393816092059137 [0 1 0 0 0 1 1 1 0 1 0 1 0 1 1 0 1 1 0 0 1 0 1 1 1 0 0 1 1 0 1]
2 14 100 0.09227067037448 [0 1 0 1 0 1 0 1 0 1 0 0 1 1 0 0 0 0 0 0 1 0 1 1 1 0 0 1 1 1 0]
3 14 100 0.09227067037448 [0 1 0 1 0 1 0 1 0 1 0 0 1 1 0 0 0 0 0 0 1 0 1 1 1 0 0 1 1 1 0]
4 16 100 0.08993195667817411 [0 1 0 1 0 0 0 0 0 1 0 1 1 1 0 1 1 0 1 1 0 0 1 1 1 0 0 1 1 0 1]
5 14 100 0.08529070610410316 [0 1 1 1 0 1 0 0 0 0 0 1 1 1 0 0 1 0 1 0 0 0 1 1 1 0 0 1 0 0 1]
6 14 100 0.08529070610410316 [0 1 1 1 0 1 0 0 0 0 0 1 1 1 0 0 1 0 1 0 0 0 1 1 1 0 0 1 0 0 1]
7 14 100 0.08529070610410316 [0 1 1 1 0 1 0 0 0 0 0 1 1 1 0 0 1 0 1 0 0 0 1 1 1 0 0 1 0 0 1]
8 14 100 0.08529070610410316 [0 1 1 1 0 1 0 0 0 0 0 1 1 1 0 0 1 0 1 0 0 0 1 1 1 0 0 1 0 0 1]
9 14 100 0.07618594718755323 [0 1 1 1 0 0 0 0 1 0 0 1 0 1 1 0 0 0 0 0 1 0 1 1 1 0 0 1 1 0 1]
10 14 100 0.07618594718755323 [0 1 1 1 0 0 0 0 1 0 0 1 0 1 1 0 0 0 0 0 1 0 1 1 1 0 0 1 1 0 1]
11 14 100 0.07618594718755323 [0 1 1 1 0 0 0 0 1 0 0 1 0 1 1 0 0 0 0 0 1 0 1 1 1 0 0 1 1 0 1]
12 14 100 0.07618594718755323 [0 1 1 1 0 0 0 0 1 0 0 1 0 1 1 0 0 0 0 0 1 0 1 1 1 0 0 1 1 0 1]
13 14 100 0.07618594718755323 [0 1 1 1 0 0 0 0 1 0 0 1 0 1 1 0 0 0 0 0 1 0 1 1 1 0 0 1 1 0 1]
14 14 100 0.07618594718755323 [0 1 1 1 0 0 0 0 1 0 0 1 0 1 1 0 0 0 0 0 1 0 1 1 1 0 0 1 1 0 1]
15 14 100 0.07618594718755323 [0 1 1 1 0 0 0 0 1 0 0 1 0 1 1 0 0 0 0 0 1 0 1 1 1 0 0 1 1 0 1]
16 14 100 0.07618594718755323 [0 1 1 1 0 0 0 0 1 0 0 1 0 1 1 0 0 0 0 0 1 0 1 1 1 0 0 1 1 0 1]
17 14 100 0.07618594718755323 [0 1 1 1 0 0 0 0 1 0 0 1 0 1 1 0 0 0 0 0 1 0 1 1 1 0 0 1 1 0 1]
18 14 100 0.07618594718755323 [0 1 1 1 0 0 0 0 1 0 0 1 0 1 1 0 0 0 0 0 1 0 1 1 1 0 0 1 1 0 1]
19 14 100 0.07618594718755323 [0 1 1 1 0 0 0 0 1 0 0 1 0 1 1 0 0 0 0 0 1 0 1 1 1 0 0 1 1 0 1]
20 14 100 0.07618594718755323 [0 1 1 1 0 0 0 0 1 0 0 1 0 1 1 0 0 0 0 0 1 0 1 1 1 0 0 1 1 0 1]
21 14 100 0.07618594718755323 [0 1 1 1 0 0 0 0 1 0 0 1 0 1 1 0 0 0 0 0 1 0 1 1 1 0 0 1 1 0 1]
22 14 100 0.07618594718755323 [0 1 1 1 0 0 0 0 1 0 0 1 0 1 1 0 0 0 0 0 1 0 1 1 1 0 0 1 1 0 1]
23 14 100 0.07618594718755323 [0 1 1 1 0 0 0 0 1 0 0 1 0 1 1 0 0 0 0 0 1 0 1 1 1 0 0 1 1 0 1]
24 14 100 0.07618594718755323 [0 1 1 1 0 0 0 0 1 0 0 1 0 1 1 0 0 0 0 0 1 0 1 1 1 0 0 1 1 0 1]
25 14 100 0.07618594718755323 [0 1 1 1 0 0 0 0 1 0 0 1 0 1 1 0 0 0 0 0 1 0 1 1 1 0 0 1 1 0 1]
26 14 100 0.07618594718755323 [0 1 1 1 0 0 0 0 1 0 0 1 0 1 1 0 0 0 0 0 1 0 1 1 1 0 0 1 1 0 1]
27 14 100 0.07618594718755323 [0 1 1 1 0 0 0 0 1 0 0 1 0 1 1 0 0 0 0 0 1 0 1 1 1 0 0 1 1 0 1]
28 14 100 0.07618594718755323 [0 1 1 1 0 0 0 0 1 0 0 1 0 1 1 0 0 0 0 0 1 0 1 1 1 0 0 1 1 0 1]
29 14 100 0.07618594718755323 [0 1 1 1 0 0 0 0 1 0 0 1 0 1 1 0 0 0 0 0 1 0 1 1 1 0 0 1 1 0 1]
30 14 100 0.07618594718755323 [0 1 1 1 0 0 0 0 1 0 0 1 0 1 1 0 0 0 0 0 1 0 1 1 1 0 0 1 1 0 1]
31 14 100 0.07618594718755323 [0 1 1 1 0 0 0 0 1 0 0 1 0 1 1 0 0 0 0 0 1 0 1 1 1 0 0 1 1 0 1]
32 14 100 0.07618594718755323 [0 1 1 1 0 0 0 0 1 0 0 1 0 1 1 0 0 0 0 0 1 0 1 1 1 0 0 1 1 0 1]
33 14 100 0.07618594718755323 [0 1 1 1 0 0 0 0 1 0 0 1 0 1 1 0 0 0 0 0 1 0 1 1 1 0 0 1 1 0 1]
34 14 100 0.07618594718755323 [0 1 1 1 0 0 0 0 1 0 0 1 0 1 1 0 0 0 0 0 1 0 1 1 1 0 0 1 1 0 1]
35 14 100 0.07618594718755323 [0 1 1 1 0 0 0 0 1 0 0 1 0 1 1 0 0 0 0 0 1 0 1 1 1 0 0 1 1 0 1]
36 14 100 0.07618594718755323 [0 1 1 1 0 0 0 0 1 0 0 1 0 1 1 0 0 0 0 0 1 0 1 1 1 0 0 1 1 0 1]
37 14 100 0.07618594718755323 [0 1 1 1 0 0 0 0 1 0 0 1 0 1 1 0 0 0 0 0 1 0 1 1 1 0 0 1 1 0 1]
38 14 100 0.07618594718755323 [0 1 1 1 0 0 0 0 1 0 0 1 0 1 1 0 0 0 0 0 1 0 1 1 1 0 0 1 1 0 1]
39 14 100 0.07618594718755323 [0 1 1 1 0 0 0 0 1 0 0 1 0 1 1 0 0 0 0 0 1 0 1 1 1 0 0 1 1 0 1]
40 14 100 0.07618594718755323 [0 1 1 1 0 0 0 0 1 0 0 1 0 1 1 0 0 0 0 0 1 0 1 1 1 0 0 1 1 0 1]
41 14 100 0.07618594718755323 [0 1 1 1 0 0 0 0 1 0 0 1 0 1 1 0 0 0 0 0 1 0 1 1 1 0 0 1 1 0 1]
42 14 100 0.07618594718755323 [0 1 1 1 0 0 0 0 1 0 0 1 0 1 1 0 0 0 0 0 1 0 1 1 1 0 0 1 1 0 1]
43 14 100 0.07618594718755323 [0 1 1 1 0 0 0 0 1 0 0 1 0 1 1 0 0 0 0 0 1 0 1 1 1 0 0 1 1 0 1]
44 14 100 0.07618594718755323 [0 1 1 1 0 0 0 0 1 0 0 1 0 1 1 0 0 0 0 0 1 0 1 1 1 0 0 1 1 0 1]
45 14 100 0.07618594718755323 [0 1 1 1 0 0 0 0 1 0 0 1 0 1 1 0 0 0 0 0 1 0 1 1 1 0 0 1 1 0 1]
46 14 100 0.07618594718755323 [0 1 1 1 0 0 0 0 1 0 0 1 0 1 1 0 0 0 0 0 1 0 1 1 1 0 0 1 1 0 1]
47 14 100 0.07618594718755323 [0 1 1 1 0 0 0 0 1 0 0 1 0 1 1 0 0 0 0 0 1 0 1 1 1 0 0 1 1 0 1]
48 14 100 0.07618594718755323 [0 1 1 1 0 0 0 0 1 0 0 1 0 1 1 0 0 0 0 0 1 0 1 1 1 0 0 1 1 0 1]
49 14 100 0.07618594718755323 [0 1 1 1 0 0 0 0 1 0 0 1 0 1 1 0 0 0 0 0 1 0 1 1 1 0 0 1 1 0 1]
50 14 100 0.07618594718755323 [0 1 1 1 0 0 0 0 1 0 0 1 0 1 1 0 0 0 0 0 1 0 1 1 1 0 0 1 1 0 1]
51 14 100 0.07618594718755323 [0 1 1 1 0 0 0 0 1 0 0 1 0 1 1 0 0 0 0 0 1 0 1 1 1 0 0 1 1 0 1]
52 14 100 0.07618594718755323 [0 1 1 1 0 0 0 0 1 0 0 1 0 1 1 0 0 0 0 0 1 0 1 1 1 0 0 1 1 0 1]
53 14 100 0.07618594718755323 [0 1 1 1 0 0 0 0 1 0 0 1 0 1 1 0 0 0 0 0 1 0 1 1 1 0 0 1 1 0 1]
54 14 100 0.07618594718755323 [0 1 1 1 0 0 0 0 1 0 0 1 0 1 1 0 0 0 0 0 1 0 1 1 1 0 0 1 1 0 1]
55 14 100 0.07618594718755323 [0 1 1 1 0 0 0 0 1 0 0 1 0 1 1 0 0 0 0 0 1 0 1 1 1 0 0 1 1 0 1]
56 14 100 0.07618594718755323 [0 1 1 1 0 0 0 0 1 0 0 1 0 1 1 0 0 0 0 0 1 0 1 1 1 0 0 1 1 0 1]
57 14 100 0.07618594718755323 [0 1 1 1 0 0 0 0 1 0 0 1 0 1 1 0 0 0 0 0 1 0 1 1 1 0 0 1 1 0 1]
58 14 100 0.07618594718755323 [0 1 1 1 0 0 0 0 1 0 0 1 0 1 1 0 0 0 0 0 1 0 1 1 1 0 0 1 1 0 1]
59 14 100 0.07618594718755323 [0 1 1 1 0 0 0 0 1 0 0 1 0 1 1 0 0 0 0 0 1 0 1 1 1 0 0 1 1 0 1]
60 14 100 0.07618594718755323 [0 1 1 1 0 0 0 0 1 0 0 1 0 1 1 0 0 0 0 0 1 0 1 1 1 0 0 1 1 0 1]
61 14 100 0.07618594718755323 [0 1 1 1 0 0 0 0 1 0 0 1 0 1 1 0 0 0 0 0 1 0 1 1 1 0 0 1 1 0 1]
62 14 100 0.07618594718755323 [0 1 1 1 0 0 0 0 1 0 0 1 0 1 1 0 0 0 0 0 1 0 1 1 1 0 0 1 1 0 1]
63 14 100 0.07618594718755323 [0 1 1 1 0 0 0 0 1 0 0 1 0 1 1 0 0 0 0 0 1 0 1 1 1 0 0 1 1 0 1]
64 14 100 0.07618594718755323 [0 1 1 1 0 0 0 0 1 0 0 1 0 1 1 0 0 0 0 0 1 0 1 1 1 0 0 1 1 0 1]
65 14 100 0.07618594718755323 [0 1 1 1 0 0 0 0 1 0 0 1 0 1 1 0 0 0 0 0 1 0 1 1 1 0 0 1 1 0 1]
66 14 100 0.07618594718755323 [0 1 1 1 0 0 0 0 1 0 0 1 0 1 1 0 0 0 0 0 1 0 1 1 1 0 0 1 1 0 1]
67 14 100 0.07618594718755323 [0 1 1 1 0 0 0 0 1 0 0 1 0 1 1 0 0 0 0 0 1 0 1 1 1 0 0 1 1 0 1]
68 14 100 0.07618594718755323 [0 1 1 1 0 0 0 0 1 0 0 1 0 1 1 0 0 0 0 0 1 0 1 1 1 0 0 1 1 0 1]
69 14 100 0.07618594718755323 [0 1 1 1 0 0 0 0 1 0 0 1 0 1 1 0 0 0 0 0 1 0 1 1 1 0 0 1 1 0 1]
70 14 100 0.07618594718755323 [0 1 1 1 0 0 0 0 1 0 0 1 0 1 1 0 0 0 0 0 1 0 1 1 1 0 0 1 1 0 1]
71 14 100 0.07618594718755323 [0 1 1 1 0 0 0 0 1 0 0 1 0 1 1 0 0 0 0 0 1 0 1 1 1 0 0 1 1 0 1]
72 14 100 0.07618594718755323 [0 1 1 1 0 0 0 0 1 0 0 1 0 1 1 0 0 0 0 0 1 0 1 1 1 0 0 1 1 0 1]
73 14 100 0.07618594718755323 [0 1 1 1 0 0 0 0 1 0 0 1 0 1 1 0 0 0 0 0 1 0 1 1 1 0 0 1 1 0 1]
74 14 100 0.07618594718755323 [0 1 1 1 0 0 0 0 1 0 0 1 0 1 1 0 0 0 0 0 1 0 1 1 1 0 0 1 1 0 1]
75 14 100 0.07618594718755323 [0 1 1 1 0 0 0 0 1 0 0 1 0 1 1 0 0 0 0 0 1 0 1 1 1 0 0 1 1 0 1]
76 14 100 0.07618594718755323 [0 1 1 1 0 0 0 0 1 0 0 1 0 1 1 0 0 0 0 0 1 0 1 1 1 0 0 1 1 0 1]
77 14 100 0.07618594718755323 [0 1 1 1 0 0 0 0 1 0 0 1 0 1 1 0 0 0 0 0 1 0 1 1 1 0 0 1 1 0 1]
78 14 100 0.07618594718755323 [0 1 1 1 0 0 0 0 1 0 0 1 0 1 1 0 0 0 0 0 1 0 1 1 1 0 0 1 1 0 1]
79 14 100 0.07618594718755323 [0 1 1 1 0 0 0 0 1 0 0 1 0 1 1 0 0 0 0 0 1 0 1 1 1 0 0 1 1 0 1]
80 14 100 0.07618594718755323 [0 1 1 1 0 0 0 0 1 0 0 1 0 1 1 0 0 0 0 0 1 0 1 1 1 0 0 1 1 0 1]
81 14 100 0.07618594718755323 [0 1 1 1 0 0 0 0 1 0 0 1 0 1 1 0 0 0 0 0 1 0 1 1 1 0 0 1 1 0 1]
82 14 100 0.07618594718755323 [0 1 1 1 0 0 0 0 1 0 0 1 0 1 1 0 0 0 0 0 1 0 1 1 1 0 0 1 1 0 1]
83 14 100 0.07618594718755323 [0 1 1 1 0 0 0 0 1 0 0 1 0 1 1 0 0 0 0 0 1 0 1 1 1 0 0 1 1 0 1]
84 14 100 0.07618594718755323 [0 1 1 1 0 0 0 0 1 0 0 1 0 1 1 0 0 0 0 0 1 0 1 1 1 0 0 1 1 0 1]
85 14 100 0.07618594718755323 [0 1 1 1 0 0 0 0 1 0 0 1 0 1 1 0 0 0 0 0 1 0 1 1 1 0 0 1 1 0 1]
86 14 100 0.07618594718755323 [0 1 1 1 0 0 0 0 1 0 0 1 0 1 1 0 0 0 0 0 1 0 1 1 1 0 0 1 1 0 1]
87 14 100 0.07618594718755323 [0 1 1 1 0 0 0 0 1 0 0 1 0 1 1 0 0 0 0 0 1 0 1 1 1 0 0 1 1 0 1]
88 14 100 0.07618594718755323 [0 1 1 1 0 0 0 0 1 0 0 1 0 1 1 0 0 0 0 0 1 0 1 1 1 0 0 1 1 0 1]
89 14 100 0.07618594718755323 [0 1 1 1 0 0 0 0 1 0 0 1 0 1 1 0 0 0 0 0 1 0 1 1 1 0 0 1 1 0 1]
90 14 100 0.07618594718755323 [0 1 1 1 0 0 0 0 1 0 0 1 0 1 1 0 0 0 0 0 1 0 1 1 1 0 0 1 1 0 1]
91 14 100 0.07618594718755323 [0 1 1 1 0 0 0 0 1 0 0 1 0 1 1 0 0 0 0 0 1 0 1 1 1 0 0 1 1 0 1]
92 14 100 0.07618594718755323 [0 1 1 1 0 0 0 0 1 0 0 1 0 1 1 0 0 0 0 0 1 0 1 1 1 0 0 1 1 0 1]
93 14 100 0.07618594718755323 [0 1 1 1 0 0 0 0 1 0 0 1 0 1 1 0 0 0 0 0 1 0 1 1 1 0 0 1 1 0 1]
94 14 100 0.07618594718755323 [0 1 1 1 0 0 0 0 1 0 0 1 0 1 1 0 0 0 0 0 1 0 1 1 1 0 0 1 1 0 1]
95 14 100 0.07618594718755323 [0 1 1 1 0 0 0 0 1 0 0 1 0 1 1 0 0 0 0 0 1 0 1 1 1 0 0 1 1 0 1]
96 14 100 0.07618594718755323 [0 1 1 1 0 0 0 0 1 0 0 1 0 1 1 0 0 0 0 0 1 0 1 1 1 0 0 1 1 0 1]
97 14 100 0.07618594718755323 [0 1 1 1 0 0 0 0 1 0 0 1 0 1 1 0 0 0 0 0 1 0 1 1 1 0 0 1 1 0 1]
98 14 100 0.07618594718755323 [0 1 1 1 0 0 0 0 1 0 0 1 0 1 1 0 0 0 0 0 1 0 1 1 1 0 0 1 1 0 1]
99 14 100 0.07618594718755323 [0 1 1 1 0 0 0 0 1 0 0 1 0 1 1 0 0 0 0 0 1 0 1 1 1 0 0 1 1 0 1]
100 14 100 0.07618594718755323 [0 1 1 1 0 0 0 0 1 0 0 1 0 1 1 0 0 0 0 0 1 0 1 1 1 0 0 1 1 0 1]
101 14 100 0.07618594718755323 [0 1 1 1 0 0 0 0 1 0 0 1 0 1 1 0 0 0 0 0 1 0 1 1 1 0 0 1 1 0 1]
102 14 100 0.07618594718755323 [0 1 1 1 0 0 0 0 1 0 0 1 0 1 1 0 0 0 0 0 1 0 1 1 1 0 0 1 1 0 1]
103 14 100 0.07618594718755323 [0 1 1 1 0 0 0 0 1 0 0 1 0 1 1 0 0 0 0 0 1 0 1 1 1 0 0 1 1 0 1]
104 14 100 0.07618594718755323 [0 1 1 1 0 0 0 0 1 0 0 1 0 1 1 0 0 0 0 0 1 0 1 1 1 0 0 1 1 0 1]
105 14 100 0.07618594718755323 [0 1 1 1 0 0 0 0 1 0 0 1 0 1 1 0 0 0 0 0 1 0 1 1 1 0 0 1 1 0 1]
106 14 100 0.07618594718755323 [0 1 1 1 0 0 0 0 1 0 0 1 0 1 1 0 0 0 0 0 1 0 1 1 1 0 0 1 1 0 1]
107 14 100 0.07618594718755323 [0 1 1 1 0 0 0 0 1 0 0 1 0 1 1 0 0 0 0 0 1 0 1 1 1 0 0 1 1 0 1]
108 14 100 0.07618594718755323 [0 1 1 1 0 0 0 0 1 0 0 1 0 1 1 0 0 0 0 0 1 0 1 1 1 0 0 1 1 0 1]
109 14 100 0.07618594718755323 [0 1 1 1 0 0 0 0 1 0 0 1 0 1 1 0 0 0 0 0 1 0 1 1 1 0 0 1 1 0 1]
110 14 100 0.07618594718755323 [0 1 1 1 0 0 0 0 1 0 0 1 0 1 1 0 0 0 0 0 1 0 1 1 1 0 0 1 1 0 1]
111 14 100 0.07618594718755323 [0 1 1 1 0 0 0 0 1 0 0 1 0 1 1 0 0 0 0 0 1 0 1 1 1 0 0 1 1 0 1]
112 14 100 0.07618594718755323 [0 1 1 1 0 0 0 0 1 0 0 1 0 1 1 0 0 0 0 0 1 0 1 1 1 0 0 1 1 0 1]
113 14 100 0.07618594718755323 [0 1 1 1 0 0 0 0 1 0 0 1 0 1 1 0 0 0 0 0 1 0 1 1 1 0 0 1 1 0 1]
114 14 100 0.07618594718755323 [0 1 1 1 0 0 0 0 1 0 0 1 0 1 1 0 0 0 0 0 1 0 1 1 1 0 0 1 1 0 1]
115 14 100 0.07618594718755323 [0 1 1 1 0 0 0 0 1 0 0 1 0 1 1 0 0 0 0 0 1 0 1 1 1 0 0 1 1 0 1]
116 14 100 0.07618594718755323 [0 1 1 1 0 0 0 0 1 0 0 1 0 1 1 0 0 0 0 0 1 0 1 1 1 0 0 1 1 0 1]
117 14 100 0.07618594718755323 [0 1 1 1 0 0 0 0 1 0 0 1 0 1 1 0 0 0 0 0 1 0 1 1 1 0 0 1 1 0 1]
118 14 100 0.07618594718755323 [0 1 1 1 0 0 0 0 1 0 0 1 0 1 1 0 0 0 0 0 1 0 1 1 1 0 0 1 1 0 1]
119 14 100 0.07618594718755323 [0 1 1 1 0 0 0 0 1 0 0 1 0 1 1 0 0 0 0 0 1 0 1 1 1 0 0 1 1 0 1]
120 14 100 0.07618594718755323 [0 1 1 1 0 0 0 0 1 0 0 1 0 1 1 0 0 0 0 0 1 0 1 1 1 0 0 1 1 0 1]
121 14 100 0.07618594718755323 [0 1 1 1 0 0 0 0 1 0 0 1 0 1 1 0 0 0 0 0 1 0 1 1 1 0 0 1 1 0 1]
122 14 100 0.07618594718755323 [0 1 1 1 0 0 0 0 1 0 0 1 0 1 1 0 0 0 0 0 1 0 1 1 1 0 0 1 1 0 1]
123 14 100 0.07618594718755323 [0 1 1 1 0 0 0 0 1 0 0 1 0 1 1 0 0 0 0 0 1 0 1 1 1 0 0 1 1 0 1]
124 14 100 0.07618594718755323 [0 1 1 1 0 0 0 0 1 0 0 1 0 1 1 0 0 0 0 0 1 0 1 1 1 0 0 1 1 0 1]
125 14 100 0.07618594718755323 [0 1 1 1 0 0 0 0 1 0 0 1 0 1 1 0 0 0 0 0 1 0 1 1 1 0 0 1 1 0 1]
126 14 100 0.07618594718755323 [0 1 1 1 0 0 0 0 1 0 0 1 0 1 1 0 0 0 0 0 1 0 1 1 1 0 0 1 1 0 1]
127 14 100 0.07618594718755323 [0 1 1 1 0 0 0 0 1 0 0 1 0 1 1 0 0 0 0 0 1 0 1 1 1 0 0 1 1 0 1]
128 14 100 0.07618594718755323 [0 1 1 1 0 0 0 0 1 0 0 1 0 1 1 0 0 0 0 0 1 0 1 1 1 0 0 1 1 0 1]
129 14 100 0.07618594718755323 [0 1 1 1 0 0 0 0 1 0 0 1 0 1 1 0 0 0 0 0 1 0 1 1 1 0 0 1 1 0 1]
130 14 100 0.07618594718755323 [0 1 1 1 0 0 0 0 1 0 0 1 0 1 1 0 0 0 0 0 1 0 1 1 1 0 0 1 1 0 1]
131 14 100 0.07618594718755323 [0 1 1 1 0 0 0 0 1 0 0 1 0 1 1 0 0 0 0 0 1 0 1 1 1 0 0 1 1 0 1]
132 14 100 0.07618594718755323 [0 1 1 1 0 0 0 0 1 0 0 1 0 1 1 0 0 0 0 0 1 0 1 1 1 0 0 1 1 0 1]
133 14 100 0.07618594718755323 [0 1 1 1 0 0 0 0 1 0 0 1 0 1 1 0 0 0 0 0 1 0 1 1 1 0 0 1 1 0 1]
134 14 100 0.07618594718755323 [0 1 1 1 0 0 0 0 1 0 0 1 0 1 1 0 0 0 0 0 1 0 1 1 1 0 0 1 1 0 1]
135 14 100 0.07618594718755323 [0 1 1 1 0 0 0 0 1 0 0 1 0 1 1 0 0 0 0 0 1 0 1 1 1 0 0 1 1 0 1]
136 14 100 0.07618594718755323 [0 1 1 1 0 0 0 0 1 0 0 1 0 1 1 0 0 0 0 0 1 0 1 1 1 0 0 1 1 0 1]
137 14 100 0.07618594718755323 [0 1 1 1 0 0 0 0 1 0 0 1 0 1 1 0 0 0 0 0 1 0 1 1 1 0 0 1 1 0 1]
138 14 100 0.07618594718755323 [0 1 1 1 0 0 0 0 1 0 0 1 0 1 1 0 0 0 0 0 1 0 1 1 1 0 0 1 1 0 1]
139 14 100 0.07618594718755323 [0 1 1 1 0 0 0 0 1 0 0 1 0 1 1 0 0 0 0 0 1 0 1 1 1 0 0 1 1 0 1]
140 14 100 0.07618594718755323 [0 1 1 1 0 0 0 0 1 0 0 1 0 1 1 0 0 0 0 0 1 0 1 1 1 0 0 1 1 0 1]
141 14 100 0.07618594718755323 [0 1 1 1 0 0 0 0 1 0 0 1 0 1 1 0 0 0 0 0 1 0 1 1 1 0 0 1 1 0 1]
142 14 100 0.07618594718755323 [0 1 1 1 0 0 0 0 1 0 0 1 0 1 1 0 0 0 0 0 1 0 1 1 1 0 0 1 1 0 1]
143 14 100 0.07618594718755323 [0 1 1 1 0 0 0 0 1 0 0 1 0 1 1 0 0 0 0 0 1 0 1 1 1 0 0 1 1 0 1]
144 14 100 0.07618594718755323 [0 1 1 1 0 0 0 0 1 0 0 1 0 1 1 0 0 0 0 0 1 0 1 1 1 0 0 1 1 0 1]
145 14 100 0.07618594718755323 [0 1 1 1 0 0 0 0 1 0 0 1 0 1 1 0 0 0 0 0 1 0 1 1 1 0 0 1 1 0 1]
146 14 100 0.07618594718755323 [0 1 1 1 0 0 0 0 1 0 0 1 0 1 1 0 0 0 0 0 1 0 1 1 1 0 0 1 1 0 1]
147 14 100 0.07618594718755323 [0 1 1 1 0 0 0 0 1 0 0 1 0 1 1 0 0 0 0 0 1 0 1 1 1 0 0 1 1 0 1]
148 14 100 0.07618594718755323 [0 1 1 1 0 0 0 0 1 0 0 1 0 1 1 0 0 0 0 0 1 0 1 1 1 0 0 1 1 0 1]
149 14 100 0.07618594718755323 [0 1 1 1 0 0 0 0 1 0 0 1 0 1 1 0 0 0 0 0 1 0 1 1 1 0 0 1 1 0 1]
150 14 100 0.07618594718755323 [0 1 1 1 0 0 0 0 1 0 0 1 0 1 1 0 0 0 0 0 1 0 1 1 1 0 0 1 1 0 1]
