0 18 100 0.05962141509370611 [1 0 1 1 1 1 1 1 0 1 0 1 1 0 0 1 0 0 1 0 0 1 0 0 0 1 0 0 1 0 1 0 1 1]
1 22 100 0.053362968302597014 [1 1 1 1 1 1 1 1 0 0 0 1 1 0 1 0 1 1 0 1 0 0 1 1 1 0 1 0 0 0 1 1 1 1]
2 22 100 0.053362968302597014 [1 1 1 1 1 1 1 1 0 0 0 1 1 0 1 0 1 1 0 1 0 0 1 1 1 0 1 0 0 0 1 1 1 1]
3 22 100 0.053362968302597014 [1 1 1 1 1 1 1 1 0 0 0 1 1 0 1 0 1 1 0 1 0 0 1 1 1 0 1 0 0 0 1 1 1 1]
4 22 100 0.053362968302597014 [1 1 1 1 1 1 1 1 0 0 0 1 1 0 1 0 1 1 0 1 0 0 1 1 1 0 1 0 0 0 1 1 1 1]
5 22 100 0.053362968302597014 [1 1 1 1 1 1 1 1 0 0 0 1 1 0 1 0 1 1 0 1 0 0 1 1 1 0 1 0 0 0 1 1 1 1]
6 19 100 0.04978091609651669 [1 1 1 1 1 1 1 1 0 1 0 0 0 0 0 0 1 0 1 1 0 0 0 1 1 0 0 1 1 1 1 0 1 0]
7 19 100 0.04978091609651669 [1 1 1 1 1 1 1 1 0 1 0 0 0 0 0 0 1 0 1 1 0 0 0 1 1 0 0 1 1 1 1 0 1 0]
8 19 100 0.04978091609651669 [1 1 1 1 1 1 1 1 0 1 0 0 0 0 0 0 1 0 1 1 0 0 0 1 1 0 0 1 1 1 1 0 1 0]
9 19 100 0.04978091609651669 [1 1 1 1 1 1 1 1 0 1 0 0 0 0 0 0 1 0 1 1 0 0 0 1 1 0 0 1 1 1 1 0 1 0]
10 19 100 0.04978091609651669 [1 1 1 1 1 1 1 1 0 1 0 0 0 0 0 0 1 0 1 1 0 0 0 1 1 0 0 1 1 1 1 0 1 0]
11 19 100 0.04978091609651669 [1 1 1 1 1 1 1 1 0 1 0 0 0 0 0 0 1 0 1 1 0 0 0 1 1 0 0 1 1 1 1 0 1 0]
12 19 100 0.04978091609651669 [1 1 1 1 1 1 1 1 0 1 0 0 0 0 0 0 1 0 1 1 0 0 0 1 1 0 0 1 1 1 1 0 1 0]
13 19 100 0.04978091609651669 [1 1 1 1 1 1 1 1 0 1 0 0 0 0 0 0 1 0 1 1 0 0 0 1 1 0 0 1 1 1 1 0 1 0]
14 19 100 0.04978091609651669 [1 1 1 1 1 1 1 1 0 1 0 0 0 0 0 0 1 0 1 1 0 0 0 1 1 0 0 1 1 1 1 0 1 0]
15 19 100 0.04978091609651669 [1 1 1 1 1 1 1 1 0 1 0 0 0 0 0 0 1 0 1 1 0 0 0 1 1 0 0 1 1 1 1 0 1 0]
16 19 100 0.04978091609651669 [1 1 1 1 1 1 1 1 0 1 0 0 0 0 0 0 1 0 1 1 0 0 0 1 1 0 0 1 1 1 1 0 1 0]
17 19 100 0.04978091609651669 [1 1 1 1 1 1 1 1 0 1 0 0 0 0 0 0 1 0 1 1 0 0 0 1 1 0 0 1 1 1 1 0 1 0]
18 19 100 0.04978091609651669 [1 1 1 1 1 1 1 1 0 1 0 0 0 0 0 0 1 0 1 1 0 0 0 1 1 0 0 1 1 1 1 0 1 0]
19 19 100 0.04978091609651669 [1 1 1 1 1 1 1 1 0 1 0 0 0 0 0 0 1 0 1 1 0 0 0 1 1 0 0 1 1 1 1 0 1 0]
20 19 100 0.04978091609651669 [1 1 1 1 1 1 1 1 0 1 0 0 0 0 0 0 1 0 1 1 0 0 0 1 1 0 0 1 1 1 1 0 1 0]
21 19 100 0.04978091609651669 [1 1 1 1 1 1 1 1 0 1 0 0 0 0 0 0 1 0 1 1 0 0 0 1 1 0 0 1 1 1 1 0 1 0]
22 19 100 0.04978091609651669 [1 1 1 1 1 1 1 1 0 1 0 0 0 0 0 0 1 0 1 1 0 0 0 1 1 0 0 1 1 1 1 0 1 0]
23 19 100 0.04978091609651669 [1 1 1 1 1 1 1 1 0 1 0 0 0 0 0 0 1 0 1 1 0 0 0 1 1 0 0 1 1 1 1 0 1 0]
24 19 100 0.04978091609651669 [1 1 1 1 1 1 1 1 0 1 0 0 0 0 0 0 1 0 1 1 0 0 0 1 1 0 0 1 1 1 1 0 1 0]
25 19 100 0.04978091609651669 [1 1 1 1 1 1 1 1 0 1 0 0 0 0 0 0 1 0 1 1 0 0 0 1 1 0 0 1 1 1 1 0 1 0]
26 19 100 0.04978091609651669 [1 1 1 1 1 1 1 1 0 1 0 0 0 0 0 0 1 0 1 1 0 0 0 1 1 0 0 1 1 1 1 0 1 0]
27 19 100 0.04978091609651669 [1 1 1 1 1 1 1 1 0 1 0 0 0 0 0 0 1 0 1 1 0 0 0 1 1 0 0 1 1 1 1 0 1 0]
28 19 100 0.04978091609651669 [1 1 1 1 1 1 1 1 0 1 0 0 0 0 0 0 1 0 1 1 0 0 0 1 1 0 0 1 1 1 1 0 1 0]
29 19 100 0.04978091609651669 [1 1 1 1 1 1 1 1 0 1 0 0 0 0 0 0 1 0 1 1 0 0 0 1 1 0 0 1 1 1 1 0 1 0]
30 19 100 0.04978091609651669 [1 1 1 1 1 1 1 1 0 1 0 0 0 0 0 0 1 0 1 1 0 0 0 1 1 0 0 1 1 1 1 0 1 0]
31 19 100 0.04978091609651669 [1 1 1 1 1 1 1 1 0 1 0 0 0 0 0 0 1 0 1 1 0 0 0 1 1 0 0 1 1 1 1 0 1 0]
32 19 100 0.04978091609651669 [1 1 1 1 1 1 1 1 0 1 0 0 0 0 0 0 1 0 1 1 0 0 0 1 1 0 0 1 1 1 1 0 1 0]
33 19 100 0.04978091609651669 [1 1 1 1 1 1 1 1 0 1 0 0 0 0 0 0 1 0 1 1 0 0 0 1 1 0 0 1 1 1 1 0 1 0]
34 19 100 0.04978091609651669 [1 1 1 1 1 1 1 1 0 1 0 0 0 0 0 0 1 0 1 1 0 0 0 1 1 0 0 1 1 1 1 0 1 0]
35 19 100 0.04978091609651669 [1 1 1 1 1 1 1 1 0 1 0 0 0 0 0 0 1 0 1 1 0 0 0 1 1 0 0 1 1 1 1 0 1 0]
36 19 100 0.04978091609651669 [1 1 1 1 1 1 1 1 0 1 0 0 0 0 0 0 1 0 1 1 0 0 0 1 1 0 0 1 1 1 1 0 1 0]
37 19 100 0.04978091609651669 [1 1 1 1 1 1 1 1 0 1 0 0 0 0 0 0 1 0 1 1 0 0 0 1 1 0 0 1 1 1 1 0 1 0]
38 19 100 0.04978091609651669 [1 1 1 1 1 1 1 1 0 1 0 0 0 0 0 0 1 0 1 1 0 0 0 1 1 0 0 1 1 1 1 0 1 0]
39 19 100 0.04978091609651669 [1 1 1 1 1 1 1 1 0 1 0 0 0 0 0 0 1 0 1 1 0 0 0 1 1 0 0 1 1 1 1 0 1 0]
40 19 100 0.04978091609651669 [1 1 1 1 1 1 1 1 0 1 0 0 0 0 0 0 1 0 1 1 0 0 0 1 1 0 0 1 1 1 1 0 1 0]
41 19 100 0.04978091609651669 [1 1 1 1 1 1 1 1 0 1 0 0 0 0 0 0 1 0 1 1 0 0 0 1 1 0 0 1 1 1 1 0 1 0]
42 19 100 0.04978091609651669 [1 1 1 1 1 1 1 1 0 1 0 0 0 0 0 0 1 0 1 1 0 0 0 1 1 0 0 1 1 1 1 0 1 0]
43 19 100 0.04978091609651669 [1 1 1 1 1 1 1 1 0 1 0 0 0 0 0 0 1 0 1 1 0 0 0 1 1 0 0 1 1 1 1 0 1 0]
44 19 100 0.04978091609651669 [1 1 1 1 1 1 1 1 0 1 0 0 0 0 0 0 1 0 1 1 0 0 0 1 1 0 0 1 1 1 1 0 1 0]
45 19 100 0.04978091609651669 [1 1 1 1 1 1 1 1 0 1 0 0 0 0 0 0 1 0 1 1 0 0 0 1 1 0 0 1 1 1 1 0 1 0]
46 19 100 0.04978091609651669 [1 1 1 1 1 1 1 1 0 1 0 0 0 0 0 0 1 0 1 1 0 0 0 1 1 0 0 1 1 1 1 0 1 0]
47 19 100 0.04978091609651669 [1 1 1 1 1 1 1 1 0 1 0 0 0 0 0 0 1 0 1 1 0 0 0 1 1 0 0 1 1 1 1 0 1 0]
48 19 100 0.04978091609651669 [1 1 1 1 1 1 1 1 0 1 0 0 0 0 0 0 1 0 1 1 0 0 0 1 1 0 0 1 1 1 1 0 1 0]
49 19 100 0.04978091609651669 [1 1 1 1 1 1 1 1 0 1 0 0 0 0 0 0 1 0 1 1 0 0 0 1 1 0 0 1 1 1 1 0 1 0]
50 19 100 0.04978091609651669 [1 1 1 1 1 1 1 1 0 1 0 0 0 0 0 0 1 0 1 1 0 0 0 1 1 0 0 1 1 1 1 0 1 0]
51 19 100 0.04978091609651669 [1 1 1 1 1 1 1 1 0 1 0 0 0 0 0 0 1 0 1 1 0 0 0 1 1 0 0 1 1 1 1 0 1 0]
52 19 100 0.04978091609651669 [1 1 1 1 1 1 1 1 0 1 0 0 0 0 0 0 1 0 1 1 0 0 0 1 1 0 0 1 1 1 1 0 1 0]
53 19 100 0.04978091609651669 [1 1 1 1 1 1 1 1 0 1 0 0 0 0 0 0 1 0 1 1 0 0 0 1 1 0 0 1 1 1 1 0 1 0]
54 19 100 0.04978091609651669 [1 1 1 1 1 1 1 1 0 1 0 0 0 0 0 0 1 0 1 1 0 0 0 1 1 0 0 1 1 1 1 0 1 0]
55 19 100 0.04978091609651669 [1 1 1 1 1 1 1 1 0 1 0 0 0 0 0 0 1 0 1 1 0 0 0 1 1 0 0 1 1 1 1 0 1 0]
56 19 100 0.04978091609651669 [1 1 1 1 1 1 1 1 0 1 0 0 0 0 0 0 1 0 1 1 0 0 0 1 1 0 0 1 1 1 1 0 1 0]
57 19 100 0.04978091609651669 [1 1 1 1 1 1 1 1 0 1 0 0 0 0 0 0 1 0 1 1 0 0 0 1 1 0 0 1 1 1 1 0 1 0]
58 19 100 0.04978091609651669 [1 1 1 1 1 1 1 1 0 1 0 0 0 0 0 0 1 0 1 1 0 0 0 1 1 0 0 1 1 1 1 0 1 0]
59 19 100 0.04978091609651669 [1 1 1 1 1 1 1 1 0 1 0 0 0 0 0 0 1 0 1 1 0 0 0 1 1 0 0 1 1 1 1 0 1 0]
60 19 100 0.04978091609651669 [1 1 1 1 1 1 1 1 0 1 0 0 0 0 0 0 1 0 1 1 0 0 0 1 1 0 0 1 1 1 1 0 1 0]
61 19 100 0.04978091609651669 [1 1 1 1 1 1 1 1 0 1 0 0 0 0 0 0 1 0 1 1 0 0 0 1 1 0 0 1 1 1 1 0 1 0]
62 19 100 0.04978091609651669 [1 1 1 1 1 1 1 1 0 1 0 0 0 0 0 0 1 0 1 1 0 0 0 1 1 0 0 1 1 1 1 0 1 0]
63 19 100 0.04978091609651669 [1 1 1 1 1 1 1 1 0 1 0 0 0 0 0 0 1 0 1 1 0 0 0 1 1 0 0 1 1 1 1 0 1 0]
64 19 100 0.04978091609651669 [1 1 1 1 1 1 1 1 0 1 0 0 0 0 0 0 1 0 1 1 0 0 0 1 1 0 0 1 1 1 1 0 1 0]
65 19 100 0.04978091609651669 [1 1 1 1 1 1 1 1 0 1 0 0 0 0 0 0 1 0 1 1 0 0 0 1 1 0 0 1 1 1 1 0 1 0]
66 19 100 0.04978091609651669 [1 1 1 1 1 1 1 1 0 1 0 0 0 0 0 0 1 0 1 1 0 0 0 1 1 0 0 1 1 1 1 0 1 0]
67 19 100 0.04978091609651669 [1 1 1 1 1 1 1 1 0 1 0 0 0 0 0 0 1 0 1 1 0 0 0 1 1 0 0 1 1 1 1 0 1 0]
68 19 100 0.04978091609651669 [1 1 1 1 1 1 1 1 0 1 0 0 0 0 0 0 1 0 1 1 0 0 0 1 1 0 0 1 1 1 1 0 1 0]
69 19 100 0.04978091609651669 [1 1 1 1 1 1 1 1 0 1 0 0 0 0 0 0 1 0 1 1 0 0 0 1 1 0 0 1 1 1 1 0 1 0]
70 19 100 0.04978091609651669 [1 1 1 1 1 1 1 1 0 1 0 0 0 0 0 0 1 0 1 1 0 0 0 1 1 0 0 1 1 1 1 0 1 0]
71 19 100 0.048226046314000404 [1 1 1 1 1 1 1 1 0 1 0 1 0 0 1 0 1 0 1 1 0 0 1 1 0 1 0 0 1 0 1 0 0 0]
72 19 100 0.048226046314000404 [1 1 1 1 1 1 1 1 0 1 0 1 0 0 1 0 1 0 1 1 0 0 1 1 0 1 0 0 1 0 1 0 0 0]
73 15 100 0.046199701937406856 [1 0 1 1 1 1 1 0 0 1 0 1 0 0 1 0 1 0 0 0 0 0 0 0 0 1 0 1 0 1 1 1 0 0]
74 15 100 0.046199701937406856 [1 0 1 1 1 1 1 0 0 1 0 1 0 0 1 0 1 0 0 0 0 0 0 0 0 1 0 1 0 1 1 1 0 0]
75 15 100 0.046199701937406856 [1 0 1 1 1 1 1 0 0 1 0 1 0 0 1 0 1 0 0 0 0 0 0 0 0 1 0 1 0 1 1 1 0 0]
76 15 100 0.046199701937406856 [1 0 1 1 1 1 1 0 0 1 0 1 0 0 1 0 1 0 0 0 0 0 0 0 0 1 0 1 0 1 1 1 0 0]
77 15 100 0.046199701937406856 [1 0 1 1 1 1 1 0 0 1 0 1 0 0 1 0 1 0 0 0 0 0 0 0 0 1 0 1 0 1 1 1 0 0]
78 15 100 0.046199701937406856 [1 0 1 1 1 1 1 0 0 1 0 1 0 0 1 0 1 0 0 0 0 0 0 0 0 1 0 1 0 1 1 1 0 0]
79 15 100 0.046199701937406856 [1 0 1 1 1 1 1 0 0 1 0 1 0 0 1 0 1 0 0 0 0 0 0 0 0 1 0 1 0 1 1 1 0 0]
80 15 100 0.046199701937406856 [1 0 1 1 1 1 1 0 0 1 0 1 0 0 1 0 1 0 0 0 0 0 0 0 0 1 0 1 0 1 1 1 0 0]
81 15 100 0.046199701937406856 [1 0 1 1 1 1 1 0 0 1 0 1 0 0 1 0 1 0 0 0 0 0 0 0 0 1 0 1 0 1 1 1 0 0]
82 15 100 0.046199701937406856 [1 0 1 1 1 1 1 0 0 1 0 1 0 0 1 0 1 0 0 0 0 0 0 0 0 1 0 1 0 1 1 1 0 0]
83 15 100 0.046199701937406856 [1 0 1 1 1 1 1 0 0 1 0 1 0 0 1 0 1 0 0 0 0 0 0 0 0 1 0 1 0 1 1 1 0 0]
84 15 100 0.046199701937406856 [1 0 1 1 1 1 1 0 0 1 0 1 0 0 1 0 1 0 0 0 0 0 0 0 0 1 0 1 0 1 1 1 0 0]
85 15 100 0.046199701937406856 [1 0 1 1 1 1 1 0 0 1 0 1 0 0 1 0 1 0 0 0 0 0 0 0 0 1 0 1 0 1 1 1 0 0]
86 15 100 0.046199701937406856 [1 0 1 1 1 1 1 0 0 1 0 1 0 0 1 0 1 0 0 0 0 0 0 0 0 1 0 1 0 1 1 1 0 0]
87 15 100 0.046199701937406856 [1 0 1 1 1 1 1 0 0 1 0 1 0 0 1 0 1 0 0 0 0 0 0 0 0 1 0 1 0 1 1 1 0 0]
88 15 100 0.046199701937406856 [1 0 1 1 1 1 1 0 0 1 0 1 0 0 1 0 1 0 0 0 0 0 0 0 0 1 0 1 0 1 1 1 0 0]
89 15 100 0.046199701937406856 [1 0 1 1 1 1 1 0 0 1 0 1 0 0 1 0 1 0 0 0 0 0 0 0 0 1 0 1 0 1 1 1 0 0]
90 15 100 0.046199701937406856 [1 0 1 1 1 1 1 0 0 1 0 1 0 0 1 0 1 0 0 0 0 0 0 0 0 1 0 1 0 1 1 1 0 0]
91 15 100 0.046199701937406856 [1 0 1 1 1 1 1 0 0 1 0 1 0 0 1 0 1 0 0 0 0 0 0 0 0 1 0 1 0 1 1 1 0 0]
92 15 100 0.046199701937406856 [1 0 1 1 1 1 1 0 0 1 0 1 0 0 1 0 1 0 0 0 0 0 0 0 0 1 0 1 0 1 1 1 0 0]
93 15 100 0.046199701937406856 [1 0 1 1 1 1 1 0 0 1 0 1 0 0 1 0 1 0 0 0 0 0 0 0 0 1 0 1 0 1 1 1 0 0]
94 15 100 0.046199701937406856 [1 0 1 1 1 1 1 0 0 1 0 1 0 0 1 0 1 0 0 0 0 0 0 0 0 1 0 1 0 1 1 1 0 0]
95 15 100 0.046199701937406856 [1 0 1 1 1 1 1 0 0 1 0 1 0 0 1 0 1 0 0 0 0 0 0 0 0 1 0 1 0 1 1 1 0 0]
96 15 100 0.046199701937406856 [1 0 1 1 1 1 1 0 0 1 0 1 0 0 1 0 1 0 0 0 0 0 0 0 0 1 0 1 0 1 1 1 0 0]
97 15 100 0.046199701937406856 [1 0 1 1 1 1 1 0 0 1 0 1 0 0 1 0 1 0 0 0 0 0 0 0 0 1 0 1 0 1 1 1 0 0]
98 15 100 0.046199701937406856 [1 0 1 1 1 1 1 0 0 1 0 1 0 0 1 0 1 0 0 0 0 0 0 0 0 1 0 1 0 1 1 1 0 0]
99 15 100 0.046199701937406856 [1 0 1 1 1 1 1 0 0 1 0 1 0 0 1 0 1 0 0 0 0 0 0 0 0 1 0 1 0 1 1 1 0 0]
100 15 100 0.046199701937406856 [1 0 1 1 1 1 1 0 0 1 0 1 0 0 1 0 1 0 0 0 0 0 0 0 0 1 0 1 0 1 1 1 0 0]
101 15 100 0.046199701937406856 [1 0 1 1 1 1 1 0 0 1 0 1 0 0 1 0 1 0 0 0 0 0 0 0 0 1 0 1 0 1 1 1 0 0]
102 15 100 0.046199701937406856 [1 0 1 1 1 1 1 0 0 1 0 1 0 0 1 0 1 0 0 0 0 0 0 0 0 1 0 1 0 1 1 1 0 0]
103 15 100 0.046199701937406856 [1 0 1 1 1 1 1 0 0 1 0 1 0 0 1 0 1 0 0 0 0 0 0 0 0 1 0 1 0 1 1 1 0 0]
104 15 100 0.046199701937406856 [1 0 1 1 1 1 1 0 0 1 0 1 0 0 1 0 1 0 0 0 0 0 0 0 0 1 0 1 0 1 1 1 0 0]
105 15 100 0.046199701937406856 [1 0 1 1 1 1 1 0 0 1 0 1 0 0 1 0 1 0 0 0 0 0 0 0 0 1 0 1 0 1 1 1 0 0]
106 15 100 0.046199701937406856 [1 0 1 1 1 1 1 0 0 1 0 1 0 0 1 0 1 0 0 0 0 0 0 0 0 1 0 1 0 1 1 1 0 0]
107 15 100 0.046199701937406856 [1 0 1 1 1 1 1 0 0 1 0 1 0 0 1 0 1 0 0 0 0 0 0 0 0 1 0 1 0 1 1 1 0 0]
108 15 100 0.046199701937406856 [1 0 1 1 1 1 1 0 0 1 0 1 0 0 1 0 1 0 0 0 0 0 0 0 0 1 0 1 0 1 1 1 0 0]
109 15 100 0.046199701937406856 [1 0 1 1 1 1 1 0 0 1 0 1 0 0 1 0 1 0 0 0 0 0 0 0 0 1 0 1 0 1 1 1 0 0]
110 15 100 0.046199701937406856 [1 0 1 1 1 1 1 0 0 1 0 1 0 0 1 0 1 0 0 0 0 0 0 0 0 1 0 1 0 1 1 1 0 0]
111 15 100 0.046199701937406856 [1 0 1 1 1 1 1 0 0 1 0 1 0 0 1 0 1 0 0 0 0 0 0 0 0 1 0 1 0 1 1 1 0 0]
112 15 100 0.046199701937406856 [1 0 1 1 1 1 1 0 0 1 0 1 0 0 1 0 1 0 0 0 0 0 0 0 0 1 0 1 0 1 1 1 0 0]
113 15 100 0.046199701937406856 [1 0 1 1 1 1 1 0 0 1 0 1 0 0 1 0 1 0 0 0 0 0 0 0 0 1 0 1 0 1 1 1 0 0]
114 15 100 0.046199701937406856 [1 0 1 1 1 1 1 0 0 1 0 1 0 0 1 0 1 0 0 0 0 0 0 0 0 1 0 1 0 1 1 1 0 0]
115 15 100 0.046199701937406856 [1 0 1 1 1 1 1 0 0 1 0 1 0 0 1 0 1 0 0 0 0 0 0 0 0 1 0 1 0 1 1 1 0 0]
116 15 100 0.046199701937406856 [1 0 1 1 1 1 1 0 0 1 0 1 0 0 1 0 1 0 0 0 0 0 0 0 0 1 0 1 0 1 1 1 0 0]
117 15 100 0.046199701937406856 [1 0 1 1 1 1 1 0 0 1 0 1 0 0 1 0 1 0 0 0 0 0 0 0 0 1 0 1 0 1 1 1 0 0]
118 15 100 0.046199701937406856 [1 0 1 1 1 1 1 0 0 1 0 1 0 0 1 0 1 0 0 0 0 0 0 0 0 1 0 1 0 1 1 1 0 0]
119 15 100 0.046199701937406856 [1 0 1 1 1 1 1 0 0 1 0 1 0 0 1 0 1 0 0 0 0 0 0 0 0 1 0 1 0 1 1 1 0 0]
120 15 100 0.046199701937406856 [1 0 1 1 1 1 1 0 0 1 0 1 0 0 1 0 1 0 0 0 0 0 0 0 0 1 0 1 0 1 1 1 0 0]
121 15 100 0.046199701937406856 [1 0 1 1 1 1 1 0 0 1 0 1 0 0 1 0 1 0 0 0 0 0 0 0 0 1 0 1 0 1 1 1 0 0]
122 15 100 0.046199701937406856 [1 0 1 1 1 1 1 0 0 1 0 1 0 0 1 0 1 0 0 0 0 0 0 0 0 1 0 1 0 1 1 1 0 0]
123 15 100 0.046199701937406856 [1 0 1 1 1 1 1 0 0 1 0 1 0 0 1 0 1 0 0 0 0 0 0 0 0 1 0 1 0 1 1 1 0 0]
124 15 100 0.046199701937406856 [1 0 1 1 1 1 1 0 0 1 0 1 0 0 1 0 1 0 0 0 0 0 0 0 0 1 0 1 0 1 1 1 0 0]
125 15 100 0.046199701937406856 [1 0 1 1 1 1 1 0 0 1 0 1 0 0 1 0 1 0 0 0 0 0 0 0 0 1 0 1 0 1 1 1 0 0]
126 15 100 0.046199701937406856 [1 0 1 1 1 1 1 0 0 1 0 1 0 0 1 0 1 0 0 0 0 0 0 0 0 1 0 1 0 1 1 1 0 0]
127 15 100 0.046199701937406856 [1 0 1 1 1 1 1 0 0 1 0 1 0 0 1 0 1 0 0 0 0 0 0 0 0 1 0 1 0 1 1 1 0 0]
128 15 100 0.046199701937406856 [1 0 1 1 1 1 1 0 0 1 0 1 0 0 1 0 1 0 0 0 0 0 0 0 0 1 0 1 0 1 1 1 0 0]
129 15 100 0.046199701937406856 [1 0 1 1 1 1 1 0 0 1 0 1 0 0 1 0 1 0 0 0 0 0 0 0 0 1 0 1 0 1 1 1 0 0]
130 15 100 0.046199701937406856 [1 0 1 1 1 1 1 0 0 1 0 1 0 0 1 0 1 0 0 0 0 0 0 0 0 1 0 1 0 1 1 1 0 0]
131 15 100 0.046199701937406856 [1 0 1 1 1 1 1 0 0 1 0 1 0 0 1 0 1 0 0 0 0 0 0 0 0 1 0 1 0 1 1 1 0 0]
132 15 100 0.046199701937406856 [1 0 1 1 1 1 1 0 0 1 0 1 0 0 1 0 1 0 0 0 0 0 0 0 0 1 0 1 0 1 1 1 0 0]
133 15 100 0.046199701937406856 [1 0 1 1 1 1 1 0 0 1 0 1 0 0 1 0 1 0 0 0 0 0 0 0 0 1 0 1 0 1 1 1 0 0]
134 15 100 0.046199701937406856 [1 0 1 1 1 1 1 0 0 1 0 1 0 0 1 0 1 0 0 0 0 0 0 0 0 1 0 1 0 1 1 1 0 0]
135 15 100 0.046199701937406856 [1 0 1 1 1 1 1 0 0 1 0 1 0 0 1 0 1 0 0 0 0 0 0 0 0 1 0 1 0 1 1 1 0 0]
136 15 100 0.046199701937406856 [1 0 1 1 1 1 1 0 0 1 0 1 0 0 1 0 1 0 0 0 0 0 0 0 0 1 0 1 0 1 1 1 0 0]
137 15 100 0.046199701937406856 [1 0 1 1 1 1 1 0 0 1 0 1 0 0 1 0 1 0 0 0 0 0 0 0 0 1 0 1 0 1 1 1 0 0]
138 15 100 0.046199701937406856 [1 0 1 1 1 1 1 0 0 1 0 1 0 0 1 0 1 0 0 0 0 0 0 0 0 1 0 1 0 1 1 1 0 0]
139 15 100 0.046199701937406856 [1 0 1 1 1 1 1 0 0 1 0 1 0 0 1 0 1 0 0 0 0 0 0 0 0 1 0 1 0 1 1 1 0 0]
140 15 100 0.046199701937406856 [1 0 1 1 1 1 1 0 0 1 0 1 0 0 1 0 1 0 0 0 0 0 0 0 0 1 0 1 0 1 1 1 0 0]
141 15 100 0.046199701937406856 [1 0 1 1 1 1 1 0 0 1 0 1 0 0 1 0 1 0 0 0 0 0 0 0 0 1 0 1 0 1 1 1 0 0]
142 15 100 0.046199701937406856 [1 0 1 1 1 1 1 0 0 1 0 1 0 0 1 0 1 0 0 0 0 0 0 0 0 1 0 1 0 1 1 1 0 0]
143 15 100 0.046199701937406856 [1 0 1 1 1 1 1 0 0 1 0 1 0 0 1 0 1 0 0 0 0 0 0 0 0 1 0 1 0 1 1 1 0 0]
144 15 100 0.046199701937406856 [1 0 1 1 1 1 1 0 0 1 0 1 0 0 1 0 1 0 0 0 0 0 0 0 0 1 0 1 0 1 1 1 0 0]
145 15 100 0.046199701937406856 [1 0 1 1 1 1 1 0 0 1 0 1 0 0 1 0 1 0 0 0 0 0 0 0 0 1 0 1 0 1 1 1 0 0]
146 15 100 0.046199701937406856 [1 0 1 1 1 1 1 0 0 1 0 1 0 0 1 0 1 0 0 0 0 0 0 0 0 1 0 1 0 1 1 1 0 0]
147 15 100 0.046199701937406856 [1 0 1 1 1 1 1 0 0 1 0 1 0 0 1 0 1 0 0 0 0 0 0 0 0 1 0 1 0 1 1 1 0 0]
148 15 100 0.046199701937406856 [1 0 1 1 1 1 1 0 0 1 0 1 0 0 1 0 1 0 0 0 0 0 0 0 0 1 0 1 0 1 1 1 0 0]
149 15 100 0.046199701937406856 [1 0 1 1 1 1 1 0 0 1 0 1 0 0 1 0 1 0 0 0 0 0 0 0 0 1 0 1 0 1 1 1 0 0]
150 15 100 0.046199701937406856 [1 0 1 1 1 1 1 0 0 1 0 1 0 0 1 0 1 0 0 0 0 0 0 0 0 1 0 1 0 1 1 1 0 0]
