0 14 100 0.05290465424911128 [1 0 1 1 1 1 1 0 0 0 0 1 0 1 1 0 1 1 0 1 0 0 0 0 0 0 1 0 0 1 0 0 0 0]
1 14 100 0.05290465424911128 [1 0 1 1 1 1 1 0 0 0 0 1 0 1 1 0 1 1 0 1 0 0 0 0 0 0 1 0 0 1 0 0 0 0]
2 14 100 0.05290465424911128 [1 0 1 1 1 1 1 0 0 0 0 1 0 1 1 0 1 1 0 1 0 0 0 0 0 0 1 0 0 1 0 0 0 0]
3 14 100 0.05290465424911128 [1 0 1 1 1 1 1 0 0 0 0 1 0 1 1 0 1 1 0 1 0 0 0 0 0 0 1 0 0 1 0 0 0 0]
4 14 100 0.05290465424911128 [1 0 1 1 1 1 1 0 0 0 0 1 0 1 1 0 1 1 0 1 0 0 0 0 0 0 1 0 0 1 0 0 0 0]
5 14 100 0.05290465424911128 [1 0 1 1 1 1 1 0 0 0 0 1 0 1 1 0 1 1 0 1 0 0 0 0 0 0 1 0 0 1 0 0 0 0]
6 14 100 0.05290465424911128 [1 0 1 1 1 1 1 0 0 0 0 1 0 1 1 0 1 1 0 1 0 0 0 0 0 0 1 0 0 1 0 0 0 0]
7 14 100 0.05290465424911128 [1 0 1 1 1 1 1 0 0 0 0 1 0 1 1 0 1 1 0 1 0 0 0 0 0 0 1 0 0 1 0 0 0 0]
8 14 100 0.05290465424911128 [1 0 1 1 1 1 1 0 0 0 0 1 0 1 1 0 1 1 0 1 0 0 0 0 0 0 1 0 0 1 0 0 0 0]
9 19 100 0.04978091609651669 [1 0 1 1 1 1 1 1 0 1 0 1 0 0 0 1 1 1 0 1 1 0 1 0 0 1 0 0 1 0 1 1 0 0]
10 19 100 0.04978091609651669 [1 0 1 1 1 1 1 1 0 1 0 1 0 0 0 1 1 1 0 1 1 0 1 0 0 1 0 0 1 0 1 1 0 0]
11 19 100 0.04978091609651669 [1 0 1 1 1 1 1 1 0 1 0 1 0 0 0 1 1 1 0 1 1 0 1 0 0 1 0 0 1 0 1 1 0 0]
12 19 100 0.04978091609651669 [1 0 1 1 1 1 1 1 0 1 0 1 0 0 0 1 1 1 0 1 1 0 1 0 0 1 0 0 1 0 1 1 0 0]
13 19 100 0.04978091609651669 [1 0 1 1 1 1 1 1 0 1 0 1 0 0 0 1 1 1 0 1 1 0 1 0 0 1 0 0 1 0 1 1 0 0]
14 19 100 0.04978091609651669 [1 0 1 1 1 1 1 1 0 1 0 1 0 0 0 1 1 1 0 1 1 0 1 0 0 1 0 0 1 0 1 1 0 0]
15 19 100 0.04978091609651669 [1 0 1 1 1 1 1 1 0 1 0 1 0 0 0 1 1 1 0 1 1 0 1 0 0 1 0 0 1 0 1 1 0 0]
16 19 100 0.04978091609651669 [1 0 1 1 1 1 1 1 0 1 0 1 0 0 0 1 1 1 0 1 1 0 1 0 0 1 0 0 1 0 1 1 0 0]
17 19 100 0.04978091609651669 [1 0 1 1 1 1 1 1 0 1 0 1 0 0 0 1 1 1 0 1 1 0 1 0 0 1 0 0 1 0 1 1 0 0]
18 19 100 0.04978091609651669 [1 0 1 1 1 1 1 1 0 1 0 1 0 0 0 1 1 1 0 1 1 0 1 0 0 1 0 0 1 0 1 1 0 0]
19 19 100 0.04978091609651669 [1 0 1 1 1 1 1 1 0 1 0 1 0 0 0 1 1 1 0 1 1 0 1 0 0 1 0 0 1 0 1 1 0 0]
20 19 100 0.04978091609651669 [1 0 1 1 1 1 1 1 0 1 0 1 0 0 0 1 1 1 0 1 1 0 1 0 0 1 0 0 1 0 1 1 0 0]
21 19 100 0.04978091609651669 [1 0 1 1 1 1 1 1 0 1 0 1 0 0 0 1 1 1 0 1 1 0 1 0 0 1 0 0 1 0 1 1 0 0]
22 19 100 0.04978091609651669 [1 0 1 1 1 1 1 1 0 1 0 1 0 0 0 1 1 1 0 1 1 0 1 0 0 1 0 0 1 0 1 1 0 0]
23 19 100 0.04978091609651669 [1 0 1 1 1 1 1 1 0 1 0 1 0 0 0 1 1 1 0 1 1 0 1 0 0 1 0 0 1 0 1 1 0 0]
24 19 100 0.04978091609651669 [1 0 1 1 1 1 1 1 0 1 0 1 0 0 0 1 1 1 0 1 1 0 1 0 0 1 0 0 1 0 1 1 0 0]
25 19 100 0.04978091609651669 [1 0 1 1 1 1 1 1 0 1 0 1 0 0 0 1 1 1 0 1 1 0 1 0 0 1 0 0 1 0 1 1 0 0]
26 17 100 0.049327354260089606 [1 0 1 1 1 1 1 0 0 1 0 1 0 0 0 0 1 0 0 0 1 0 1 0 0 1 1 1 0 1 0 0 1 1]
27 17 100 0.049327354260089606 [1 0 1 1 1 1 1 0 0 1 0 1 0 0 0 0 1 0 0 0 1 0 1 0 0 1 1 1 0 1 0 0 1 1]
28 17 100 0.049327354260089606 [1 0 1 1 1 1 1 0 0 1 0 1 0 0 0 0 1 0 0 0 1 0 1 0 0 1 1 1 0 1 0 0 1 1]
29 17 100 0.049327354260089606 [1 0 1 1 1 1 1 0 0 1 0 1 0 0 0 0 1 0 0 0 1 0 1 0 0 1 1 1 0 1 0 0 1 1]
30 17 100 0.049327354260089606 [1 0 1 1 1 1 1 0 0 1 0 1 0 0 0 0 1 0 0 0 1 0 1 0 0 1 1 1 0 1 0 0 1 1]
31 17 100 0.049327354260089606 [1 0 1 1 1 1 1 0 0 1 0 1 0 0 0 0 1 0 0 0 1 0 1 0 0 1 1 1 0 1 0 0 1 1]
32 17 100 0.049327354260089606 [1 0 1 1 1 1 1 0 0 1 0 1 0 0 0 0 1 0 0 0 1 0 1 0 0 1 1 1 0 1 0 0 1 1]
33 17 100 0.049327354260089606 [1 0 1 1 1 1 1 0 0 1 0 1 0 0 0 0 1 0 0 0 1 0 1 0 0 1 1 1 0 1 0 0 1 1]
34 17 100 0.049327354260089606 [1 0 1 1 1 1 1 0 0 1 0 1 0 0 0 0 1 0 0 0 1 0 1 0 0 1 1 1 0 1 0 0 1 1]
35 17 100 0.049327354260089606 [1 0 1 1 1 1 1 0 0 1 0 1 0 0 0 0 1 0 0 0 1 0 1 0 0 1 1 1 0 1 0 0 1 1]
36 17 100 0.049327354260089606 [1 0 1 1 1 1 1 0 0 1 0 1 0 0 0 0 1 0 0 0 1 0 1 0 0 1 1 1 0 1 0 0 1 1]
37 17 100 0.049327354260089606 [1 0 1 1 1 1 1 0 0 1 0 1 0 0 0 0 1 0 0 0 1 0 1 0 0 1 1 1 0 1 0 0 1 1]
38 17 100 0.049327354260089606 [1 0 1 1 1 1 1 0 0 1 0 1 0 0 0 0 1 0 0 0 1 0 1 0 0 1 1 1 0 1 0 0 1 1]
39 17 100 0.049327354260089606 [1 0 1 1 1 1 1 0 0 1 0 1 0 0 0 0 1 0 0 0 1 0 1 0 0 1 1 1 0 1 0 0 1 1]
40 17 100 0.049327354260089606 [1 0 1 1 1 1 1 0 0 1 0 1 0 0 0 0 1 0 0 0 1 0 1 0 0 1 1 1 0 1 0 0 1 1]
41 17 100 0.049327354260089606 [1 0 1 1 1 1 1 0 0 1 0 1 0 0 0 0 1 0 0 0 1 0 1 0 0 1 1 1 0 1 0 0 1 1]
42 17 100 0.049327354260089606 [1 0 1 1 1 1 1 0 0 1 0 1 0 0 0 0 1 0 0 0 1 0 1 0 0 1 1 1 0 1 0 0 1 1]
43 17 100 0.049327354260089606 [1 0 1 1 1 1 1 0 0 1 0 1 0 0 0 0 1 0 0 0 1 0 1 0 0 1 1 1 0 1 0 0 1 1]
44 17 100 0.049327354260089606 [1 0 1 1 1 1 1 0 0 1 0 1 0 0 0 0 1 0 0 0 1 0 1 0 0 1 1 1 0 1 0 0 1 1]
45 17 100 0.049327354260089606 [1 0 1 1 1 1 1 0 0 1 0 1 0 0 0 0 1 0 0 0 1 0 1 0 0 1 1 1 0 1 0 0 1 1]
46 17 100 0.049327354260089606 [1 0 1 1 1 1 1 0 0 1 0 1 0 0 0 0 1 0 0 0 1 0 1 0 0 1 1 1 0 1 0 0 1 1]
47 17 100 0.049327354260089606 [1 0 1 1 1 1 1 0 0 1 0 1 0 0 0 0 1 0 0 0 1 0 1 0 0 1 1 1 0 1 0 0 1 1]
48 17 100 0.049327354260089606 [1 0 1 1 1 1 1 0 0 1 0 1 0 0 0 0 1 0 0 0 1 0 1 0 0 1 1 1 0 1 0 0 1 1]
49 17 100 0.049327354260089606 [1 0 1 1 1 1 1 0 0 1 0 1 0 0 0 0 1 0 0 0 1 0 1 0 0 1 1 1 0 1 0 0 1 1]
50 17 100 0.049327354260089606 [1 0 1 1 1 1 1 0 0 1 0 1 0 0 0 0 1 0 0 0 1 0 1 0 0 1 1 1 0 1 0 0 1 1]
51 17 100 0.049327354260089606 [1 0 1 1 1 1 1 0 0 1 0 1 0 0 0 0 1 0 0 0 1 0 1 0 0 1 1 1 0 1 0 0 1 1]
52 21 100 0.048226046314000404 [1 1 1 1 1 1 1 1 0 1 0 1 0 1 1 0 1 0 0 0 0 0 1 0 0 0 1 1 1 1 1 0 1 1]
53 21 100 0.048226046314000404 [1 1 1 1 1 1 1 1 0 1 0 1 0 1 1 0 1 0 0 0 0 0 1 0 0 0 1 1 1 1 1 0 1 1]
54 21 100 0.048226046314000404 [1 1 1 1 1 1 1 1 0 1 0 1 0 1 1 0 1 0 0 0 0 0 1 0 0 0 1 1 1 1 1 0 1 1]
55 21 100 0.048226046314000404 [1 1 1 1 1 1 1 1 0 1 0 1 0 1 1 0 1 0 0 0 0 0 1 0 0 0 1 1 1 1 1 0 1 1]
56 21 100 0.048226046314000404 [1 1 1 1 1 1 1 1 0 1 0 1 0 1 1 0 1 0 0 0 0 0 1 0 0 0 1 1 1 1 1 0 1 1]
57 21 100 0.048226046314000404 [1 1 1 1 1 1 1 1 0 1 0 1 0 1 1 0 1 0 0 0 0 0 1 0 0 0 1 1 1 1 1 0 1 1]
58 21 100 0.048226046314000404 [1 1 1 1 1 1 1 1 0 1 0 1 0 1 1 0 1 0 0 0 0 0 1 0 0 0 1 1 1 1 1 0 1 1]
59 21 100 0.048226046314000404 [1 1 1 1 1 1 1 1 0 1 0 1 0 1 1 0 1 0 0 0 0 0 1 0 0 0 1 1 1 1 1 0 1 1]
60 21 100 0.048226046314000404 [1 1 1 1 1 1 1 1 0 1 0 1 0 1 1 0 1 0 0 0 0 0 1 0 0 0 1 1 1 1 1 0 1 1]
61 21 100 0.048226046314000404 [1 1 1 1 1 1 1 1 0 1 0 1 0 1 1 0 1 0 0 0 0 0 1 0 0 0 1 1 1 1 1 0 1 1]
62 21 100 0.048226046314000404 [1 1 1 1 1 1 1 1 0 1 0 1 0 1 1 0 1 0 0 0 0 0 1 0 0 0 1 1 1 1 1 0 1 1]
63 21 100 0.048226046314000404 [1 1 1 1 1 1 1 1 0 1 0 1 0 1 1 0 1 0 0 0 0 0 1 0 0 0 1 1 1 1 1 0 1 1]
64 21 100 0.048226046314000404 [1 1 1 1 1 1 1 1 0 1 0 1 0 1 1 0 1 0 0 0 0 0 1 0 0 0 1 1 1 1 1 0 1 1]
65 21 100 0.048226046314000404 [1 1 1 1 1 1 1 1 0 1 0 1 0 1 1 0 1 0 0 0 0 0 1 0 0 0 1 1 1 1 1 0 1 1]
66 21 100 0.048226046314000404 [1 1 1 1 1 1 1 1 0 1 0 1 0 1 1 0 1 0 0 0 0 0 1 0 0 0 1 1 1 1 1 0 1 1]
67 21 100 0.048226046314000404 [1 1 1 1 1 1 1 1 0 1 0 1 0 1 1 0 1 0 0 0 0 0 1 0 0 0 1 1 1 1 1 0 1 1]
68 21 100 0.048226046314000404 [1 1 1 1 1 1 1 1 0 1 0 1 0 1 1 0 1 0 0 0 0 0 1 0 0 0 1 1 1 1 1 0 1 1]
69 21 100 0.048226046314000404 [1 1 1 1 1 1 1 1 0 1 0 1 0 1 1 0 1 0 0 0 0 0 1 0 0 0 1 1 1 1 1 0 1 1]
70 21 100 0.048226046314000404 [1 1 1 1 1 1 1 1 0 1 0 1 0 1 1 0 1 0 0 0 0 0 1 0 0 0 1 1 1 1 1 0 1 1]
71 21 100 0.048226046314000404 [1 1 1 1 1 1 1 1 0 1 0 1 0 1 1 0 1 0 0 0 0 0 1 0 0 0 1 1 1 1 1 0 1 1]
72 21 100 0.048226046314000404 [1 1 1 1 1 1 1 1 0 1 0 1 0 1 1 0 1 0 0 0 0 0 1 0 0 0 1 1 1 1 1 0 1 1]
73 21 100 0.048226046314000404 [1 1 1 1 1 1 1 1 0 1 0 1 0 1 1 0 1 0 0 0 0 0 1 0 0 0 1 1 1 1 1 0 1 1]
74 21 100 0.046675814887735534 [1 1 1 1 1 1 1 1 0 0 0 1 1 1 1 0 1 0 0 1 0 0 1 0 1 1 0 1 1 0 1 0 1 0]
75 21 100 0.046675814887735534 [1 1 1 1 1 1 1 1 0 0 0 1 1 1 1 0 1 0 0 1 0 0 1 0 1 1 0 1 1 0 1 0 1 0]
76 21 100 0.046675814887735534 [1 1 1 1 1 1 1 1 0 0 0 1 1 1 1 0 1 0 0 1 0 0 1 0 1 1 0 1 1 0 1 0 1 0]
77 21 100 0.046675814887735534 [1 1 1 1 1 1 1 1 0 0 0 1 1 1 1 0 1 0 0 1 0 0 1 0 1 1 0 1 1 0 1 0 1 0]
78 21 100 0.046675814887735534 [1 1 1 1 1 1 1 1 0 0 0 1 1 1 1 0 1 0 0 1 0 0 1 0 1 1 0 1 1 0 1 0 1 0]
79 21 100 0.046675814887735534 [1 1 1 1 1 1 1 1 0 0 0 1 1 1 1 0 1 0 0 1 0 0 1 0 1 1 0 1 1 0 1 0 1 0]
80 21 100 0.046675814887735534 [1 1 1 1 1 1 1 1 0 0 0 1 1 1 1 0 1 0 0 1 0 0 1 0 1 1 0 1 1 0 1 0 1 0]
81 21 100 0.046675814887735534 [1 1 1 1 1 1 1 1 0 0 0 1 1 1 1 0 1 0 0 1 0 0 1 0 1 1 0 1 1 0 1 0 1 0]
82 21 100 0.046675814887735534 [1 1 1 1 1 1 1 1 0 0 0 1 1 1 1 0 1 0 0 1 0 0 1 0 1 1 0 1 1 0 1 0 1 0]
83 21 100 0.046675814887735534 [1 1 1 1 1 1 1 1 0 0 0 1 1 1 1 0 1 0 0 1 0 0 1 0 1 1 0 1 1 0 1 0 1 0]
84 21 100 0.046675814887735534 [1 1 1 1 1 1 1 1 0 0 0 1 1 1 1 0 1 0 0 1 0 0 1 0 1 1 0 1 1 0 1 0 1 0]
85 21 100 0.046675814887735534 [1 1 1 1 1 1 1 1 0 0 0 1 1 1 1 0 1 0 0 1 0 0 1 0 1 1 0 1 1 0 1 0 1 0]
86 21 100 0.046675814887735534 [1 1 1 1 1 1 1 1 0 0 0 1 1 1 1 0 1 0 0 1 0 0 1 0 1 1 0 1 1 0 1 0 1 0]
87 21 100 0.046675814887735534 [1 1 1 1 1 1 1 1 0 0 0 1 1 1 1 0 1 0 0 1 0 0 1 0 1 1 0 1 1 0 1 0 1 0]
88 21 100 0.046675814887735534 [1 1 1 1 1 1 1 1 0 0 0 1 1 1 1 0 1 0 0 1 0 0 1 0 1 1 0 1 1 0 1 0 1 0]
89 21 100 0.046675814887735534 [1 1 1 1 1 1 1 1 0 0 0 1 1 1 1 0 1 0 0 1 0 0 1 0 1 1 0 1 1 0 1 0 1 0]
90 21 100 0.046675814887735534 [1 1 1 1 1 1 1 1 0 0 0 1 1 1 1 0 1 0 0 1 0 0 1 0 1 1 0 1 1 0 1 0 1 0]
91 21 100 0.046675814887735534 [1 1 1 1 1 1 1 1 0 0 0 1 1 1 1 0 1 0 0 1 0 0 1 0 1 1 0 1 1 0 1 0 1 0]
92 21 100 0.046675814887735534 [1 1 1 1 1 1 1 1 0 0 0 1 1 1 1 0 1 0 0 1 0 0 1 0 1 1 0 1 1 0 1 0 1 0]
93 21 100 0.046675814887735534 [1 1 1 1 1 1 1 1 0 0 0 1 1 1 1 0 1 0 0 1 0 0 1 0 1 1 0 1 1 0 1 0 1 0]
94 21 100 0.046675814887735534 [1 1 1 1 1 1 1 1 0 0 0 1 1 1 1 0 1 0 0 1 0 0 1 0 1 1 0 1 1 0 1 0 1 0]
95 21 100 0.046675814887735534 [1 1 1 1 1 1 1 1 0 0 0 1 1 1 1 0 1 0 0 1 0 0 1 0 1 1 0 1 1 0 1 0 1 0]
96 21 100 0.046675814887735534 [1 1 1 1 1 1 1 1 0 0 0 1 1 1 1 0 1 0 0 1 0 0 1 0 1 1 0 1 1 0 1 0 1 0]
97 21 100 0.046675814887735534 [1 1 1 1 1 1 1 1 0 0 0 1 1 1 1 0 1 0 0 1 0 0 1 0 1 1 0 1 1 0 1 0 1 0]
98 21 100 0.046675814887735534 [1 1 1 1 1 1 1 1 0 0 0 1 1 1 1 0 1 0 0 1 0 0 1 0 1 1 0 1 1 0 1 0 1 0]
99 21 100 0.046675814887735534 [1 1 1 1 1 1 1 1 0 0 0 1 1 1 1 0 1 0 0 1 0 0 1 0 1 1 0 1 1 0 1 0 1 0]
100 21 100 0.046675814887735534 [1 1 1 1 1 1 1 1 0 0 0 1 1 1 1 0 1 0 0 1 0 0 1 0 1 1 0 1 1 0 1 0 1 0]
101 21 100 0.046675814887735534 [1 1 1 1 1 1 1 1 0 0 0 1 1 1 1 0 1 0 0 1 0 0 1 0 1 1 0 1 1 0 1 0 1 0]
102 21 100 0.046675814887735534 [1 1 1 1 1 1 1 1 0 0 0 1 1 1 1 0 1 0 0 1 0 0 1 0 1 1 0 1 1 0 1 0 1 0]
103 21 100 0.046675814887735534 [1 1 1 1 1 1 1 1 0 0 0 1 1 1 1 0 1 0 0 1 0 0 1 0 1 1 0 1 1 0 1 0 1 0]
104 21 100 0.046675814887735534 [1 1 1 1 1 1 1 1 0 0 0 1 1 1 1 0 1 0 0 1 0 0 1 0 1 1 0 1 1 0 1 0 1 0]
105 21 100 0.046675814887735534 [1 1 1 1 1 1 1 1 0 0 0 1 1 1 1 0 1 0 0 1 0 0 1 0 1 1 0 1 1 0 1 0 1 0]
106 21 100 0.046675814887735534 [1 1 1 1 1 1 1 1 0 0 0 1 1 1 1 0 1 0 0 1 0 0 1 0 1 1 0 1 1 0 1 0 1 0]
107 21 100 0.046675814887735534 [1 1 1 1 1 1 1 1 0 0 0 1 1 1 1 0 1 0 0 1 0 0 1 0 1 1 0 1 1 0 1 0 1 0]
108 21 100 0.046675814887735534 [1 1 1 1 1 1 1 1 0 0 0 1 1 1 1 0 1 0 0 1 0 0 1 0 1 1 0 1 1 0 1 0 1 0]
109 21 100 0.046675814887735534 [1 1 1 1 1 1 1 1 0 0 0 1 1 1 1 0 1 0 0 1 0 0 1 0 1 1 0 1 1 0 1 0 1 0]
110 21 100 0.046675814887735534 [1 1 1 1 1 1 1 1 0 0 0 1 1 1 1 0 1 0 0 1 0 0 1 0 1 1 0 1 1 0 1 0 1 0]
111 21 100 0.046675814887735534 [1 1 1 1 1 1 1 1 0 0 0 1 1 1 1 0 1 0 0 1 0 0 1 0 1 1 0 1 1 0 1 0 1 0]
112 21 100 0.046675814887735534 [1 1 1 1 1 1 1 1 0 0 0 1 1 1 1 0 1 0 0 1 0 0 1 0 1 1 0 1 1 0 1 0 1 0]
113 21 100 0.046675814887735534 [1 1 1 1 1 1 1 1 0 0 0 1 1 1 1 0 1 0 0 1 0 0 1 0 1 1 0 1 1 0 1 0 1 0]
114 21 100 0.046675814887735534 [1 1 1 1 1 1 1 1 0 0 0 1 1 1 1 0 1 0 0 1 0 0 1 0 1 1 0 1 1 0 1 0 1 0]
115 21 100 0.046675814887735534 [1 1 1 1 1 1 1 1 0 0 0 1 1 1 1 0 1 0 0 1 0 0 1 0 1 1 0 1 1 0 1 0 1 0]
116 21 100 0.046675814887735534 [1 1 1 1 1 1 1 1 0 0 0 1 1 1 1 0 1 0 0 1 0 0 1 0 1 1 0 1 1 0 1 0 1 0]
117 21 100 0.046675814887735534 [1 1 1 1 1 1 1 1 0 0 0 1 1 1 1 0 1 0 0 1 0 0 1 0 1 1 0 1 1 0 1 0 1 0]
118 21 100 0.046675814887735534 [1 1 1 1 1 1 1 1 0 0 0 1 1 1 1 0 1 0 0 1 0 0 1 0 1 1 0 1 1 0 1 0 1 0]
119 21 100 0.046675814887735534 [1 1 1 1 1 1 1 1 0 0 0 1 1 1 1 0 1 0 0 1 0 0 1 0 1 1 0 1 1 0 1 0 1 0]
120 21 100 0.046675814887735534 [1 1 1 1 1 1 1 1 0 0 0 1 1 1 1 0 1 0 0 1 0 0 1 0 1 1 0 1 1 0 1 0 1 0]
121 21 100 0.046675814887735534 [1 1 1 1 1 1 1 1 0 0 0 1 1 1 1 0 1 0 0 1 0 0 1 0 1 1 0 1 1 0 1 0 1 0]
122 21 100 0.046675814887735534 [1 1 1 1 1 1 1 1 0 0 0 1 1 1 1 0 1 0 0 1 0 0 1 0 1 1 0 1 1 0 1 0 1 0]
123 21 100 0.046675814887735534 [1 1 1 1 1 1 1 1 0 0 0 1 1 1 1 0 1 0 0 1 0 0 1 0 1 1 0 1 1 0 1 0 1 0]
124 21 100 0.046675814887735534 [1 1 1 1 1 1 1 1 0 0 0 1 1 1 1 0 1 0 0 1 0 0 1 0 1 1 0 1 1 0 1 0 1 0]
125 21 100 0.046675814887735534 [1 1 1 1 1 1 1 1 0 0 0 1 1 1 1 0 1 0 0 1 0 0 1 0 1 1 0 1 1 0 1 0 1 0]
126 21 100 0.046675814887735534 [1 1 1 1 1 1 1 1 0 0 0 1 1 1 1 0 1 0 0 1 0 0 1 0 1 1 0 1 1 0 1 0 1 0]
127 21 100 0.046675814887735534 [1 1 1 1 1 1 1 1 0 0 0 1 1 1 1 0 1 0 0 1 0 0 1 0 1 1 0 1 1 0 1 0 1 0]
128 21 100 0.046675814887735534 [1 1 1 1 1 1 1 1 0 0 0 1 1 1 1 0 1 0 0 1 0 0 1 0 1 1 0 1 1 0 1 0 1 0]
129 21 100 0.046675814887735534 [1 1 1 1 1 1 1 1 0 0 0 1 1 1 1 0 1 0 0 1 0 0 1 0 1 1 0 1 1 0 1 0 1 0]
130 21 100 0.046675814887735534 [1 1 1 1 1 1 1 1 0 0 0 1 1 1 1 0 1 0 0 1 0 0 1 0 1 1 0 1 1 0 1 0 1 0]
131 21 100 0.046675814887735534 [1 1 1 1 1 1 1 1 0 0 0 1 1 1 1 0 1 0 0 1 0 0 1 0 1 1 0 1 1 0 1 0 1 0]
132 21 100 0.046675814887735534 [1 1 1 1 1 1 1 1 0 0 0 1 1 1 1 0 1 0 0 1 0 0 1 0 1 1 0 1 1 0 1 0 1 0]
133 21 100 0.046675814887735534 [1 1 1 1 1 1 1 1 0 0 0 1 1 1 1 0 1 0 0 1 0 0 1 0 1 1 0 1 1 0 1 0 1 0]
134 21 100 0.046675814887735534 [1 1 1 1 1 1 1 1 0 0 0 1 1 1 1 0 1 0 0 1 0 0 1 0 1 1 0 1 1 0 1 0 1 0]
135 21 100 0.046675814887735534 [1 1 1 1 1 1 1 1 0 0 0 1 1 1 1 0 1 0 0 1 0 0 1 0 1 1 0 1 1 0 1 0 1 0]
136 21 100 0.046675814887735534 [1 1 1 1 1 1 1 1 0 0 0 1 1 1 1 0 1 0 0 1 0 0 1 0 1 1 0 1 1 0 1 0 1 0]
137 21 100 0.046675814887735534 [1 1 1 1 1 1 1 1 0 0 0 1 1 1 1 0 1 0 0 1 0 0 1 0 1 1 0 1 1 0 1 0 1 0]
138 21 100 0.046675814887735534 [1 1 1 1 1 1 1 1 0 0 0 1 1 1 1 0 1 0 0 1 0 0 1 0 1 1 0 1 1 0 1 0 1 0]
139 21 100 0.046675814887735534 [1 1 1 1 1 1 1 1 0 0 0 1 1 1 1 0 1 0 0 1 0 0 1 0 1 1 0 1 1 0 1 0 1 0]
140 21 100 0.046675814887735534 [1 1 1 1 1 1 1 1 0 0 0 1 1 1 1 0 1 0 0 1 0 0 1 0 1 1 0 1 1 0 1 0 1 0]
141 21 100 0.046675814887735534 [1 1 1 1 1 1 1 1 0 0 0 1 1 1 1 0 1 0 0 1 0 0 1 0 1 1 0 1 1 0 1 0 1 0]
142 21 100 0.046675814887735534 [1 1 1 1 1 1 1 1 0 0 0 1 1 1 1 0 1 0 0 1 0 0 1 0 1 1 0 1 1 0 1 0 1 0]
143 21 100 0.046675814887735534 [1 1 1 1 1 1 1 1 0 0 0 1 1 1 1 0 1 0 0 1 0 0 1 0 1 1 0 1 1 0 1 0 1 0]
144 21 100 0.046675814887735534 [1 1 1 1 1 1 1 1 0 0 0 1 1 1 1 0 1 0 0 1 0 0 1 0 1 1 0 1 1 0 1 0 1 0]
145 21 100 0.046675814887735534 [1 1 1 1 1 1 1 1 0 0 0 1 1 1 1 0 1 0 0 1 0 0 1 0 1 1 0 1 1 0 1 0 1 0]
146 21 100 0.046675814887735534 [1 1 1 1 1 1 1 1 0 0 0 1 1 1 1 0 1 0 0 1 0 0 1 0 1 1 0 1 1 0 1 0 1 0]
147 21 100 0.046675814887735534 [1 1 1 1 1 1 1 1 0 0 0 1 1 1 1 0 1 0 0 1 0 0 1 0 1 1 0 1 1 0 1 0 1 0]
148 21 100 0.046675814887735534 [1 1 1 1 1 1 1 1 0 0 0 1 1 1 1 0 1 0 0 1 0 0 1 0 1 1 0 1 1 0 1 0 1 0]
149 21 100 0.046675814887735534 [1 1 1 1 1 1 1 1 0 0 0 1 1 1 1 0 1 0 0 1 0 0 1 0 1 1 0 1 1 0 1 0 1 0]
150 21 100 0.046675814887735534 [1 1 1 1 1 1 1 1 0 0 0 1 1 1 1 0 1 0 0 1 0 0 1 0 1 1 0 1 1 0 1 0 1 0]
