0 22 100 0.0580497224233647 [1 1 1 0 1 1 1 1 1 1 1 1 0 1 0 1 0 0 0 1 1 1 0 1 1 1 0 0 1 0 0 1 1 0]
1 21 100 0.051340445083702946 [1 1 1 1 1 1 1 1 0 0 0 1 0 1 0 1 0 0 1 1 0 0 0 1 1 0 0 1 1 0 1 1 1 1]
2 21 100 0.051340445083702946 [1 1 1 1 1 1 1 1 0 0 0 1 0 1 0 1 0 0 1 1 0 0 0 1 1 0 0 1 1 0 1 1 1 1]
3 18 100 0.04978091609651669 [1 0 1 1 1 1 1 0 0 1 0 1 0 1 0 0 1 0 0 0 0 1 0 1 1 0 0 1 1 0 1 1 1 0]
4 18 100 0.04978091609651669 [1 0 1 1 1 1 1 0 0 1 0 1 0 1 0 0 1 0 0 0 0 1 0 1 1 0 0 1 1 0 1 1 1 0]
5 18 100 0.04978091609651669 [1 0 1 1 1 1 1 0 0 1 0 1 0 1 0 0 1 0 0 0 0 1 0 1 1 0 0 1 1 0 1 1 1 0]
6 18 100 0.04978091609651669 [1 0 1 1 1 1 1 0 0 1 0 1 0 1 0 0 1 0 0 0 0 1 0 1 1 0 0 1 1 0 1 1 1 0]
7 18 100 0.04978091609651669 [1 0 1 1 1 1 1 0 0 1 0 1 0 1 0 0 1 0 0 0 0 1 0 1 1 0 0 1 1 0 1 1 1 0]
8 18 100 0.04978091609651669 [1 0 1 1 1 1 1 0 0 1 0 1 0 1 0 0 1 0 0 0 0 1 0 1 1 0 0 1 1 0 1 1 1 0]
9 18 100 0.04978091609651669 [1 0 1 1 1 1 1 0 0 1 0 1 0 1 0 0 1 0 0 0 0 1 0 1 1 0 0 1 1 0 1 1 1 0]
10 18 100 0.04978091609651669 [1 0 1 1 1 1 1 0 0 1 0 1 0 1 0 0 1 0 0 0 0 1 0 1 1 0 0 1 1 0 1 1 1 0]
11 18 100 0.04978091609651669 [1 0 1 1 1 1 1 0 0 1 0 1 0 1 0 0 1 0 0 0 0 1 0 1 1 0 0 1 1 0 1 1 1 0]
12 18 100 0.04978091609651669 [1 0 1 1 1 1 1 0 0 1 0 1 0 1 0 0 1 0 0 0 0 1 0 1 1 0 0 1 1 0 1 1 1 0]
13 18 100 0.04978091609651669 [1 0 1 1 1 1 1 0 0 1 0 1 0 1 0 0 1 0 0 0 0 1 0 1 1 0 0 1 1 0 1 1 1 0]
14 18 100 0.04978091609651669 [1 0 1 1 1 1 1 0 0 1 0 1 0 1 0 0 1 0 0 0 0 1 0 1 1 0 0 1 1 0 1 1 1 0]
15 18 100 0.04978091609651669 [1 0 1 1 1 1 1 0 0 1 0 1 0 1 0 0 1 0 0 0 0 1 0 1 1 0 0 1 1 0 1 1 1 0]
16 18 100 0.04978091609651669 [1 0 1 1 1 1 1 0 0 1 0 1 0 1 0 0 1 0 0 0 0 1 0 1 1 0 0 1 1 0 1 1 1 0]
17 18 100 0.04978091609651669 [1 0 1 1 1 1 1 0 0 1 0 1 0 1 0 0 1 0 0 0 0 1 0 1 1 0 0 1 1 0 1 1 1 0]
18 18 100 0.04978091609651669 [1 0 1 1 1 1 1 0 0 1 0 1 0 1 0 0 1 0 0 0 0 1 0 1 1 0 0 1 1 0 1 1 1 0]
19 18 100 0.04978091609651669 [1 0 1 1 1 1 1 0 0 1 0 1 0 1 0 0 1 0 0 0 0 1 0 1 1 0 0 1 1 0 1 1 1 0]
20 18 100 0.04978091609651669 [1 0 1 1 1 1 1 0 0 1 0 1 0 1 0 0 1 0 0 0 0 1 0 1 1 0 0 1 1 0 1 1 1 0]
21 18 100 0.04978091609651669 [1 0 1 1 1 1 1 0 0 1 0 1 0 1 0 0 1 0 0 0 0 1 0 1 1 0 0 1 1 0 1 1 1 0]
22 18 100 0.04978091609651669 [1 0 1 1 1 1 1 0 0 1 0 1 0 1 0 0 1 0 0 0 0 1 0 1 1 0 0 1 1 0 1 1 1 0]
23 18 100 0.04978091609651669 [1 0 1 1 1 1 1 0 0 1 0 1 0 1 0 0 1 0 0 0 0 1 0 1 1 0 0 1 1 0 1 1 1 0]
24 18 100 0.04978091609651669 [1 0 1 1 1 1 1 0 0 1 0 1 0 1 0 0 1 0 0 0 0 1 0 1 1 0 0 1 1 0 1 1 1 0]
25 18 100 0.04978091609651669 [1 0 1 1 1 1 1 0 0 1 0 1 0 1 0 0 1 0 0 0 0 1 0 1 1 0 0 1 1 0 1 1 1 0]
26 18 100 0.04978091609651669 [1 0 1 1 1 1 1 0 0 1 0 1 0 1 0 0 1 0 0 0 0 1 0 1 1 0 0 1 1 0 1 1 1 0]
27 18 100 0.04978091609651669 [1 0 1 1 1 1 1 0 0 1 0 1 0 1 0 0 1 0 0 0 0 1 0 1 1 0 0 1 1 0 1 1 1 0]
28 18 100 0.04978091609651669 [1 0 1 1 1 1 1 0 0 1 0 1 0 1 0 0 1 0 0 0 0 1 0 1 1 0 0 1 1 0 1 1 1 0]
29 18 100 0.04978091609651669 [1 0 1 1 1 1 1 0 0 1 0 1 0 1 0 0 1 0 0 0 0 1 0 1 1 0 0 1 1 0 1 1 1 0]
30 18 100 0.04978091609651669 [1 0 1 1 1 1 1 0 0 1 0 1 0 1 0 0 1 0 0 0 0 1 0 1 1 0 0 1 1 0 1 1 1 0]
31 18 100 0.04978091609651669 [1 0 1 1 1 1 1 0 0 1 0 1 0 1 0 0 1 0 0 0 0 1 0 1 1 0 0 1 1 0 1 1 1 0]
32 18 100 0.04978091609651669 [1 0 1 1 1 1 1 0 0 1 0 1 0 1 0 0 1 0 0 0 0 1 0 1 1 0 0 1 1 0 1 1 1 0]
33 18 100 0.04978091609651669 [1 0 1 1 1 1 1 0 0 1 0 1 0 1 0 0 1 0 0 0 0 1 0 1 1 0 0 1 1 0 1 1 1 0]
34 18 100 0.04978091609651669 [1 0 1 1 1 1 1 0 0 1 0 1 0 1 0 0 1 0 0 0 0 1 0 1 1 0 0 1 1 0 1 1 1 0]
35 18 100 0.04978091609651669 [1 0 1 1 1 1 1 0 0 1 0 1 0 1 0 0 1 0 0 0 0 1 0 1 1 0 0 1 1 0 1 1 1 0]
36 18 100 0.04978091609651669 [1 0 1 1 1 1 1 0 0 1 0 1 0 1 0 0 1 0 0 0 0 1 0 1 1 0 0 1 1 0 1 1 1 0]
37 18 100 0.04978091609651669 [1 0 1 1 1 1 1 0 0 1 0 1 0 1 0 0 1 0 0 0 0 1 0 1 1 0 0 1 1 0 1 1 1 0]
38 18 100 0.04978091609651669 [1 0 1 1 1 1 1 0 0 1 0 1 0 1 0 0 1 0 0 0 0 1 0 1 1 0 0 1 1 0 1 1 1 0]
39 18 100 0.04978091609651669 [1 0 1 1 1 1 1 0 0 1 0 1 0 1 0 0 1 0 0 0 0 1 0 1 1 0 0 1 1 0 1 1 1 0]
40 18 100 0.04978091609651669 [1 0 1 1 1 1 1 0 0 1 0 1 0 1 0 0 1 0 0 0 0 1 0 1 1 0 0 1 1 0 1 1 1 0]
41 18 100 0.04978091609651669 [1 0 1 1 1 1 1 0 0 1 0 1 0 1 0 0 1 0 0 0 0 1 0 1 1 0 0 1 1 0 1 1 1 0]
42 18 100 0.04978091609651669 [1 0 1 1 1 1 1 0 0 1 0 1 0 1 0 0 1 0 0 0 0 1 0 1 1 0 0 1 1 0 1 1 1 0]
43 18 100 0.04978091609651669 [1 0 1 1 1 1 1 0 0 1 0 1 0 1 0 0 1 0 0 0 0 1 0 1 1 0 0 1 1 0 1 1 1 0]
44 18 100 0.04978091609651669 [1 0 1 1 1 1 1 0 0 1 0 1 0 1 0 0 1 0 0 0 0 1 0 1 1 0 0 1 1 0 1 1 1 0]
45 18 100 0.04978091609651669 [1 0 1 1 1 1 1 0 0 1 0 1 0 1 0 0 1 0 0 0 0 1 0 1 1 0 0 1 1 0 1 1 1 0]
46 18 100 0.04978091609651669 [1 0 1 1 1 1 1 0 0 1 0 1 0 1 0 0 1 0 0 0 0 1 0 1 1 0 0 1 1 0 1 1 1 0]
47 18 100 0.04978091609651669 [1 0 1 1 1 1 1 0 0 1 0 1 0 1 0 0 1 0 0 0 0 1 0 1 1 0 0 1 1 0 1 1 1 0]
48 18 100 0.04978091609651669 [1 0 1 1 1 1 1 0 0 1 0 1 0 1 0 0 1 0 0 0 0 1 0 1 1 0 0 1 1 0 1 1 1 0]
49 18 100 0.04978091609651669 [1 0 1 1 1 1 1 0 0 1 0 1 0 1 0 0 1 0 0 0 0 1 0 1 1 0 0 1 1 0 1 1 1 0]
50 18 100 0.04978091609651669 [1 0 1 1 1 1 1 0 0 1 0 1 0 1 0 0 1 0 0 0 0 1 0 1 1 0 0 1 1 0 1 1 1 0]
51 18 100 0.04978091609651669 [1 0 1 1 1 1 1 0 0 1 0 1 0 1 0 0 1 0 0 0 0 1 0 1 1 0 0 1 1 0 1 1 1 0]
52 18 100 0.04978091609651669 [1 0 1 1 1 1 1 0 0 1 0 1 0 1 0 0 1 0 0 0 0 1 0 1 1 0 0 1 1 0 1 1 1 0]
53 18 100 0.04978091609651669 [1 0 1 1 1 1 1 0 0 1 0 1 0 1 0 0 1 0 0 0 0 1 0 1 1 0 0 1 1 0 1 1 1 0]
54 18 100 0.04978091609651669 [1 0 1 1 1 1 1 0 0 1 0 1 0 1 0 0 1 0 0 0 0 1 0 1 1 0 0 1 1 0 1 1 1 0]
55 18 100 0.04978091609651669 [1 0 1 1 1 1 1 0 0 1 0 1 0 1 0 0 1 0 0 0 0 1 0 1 1 0 0 1 1 0 1 1 1 0]
56 18 100 0.04978091609651669 [1 0 1 1 1 1 1 0 0 1 0 1 0 1 0 0 1 0 0 0 0 1 0 1 1 0 0 1 1 0 1 1 1 0]
57 18 100 0.04978091609651669 [1 0 1 1 1 1 1 0 0 1 0 1 0 1 0 0 1 0 0 0 0 1 0 1 1 0 0 1 1 0 1 1 1 0]
58 18 100 0.04978091609651669 [1 0 1 1 1 1 1 0 0 1 0 1 0 1 0 0 1 0 0 0 0 1 0 1 1 0 0 1 1 0 1 1 1 0]
59 18 100 0.04978091609651669 [1 0 1 1 1 1 1 0 0 1 0 1 0 1 0 0 1 0 0 0 0 1 0 1 1 0 0 1 1 0 1 1 1 0]
60 18 100 0.04978091609651669 [1 0 1 1 1 1 1 0 0 1 0 1 0 1 0 0 1 0 0 0 0 1 0 1 1 0 0 1 1 0 1 1 1 0]
61 18 100 0.04978091609651669 [1 0 1 1 1 1 1 0 0 1 0 1 0 1 0 0 1 0 0 0 0 1 0 1 1 0 0 1 1 0 1 1 1 0]
62 18 100 0.04978091609651669 [1 0 1 1 1 1 1 0 0 1 0 1 0 1 0 0 1 0 0 0 0 1 0 1 1 0 0 1 1 0 1 1 1 0]
63 18 100 0.04978091609651669 [1 0 1 1 1 1 1 0 0 1 0 1 0 1 0 0 1 0 0 0 0 1 0 1 1 0 0 1 1 0 1 1 1 0]
64 18 100 0.04978091609651669 [1 0 1 1 1 1 1 0 0 1 0 1 0 1 0 0 1 0 0 0 0 1 0 1 1 0 0 1 1 0 1 1 1 0]
65 18 100 0.04978091609651669 [1 0 1 1 1 1 1 0 0 1 0 1 0 1 0 0 1 0 0 0 0 1 0 1 1 0 0 1 1 0 1 1 1 0]
66 18 100 0.04978091609651669 [1 0 1 1 1 1 1 0 0 1 0 1 0 1 0 0 1 0 0 0 0 1 0 1 1 0 0 1 1 0 1 1 1 0]
67 18 100 0.04978091609651669 [1 0 1 1 1 1 1 0 0 1 0 1 0 1 0 0 1 0 0 0 0 1 0 1 1 0 0 1 1 0 1 1 1 0]
68 18 100 0.04978091609651669 [1 0 1 1 1 1 1 0 0 1 0 1 0 1 0 0 1 0 0 0 0 1 0 1 1 0 0 1 1 0 1 1 1 0]
69 18 100 0.04978091609651669 [1 0 1 1 1 1 1 0 0 1 0 1 0 1 0 0 1 0 0 0 0 1 0 1 1 0 0 1 1 0 1 1 1 0]
70 18 100 0.04978091609651669 [1 0 1 1 1 1 1 0 0 1 0 1 0 1 0 0 1 0 0 0 0 1 0 1 1 0 0 1 1 0 1 1 1 0]
71 18 100 0.04978091609651669 [1 0 1 1 1 1 1 0 0 1 0 1 0 1 0 0 1 0 0 0 0 1 0 1 1 0 0 1 1 0 1 1 1 0]
72 18 100 0.04978091609651669 [1 0 1 1 1 1 1 0 0 1 0 1 0 1 0 0 1 0 0 0 0 1 0 1 1 0 0 1 1 0 1 1 1 0]
73 18 100 0.04978091609651669 [1 0 1 1 1 1 1 0 0 1 0 1 0 1 0 0 1 0 0 0 0 1 0 1 1 0 0 1 1 0 1 1 1 0]
74 18 100 0.04978091609651669 [1 0 1 1 1 1 1 0 0 1 0 1 0 1 0 0 1 0 0 0 0 1 0 1 1 0 0 1 1 0 1 1 1 0]
75 18 100 0.04978091609651669 [1 0 1 1 1 1 1 0 0 1 0 1 0 1 0 0 1 0 0 0 0 1 0 1 1 0 0 1 1 0 1 1 1 0]
76 18 100 0.04978091609651669 [1 0 1 1 1 1 1 0 0 1 0 1 0 1 0 0 1 0 0 0 0 1 0 1 1 0 0 1 1 0 1 1 1 0]
77 18 100 0.04978091609651669 [1 0 1 1 1 1 1 0 0 1 0 1 0 1 0 0 1 0 0 0 0 1 0 1 1 0 0 1 1 0 1 1 1 0]
78 18 100 0.04978091609651669 [1 0 1 1 1 1 1 0 0 1 0 1 0 1 0 0 1 0 0 0 0 1 0 1 1 0 0 1 1 0 1 1 1 0]
79 18 100 0.04978091609651669 [1 0 1 1 1 1 1 0 0 1 0 1 0 1 0 0 1 0 0 0 0 1 0 1 1 0 0 1 1 0 1 1 1 0]
80 22 100 0.046675814887735534 [1 1 1 1 1 1 1 1 0 1 0 1 0 1 1 1 0 1 1 0 1 0 0 1 1 0 0 0 1 0 1 1 1 0]
81 22 100 0.046675814887735534 [1 1 1 1 1 1 1 1 0 1 0 1 0 1 1 1 0 1 1 0 1 0 0 1 1 0 0 0 1 0 1 1 1 0]
82 22 100 0.046675814887735534 [1 1 1 1 1 1 1 1 0 1 0 1 0 1 1 1 0 1 1 0 1 0 0 1 1 0 0 0 1 0 1 1 1 0]
83 22 100 0.046675814887735534 [1 1 1 1 1 1 1 1 0 1 0 1 0 1 1 1 0 1 1 0 1 0 0 1 1 0 0 0 1 0 1 1 1 0]
84 22 100 0.046675814887735534 [1 1 1 1 1 1 1 1 0 1 0 1 0 1 1 1 0 1 1 0 1 0 0 1 1 0 0 0 1 0 1 1 1 0]
85 22 100 0.046675814887735534 [1 1 1 1 1 1 1 1 0 1 0 1 0 1 1 1 0 1 1 0 1 0 0 1 1 0 0 0 1 0 1 1 1 0]
86 22 100 0.046675814887735534 [1 1 1 1 1 1 1 1 0 1 0 1 0 1 1 1 0 1 1 0 1 0 0 1 1 0 0 0 1 0 1 1 1 0]
87 22 100 0.046675814887735534 [1 1 1 1 1 1 1 1 0 1 0 1 0 1 1 1 0 1 1 0 1 0 0 1 1 0 0 0 1 0 1 1 1 0]
88 22 100 0.046675814887735534 [1 1 1 1 1 1 1 1 0 1 0 1 0 1 1 1 0 1 1 0 1 0 0 1 1 0 0 0 1 0 1 1 1 0]
89 22 100 0.046675814887735534 [1 1 1 1 1 1 1 1 0 1 0 1 0 1 1 1 0 1 1 0 1 0 0 1 1 0 0 0 1 0 1 1 1 0]
90 22 100 0.046675814887735534 [1 1 1 1 1 1 1 1 0 1 0 1 0 1 1 1 0 1 1 0 1 0 0 1 1 0 0 0 1 0 1 1 1 0]
91 22 100 0.046675814887735534 [1 1 1 1 1 1 1 1 0 1 0 1 0 1 1 1 0 1 1 0 1 0 0 1 1 0 0 0 1 0 1 1 1 0]
92 22 100 0.046675814887735534 [1 1 1 1 1 1 1 1 0 1 0 1 0 1 1 1 0 1 1 0 1 0 0 1 1 0 0 0 1 0 1 1 1 0]
93 22 100 0.046675814887735534 [1 1 1 1 1 1 1 1 0 1 0 1 0 1 1 1 0 1 1 0 1 0 0 1 1 0 0 0 1 0 1 1 1 0]
94 22 100 0.046675814887735534 [1 1 1 1 1 1 1 1 0 1 0 1 0 1 1 1 0 1 1 0 1 0 0 1 1 0 0 0 1 0 1 1 1 0]
95 22 100 0.046675814887735534 [1 1 1 1 1 1 1 1 0 1 0 1 0 1 1 1 0 1 1 0 1 0 0 1 1 0 0 0 1 0 1 1 1 0]
96 22 100 0.046675814887735534 [1 1 1 1 1 1 1 1 0 1 0 1 0 1 1 1 0 1 1 0 1 0 0 1 1 0 0 0 1 0 1 1 1 0]
97 22 100 0.046675814887735534 [1 1 1 1 1 1 1 1 0 1 0 1 0 1 1 1 0 1 1 0 1 0 0 1 1 0 0 0 1 0 1 1 1 0]
98 22 100 0.046675814887735534 [1 1 1 1 1 1 1 1 0 1 0 1 0 1 1 1 0 1 1 0 1 0 0 1 1 0 0 0 1 0 1 1 1 0]
99 22 100 0.046675814887735534 [1 1 1 1 1 1 1 1 0 1 0 1 0 1 1 1 0 1 1 0 1 0 0 1 1 0 0 0 1 0 1 1 1 0]
100 22 100 0.046675814887735534 [1 1 1 1 1 1 1 1 0 1 0 1 0 1 1 1 0 1 1 0 1 0 0 1 1 0 0 0 1 0 1 1 1 0]
101 22 100 0.046675814887735534 [1 1 1 1 1 1 1 1 0 1 0 1 0 1 1 1 0 1 1 0 1 0 0 1 1 0 0 0 1 0 1 1 1 0]
102 22 100 0.046675814887735534 [1 1 1 1 1 1 1 1 0 1 0 1 0 1 1 1 0 1 1 0 1 0 0 1 1 0 0 0 1 0 1 1 1 0]
103 22 100 0.046675814887735534 [1 1 1 1 1 1 1 1 0 1 0 1 0 1 1 1 0 1 1 0 1 0 0 1 1 0 0 0 1 0 1 1 1 0]
104 22 100 0.046675814887735534 [1 1 1 1 1 1 1 1 0 1 0 1 0 1 1 1 0 1 1 0 1 0 0 1 1 0 0 0 1 0 1 1 1 0]
105 22 100 0.046675814887735534 [1 1 1 1 1 1 1 1 0 1 0 1 0 1 1 1 0 1 1 0 1 0 0 1 1 0 0 0 1 0 1 1 1 0]
106 22 100 0.046675814887735534 [1 1 1 1 1 1 1 1 0 1 0 1 0 1 1 1 0 1 1 0 1 0 0 1 1 0 0 0 1 0 1 1 1 0]
107 22 100 0.046675814887735534 [1 1 1 1 1 1 1 1 0 1 0 1 0 1 1 1 0 1 1 0 1 0 0 1 1 0 0 0 1 0 1 1 1 0]
108 22 100 0.046675814887735534 [1 1 1 1 1 1 1 1 0 1 0 1 0 1 1 1 0 1 1 0 1 0 0 1 1 0 0 0 1 0 1 1 1 0]
109 22 100 0.046675814887735534 [1 1 1 1 1 1 1 1 0 1 0 1 0 1 1 1 0 1 1 0 1 0 0 1 1 0 0 0 1 0 1 1 1 0]
110 22 100 0.046675814887735534 [1 1 1 1 1 1 1 1 0 1 0 1 0 1 1 1 0 1 1 0 1 0 0 1 1 0 0 0 1 0 1 1 1 0]
111 22 100 0.046675814887735534 [1 1 1 1 1 1 1 1 0 1 0 1 0 1 1 1 0 1 1 0 1 0 0 1 1 0 0 0 1 0 1 1 1 0]
112 22 100 0.046675814887735534 [1 1 1 1 1 1 1 1 0 1 0 1 0 1 1 1 0 1 1 0 1 0 0 1 1 0 0 0 1 0 1 1 1 0]
113 22 100 0.046675814887735534 [1 1 1 1 1 1 1 1 0 1 0 1 0 1 1 1 0 1 1 0 1 0 0 1 1 0 0 0 1 0 1 1 1 0]
114 22 100 0.046675814887735534 [1 1 1 1 1 1 1 1 0 1 0 1 0 1 1 1 0 1 1 0 1 0 0 1 1 0 0 0 1 0 1 1 1 0]
115 22 100 0.046675814887735534 [1 1 1 1 1 1 1 1 0 1 0 1 0 1 1 1 0 1 1 0 1 0 0 1 1 0 0 0 1 0 1 1 1 0]
116 22 100 0.046675814887735534 [1 1 1 1 1 1 1 1 0 1 0 1 0 1 1 1 0 1 1 0 1 0 0 1 1 0 0 0 1 0 1 1 1 0]
117 22 100 0.046675814887735534 [1 1 1 1 1 1 1 1 0 1 0 1 0 1 1 1 0 1 1 0 1 0 0 1 1 0 0 0 1 0 1 1 1 0]
118 22 100 0.046675814887735534 [1 1 1 1 1 1 1 1 0 1 0 1 0 1 1 1 0 1 1 0 1 0 0 1 1 0 0 0 1 0 1 1 1 0]
119 22 100 0.046675814887735534 [1 1 1 1 1 1 1 1 0 1 0 1 0 1 1 1 0 1 1 0 1 0 0 1 1 0 0 0 1 0 1 1 1 0]
120 22 100 0.046675814887735534 [1 1 1 1 1 1 1 1 0 1 0 1 0 1 1 1 0 1 1 0 1 0 0 1 1 0 0 0 1 0 1 1 1 0]
121 22 100 0.046675814887735534 [1 1 1 1 1 1 1 1 0 1 0 1 0 1 1 1 0 1 1 0 1 0 0 1 1 0 0 0 1 0 1 1 1 0]
122 22 100 0.046675814887735534 [1 1 1 1 1 1 1 1 0 1 0 1 0 1 1 1 0 1 1 0 1 0 0 1 1 0 0 0 1 0 1 1 1 0]
123 22 100 0.046675814887735534 [1 1 1 1 1 1 1 1 0 1 0 1 0 1 1 1 0 1 1 0 1 0 0 1 1 0 0 0 1 0 1 1 1 0]
124 22 100 0.046675814887735534 [1 1 1 1 1 1 1 1 0 1 0 1 0 1 1 1 0 1 1 0 1 0 0 1 1 0 0 0 1 0 1 1 1 0]
125 22 100 0.046675814887735534 [1 1 1 1 1 1 1 1 0 1 0 1 0 1 1 1 0 1 1 0 1 0 0 1 1 0 0 0 1 0 1 1 1 0]
126 22 100 0.046675814887735534 [1 1 1 1 1 1 1 1 0 1 0 1 0 1 1 1 0 1 1 0 1 0 0 1 1 0 0 0 1 0 1 1 1 0]
127 22 100 0.046675814887735534 [1 1 1 1 1 1 1 1 0 1 0 1 0 1 1 1 0 1 1 0 1 0 0 1 1 0 0 0 1 0 1 1 1 0]
128 22 100 0.046675814887735534 [1 1 1 1 1 1 1 1 0 1 0 1 0 1 1 1 0 1 1 0 1 0 0 1 1 0 0 0 1 0 1 1 1 0]
129 22 100 0.046675814887735534 [1 1 1 1 1 1 1 1 0 1 0 1 0 1 1 1 0 1 1 0 1 0 0 1 1 0 0 0 1 0 1 1 1 0]
130 22 100 0.046675814887735534 [1 1 1 1 1 1 1 1 0 1 0 1 0 1 1 1 0 1 1 0 1 0 0 1 1 0 0 0 1 0 1 1 1 0]
131 22 100 0.046675814887735534 [1 1 1 1 1 1 1 1 0 1 0 1 0 1 1 1 0 1 1 0 1 0 0 1 1 0 0 0 1 0 1 1 1 0]
132 22 100 0.046675814887735534 [1 1 1 1 1 1 1 1 0 1 0 1 0 1 1 1 0 1 1 0 1 0 0 1 1 0 0 0 1 0 1 1 1 0]
133 22 100 0.046675814887735534 [1 1 1 1 1 1 1 1 0 1 0 1 0 1 1 1 0 1 1 0 1 0 0 1 1 0 0 0 1 0 1 1 1 0]
134 22 100 0.046675814887735534 [1 1 1 1 1 1 1 1 0 1 0 1 0 1 1 1 0 1 1 0 1 0 0 1 1 0 0 0 1 0 1 1 1 0]
135 22 100 0.046675814887735534 [1 1 1 1 1 1 1 1 0 1 0 1 0 1 1 1 0 1 1 0 1 0 0 1 1 0 0 0 1 0 1 1 1 0]
136 22 100 0.046675814887735534 [1 1 1 1 1 1 1 1 0 1 0 1 0 1 1 1 0 1 1 0 1 0 0 1 1 0 0 0 1 0 1 1 1 0]
137 22 100 0.046675814887735534 [1 1 1 1 1 1 1 1 0 1 0 1 0 1 1 1 0 1 1 0 1 0 0 1 1 0 0 0 1 0 1 1 1 0]
138 22 100 0.046675814887735534 [1 1 1 1 1 1 1 1 0 1 0 1 0 1 1 1 0 1 1 0 1 0 0 1 1 0 0 0 1 0 1 1 1 0]
139 22 100 0.046675814887735534 [1 1 1 1 1 1 1 1 0 1 0 1 0 1 1 1 0 1 1 0 1 0 0 1 1 0 0 0 1 0 1 1 1 0]
140 22 100 0.046675814887735534 [1 1 1 1 1 1 1 1 0 1 0 1 0 1 1 1 0 1 1 0 1 0 0 1 1 0 0 0 1 0 1 1 1 0]
141 22 100 0.046675814887735534 [1 1 1 1 1 1 1 1 0 1 0 1 0 1 1 1 0 1 1 0 1 0 0 1 1 0 0 0 1 0 1 1 1 0]
142 22 100 0.046675814887735534 [1 1 1 1 1 1 1 1 0 1 0 1 0 1 1 1 0 1 1 0 1 0 0 1 1 0 0 0 1 0 1 1 1 0]
143 22 100 0.046675814887735534 [1 1 1 1 1 1 1 1 0 1 0 1 0 1 1 1 0 1 1 0 1 0 0 1 1 0 0 0 1 0 1 1 1 0]
144 22 100 0.046675814887735534 [1 1 1 1 1 1 1 1 0 1 0 1 0 1 1 1 0 1 1 0 1 0 0 1 1 0 0 0 1 0 1 1 1 0]
145 22 100 0.046675814887735534 [1 1 1 1 1 1 1 1 0 1 0 1 0 1 1 1 0 1 1 0 1 0 0 1 1 0 0 0 1 0 1 1 1 0]
146 22 100 0.046675814887735534 [1 1 1 1 1 1 1 1 0 1 0 1 0 1 1 1 0 1 1 0 1 0 0 1 1 0 0 0 1 0 1 1 1 0]
147 22 100 0.046675814887735534 [1 1 1 1 1 1 1 1 0 1 0 1 0 1 1 1 0 1 1 0 1 0 0 1 1 0 0 0 1 0 1 1 1 0]
148 22 100 0.046675814887735534 [1 1 1 1 1 1 1 1 0 1 0 1 0 1 1 1 0 1 1 0 1 0 0 1 1 0 0 0 1 0 1 1 1 0]
149 22 100 0.046675814887735534 [1 1 1 1 1 1 1 1 0 1 0 1 0 1 1 1 0 1 1 0 1 0 0 1 1 0 0 0 1 0 1 1 1 0]
150 22 100 0.046675814887735534 [1 1 1 1 1 1 1 1 0 1 0 1 0 1 1 1 0 1 1 0 1 0 0 1 1 0 0 0 1 0 1 1 1 0]
