0 16 100 0.05563909774436093 [1 0 1 1 1 1 1 0 0 1 0 0 0 1 1 1 0 1 1 0 0 0 1 1 0 0 0 0 0 1 0 0 0 1]
1 16 100 0.05563909774436093 [1 0 1 1 1 1 1 0 0 1 0 0 0 1 1 1 0 1 1 0 0 0 1 1 0 0 0 0 0 1 0 0 0 1]
2 16 100 0.05563909774436093 [1 0 1 1 1 1 1 0 0 1 0 0 0 1 1 1 0 1 1 0 0 0 1 1 0 0 0 0 0 1 0 0 0 1]
3 16 100 0.05563909774436093 [1 0 1 1 1 1 1 0 0 1 0 0 0 1 1 1 0 1 1 0 0 0 1 1 0 0 0 0 0 1 0 0 0 1]
4 16 100 0.05563909774436093 [1 0 1 1 1 1 1 0 0 1 0 0 0 1 1 1 0 1 1 0 0 0 1 1 0 0 0 0 0 1 0 0 0 1]
5 13 100 0.054054054054053946 [1 0 1 1 1 1 1 1 1 0 0 0 0 1 0 0 0 0 0 0 0 0 1 1 0 1 1 0 0 0 0 0 0 0]
6 13 100 0.054054054054053946 [1 0 1 1 1 1 1 1 1 0 0 0 0 1 0 0 0 0 0 0 0 0 1 1 0 1 1 0 0 0 0 0 0 0]
7 13 100 0.054054054054053946 [1 0 1 1 1 1 1 1 1 0 0 0 0 1 0 0 0 0 0 0 0 0 1 1 0 1 1 0 0 0 0 0 0 0]
8 13 100 0.054054054054053946 [1 0 1 1 1 1 1 1 1 0 0 0 0 1 0 0 0 0 0 0 0 0 1 1 0 1 1 0 0 0 0 0 0 0]
9 13 100 0.054054054054053946 [1 0 1 1 1 1 1 1 1 0 0 0 0 1 0 0 0 0 0 0 0 0 1 1 0 1 1 0 0 0 0 0 0 0]
10 15 100 0.053362968302597014 [1 0 1 1 1 1 1 1 1 0 0 0 0 1 1 0 1 0 0 1 0 0 0 0 0 1 0 0 0 0 1 1 0 0]
11 15 100 0.053362968302597014 [1 0 1 1 1 1 1 1 1 0 0 0 0 1 1 0 1 0 0 1 0 0 0 0 0 1 0 0 0 0 1 1 0 0]
12 15 100 0.053362968302597014 [1 0 1 1 1 1 1 1 1 0 0 0 0 1 1 0 1 0 0 1 0 0 0 0 0 1 0 0 0 0 1 1 0 0]
13 15 100 0.052473763118440764 [1 1 1 1 1 0 1 1 0 1 0 1 1 1 0 0 0 0 0 0 0 0 0 0 0 1 0 1 0 0 1 1 0 0]
14 15 100 0.052473763118440764 [1 1 1 1 1 0 1 1 0 1 0 1 1 1 0 0 0 0 0 0 0 0 0 0 0 1 0 1 0 0 1 1 0 0]
15 15 100 0.052473763118440764 [1 1 1 1 1 0 1 1 0 1 0 1 1 1 0 0 0 0 0 0 0 0 0 0 0 1 0 1 0 0 1 1 0 0]
16 15 100 0.052473763118440764 [1 1 1 1 1 0 1 1 0 1 0 1 1 1 0 0 0 0 0 0 0 0 0 0 0 1 0 1 0 0 1 1 0 0]
17 15 100 0.052473763118440764 [1 1 1 1 1 0 1 1 0 1 0 1 1 1 0 0 0 0 0 0 0 0 0 0 0 1 0 1 0 0 1 1 0 0]
18 15 100 0.052473763118440764 [1 1 1 1 1 0 1 1 0 1 0 1 1 1 0 0 0 0 0 0 0 0 0 0 0 1 0 1 0 0 1 1 0 0]
19 15 100 0.052473763118440764 [1 1 1 1 1 0 1 1 0 1 0 1 1 1 0 0 0 0 0 0 0 0 0 0 0 1 0 1 0 0 1 1 0 0]
20 15 100 0.052473763118440764 [1 1 1 1 1 0 1 1 0 1 0 1 1 1 0 0 0 0 0 0 0 0 0 0 0 1 0 1 0 0 1 1 0 0]
21 15 100 0.052473763118440764 [1 1 1 1 1 0 1 1 0 1 0 1 1 1 0 0 0 0 0 0 0 0 0 0 0 1 0 1 0 0 1 1 0 0]
22 22 100 0.051810087438686314 [1 0 1 1 1 0 1 1 0 1 0 1 1 1 0 1 0 0 1 1 1 0 1 0 1 1 1 1 1 0 1 0 1 0]
23 22 100 0.051810087438686314 [1 0 1 1 1 0 1 1 0 1 0 1 1 1 0 1 0 0 1 1 1 0 1 0 1 1 1 1 1 0 1 0 1 0]
24 14 100 0.050898203592814384 [1 0 1 1 1 1 1 1 0 1 0 0 0 0 0 1 1 1 0 0 0 0 0 0 1 1 1 0 0 0 0 0 0 0]
25 14 100 0.050898203592814384 [1 0 1 1 1 1 1 1 0 1 0 0 0 0 0 1 1 1 0 0 0 0 0 0 1 1 1 0 0 0 0 0 0 0]
26 14 100 0.050898203592814384 [1 0 1 1 1 1 1 1 0 1 0 0 0 0 0 1 1 1 0 0 0 0 0 0 1 1 1 0 0 0 0 0 0 0]
27 14 100 0.050898203592814384 [1 0 1 1 1 1 1 1 0 1 0 0 0 0 0 1 1 1 0 0 0 0 0 0 1 1 1 0 0 0 0 0 0 0]
28 17 100 0.050261856754040934 [1 0 1 1 1 1 1 1 0 0 0 0 0 1 1 0 0 0 0 1 1 0 0 0 0 1 0 1 0 1 1 0 1 1]
29 17 100 0.050261856754040934 [1 0 1 1 1 1 1 1 0 0 0 0 0 1 1 0 0 0 0 1 1 0 0 0 0 1 0 1 0 1 1 0 1 1]
30 17 100 0.04978091609651669 [1 0 1 1 1 1 1 1 0 0 0 1 0 1 1 1 0 0 0 0 0 1 0 0 1 0 0 1 0 0 1 0 1 1]
31 17 100 0.04978091609651669 [1 0 1 1 1 1 1 1 0 0 0 1 0 1 1 1 0 0 0 0 0 1 0 0 1 0 0 1 0 0 1 0 1 1]
32 17 100 0.04978091609651669 [1 0 1 1 1 1 1 1 0 0 0 1 0 1 1 1 0 0 0 0 0 1 0 0 1 0 0 1 0 0 1 0 1 1]
33 17 100 0.04978091609651669 [1 0 1 1 1 1 1 1 0 0 0 1 0 1 1 1 0 0 0 0 0 1 0 0 1 0 0 1 0 0 1 0 1 1]
34 17 100 0.04978091609651669 [1 0 1 1 1 1 1 1 0 0 0 1 0 1 1 1 0 0 0 0 0 1 0 0 1 0 0 1 0 0 1 0 1 1]
35 17 100 0.04978091609651669 [1 0 1 1 1 1 1 1 0 0 0 1 0 1 1 1 0 0 0 0 0 1 0 0 1 0 0 1 0 0 1 0 1 1]
36 17 100 0.04978091609651669 [1 0 1 1 1 1 1 1 0 0 0 1 0 1 1 1 0 0 0 0 0 1 0 0 1 0 0 1 0 0 1 0 1 1]
37 17 100 0.04978091609651669 [1 0 1 1 1 1 1 1 0 0 0 1 0 1 1 1 0 0 0 0 0 1 0 0 1 0 0 1 0 0 1 0 1 1]
38 17 100 0.04978091609651669 [1 0 1 1 1 1 1 1 0 0 0 1 0 1 1 1 0 0 0 0 0 1 0 0 1 0 0 1 0 0 1 0 1 1]
39 17 100 0.04978091609651669 [1 0 1 1 1 1 1 1 0 0 0 1 0 1 1 1 0 0 0 0 0 1 0 0 1 0 0 1 0 0 1 0 1 1]
40 17 100 0.04978091609651669 [1 0 1 1 1 1 1 1 0 0 0 1 0 1 1 1 0 0 0 0 0 1 0 0 1 0 0 1 0 0 1 0 1 1]
41 17 100 0.04978091609651669 [1 0 1 1 1 1 1 1 0 0 0 1 0 1 1 1 0 0 0 0 0 1 0 0 1 0 0 1 0 0 1 0 1 1]
42 17 100 0.04978091609651669 [1 0 1 1 1 1 1 1 0 0 0 1 0 1 1 1 0 0 0 0 0 1 0 0 1 0 0 1 0 0 1 0 1 1]
43 17 100 0.04978091609651669 [1 0 1 1 1 1 1 1 0 0 0 1 0 1 1 1 0 0 0 0 0 1 0 0 1 0 0 1 0 0 1 0 1 1]
44 17 100 0.04978091609651669 [1 0 1 1 1 1 1 1 0 0 0 1 0 1 1 1 0 0 0 0 0 1 0 0 1 0 0 1 0 0 1 0 1 1]
45 17 100 0.04978091609651669 [1 0 1 1 1 1 1 1 0 0 0 1 0 1 1 1 0 0 0 0 0 1 0 0 1 0 0 1 0 0 1 0 1 1]
46 17 100 0.04978091609651669 [1 0 1 1 1 1 1 1 0 0 0 1 0 1 1 1 0 0 0 0 0 1 0 0 1 0 0 1 0 0 1 0 1 1]
47 17 100 0.04978091609651669 [1 0 1 1 1 1 1 1 0 0 0 1 0 1 1 1 0 0 0 0 0 1 0 0 1 0 0 1 0 0 1 0 1 1]
48 17 100 0.04978091609651669 [1 0 1 1 1 1 1 1 0 0 0 1 0 1 1 1 0 0 0 0 0 1 0 0 1 0 0 1 0 0 1 0 1 1]
49 17 100 0.04978091609651669 [1 0 1 1 1 1 1 1 0 0 0 1 0 1 1 1 0 0 0 0 0 1 0 0 1 0 0 1 0 0 1 0 1 1]
50 17 100 0.04978091609651669 [1 0 1 1 1 1 1 1 0 0 0 1 0 1 1 1 0 0 0 0 0 1 0 0 1 0 0 1 0 0 1 0 1 1]
51 17 100 0.04978091609651669 [1 0 1 1 1 1 1 1 0 0 0 1 0 1 1 1 0 0 0 0 0 1 0 0 1 0 0 1 0 0 1 0 1 1]
52 17 100 0.04978091609651669 [1 0 1 1 1 1 1 1 0 0 0 1 0 1 1 1 0 0 0 0 0 1 0 0 1 0 0 1 0 0 1 0 1 1]
53 17 100 0.04978091609651669 [1 0 1 1 1 1 1 1 0 0 0 1 0 1 1 1 0 0 0 0 0 1 0 0 1 0 0 1 0 0 1 0 1 1]
54 17 100 0.04978091609651669 [1 0 1 1 1 1 1 1 0 0 0 1 0 1 1 1 0 0 0 0 0 1 0 0 1 0 0 1 0 0 1 0 1 1]
55 17 100 0.04978091609651669 [1 0 1 1 1 1 1 1 0 0 0 1 0 1 1 1 0 0 0 0 0 1 0 0 1 0 0 1 0 0 1 0 1 1]
56 17 100 0.04978091609651669 [1 0 1 1 1 1 1 1 0 0 0 1 0 1 1 1 0 0 0 0 0 1 0 0 1 0 0 1 0 0 1 0 1 1]
57 17 100 0.04978091609651669 [1 0 1 1 1 1 1 1 0 0 0 1 0 1 1 1 0 0 0 0 0 1 0 0 1 0 0 1 0 0 1 0 1 1]
58 17 100 0.04978091609651669 [1 0 1 1 1 1 1 1 0 0 0 1 0 1 1 1 0 0 0 0 0 1 0 0 1 0 0 1 0 0 1 0 1 1]
59 17 100 0.04978091609651669 [1 0 1 1 1 1 1 1 0 0 0 1 0 1 1 1 0 0 0 0 0 1 0 0 1 0 0 1 0 0 1 0 1 1]
60 17 100 0.04978091609651669 [1 0 1 1 1 1 1 1 0 0 0 1 0 1 1 1 0 0 0 0 0 1 0 0 1 0 0 1 0 0 1 0 1 1]
61 17 100 0.04978091609651669 [1 0 1 1 1 1 1 1 0 0 0 1 0 1 1 1 0 0 0 0 0 1 0 0 1 0 0 1 0 0 1 0 1 1]
62 17 100 0.04978091609651669 [1 0 1 1 1 1 1 1 0 0 0 1 0 1 1 1 0 0 0 0 0 1 0 0 1 0 0 1 0 0 1 0 1 1]
63 17 100 0.04978091609651669 [1 0 1 1 1 1 1 1 0 0 0 1 0 1 1 1 0 0 0 0 0 1 0 0 1 0 0 1 0 0 1 0 1 1]
64 17 100 0.04978091609651669 [1 0 1 1 1 1 1 1 0 0 0 1 0 1 1 1 0 0 0 0 0 1 0 0 1 0 0 1 0 0 1 0 1 1]
65 17 100 0.04978091609651669 [1 0 1 1 1 1 1 1 0 0 0 1 0 1 1 1 0 0 0 0 0 1 0 0 1 0 0 1 0 0 1 0 1 1]
66 18 100 0.048226046314000404 [1 0 1 1 1 1 1 1 0 0 0 1 0 1 0 1 0 1 1 1 0 0 0 0 0 1 0 1 1 0 1 0 1 0]
67 18 100 0.048226046314000404 [1 0 1 1 1 1 1 1 0 0 0 1 0 1 0 1 0 1 1 1 0 0 0 0 0 1 0 1 1 0 1 0 1 0]
68 18 100 0.048226046314000404 [1 0 1 1 1 1 1 1 0 0 0 1 0 1 0 1 0 1 1 1 0 0 0 0 0 1 0 1 1 0 1 0 1 0]
69 18 100 0.048226046314000404 [1 0 1 1 1 1 1 1 0 0 0 1 0 1 0 1 0 1 1 1 0 0 0 0 0 1 0 1 1 0 1 0 1 0]
70 18 100 0.048226046314000404 [1 0 1 1 1 1 1 1 0 0 0 1 0 1 0 1 0 1 1 1 0 0 0 0 0 1 0 1 1 0 1 0 1 0]
71 18 100 0.048226046314000404 [1 0 1 1 1 1 1 1 0 0 0 1 0 1 0 1 0 1 1 1 0 0 0 0 0 1 0 1 1 0 1 0 1 0]
72 18 100 0.048226046314000404 [1 0 1 1 1 1 1 1 0 0 0 1 0 1 0 1 0 1 1 1 0 0 0 0 0 1 0 1 1 0 1 0 1 0]
73 18 100 0.048226046314000404 [1 0 1 1 1 1 1 1 0 0 0 1 0 1 0 1 0 1 1 1 0 0 0 0 0 1 0 1 1 0 1 0 1 0]
74 18 100 0.048226046314000404 [1 0 1 1 1 1 1 1 0 0 0 1 0 1 0 1 0 1 1 1 0 0 0 0 0 1 0 1 1 0 1 0 1 0]
75 18 100 0.048226046314000404 [1 0 1 1 1 1 1 1 0 0 0 1 0 1 0 1 0 1 1 1 0 0 0 0 0 1 0 1 1 0 1 0 1 0]
76 18 100 0.048226046314000404 [1 0 1 1 1 1 1 1 0 0 0 1 0 1 0 1 0 1 1 1 0 0 0 0 0 1 0 1 1 0 1 0 1 0]
77 18 100 0.048226046314000404 [1 0 1 1 1 1 1 1 0 0 0 1 0 1 0 1 0 1 1 1 0 0 0 0 0 1 0 1 1 0 1 0 1 0]
78 18 100 0.048226046314000404 [1 0 1 1 1 1 1 1 0 0 0 1 0 1 0 1 0 1 1 1 0 0 0 0 0 1 0 1 1 0 1 0 1 0]
79 18 100 0.048226046314000404 [1 0 1 1 1 1 1 1 0 0 0 1 0 1 0 1 0 1 1 1 0 0 0 0 0 1 0 1 1 0 1 0 1 0]
80 18 100 0.048226046314000404 [1 0 1 1 1 1 1 1 0 0 0 1 0 1 0 1 0 1 1 1 0 0 0 0 0 1 0 1 1 0 1 0 1 0]
81 18 100 0.048226046314000404 [1 0 1 1 1 1 1 1 0 0 0 1 0 1 0 1 0 1 1 1 0 0 0 0 0 1 0 1 1 0 1 0 1 0]
82 18 100 0.048226046314000404 [1 0 1 1 1 1 1 1 0 0 0 1 0 1 0 1 0 1 1 1 0 0 0 0 0 1 0 1 1 0 1 0 1 0]
83 18 100 0.048226046314000404 [1 0 1 1 1 1 1 1 0 0 0 1 0 1 0 1 0 1 1 1 0 0 0 0 0 1 0 1 1 0 1 0 1 0]
84 18 100 0.048226046314000404 [1 0 1 1 1 1 1 1 0 0 0 1 0 1 0 1 0 1 1 1 0 0 0 0 0 1 0 1 1 0 1 0 1 0]
85 18 100 0.048226046314000404 [1 0 1 1 1 1 1 1 0 0 0 1 0 1 0 1 0 1 1 1 0 0 0 0 0 1 0 1 1 0 1 0 1 0]
86 18 100 0.048226046314000404 [1 0 1 1 1 1 1 1 0 0 0 1 0 1 0 1 0 1 1 1 0 0 0 0 0 1 0 1 1 0 1 0 1 0]
87 18 100 0.048226046314000404 [1 0 1 1 1 1 1 1 0 0 0 1 0 1 0 1 0 1 1 1 0 0 0 0 0 1 0 1 1 0 1 0 1 0]
88 18 100 0.048226046314000404 [1 0 1 1 1 1 1 1 0 0 0 1 0 1 0 1 0 1 1 1 0 0 0 0 0 1 0 1 1 0 1 0 1 0]
89 18 100 0.048226046314000404 [1 0 1 1 1 1 1 1 0 0 0 1 0 1 0 1 0 1 1 1 0 0 0 0 0 1 0 1 1 0 1 0 1 0]
90 18 100 0.048226046314000404 [1 0 1 1 1 1 1 1 0 0 0 1 0 1 0 1 0 1 1 1 0 0 0 0 0 1 0 1 1 0 1 0 1 0]
91 18 100 0.048226046314000404 [1 0 1 1 1 1 1 1 0 0 0 1 0 1 0 1 0 1 1 1 0 0 0 0 0 1 0 1 1 0 1 0 1 0]
92 18 100 0.048226046314000404 [1 0 1 1 1 1 1 1 0 0 0 1 0 1 0 1 0 1 1 1 0 0 0 0 0 1 0 1 1 0 1 0 1 0]
93 18 100 0.048226046314000404 [1 0 1 1 1 1 1 1 0 0 0 1 0 1 0 1 0 1 1 1 0 0 0 0 0 1 0 1 1 0 1 0 1 0]
94 18 100 0.048226046314000404 [1 0 1 1 1 1 1 1 0 0 0 1 0 1 0 1 0 1 1 1 0 0 0 0 0 1 0 1 1 0 1 0 1 0]
95 18 100 0.048226046314000404 [1 0 1 1 1 1 1 1 0 0 0 1 0 1 0 1 0 1 1 1 0 0 0 0 0 1 0 1 1 0 1 0 1 0]
96 18 100 0.048226046314000404 [1 0 1 1 1 1 1 1 0 0 0 1 0 1 0 1 0 1 1 1 0 0 0 0 0 1 0 1 1 0 1 0 1 0]
97 18 100 0.048226046314000404 [1 0 1 1 1 1 1 1 0 0 0 1 0 1 0 1 0 1 1 1 0 0 0 0 0 1 0 1 1 0 1 0 1 0]
98 18 100 0.048226046314000404 [1 0 1 1 1 1 1 1 0 0 0 1 0 1 0 1 0 1 1 1 0 0 0 0 0 1 0 1 1 0 1 0 1 0]
99 18 100 0.048226046314000404 [1 0 1 1 1 1 1 1 0 0 0 1 0 1 0 1 0 1 1 1 0 0 0 0 0 1 0 1 1 0 1 0 1 0]
100 18 100 0.048226046314000404 [1 0 1 1 1 1 1 1 0 0 0 1 0 1 0 1 0 1 1 1 0 0 0 0 0 1 0 1 1 0 1 0 1 0]
101 18 100 0.048226046314000404 [1 0 1 1 1 1 1 1 0 0 0 1 0 1 0 1 0 1 1 1 0 0 0 0 0 1 0 1 1 0 1 0 1 0]
102 18 100 0.048226046314000404 [1 0 1 1 1 1 1 1 0 0 0 1 0 1 0 1 0 1 1 1 0 0 0 0 0 1 0 1 1 0 1 0 1 0]
103 18 100 0.048226046314000404 [1 0 1 1 1 1 1 1 0 0 0 1 0 1 0 1 0 1 1 1 0 0 0 0 0 1 0 1 1 0 1 0 1 0]
104 18 100 0.048226046314000404 [1 0 1 1 1 1 1 1 0 0 0 1 0 1 0 1 0 1 1 1 0 0 0 0 0 1 0 1 1 0 1 0 1 0]
105 18 100 0.048226046314000404 [1 0 1 1 1 1 1 1 0 0 0 1 0 1 0 1 0 1 1 1 0 0 0 0 0 1 0 1 1 0 1 0 1 0]
106 18 100 0.048226046314000404 [1 0 1 1 1 1 1 1 0 0 0 1 0 1 0 1 0 1 1 1 0 0 0 0 0 1 0 1 1 0 1 0 1 0]
107 18 100 0.048226046314000404 [1 0 1 1 1 1 1 1 0 0 0 1 0 1 0 1 0 1 1 1 0 0 0 0 0 1 0 1 1 0 1 0 1 0]
108 18 100 0.048226046314000404 [1 0 1 1 1 1 1 1 0 0 0 1 0 1 0 1 0 1 1 1 0 0 0 0 0 1 0 1 1 0 1 0 1 0]
109 18 100 0.048226046314000404 [1 0 1 1 1 1 1 1 0 0 0 1 0 1 0 1 0 1 1 1 0 0 0 0 0 1 0 1 1 0 1 0 1 0]
110 18 100 0.048226046314000404 [1 0 1 1 1 1 1 1 0 0 0 1 0 1 0 1 0 1 1 1 0 0 0 0 0 1 0 1 1 0 1 0 1 0]
111 18 100 0.048226046314000404 [1 0 1 1 1 1 1 1 0 0 0 1 0 1 0 1 0 1 1 1 0 0 0 0 0 1 0 1 1 0 1 0 1 0]
112 18 100 0.048226046314000404 [1 0 1 1 1 1 1 1 0 0 0 1 0 1 0 1 0 1 1 1 0 0 0 0 0 1 0 1 1 0 1 0 1 0]
113 18 100 0.048226046314000404 [1 0 1 1 1 1 1 1 0 0 0 1 0 1 0 1 0 1 1 1 0 0 0 0 0 1 0 1 1 0 1 0 1 0]
114 18 100 0.048226046314000404 [1 0 1 1 1 1 1 1 0 0 0 1 0 1 0 1 0 1 1 1 0 0 0 0 0 1 0 1 1 0 1 0 1 0]
115 18 100 0.048226046314000404 [1 0 1 1 1 1 1 1 0 0 0 1 0 1 0 1 0 1 1 1 0 0 0 0 0 1 0 1 1 0 1 0 1 0]
116 18 100 0.048226046314000404 [1 0 1 1 1 1 1 1 0 0 0 1 0 1 0 1 0 1 1 1 0 0 0 0 0 1 0 1 1 0 1 0 1 0]
117 18 100 0.048226046314000404 [1 0 1 1 1 1 1 1 0 0 0 1 0 1 0 1 0 1 1 1 0 0 0 0 0 1 0 1 1 0 1 0 1 0]
118 18 100 0.048226046314000404 [1 0 1 1 1 1 1 1 0 0 0 1 0 1 0 1 0 1 1 1 0 0 0 0 0 1 0 1 1 0 1 0 1 0]
119 18 100 0.048226046314000404 [1 0 1 1 1 1 1 1 0 0 0 1 0 1 0 1 0 1 1 1 0 0 0 0 0 1 0 1 1 0 1 0 1 0]
120 18 100 0.048226046314000404 [1 0 1 1 1 1 1 1 0 0 0 1 0 1 0 1 0 1 1 1 0 0 0 0 0 1 0 1 1 0 1 0 1 0]
121 18 100 0.048226046314000404 [1 0 1 1 1 1 1 1 0 0 0 1 0 1 0 1 0 1 1 1 0 0 0 0 0 1 0 1 1 0 1 0 1 0]
122 18 100 0.048226046314000404 [1 0 1 1 1 1 1 1 0 0 0 1 0 1 0 1 0 1 1 1 0 0 0 0 0 1 0 1 1 0 1 0 1 0]
123 18 100 0.048226046314000404 [1 0 1 1 1 1 1 1 0 0 0 1 0 1 0 1 0 1 1 1 0 0 0 0 0 1 0 1 1 0 1 0 1 0]
124 18 100 0.048226046314000404 [1 0 1 1 1 1 1 1 0 0 0 1 0 1 0 1 0 1 1 1 0 0 0 0 0 1 0 1 1 0 1 0 1 0]
125 18 100 0.048226046314000404 [1 0 1 1 1 1 1 1 0 0 0 1 0 1 0 1 0 1 1 1 0 0 0 0 0 1 0 1 1 0 1 0 1 0]
126 18 100 0.048226046314000404 [1 0 1 1 1 1 1 1 0 0 0 1 0 1 0 1 0 1 1 1 0 0 0 0 0 1 0 1 1 0 1 0 1 0]
127 18 100 0.048226046314000404 [1 0 1 1 1 1 1 1 0 0 0 1 0 1 0 1 0 1 1 1 0 0 0 0 0 1 0 1 1 0 1 0 1 0]
128 18 100 0.048226046314000404 [1 0 1 1 1 1 1 1 0 0 0 1 0 1 0 1 0 1 1 1 0 0 0 0 0 1 0 1 1 0 1 0 1 0]
129 18 100 0.048226046314000404 [1 0 1 1 1 1 1 1 0 0 0 1 0 1 0 1 0 1 1 1 0 0 0 0 0 1 0 1 1 0 1 0 1 0]
130 18 100 0.048226046314000404 [1 0 1 1 1 1 1 1 0 0 0 1 0 1 0 1 0 1 1 1 0 0 0 0 0 1 0 1 1 0 1 0 1 0]
131 18 100 0.048226046314000404 [1 0 1 1 1 1 1 1 0 0 0 1 0 1 0 1 0 1 1 1 0 0 0 0 0 1 0 1 1 0 1 0 1 0]
132 18 100 0.048226046314000404 [1 0 1 1 1 1 1 1 0 0 0 1 0 1 0 1 0 1 1 1 0 0 0 0 0 1 0 1 1 0 1 0 1 0]
133 18 100 0.048226046314000404 [1 0 1 1 1 1 1 1 0 0 0 1 0 1 0 1 0 1 1 1 0 0 0 0 0 1 0 1 1 0 1 0 1 0]
134 18 100 0.048226046314000404 [1 0 1 1 1 1 1 1 0 0 0 1 0 1 0 1 0 1 1 1 0 0 0 0 0 1 0 1 1 0 1 0 1 0]
135 18 100 0.048226046314000404 [1 0 1 1 1 1 1 1 0 0 0 1 0 1 0 1 0 1 1 1 0 0 0 0 0 1 0 1 1 0 1 0 1 0]
136 18 100 0.048226046314000404 [1 0 1 1 1 1 1 1 0 0 0 1 0 1 0 1 0 1 1 1 0 0 0 0 0 1 0 1 1 0 1 0 1 0]
137 18 100 0.048226046314000404 [1 0 1 1 1 1 1 1 0 0 0 1 0 1 0 1 0 1 1 1 0 0 0 0 0 1 0 1 1 0 1 0 1 0]
138 18 100 0.048226046314000404 [1 0 1 1 1 1 1 1 0 0 0 1 0 1 0 1 0 1 1 1 0 0 0 0 0 1 0 1 1 0 1 0 1 0]
139 18 100 0.048226046314000404 [1 0 1 1 1 1 1 1 0 0 0 1 0 1 0 1 0 1 1 1 0 0 0 0 0 1 0 1 1 0 1 0 1 0]
140 18 100 0.048226046314000404 [1 0 1 1 1 1 1 1 0 0 0 1 0 1 0 1 0 1 1 1 0 0 0 0 0 1 0 1 1 0 1 0 1 0]
141 18 100 0.048226046314000404 [1 0 1 1 1 1 1 1 0 0 0 1 0 1 0 1 0 1 1 1 0 0 0 0 0 1 0 1 1 0 1 0 1 0]
142 18 100 0.048226046314000404 [1 0 1 1 1 1 1 1 0 0 0 1 0 1 0 1 0 1 1 1 0 0 0 0 0 1 0 1 1 0 1 0 1 0]
143 18 100 0.048226046314000404 [1 0 1 1 1 1 1 1 0 0 0 1 0 1 0 1 0 1 1 1 0 0 0 0 0 1 0 1 1 0 1 0 1 0]
144 18 100 0.048226046314000404 [1 0 1 1 1 1 1 1 0 0 0 1 0 1 0 1 0 1 1 1 0 0 0 0 0 1 0 1 1 0 1 0 1 0]
145 18 100 0.048226046314000404 [1 0 1 1 1 1 1 1 0 0 0 1 0 1 0 1 0 1 1 1 0 0 0 0 0 1 0 1 1 0 1 0 1 0]
146 18 100 0.048226046314000404 [1 0 1 1 1 1 1 1 0 0 0 1 0 1 0 1 0 1 1 1 0 0 0 0 0 1 0 1 1 0 1 0 1 0]
147 18 100 0.048226046314000404 [1 0 1 1 1 1 1 1 0 0 0 1 0 1 0 1 0 1 1 1 0 0 0 0 0 1 0 1 1 0 1 0 1 0]
148 18 100 0.048226046314000404 [1 0 1 1 1 1 1 1 0 0 0 1 0 1 0 1 0 1 1 1 0 0 0 0 0 1 0 1 1 0 1 0 1 0]
149 18 100 0.048226046314000404 [1 0 1 1 1 1 1 1 0 0 0 1 0 1 0 1 0 1 1 1 0 0 0 0 0 1 0 1 1 0 1 0 1 0]
150 18 100 0.048226046314000404 [1 0 1 1 1 1 1 1 0 0 0 1 0 1 0 1 0 1 1 1 0 0 0 0 0 1 0 1 1 0 1 0 1 0]
