0 20 100 0.06238938350863721 [1 1 1 0 1 1 1 1 1 0 0 1 0 1 0 1 1 1 0 0 0 1 0 1 0 1 0 0 0 1 0 1 1 1]
1 20 100 0.06238938350863721 [1 1 1 0 1 1 1 1 1 0 0 1 0 1 0 1 1 1 0 0 0 1 0 1 0 1 0 0 0 1 0 1 1 1]
2 21 100 0.060061694792233666 [1 0 1 1 1 0 1 1 1 1 0 1 1 1 0 0 1 0 0 1 0 1 1 1 0 1 1 0 1 1 0 0 1 0]
3 21 100 0.056482764622789894 [1 0 1 1 1 1 1 1 0 1 0 0 0 0 0 0 1 0 0 1 1 0 0 1 1 1 1 1 1 1 1 1 1 0]
4 21 100 0.056482764622789894 [1 0 1 1 1 1 1 1 0 1 0 0 0 0 0 0 1 0 0 1 1 0 0 1 1 1 1 1 1 1 1 1 1 0]
5 19 100 0.05290465424911128 [1 1 1 1 1 1 1 1 0 1 1 1 0 0 0 0 1 0 0 1 0 1 0 0 1 1 1 1 0 1 0 0 0 0]
6 19 100 0.05290465424911128 [1 1 1 1 1 1 1 1 0 1 1 1 0 0 0 0 1 0 0 1 0 1 0 0 1 1 1 1 0 1 0 0 0 0]
7 19 100 0.05290465424911128 [1 1 1 1 1 1 1 1 0 1 1 1 0 0 0 0 1 0 0 1 0 1 0 0 1 1 1 1 0 1 0 0 0 0]
8 19 100 0.05290465424911128 [1 1 1 1 1 1 1 1 0 1 1 1 0 0 0 0 1 0 0 1 0 1 0 0 1 1 1 1 0 1 0 0 0 0]
9 19 100 0.05290465424911128 [1 1 1 1 1 1 1 1 0 1 1 1 0 0 0 0 1 0 0 1 0 1 0 0 1 1 1 1 0 1 0 0 0 0]
10 21 100 0.04978091609651669 [1 1 1 1 1 0 1 1 0 0 1 1 0 1 0 0 1 0 0 1 0 1 1 1 1 1 1 0 1 1 1 0 0 0]
11 21 100 0.04978091609651669 [1 1 1 1 1 0 1 1 0 0 1 1 0 1 0 0 1 0 0 1 0 1 1 1 1 1 1 0 1 1 1 0 0 0]
12 21 100 0.04978091609651669 [1 1 1 1 1 0 1 1 0 0 1 1 0 1 0 0 1 0 0 1 0 1 1 1 1 1 1 0 1 1 1 0 0 0]
13 21 100 0.04978091609651669 [1 1 1 1 1 0 1 1 0 0 1 1 0 1 0 0 1 0 0 1 0 1 1 1 1 1 1 0 1 1 1 0 0 0]
14 21 100 0.04978091609651669 [1 1 1 1 1 0 1 1 0 0 1 1 0 1 0 0 1 0 0 1 0 1 1 1 1 1 1 0 1 1 1 0 0 0]
15 21 100 0.04978091609651669 [1 1 1 1 1 0 1 1 0 0 1 1 0 1 0 0 1 0 0 1 0 1 1 1 1 1 1 0 1 1 1 0 0 0]
16 21 100 0.04978091609651669 [1 1 1 1 1 0 1 1 0 0 1 1 0 1 0 0 1 0 0 1 0 1 1 1 1 1 1 0 1 1 1 0 0 0]
17 21 100 0.04978091609651669 [1 1 1 1 1 0 1 1 0 0 1 1 0 1 0 0 1 0 0 1 0 1 1 1 1 1 1 0 1 1 1 0 0 0]
18 21 100 0.04978091609651669 [1 1 1 1 1 0 1 1 0 0 1 1 0 1 0 0 1 0 0 1 0 1 1 1 1 1 1 0 1 1 1 0 0 0]
19 21 100 0.04978091609651669 [1 1 1 1 1 0 1 1 0 0 1 1 0 1 0 0 1 0 0 1 0 1 1 1 1 1 1 0 1 1 1 0 0 0]
20 21 100 0.04978091609651669 [1 1 1 1 1 0 1 1 0 0 1 1 0 1 0 0 1 0 0 1 0 1 1 1 1 1 1 0 1 1 1 0 0 0]
21 21 100 0.04978091609651669 [1 1 1 1 1 0 1 1 0 0 1 1 0 1 0 0 1 0 0 1 0 1 1 1 1 1 1 0 1 1 1 0 0 0]
22 21 100 0.04978091609651669 [1 1 1 1 1 0 1 1 0 0 1 1 0 1 0 0 1 0 0 1 0 1 1 1 1 1 1 0 1 1 1 0 0 0]
23 16 100 0.048226046314000404 [1 0 1 1 1 1 1 1 0 0 0 1 0 1 1 0 0 0 0 1 1 0 1 1 0 0 0 0 0 0 1 0 0 1]
24 16 100 0.048226046314000404 [1 0 1 1 1 1 1 1 0 0 0 1 0 1 1 0 0 0 0 1 1 0 1 1 0 0 0 0 0 0 1 0 0 1]
25 16 100 0.048226046314000404 [1 0 1 1 1 1 1 1 0 0 0 1 0 1 1 0 0 0 0 1 1 0 1 1 0 0 0 0 0 0 1 0 0 1]
26 16 100 0.048226046314000404 [1 0 1 1 1 1 1 1 0 0 0 1 0 1 1 0 0 0 0 1 1 0 1 1 0 0 0 0 0 0 1 0 0 1]
27 16 100 0.048226046314000404 [1 0 1 1 1 1 1 1 0 0 0 1 0 1 1 0 0 0 0 1 1 0 1 1 0 0 0 0 0 0 1 0 0 1]
28 16 100 0.048226046314000404 [1 0 1 1 1 1 1 1 0 0 0 1 0 1 1 0 0 0 0 1 1 0 1 1 0 0 0 0 0 0 1 0 0 1]
29 16 100 0.048226046314000404 [1 0 1 1 1 1 1 1 0 0 0 1 0 1 1 0 0 0 0 1 1 0 1 1 0 0 0 0 0 0 1 0 0 1]
30 16 100 0.048226046314000404 [1 0 1 1 1 1 1 1 0 0 0 1 0 1 1 0 0 0 0 1 1 0 1 1 0 0 0 0 0 0 1 0 0 1]
31 16 100 0.048226046314000404 [1 0 1 1 1 1 1 1 0 0 0 1 0 1 1 0 0 0 0 1 1 0 1 1 0 0 0 0 0 0 1 0 0 1]
32 16 100 0.048226046314000404 [1 0 1 1 1 1 1 1 0 0 0 1 0 1 1 0 0 0 0 1 1 0 1 1 0 0 0 0 0 0 1 0 0 1]
33 16 100 0.048226046314000404 [1 0 1 1 1 1 1 1 0 0 0 1 0 1 1 0 0 0 0 1 1 0 1 1 0 0 0 0 0 0 1 0 0 1]
34 16 100 0.048226046314000404 [1 0 1 1 1 1 1 1 0 0 0 1 0 1 1 0 0 0 0 1 1 0 1 1 0 0 0 0 0 0 1 0 0 1]
35 16 100 0.048226046314000404 [1 0 1 1 1 1 1 1 0 0 0 1 0 1 1 0 0 0 0 1 1 0 1 1 0 0 0 0 0 0 1 0 0 1]
36 16 100 0.048226046314000404 [1 0 1 1 1 1 1 1 0 0 0 1 0 1 1 0 0 0 0 1 1 0 1 1 0 0 0 0 0 0 1 0 0 1]
37 16 100 0.048226046314000404 [1 0 1 1 1 1 1 1 0 0 0 1 0 1 1 0 0 0 0 1 1 0 1 1 0 0 0 0 0 0 1 0 0 1]
38 16 100 0.048226046314000404 [1 0 1 1 1 1 1 1 0 0 0 1 0 1 1 0 0 0 0 1 1 0 1 1 0 0 0 0 0 0 1 0 0 1]
39 16 100 0.048226046314000404 [1 0 1 1 1 1 1 1 0 0 0 1 0 1 1 0 0 0 0 1 1 0 1 1 0 0 0 0 0 0 1 0 0 1]
40 16 100 0.048226046314000404 [1 0 1 1 1 1 1 1 0 0 0 1 0 1 1 0 0 0 0 1 1 0 1 1 0 0 0 0 0 0 1 0 0 1]
41 16 100 0.048226046314000404 [1 0 1 1 1 1 1 1 0 0 0 1 0 1 1 0 0 0 0 1 1 0 1 1 0 0 0 0 0 0 1 0 0 1]
42 16 100 0.048226046314000404 [1 0 1 1 1 1 1 1 0 0 0 1 0 1 1 0 0 0 0 1 1 0 1 1 0 0 0 0 0 0 1 0 0 1]
43 16 100 0.048226046314000404 [1 0 1 1 1 1 1 1 0 0 0 1 0 1 1 0 0 0 0 1 1 0 1 1 0 0 0 0 0 0 1 0 0 1]
44 16 100 0.048226046314000404 [1 0 1 1 1 1 1 1 0 0 0 1 0 1 1 0 0 0 0 1 1 0 1 1 0 0 0 0 0 0 1 0 0 1]
45 16 100 0.048226046314000404 [1 0 1 1 1 1 1 1 0 0 0 1 0 1 1 0 0 0 0 1 1 0 1 1 0 0 0 0 0 0 1 0 0 1]
46 16 100 0.048226046314000404 [1 0 1 1 1 1 1 1 0 0 0 1 0 1 1 0 0 0 0 1 1 0 1 1 0 0 0 0 0 0 1 0 0 1]
47 16 100 0.048226046314000404 [1 0 1 1 1 1 1 1 0 0 0 1 0 1 1 0 0 0 0 1 1 0 1 1 0 0 0 0 0 0 1 0 0 1]
48 16 100 0.048226046314000404 [1 0 1 1 1 1 1 1 0 0 0 1 0 1 1 0 0 0 0 1 1 0 1 1 0 0 0 0 0 0 1 0 0 1]
49 16 100 0.048226046314000404 [1 0 1 1 1 1 1 1 0 0 0 1 0 1 1 0 0 0 0 1 1 0 1 1 0 0 0 0 0 0 1 0 0 1]
50 16 100 0.048226046314000404 [1 0 1 1 1 1 1 1 0 0 0 1 0 1 1 0 0 0 0 1 1 0 1 1 0 0 0 0 0 0 1 0 0 1]
51 16 100 0.048226046314000404 [1 0 1 1 1 1 1 1 0 0 0 1 0 1 1 0 0 0 0 1 1 0 1 1 0 0 0 0 0 0 1 0 0 1]
52 16 100 0.048226046314000404 [1 0 1 1 1 1 1 1 0 0 0 1 0 1 1 0 0 0 0 1 1 0 1 1 0 0 0 0 0 0 1 0 0 1]
53 16 100 0.048226046314000404 [1 0 1 1 1 1 1 1 0 0 0 1 0 1 1 0 0 0 0 1 1 0 1 1 0 0 0 0 0 0 1 0 0 1]
54 16 100 0.048226046314000404 [1 0 1 1 1 1 1 1 0 0 0 1 0 1 1 0 0 0 0 1 1 0 1 1 0 0 0 0 0 0 1 0 0 1]
55 16 100 0.048226046314000404 [1 0 1 1 1 1 1 1 0 0 0 1 0 1 1 0 0 0 0 1 1 0 1 1 0 0 0 0 0 0 1 0 0 1]
56 16 100 0.048226046314000404 [1 0 1 1 1 1 1 1 0 0 0 1 0 1 1 0 0 0 0 1 1 0 1 1 0 0 0 0 0 0 1 0 0 1]
57 16 100 0.048226046314000404 [1 0 1 1 1 1 1 1 0 0 0 1 0 1 1 0 0 0 0 1 1 0 1 1 0 0 0 0 0 0 1 0 0 1]
58 16 100 0.048226046314000404 [1 0 1 1 1 1 1 1 0 0 0 1 0 1 1 0 0 0 0 1 1 0 1 1 0 0 0 0 0 0 1 0 0 1]
59 16 100 0.048226046314000404 [1 0 1 1 1 1 1 1 0 0 0 1 0 1 1 0 0 0 0 1 1 0 1 1 0 0 0 0 0 0 1 0 0 1]
60 16 100 0.048226046314000404 [1 0 1 1 1 1 1 1 0 0 0 1 0 1 1 0 0 0 0 1 1 0 1 1 0 0 0 0 0 0 1 0 0 1]
61 16 100 0.048226046314000404 [1 0 1 1 1 1 1 1 0 0 0 1 0 1 1 0 0 0 0 1 1 0 1 1 0 0 0 0 0 0 1 0 0 1]
62 16 100 0.048226046314000404 [1 0 1 1 1 1 1 1 0 0 0 1 0 1 1 0 0 0 0 1 1 0 1 1 0 0 0 0 0 0 1 0 0 1]
63 16 100 0.048226046314000404 [1 0 1 1 1 1 1 1 0 0 0 1 0 1 1 0 0 0 0 1 1 0 1 1 0 0 0 0 0 0 1 0 0 1]
64 16 100 0.048226046314000404 [1 0 1 1 1 1 1 1 0 0 0 1 0 1 1 0 0 0 0 1 1 0 1 1 0 0 0 0 0 0 1 0 0 1]
65 16 100 0.048226046314000404 [1 0 1 1 1 1 1 1 0 0 0 1 0 1 1 0 0 0 0 1 1 0 1 1 0 0 0 0 0 0 1 0 0 1]
66 16 100 0.048226046314000404 [1 0 1 1 1 1 1 1 0 0 0 1 0 1 1 0 0 0 0 1 1 0 1 1 0 0 0 0 0 0 1 0 0 1]
67 16 100 0.048226046314000404 [1 0 1 1 1 1 1 1 0 0 0 1 0 1 1 0 0 0 0 1 1 0 1 1 0 0 0 0 0 0 1 0 0 1]
68 16 100 0.048226046314000404 [1 0 1 1 1 1 1 1 0 0 0 1 0 1 1 0 0 0 0 1 1 0 1 1 0 0 0 0 0 0 1 0 0 1]
69 16 100 0.048226046314000404 [1 0 1 1 1 1 1 1 0 0 0 1 0 1 1 0 0 0 0 1 1 0 1 1 0 0 0 0 0 0 1 0 0 1]
70 16 100 0.048226046314000404 [1 0 1 1 1 1 1 1 0 0 0 1 0 1 1 0 0 0 0 1 1 0 1 1 0 0 0 0 0 0 1 0 0 1]
71 16 100 0.048226046314000404 [1 0 1 1 1 1 1 1 0 0 0 1 0 1 1 0 0 0 0 1 1 0 1 1 0 0 0 0 0 0 1 0 0 1]
72 16 100 0.048226046314000404 [1 0 1 1 1 1 1 1 0 0 0 1 0 1 1 0 0 0 0 1 1 0 1 1 0 0 0 0 0 0 1 0 0 1]
73 16 100 0.048226046314000404 [1 0 1 1 1 1 1 1 0 0 0 1 0 1 1 0 0 0 0 1 1 0 1 1 0 0 0 0 0 0 1 0 0 1]
74 16 100 0.048226046314000404 [1 0 1 1 1 1 1 1 0 0 0 1 0 1 1 0 0 0 0 1 1 0 1 1 0 0 0 0 0 0 1 0 0 1]
75 16 100 0.048226046314000404 [1 0 1 1 1 1 1 1 0 0 0 1 0 1 1 0 0 0 0 1 1 0 1 1 0 0 0 0 0 0 1 0 0 1]
76 16 100 0.048226046314000404 [1 0 1 1 1 1 1 1 0 0 0 1 0 1 1 0 0 0 0 1 1 0 1 1 0 0 0 0 0 0 1 0 0 1]
77 16 100 0.048226046314000404 [1 0 1 1 1 1 1 1 0 0 0 1 0 1 1 0 0 0 0 1 1 0 1 1 0 0 0 0 0 0 1 0 0 1]
78 16 100 0.048226046314000404 [1 0 1 1 1 1 1 1 0 0 0 1 0 1 1 0 0 0 0 1 1 0 1 1 0 0 0 0 0 0 1 0 0 1]
79 16 100 0.048226046314000404 [1 0 1 1 1 1 1 1 0 0 0 1 0 1 1 0 0 0 0 1 1 0 1 1 0 0 0 0 0 0 1 0 0 1]
80 16 100 0.048226046314000404 [1 0 1 1 1 1 1 1 0 0 0 1 0 1 1 0 0 0 0 1 1 0 1 1 0 0 0 0 0 0 1 0 0 1]
81 16 100 0.048226046314000404 [1 0 1 1 1 1 1 1 0 0 0 1 0 1 1 0 0 0 0 1 1 0 1 1 0 0 0 0 0 0 1 0 0 1]
82 16 100 0.048226046314000404 [1 0 1 1 1 1 1 1 0 0 0 1 0 1 1 0 0 0 0 1 1 0 1 1 0 0 0 0 0 0 1 0 0 1]
83 16 100 0.048226046314000404 [1 0 1 1 1 1 1 1 0 0 0 1 0 1 1 0 0 0 0 1 1 0 1 1 0 0 0 0 0 0 1 0 0 1]
84 16 100 0.048226046314000404 [1 0 1 1 1 1 1 1 0 0 0 1 0 1 1 0 0 0 0 1 1 0 1 1 0 0 0 0 0 0 1 0 0 1]
85 16 100 0.048226046314000404 [1 0 1 1 1 1 1 1 0 0 0 1 0 1 1 0 0 0 0 1 1 0 1 1 0 0 0 0 0 0 1 0 0 1]
86 16 100 0.048226046314000404 [1 0 1 1 1 1 1 1 0 0 0 1 0 1 1 0 0 0 0 1 1 0 1 1 0 0 0 0 0 0 1 0 0 1]
87 16 100 0.048226046314000404 [1 0 1 1 1 1 1 1 0 0 0 1 0 1 1 0 0 0 0 1 1 0 1 1 0 0 0 0 0 0 1 0 0 1]
88 16 100 0.048226046314000404 [1 0 1 1 1 1 1 1 0 0 0 1 0 1 1 0 0 0 0 1 1 0 1 1 0 0 0 0 0 0 1 0 0 1]
89 16 100 0.048226046314000404 [1 0 1 1 1 1 1 1 0 0 0 1 0 1 1 0 0 0 0 1 1 0 1 1 0 0 0 0 0 0 1 0 0 1]
90 16 100 0.048226046314000404 [1 0 1 1 1 1 1 1 0 0 0 1 0 1 1 0 0 0 0 1 1 0 1 1 0 0 0 0 0 0 1 0 0 1]
91 16 100 0.048226046314000404 [1 0 1 1 1 1 1 1 0 0 0 1 0 1 1 0 0 0 0 1 1 0 1 1 0 0 0 0 0 0 1 0 0 1]
92 16 100 0.048226046314000404 [1 0 1 1 1 1 1 1 0 0 0 1 0 1 1 0 0 0 0 1 1 0 1 1 0 0 0 0 0 0 1 0 0 1]
93 16 100 0.048226046314000404 [1 0 1 1 1 1 1 1 0 0 0 1 0 1 1 0 0 0 0 1 1 0 1 1 0 0 0 0 0 0 1 0 0 1]
94 16 100 0.048226046314000404 [1 0 1 1 1 1 1 1 0 0 0 1 0 1 1 0 0 0 0 1 1 0 1 1 0 0 0 0 0 0 1 0 0 1]
95 16 100 0.048226046314000404 [1 0 1 1 1 1 1 1 0 0 0 1 0 1 1 0 0 0 0 1 1 0 1 1 0 0 0 0 0 0 1 0 0 1]
96 16 100 0.048226046314000404 [1 0 1 1 1 1 1 1 0 0 0 1 0 1 1 0 0 0 0 1 1 0 1 1 0 0 0 0 0 0 1 0 0 1]
97 16 100 0.048226046314000404 [1 0 1 1 1 1 1 1 0 0 0 1 0 1 1 0 0 0 0 1 1 0 1 1 0 0 0 0 0 0 1 0 0 1]
98 16 100 0.048226046314000404 [1 0 1 1 1 1 1 1 0 0 0 1 0 1 1 0 0 0 0 1 1 0 1 1 0 0 0 0 0 0 1 0 0 1]
99 16 100 0.048226046314000404 [1 0 1 1 1 1 1 1 0 0 0 1 0 1 1 0 0 0 0 1 1 0 1 1 0 0 0 0 0 0 1 0 0 1]
100 16 100 0.048226046314000404 [1 0 1 1 1 1 1 1 0 0 0 1 0 1 1 0 0 0 0 1 1 0 1 1 0 0 0 0 0 0 1 0 0 1]
101 16 100 0.048226046314000404 [1 0 1 1 1 1 1 1 0 0 0 1 0 1 1 0 0 0 0 1 1 0 1 1 0 0 0 0 0 0 1 0 0 1]
102 16 100 0.048226046314000404 [1 0 1 1 1 1 1 1 0 0 0 1 0 1 1 0 0 0 0 1 1 0 1 1 0 0 0 0 0 0 1 0 0 1]
103 16 100 0.048226046314000404 [1 0 1 1 1 1 1 1 0 0 0 1 0 1 1 0 0 0 0 1 1 0 1 1 0 0 0 0 0 0 1 0 0 1]
104 16 100 0.048226046314000404 [1 0 1 1 1 1 1 1 0 0 0 1 0 1 1 0 0 0 0 1 1 0 1 1 0 0 0 0 0 0 1 0 0 1]
105 16 100 0.048226046314000404 [1 0 1 1 1 1 1 1 0 0 0 1 0 1 1 0 0 0 0 1 1 0 1 1 0 0 0 0 0 0 1 0 0 1]
106 16 100 0.048226046314000404 [1 0 1 1 1 1 1 1 0 0 0 1 0 1 1 0 0 0 0 1 1 0 1 1 0 0 0 0 0 0 1 0 0 1]
107 16 100 0.048226046314000404 [1 0 1 1 1 1 1 1 0 0 0 1 0 1 1 0 0 0 0 1 1 0 1 1 0 0 0 0 0 0 1 0 0 1]
108 16 100 0.048226046314000404 [1 0 1 1 1 1 1 1 0 0 0 1 0 1 1 0 0 0 0 1 1 0 1 1 0 0 0 0 0 0 1 0 0 1]
109 16 100 0.048226046314000404 [1 0 1 1 1 1 1 1 0 0 0 1 0 1 1 0 0 0 0 1 1 0 1 1 0 0 0 0 0 0 1 0 0 1]
110 16 100 0.048226046314000404 [1 0 1 1 1 1 1 1 0 0 0 1 0 1 1 0 0 0 0 1 1 0 1 1 0 0 0 0 0 0 1 0 0 1]
111 16 100 0.048226046314000404 [1 0 1 1 1 1 1 1 0 0 0 1 0 1 1 0 0 0 0 1 1 0 1 1 0 0 0 0 0 0 1 0 0 1]
112 16 100 0.048226046314000404 [1 0 1 1 1 1 1 1 0 0 0 1 0 1 1 0 0 0 0 1 1 0 1 1 0 0 0 0 0 0 1 0 0 1]
113 16 100 0.048226046314000404 [1 0 1 1 1 1 1 1 0 0 0 1 0 1 1 0 0 0 0 1 1 0 1 1 0 0 0 0 0 0 1 0 0 1]
114 16 100 0.048226046314000404 [1 0 1 1 1 1 1 1 0 0 0 1 0 1 1 0 0 0 0 1 1 0 1 1 0 0 0 0 0 0 1 0 0 1]
115 16 100 0.048226046314000404 [1 0 1 1 1 1 1 1 0 0 0 1 0 1 1 0 0 0 0 1 1 0 1 1 0 0 0 0 0 0 1 0 0 1]
116 16 100 0.048226046314000404 [1 0 1 1 1 1 1 1 0 0 0 1 0 1 1 0 0 0 0 1 1 0 1 1 0 0 0 0 0 0 1 0 0 1]
117 16 100 0.048226046314000404 [1 0 1 1 1 1 1 1 0 0 0 1 0 1 1 0 0 0 0 1 1 0 1 1 0 0 0 0 0 0 1 0 0 1]
118 16 100 0.048226046314000404 [1 0 1 1 1 1 1 1 0 0 0 1 0 1 1 0 0 0 0 1 1 0 1 1 0 0 0 0 0 0 1 0 0 1]
119 16 100 0.048226046314000404 [1 0 1 1 1 1 1 1 0 0 0 1 0 1 1 0 0 0 0 1 1 0 1 1 0 0 0 0 0 0 1 0 0 1]
120 16 100 0.048226046314000404 [1 0 1 1 1 1 1 1 0 0 0 1 0 1 1 0 0 0 0 1 1 0 1 1 0 0 0 0 0 0 1 0 0 1]
121 16 100 0.048226046314000404 [1 0 1 1 1 1 1 1 0 0 0 1 0 1 1 0 0 0 0 1 1 0 1 1 0 0 0 0 0 0 1 0 0 1]
122 16 100 0.048226046314000404 [1 0 1 1 1 1 1 1 0 0 0 1 0 1 1 0 0 0 0 1 1 0 1 1 0 0 0 0 0 0 1 0 0 1]
123 16 100 0.048226046314000404 [1 0 1 1 1 1 1 1 0 0 0 1 0 1 1 0 0 0 0 1 1 0 1 1 0 0 0 0 0 0 1 0 0 1]
124 16 100 0.048226046314000404 [1 0 1 1 1 1 1 1 0 0 0 1 0 1 1 0 0 0 0 1 1 0 1 1 0 0 0 0 0 0 1 0 0 1]
125 16 100 0.048226046314000404 [1 0 1 1 1 1 1 1 0 0 0 1 0 1 1 0 0 0 0 1 1 0 1 1 0 0 0 0 0 0 1 0 0 1]
126 16 100 0.048226046314000404 [1 0 1 1 1 1 1 1 0 0 0 1 0 1 1 0 0 0 0 1 1 0 1 1 0 0 0 0 0 0 1 0 0 1]
127 16 100 0.048226046314000404 [1 0 1 1 1 1 1 1 0 0 0 1 0 1 1 0 0 0 0 1 1 0 1 1 0 0 0 0 0 0 1 0 0 1]
128 16 100 0.048226046314000404 [1 0 1 1 1 1 1 1 0 0 0 1 0 1 1 0 0 0 0 1 1 0 1 1 0 0 0 0 0 0 1 0 0 1]
129 16 100 0.048226046314000404 [1 0 1 1 1 1 1 1 0 0 0 1 0 1 1 0 0 0 0 1 1 0 1 1 0 0 0 0 0 0 1 0 0 1]
130 16 100 0.048226046314000404 [1 0 1 1 1 1 1 1 0 0 0 1 0 1 1 0 0 0 0 1 1 0 1 1 0 0 0 0 0 0 1 0 0 1]
131 16 100 0.048226046314000404 [1 0 1 1 1 1 1 1 0 0 0 1 0 1 1 0 0 0 0 1 1 0 1 1 0 0 0 0 0 0 1 0 0 1]
132 16 100 0.048226046314000404 [1 0 1 1 1 1 1 1 0 0 0 1 0 1 1 0 0 0 0 1 1 0 1 1 0 0 0 0 0 0 1 0 0 1]
133 16 100 0.048226046314000404 [1 0 1 1 1 1 1 1 0 0 0 1 0 1 1 0 0 0 0 1 1 0 1 1 0 0 0 0 0 0 1 0 0 1]
134 16 100 0.048226046314000404 [1 0 1 1 1 1 1 1 0 0 0 1 0 1 1 0 0 0 0 1 1 0 1 1 0 0 0 0 0 0 1 0 0 1]
135 16 100 0.048226046314000404 [1 0 1 1 1 1 1 1 0 0 0 1 0 1 1 0 0 0 0 1 1 0 1 1 0 0 0 0 0 0 1 0 0 1]
136 16 100 0.048226046314000404 [1 0 1 1 1 1 1 1 0 0 0 1 0 1 1 0 0 0 0 1 1 0 1 1 0 0 0 0 0 0 1 0 0 1]
137 16 100 0.048226046314000404 [1 0 1 1 1 1 1 1 0 0 0 1 0 1 1 0 0 0 0 1 1 0 1 1 0 0 0 0 0 0 1 0 0 1]
138 16 100 0.048226046314000404 [1 0 1 1 1 1 1 1 0 0 0 1 0 1 1 0 0 0 0 1 1 0 1 1 0 0 0 0 0 0 1 0 0 1]
139 16 100 0.048226046314000404 [1 0 1 1 1 1 1 1 0 0 0 1 0 1 1 0 0 0 0 1 1 0 1 1 0 0 0 0 0 0 1 0 0 1]
140 16 100 0.048226046314000404 [1 0 1 1 1 1 1 1 0 0 0 1 0 1 1 0 0 0 0 1 1 0 1 1 0 0 0 0 0 0 1 0 0 1]
141 16 100 0.048226046314000404 [1 0 1 1 1 1 1 1 0 0 0 1 0 1 1 0 0 0 0 1 1 0 1 1 0 0 0 0 0 0 1 0 0 1]
142 16 100 0.048226046314000404 [1 0 1 1 1 1 1 1 0 0 0 1 0 1 1 0 0 0 0 1 1 0 1 1 0 0 0 0 0 0 1 0 0 1]
143 16 100 0.048226046314000404 [1 0 1 1 1 1 1 1 0 0 0 1 0 1 1 0 0 0 0 1 1 0 1 1 0 0 0 0 0 0 1 0 0 1]
144 16 99 0.048226046314000404 [1 0 1 1 1 1 1 1 0 0 0 1 0 1 1 0 0 0 0 1 1 0 1 1 0 0 0 0 0 0 1 0 0 1]
145 16 100 0.048226046314000404 [1 0 1 1 1 1 1 1 0 0 0 1 0 1 1 0 0 0 0 1 1 0 1 1 0 0 0 0 0 0 1 0 0 1]
146 16 100 0.048226046314000404 [1 0 1 1 1 1 1 1 0 0 0 1 0 1 1 0 0 0 0 1 1 0 1 1 0 0 0 0 0 0 1 0 0 1]
147 16 100 0.048226046314000404 [1 0 1 1 1 1 1 1 0 0 0 1 0 1 1 0 0 0 0 1 1 0 1 1 0 0 0 0 0 0 1 0 0 1]
148 16 100 0.048226046314000404 [1 0 1 1 1 1 1 1 0 0 0 1 0 1 1 0 0 0 0 1 1 0 1 1 0 0 0 0 0 0 1 0 0 1]
149 16 100 0.048226046314000404 [1 0 1 1 1 1 1 1 0 0 0 1 0 1 1 0 0 0 0 1 1 0 1 1 0 0 0 0 0 0 1 0 0 1]
150 16 100 0.048226046314000404 [1 0 1 1 1 1 1 1 0 0 0 1 0 1 1 0 0 0 0 1 1 0 1 1 0 0 0 0 0 0 1 0 0 1]
