0 21 100 0.0636414543148407 [1 1 1 1 1 1 1 0 1 1 0 1 1 1 0 0 1 1 1 1 1 1 0 1 1 0 0 0 1 0 0 0 0 0]
1 20 100 0.054473564692367304 [1 1 1 1 1 1 1 1 0 1 0 1 1 0 0 0 1 0 0 1 0 1 0 1 1 1 1 1 0 0 1 0 0 0]
2 19 100 0.054054054054053946 [1 1 1 1 1 0 1 1 0 1 0 1 1 1 1 0 1 0 0 0 0 1 0 1 1 1 1 1 0 0 0 0 0 0]
3 19 100 0.054054054054053946 [1 1 1 1 1 0 1 1 0 1 0 1 1 1 1 0 1 0 0 0 0 1 0 1 1 1 1 1 0 0 0 0 0 0]
4 19 100 0.054054054054053946 [1 1 1 1 1 0 1 1 0 1 0 1 1 1 1 0 1 0 0 0 0 1 0 1 1 1 1 1 0 0 0 0 0 0]
5 19 100 0.054054054054053946 [1 1 1 1 1 0 1 1 0 1 0 1 1 1 1 0 1 0 0 0 0 1 0 1 1 1 1 1 0 0 0 0 0 0]
6 19 100 0.054054054054053946 [1 1 1 1 1 0 1 1 0 1 0 1 1 1 1 0 1 0 0 0 0 1 0 1 1 1 1 1 0 0 0 0 0 0]
7 19 100 0.054054054054053946 [1 1 1 1 1 0 1 1 0 1 0 1 1 1 1 0 1 0 0 0 0 1 0 1 1 1 1 1 0 0 0 0 0 0]
8 19 100 0.054054054054053946 [1 1 1 1 1 0 1 1 0 1 0 1 1 1 1 0 1 0 0 0 0 1 0 1 1 1 1 1 0 0 0 0 0 0]
9 19 100 0.054054054054053946 [1 1 1 1 1 0 1 1 0 1 0 1 1 1 1 0 1 0 0 0 0 1 0 1 1 1 1 1 0 0 0 0 0 0]
10 19 100 0.053362968302597014 [1 1 1 1 1 1 1 1 0 0 0 1 1 0 1 0 1 1 0 0 0 1 1 0 0 0 1 1 1 0 0 1 0 0]
11 19 100 0.053362968302597014 [1 1 1 1 1 1 1 1 0 0 0 1 1 0 1 0 1 1 0 0 0 1 1 0 0 0 1 1 1 0 0 1 0 0]
12 16 100 0.052473763118440764 [1 1 1 1 1 1 1 0 0 1 1 1 0 0 0 0 0 0 0 0 1 0 0 1 0 1 0 1 1 0 0 1 0 0]
13 16 100 0.052473763118440764 [1 1 1 1 1 1 1 0 0 1 1 1 0 0 0 0 0 0 0 0 1 0 0 1 0 1 0 1 1 0 0 1 0 0]
14 16 100 0.052473763118440764 [1 1 1 1 1 1 1 0 0 1 1 1 0 0 0 0 0 0 0 0 1 0 0 1 0 1 0 1 1 0 0 1 0 0]
15 16 100 0.052473763118440764 [1 1 1 1 1 1 1 0 0 1 1 1 0 0 0 0 0 0 0 0 1 0 0 1 0 1 0 1 1 0 0 1 0 0]
16 16 100 0.052473763118440764 [1 1 1 1 1 1 1 0 0 1 1 1 0 0 0 0 0 0 0 0 1 0 0 1 0 1 0 1 1 0 0 1 0 0]
17 16 100 0.052473763118440764 [1 1 1 1 1 1 1 0 0 1 1 1 0 0 0 0 0 0 0 0 1 0 0 1 0 1 0 1 1 0 0 1 0 0]
18 16 100 0.052473763118440764 [1 1 1 1 1 1 1 0 0 1 1 1 0 0 0 0 0 0 0 0 1 0 0 1 0 1 0 1 1 0 0 1 0 0]
19 13 100 0.050898203592814384 [1 1 1 1 1 1 1 0 0 1 0 1 0 0 0 1 1 0 0 0 0 0 0 0 0 0 0 1 1 0 0 0 0 0]
20 13 100 0.050898203592814384 [1 1 1 1 1 1 1 0 0 1 0 1 0 0 0 1 1 0 0 0 0 0 0 0 0 0 0 1 1 0 0 0 0 0]
21 13 100 0.050898203592814384 [1 1 1 1 1 1 1 0 0 1 0 1 0 0 0 1 1 0 0 0 0 0 0 0 0 0 0 1 1 0 0 0 0 0]
22 13 100 0.050898203592814384 [1 1 1 1 1 1 1 0 0 1 0 1 0 0 0 1 1 0 0 0 0 0 0 0 0 0 0 1 1 0 0 0 0 0]
23 13 100 0.050898203592814384 [1 1 1 1 1 1 1 0 0 1 0 1 0 0 0 1 1 0 0 0 0 0 0 0 0 0 0 1 1 0 0 0 0 0]
24 13 100 0.050898203592814384 [1 1 1 1 1 1 1 0 0 1 0 1 0 0 0 1 1 0 0 0 0 0 0 0 0 0 0 1 1 0 0 0 0 0]
25 13 100 0.050898203592814384 [1 1 1 1 1 1 1 0 0 1 0 1 0 0 0 1 1 0 0 0 0 0 0 0 0 0 0 1 1 0 0 0 0 0]
26 13 100 0.050898203592814384 [1 1 1 1 1 1 1 0 0 1 0 1 0 0 0 1 1 0 0 0 0 0 0 0 0 0 0 1 1 0 0 0 0 0]
27 13 100 0.050898203592814384 [1 1 1 1 1 1 1 0 0 1 0 1 0 0 0 1 1 0 0 0 0 0 0 0 0 0 0 1 1 0 0 0 0 0]
28 13 100 0.050898203592814384 [1 1 1 1 1 1 1 0 0 1 0 1 0 0 0 1 1 0 0 0 0 0 0 0 0 0 0 1 1 0 0 0 0 0]
29 13 100 0.050898203592814384 [1 1 1 1 1 1 1 0 0 1 0 1 0 0 0 1 1 0 0 0 0 0 0 0 0 0 0 1 1 0 0 0 0 0]
30 13 100 0.050898203592814384 [1 1 1 1 1 1 1 0 0 1 0 1 0 0 0 1 1 0 0 0 0 0 0 0 0 0 0 1 1 0 0 0 0 0]
31 13 100 0.050898203592814384 [1 1 1 1 1 1 1 0 0 1 0 1 0 0 0 1 1 0 0 0 0 0 0 0 0 0 0 1 1 0 0 0 0 0]
32 13 100 0.050898203592814384 [1 1 1 1 1 1 1 0 0 1 0 1 0 0 0 1 1 0 0 0 0 0 0 0 0 0 0 1 1 0 0 0 0 0]
33 13 100 0.050898203592814384 [1 1 1 1 1 1 1 0 0 1 0 1 0 0 0 1 1 0 0 0 0 0 0 0 0 0 0 1 1 0 0 0 0 0]
34 13 100 0.050898203592814384 [1 1 1 1 1 1 1 0 0 1 0 1 0 0 0 1 1 0 0 0 0 0 0 0 0 0 0 1 1 0 0 0 0 0]
35 13 100 0.050898203592814384 [1 1 1 1 1 1 1 0 0 1 0 1 0 0 0 1 1 0 0 0 0 0 0 0 0 0 0 1 1 0 0 0 0 0]
36 13 100 0.050898203592814384 [1 1 1 1 1 1 1 0 0 1 0 1 0 0 0 1 1 0 0 0 0 0 0 0 0 0 0 1 1 0 0 0 0 0]
37 13 100 0.050898203592814384 [1 1 1 1 1 1 1 0 0 1 0 1 0 0 0 1 1 0 0 0 0 0 0 0 0 0 0 1 1 0 0 0 0 0]
38 13 100 0.050898203592814384 [1 1 1 1 1 1 1 0 0 1 0 1 0 0 0 1 1 0 0 0 0 0 0 0 0 0 0 1 1 0 0 0 0 0]
39 13 100 0.050898203592814384 [1 1 1 1 1 1 1 0 0 1 0 1 0 0 0 1 1 0 0 0 0 0 0 0 0 0 0 1 1 0 0 0 0 0]
40 13 100 0.050898203592814384 [1 1 1 1 1 1 1 0 0 1 0 1 0 0 0 1 1 0 0 0 0 0 0 0 0 0 0 1 1 0 0 0 0 0]
41 13 100 0.050898203592814384 [1 1 1 1 1 1 1 0 0 1 0 1 0 0 0 1 1 0 0 0 0 0 0 0 0 0 0 1 1 0 0 0 0 0]
42 13 100 0.050898203592814384 [1 1 1 1 1 1 1 0 0 1 0 1 0 0 0 1 1 0 0 0 0 0 0 0 0 0 0 1 1 0 0 0 0 0]
43 13 100 0.050898203592814384 [1 1 1 1 1 1 1 0 0 1 0 1 0 0 0 1 1 0 0 0 0 0 0 0 0 0 0 1 1 0 0 0 0 0]
44 13 100 0.050898203592814384 [1 1 1 1 1 1 1 0 0 1 0 1 0 0 0 1 1 0 0 0 0 0 0 0 0 0 0 1 1 0 0 0 0 0]
45 13 100 0.050898203592814384 [1 1 1 1 1 1 1 0 0 1 0 1 0 0 0 1 1 0 0 0 0 0 0 0 0 0 0 1 1 0 0 0 0 0]
46 13 100 0.050898203592814384 [1 1 1 1 1 1 1 0 0 1 0 1 0 0 0 1 1 0 0 0 0 0 0 0 0 0 0 1 1 0 0 0 0 0]
47 13 100 0.050898203592814384 [1 1 1 1 1 1 1 0 0 1 0 1 0 0 0 1 1 0 0 0 0 0 0 0 0 0 0 1 1 0 0 0 0 0]
48 13 100 0.050898203592814384 [1 1 1 1 1 1 1 0 0 1 0 1 0 0 0 1 1 0 0 0 0 0 0 0 0 0 0 1 1 0 0 0 0 0]
49 13 100 0.050898203592814384 [1 1 1 1 1 1 1 0 0 1 0 1 0 0 0 1 1 0 0 0 0 0 0 0 0 0 0 1 1 0 0 0 0 0]
50 13 100 0.050898203592814384 [1 1 1 1 1 1 1 0 0 1 0 1 0 0 0 1 1 0 0 0 0 0 0 0 0 0 0 1 1 0 0 0 0 0]
51 13 100 0.050898203592814384 [1 1 1 1 1 1 1 0 0 1 0 1 0 0 0 1 1 0 0 0 0 0 0 0 0 0 0 1 1 0 0 0 0 0]
52 13 100 0.050898203592814384 [1 1 1 1 1 1 1 0 0 1 0 1 0 0 0 1 1 0 0 0 0 0 0 0 0 0 0 1 1 0 0 0 0 0]
53 13 100 0.050898203592814384 [1 1 1 1 1 1 1 0 0 1 0 1 0 0 0 1 1 0 0 0 0 0 0 0 0 0 0 1 1 0 0 0 0 0]
54 13 100 0.050898203592814384 [1 1 1 1 1 1 1 0 0 1 0 1 0 0 0 1 1 0 0 0 0 0 0 0 0 0 0 1 1 0 0 0 0 0]
55 13 100 0.050898203592814384 [1 1 1 1 1 1 1 0 0 1 0 1 0 0 0 1 1 0 0 0 0 0 0 0 0 0 0 1 1 0 0 0 0 0]
56 13 100 0.050898203592814384 [1 1 1 1 1 1 1 0 0 1 0 1 0 0 0 1 1 0 0 0 0 0 0 0 0 0 0 1 1 0 0 0 0 0]
57 13 100 0.050898203592814384 [1 1 1 1 1 1 1 0 0 1 0 1 0 0 0 1 1 0 0 0 0 0 0 0 0 0 0 1 1 0 0 0 0 0]
58 13 100 0.050898203592814384 [1 1 1 1 1 1 1 0 0 1 0 1 0 0 0 1 1 0 0 0 0 0 0 0 0 0 0 1 1 0 0 0 0 0]
59 13 100 0.050898203592814384 [1 1 1 1 1 1 1 0 0 1 0 1 0 0 0 1 1 0 0 0 0 0 0 0 0 0 0 1 1 0 0 0 0 0]
60 13 100 0.050898203592814384 [1 1 1 1 1 1 1 0 0 1 0 1 0 0 0 1 1 0 0 0 0 0 0 0 0 0 0 1 1 0 0 0 0 0]
61 13 100 0.050898203592814384 [1 1 1 1 1 1 1 0 0 1 0 1 0 0 0 1 1 0 0 0 0 0 0 0 0 0 0 1 1 0 0 0 0 0]
62 13 100 0.050898203592814384 [1 1 1 1 1 1 1 0 0 1 0 1 0 0 0 1 1 0 0 0 0 0 0 0 0 0 0 1 1 0 0 0 0 0]
63 13 100 0.050898203592814384 [1 1 1 1 1 1 1 0 0 1 0 1 0 0 0 1 1 0 0 0 0 0 0 0 0 0 0 1 1 0 0 0 0 0]
64 13 100 0.050898203592814384 [1 1 1 1 1 1 1 0 0 1 0 1 0 0 0 1 1 0 0 0 0 0 0 0 0 0 0 1 1 0 0 0 0 0]
65 13 100 0.050898203592814384 [1 1 1 1 1 1 1 0 0 1 0 1 0 0 0 1 1 0 0 0 0 0 0 0 0 0 0 1 1 0 0 0 0 0]
66 13 100 0.050898203592814384 [1 1 1 1 1 1 1 0 0 1 0 1 0 0 0 1 1 0 0 0 0 0 0 0 0 0 0 1 1 0 0 0 0 0]
67 13 100 0.050898203592814384 [1 1 1 1 1 1 1 0 0 1 0 1 0 0 0 1 1 0 0 0 0 0 0 0 0 0 0 1 1 0 0 0 0 0]
68 13 100 0.050898203592814384 [1 1 1 1 1 1 1 0 0 1 0 1 0 0 0 1 1 0 0 0 0 0 0 0 0 0 0 1 1 0 0 0 0 0]
69 13 100 0.050898203592814384 [1 1 1 1 1 1 1 0 0 1 0 1 0 0 0 1 1 0 0 0 0 0 0 0 0 0 0 1 1 0 0 0 0 0]
70 13 100 0.050898203592814384 [1 1 1 1 1 1 1 0 0 1 0 1 0 0 0 1 1 0 0 0 0 0 0 0 0 0 0 1 1 0 0 0 0 0]
71 13 100 0.050898203592814384 [1 1 1 1 1 1 1 0 0 1 0 1 0 0 0 1 1 0 0 0 0 0 0 0 0 0 0 1 1 0 0 0 0 0]
72 13 100 0.050898203592814384 [1 1 1 1 1 1 1 0 0 1 0 1 0 0 0 1 1 0 0 0 0 0 0 0 0 0 0 1 1 0 0 0 0 0]
73 13 100 0.050898203592814384 [1 1 1 1 1 1 1 0 0 1 0 1 0 0 0 1 1 0 0 0 0 0 0 0 0 0 0 1 1 0 0 0 0 0]
74 13 100 0.050898203592814384 [1 1 1 1 1 1 1 0 0 1 0 1 0 0 0 1 1 0 0 0 0 0 0 0 0 0 0 1 1 0 0 0 0 0]
75 13 100 0.049327354260089606 [1 0 1 1 1 1 1 0 0 1 0 1 0 1 1 0 0 1 0 0 0 0 0 0 0 0 1 1 0 0 0 0 0 0]
76 13 100 0.049327354260089606 [1 0 1 1 1 1 1 0 0 1 0 1 0 1 1 0 0 1 0 0 0 0 0 0 0 0 1 1 0 0 0 0 0 0]
77 13 100 0.049327354260089606 [1 0 1 1 1 1 1 0 0 1 0 1 0 1 1 0 0 1 0 0 0 0 0 0 0 0 1 1 0 0 0 0 0 0]
78 13 100 0.049327354260089606 [1 0 1 1 1 1 1 0 0 1 0 1 0 1 1 0 0 1 0 0 0 0 0 0 0 0 1 1 0 0 0 0 0 0]
79 13 100 0.049327354260089606 [1 0 1 1 1 1 1 0 0 1 0 1 0 1 1 0 0 1 0 0 0 0 0 0 0 0 1 1 0 0 0 0 0 0]
80 13 100 0.049327354260089606 [1 0 1 1 1 1 1 0 0 1 0 1 0 1 1 0 0 1 0 0 0 0 0 0 0 0 1 1 0 0 0 0 0 0]
81 13 100 0.049327354260089606 [1 0 1 1 1 1 1 0 0 1 0 1 0 1 1 0 0 1 0 0 0 0 0 0 0 0 1 1 0 0 0 0 0 0]
82 13 100 0.049327354260089606 [1 0 1 1 1 1 1 0 0 1 0 1 0 1 1 0 0 1 0 0 0 0 0 0 0 0 1 1 0 0 0 0 0 0]
83 13 100 0.049327354260089606 [1 0 1 1 1 1 1 0 0 1 0 1 0 1 1 0 0 1 0 0 0 0 0 0 0 0 1 1 0 0 0 0 0 0]
84 13 100 0.049327354260089606 [1 0 1 1 1 1 1 0 0 1 0 1 0 1 1 0 0 1 0 0 0 0 0 0 0 0 1 1 0 0 0 0 0 0]
85 13 100 0.049327354260089606 [1 0 1 1 1 1 1 0 0 1 0 1 0 1 1 0 0 1 0 0 0 0 0 0 0 0 1 1 0 0 0 0 0 0]
86 13 100 0.049327354260089606 [1 0 1 1 1 1 1 0 0 1 0 1 0 1 1 0 0 1 0 0 0 0 0 0 0 0 1 1 0 0 0 0 0 0]
87 13 100 0.049327354260089606 [1 0 1 1 1 1 1 0 0 1 0 1 0 1 1 0 0 1 0 0 0 0 0 0 0 0 1 1 0 0 0 0 0 0]
88 13 100 0.049327354260089606 [1 0 1 1 1 1 1 0 0 1 0 1 0 1 1 0 0 1 0 0 0 0 0 0 0 0 1 1 0 0 0 0 0 0]
89 22 100 0.04513020109350374 [1 1 1 1 1 1 1 1 1 1 0 1 0 1 0 1 0 0 1 1 0 0 1 1 1 0 0 0 1 1 1 0 1 0]
90 22 100 0.04513020109350374 [1 1 1 1 1 1 1 1 1 1 0 1 0 1 0 1 0 0 1 1 0 0 1 1 1 0 0 0 1 1 1 0 1 0]
91 22 100 0.04513020109350374 [1 1 1 1 1 1 1 1 1 1 0 1 0 1 0 1 0 0 1 1 0 0 1 1 1 0 0 0 1 1 1 0 1 0]
92 22 100 0.04513020109350374 [1 1 1 1 1 1 1 1 1 1 0 1 0 1 0 1 0 0 1 1 0 0 1 1 1 0 0 0 1 1 1 0 1 0]
93 22 100 0.04513020109350374 [1 1 1 1 1 1 1 1 1 1 0 1 0 1 0 1 0 0 1 1 0 0 1 1 1 0 0 0 1 1 1 0 1 0]
94 22 100 0.04513020109350374 [1 1 1 1 1 1 1 1 1 1 0 1 0 1 0 1 0 0 1 1 0 0 1 1 1 0 0 0 1 1 1 0 1 0]
95 22 100 0.04513020109350374 [1 1 1 1 1 1 1 1 1 1 0 1 0 1 0 1 0 0 1 1 0 0 1 1 1 0 0 0 1 1 1 0 1 0]
96 22 100 0.04513020109350374 [1 1 1 1 1 1 1 1 1 1 0 1 0 1 0 1 0 0 1 1 0 0 1 1 1 0 0 0 1 1 1 0 1 0]
97 22 100 0.04513020109350374 [1 1 1 1 1 1 1 1 1 1 0 1 0 1 0 1 0 0 1 1 0 0 1 1 1 0 0 0 1 1 1 0 1 0]
98 22 100 0.04513020109350374 [1 1 1 1 1 1 1 1 1 1 0 1 0 1 0 1 0 0 1 1 0 0 1 1 1 0 0 0 1 1 1 0 1 0]
99 22 100 0.04513020109350374 [1 1 1 1 1 1 1 1 1 1 0 1 0 1 0 1 0 0 1 1 0 0 1 1 1 0 0 0 1 1 1 0 1 0]
100 22 100 0.04513020109350374 [1 1 1 1 1 1 1 1 1 1 0 1 0 1 0 1 0 0 1 1 0 0 1 1 1 0 0 0 1 1 1 0 1 0]
101 22 100 0.04513020109350374 [1 1 1 1 1 1 1 1 1 1 0 1 0 1 0 1 0 0 1 1 0 0 1 1 1 0 0 0 1 1 1 0 1 0]
102 22 100 0.04513020109350374 [1 1 1 1 1 1 1 1 1 1 0 1 0 1 0 1 0 0 1 1 0 0 1 1 1 0 0 0 1 1 1 0 1 0]
103 22 100 0.04513020109350374 [1 1 1 1 1 1 1 1 1 1 0 1 0 1 0 1 0 0 1 1 0 0 1 1 1 0 0 0 1 1 1 0 1 0]
104 22 100 0.04513020109350374 [1 1 1 1 1 1 1 1 1 1 0 1 0 1 0 1 0 0 1 1 0 0 1 1 1 0 0 0 1 1 1 0 1 0]
105 22 100 0.04513020109350374 [1 1 1 1 1 1 1 1 1 1 0 1 0 1 0 1 0 0 1 1 0 0 1 1 1 0 0 0 1 1 1 0 1 0]
106 22 100 0.04513020109350374 [1 1 1 1 1 1 1 1 1 1 0 1 0 1 0 1 0 0 1 1 0 0 1 1 1 0 0 0 1 1 1 0 1 0]
107 22 100 0.04513020109350374 [1 1 1 1 1 1 1 1 1 1 0 1 0 1 0 1 0 0 1 1 0 0 1 1 1 0 0 0 1 1 1 0 1 0]
108 22 100 0.04513020109350374 [1 1 1 1 1 1 1 1 1 1 0 1 0 1 0 1 0 0 1 1 0 0 1 1 1 0 0 0 1 1 1 0 1 0]
109 22 100 0.04513020109350374 [1 1 1 1 1 1 1 1 1 1 0 1 0 1 0 1 0 0 1 1 0 0 1 1 1 0 0 0 1 1 1 0 1 0]
110 22 100 0.04513020109350374 [1 1 1 1 1 1 1 1 1 1 0 1 0 1 0 1 0 0 1 1 0 0 1 1 1 0 0 0 1 1 1 0 1 0]
111 22 100 0.04513020109350374 [1 1 1 1 1 1 1 1 1 1 0 1 0 1 0 1 0 0 1 1 0 0 1 1 1 0 0 0 1 1 1 0 1 0]
112 22 100 0.04513020109350374 [1 1 1 1 1 1 1 1 1 1 0 1 0 1 0 1 0 0 1 1 0 0 1 1 1 0 0 0 1 1 1 0 1 0]
113 22 100 0.04513020109350374 [1 1 1 1 1 1 1 1 1 1 0 1 0 1 0 1 0 0 1 1 0 0 1 1 1 0 0 0 1 1 1 0 1 0]
114 22 100 0.04513020109350374 [1 1 1 1 1 1 1 1 1 1 0 1 0 1 0 1 0 0 1 1 0 0 1 1 1 0 0 0 1 1 1 0 1 0]
115 22 100 0.04513020109350374 [1 1 1 1 1 1 1 1 1 1 0 1 0 1 0 1 0 0 1 1 0 0 1 1 1 0 0 0 1 1 1 0 1 0]
116 22 100 0.04513020109350374 [1 1 1 1 1 1 1 1 1 1 0 1 0 1 0 1 0 0 1 1 0 0 1 1 1 0 0 0 1 1 1 0 1 0]
117 22 100 0.04513020109350374 [1 1 1 1 1 1 1 1 1 1 0 1 0 1 0 1 0 0 1 1 0 0 1 1 1 0 0 0 1 1 1 0 1 0]
118 22 100 0.04513020109350374 [1 1 1 1 1 1 1 1 1 1 0 1 0 1 0 1 0 0 1 1 0 0 1 1 1 0 0 0 1 1 1 0 1 0]
119 22 100 0.04513020109350374 [1 1 1 1 1 1 1 1 1 1 0 1 0 1 0 1 0 0 1 1 0 0 1 1 1 0 0 0 1 1 1 0 1 0]
120 22 100 0.04513020109350374 [1 1 1 1 1 1 1 1 1 1 0 1 0 1 0 1 0 0 1 1 0 0 1 1 1 0 0 0 1 1 1 0 1 0]
121 22 100 0.04513020109350374 [1 1 1 1 1 1 1 1 1 1 0 1 0 1 0 1 0 0 1 1 0 0 1 1 1 0 0 0 1 1 1 0 1 0]
122 22 100 0.04513020109350374 [1 1 1 1 1 1 1 1 1 1 0 1 0 1 0 1 0 0 1 1 0 0 1 1 1 0 0 0 1 1 1 0 1 0]
123 22 100 0.04513020109350374 [1 1 1 1 1 1 1 1 1 1 0 1 0 1 0 1 0 0 1 1 0 0 1 1 1 0 0 0 1 1 1 0 1 0]
124 22 100 0.04513020109350374 [1 1 1 1 1 1 1 1 1 1 0 1 0 1 0 1 0 0 1 1 0 0 1 1 1 0 0 0 1 1 1 0 1 0]
125 22 100 0.04513020109350374 [1 1 1 1 1 1 1 1 1 1 0 1 0 1 0 1 0 0 1 1 0 0 1 1 1 0 0 0 1 1 1 0 1 0]
126 22 100 0.04513020109350374 [1 1 1 1 1 1 1 1 1 1 0 1 0 1 0 1 0 0 1 1 0 0 1 1 1 0 0 0 1 1 1 0 1 0]
127 22 100 0.04513020109350374 [1 1 1 1 1 1 1 1 1 1 0 1 0 1 0 1 0 0 1 1 0 0 1 1 1 0 0 0 1 1 1 0 1 0]
128 22 100 0.04513020109350374 [1 1 1 1 1 1 1 1 1 1 0 1 0 1 0 1 0 0 1 1 0 0 1 1 1 0 0 0 1 1 1 0 1 0]
129 22 100 0.04513020109350374 [1 1 1 1 1 1 1 1 1 1 0 1 0 1 0 1 0 0 1 1 0 0 1 1 1 0 0 0 1 1 1 0 1 0]
130 22 100 0.04513020109350374 [1 1 1 1 1 1 1 1 1 1 0 1 0 1 0 1 0 0 1 1 0 0 1 1 1 0 0 0 1 1 1 0 1 0]
131 22 100 0.04513020109350374 [1 1 1 1 1 1 1 1 1 1 0 1 0 1 0 1 0 0 1 1 0 0 1 1 1 0 0 0 1 1 1 0 1 0]
132 22 100 0.04513020109350374 [1 1 1 1 1 1 1 1 1 1 0 1 0 1 0 1 0 0 1 1 0 0 1 1 1 0 0 0 1 1 1 0 1 0]
133 22 100 0.04513020109350374 [1 1 1 1 1 1 1 1 1 1 0 1 0 1 0 1 0 0 1 1 0 0 1 1 1 0 0 0 1 1 1 0 1 0]
134 22 100 0.04513020109350374 [1 1 1 1 1 1 1 1 1 1 0 1 0 1 0 1 0 0 1 1 0 0 1 1 1 0 0 0 1 1 1 0 1 0]
135 22 100 0.04513020109350374 [1 1 1 1 1 1 1 1 1 1 0 1 0 1 0 1 0 0 1 1 0 0 1 1 1 0 0 0 1 1 1 0 1 0]
136 22 100 0.04513020109350374 [1 1 1 1 1 1 1 1 1 1 0 1 0 1 0 1 0 0 1 1 0 0 1 1 1 0 0 0 1 1 1 0 1 0]
137 22 100 0.04513020109350374 [1 1 1 1 1 1 1 1 1 1 0 1 0 1 0 1 0 0 1 1 0 0 1 1 1 0 0 0 1 1 1 0 1 0]
138 22 100 0.04513020109350374 [1 1 1 1 1 1 1 1 1 1 0 1 0 1 0 1 0 0 1 1 0 0 1 1 1 0 0 0 1 1 1 0 1 0]
139 22 100 0.04513020109350374 [1 1 1 1 1 1 1 1 1 1 0 1 0 1 0 1 0 0 1 1 0 0 1 1 1 0 0 0 1 1 1 0 1 0]
140 22 100 0.04513020109350374 [1 1 1 1 1 1 1 1 1 1 0 1 0 1 0 1 0 0 1 1 0 0 1 1 1 0 0 0 1 1 1 0 1 0]
141 22 100 0.04513020109350374 [1 1 1 1 1 1 1 1 1 1 0 1 0 1 0 1 0 0 1 1 0 0 1 1 1 0 0 0 1 1 1 0 1 0]
142 22 100 0.04513020109350374 [1 1 1 1 1 1 1 1 1 1 0 1 0 1 0 1 0 0 1 1 0 0 1 1 1 0 0 0 1 1 1 0 1 0]
143 22 100 0.04513020109350374 [1 1 1 1 1 1 1 1 1 1 0 1 0 1 0 1 0 0 1 1 0 0 1 1 1 0 0 0 1 1 1 0 1 0]
144 22 100 0.04513020109350374 [1 1 1 1 1 1 1 1 1 1 0 1 0 1 0 1 0 0 1 1 0 0 1 1 1 0 0 0 1 1 1 0 1 0]
145 22 100 0.04513020109350374 [1 1 1 1 1 1 1 1 1 1 0 1 0 1 0 1 0 0 1 1 0 0 1 1 1 0 0 0 1 1 1 0 1 0]
146 22 100 0.04513020109350374 [1 1 1 1 1 1 1 1 1 1 0 1 0 1 0 1 0 0 1 1 0 0 1 1 1 0 0 0 1 1 1 0 1 0]
147 22 100 0.04513020109350374 [1 1 1 1 1 1 1 1 1 1 0 1 0 1 0 1 0 0 1 1 0 0 1 1 1 0 0 0 1 1 1 0 1 0]
148 22 100 0.04513020109350374 [1 1 1 1 1 1 1 1 1 1 0 1 0 1 0 1 0 0 1 1 0 0 1 1 1 0 0 0 1 1 1 0 1 0]
149 22 100 0.04513020109350374 [1 1 1 1 1 1 1 1 1 1 0 1 0 1 0 1 0 0 1 1 0 0 1 1 1 0 0 0 1 1 1 0 1 0]
150 22 100 0.04513020109350374 [1 1 1 1 1 1 1 1 1 1 0 1 0 1 0 1 0 0 1 1 0 0 1 1 1 0 0 0 1 1 1 0 1 0]
