0 20 100 0.060061694792233666 [1 1 1 1 1 1 1 1 1 1 0 0 1 1 0 1 0 1 0 1 0 0 0 1 1 1 1 0 0 0 0 0 1 0]
1 22 100 0.0580497224233647 [1 1 1 1 1 1 1 1 0 1 0 0 0 1 0 0 0 1 1 1 1 1 0 1 1 0 1 0 1 0 1 1 1 0]
2 21 100 0.053362968302597014 [1 0 1 1 1 1 1 0 1 1 0 1 0 1 0 0 1 0 1 1 1 1 1 1 0 0 1 1 1 0 1 0 0 0]
3 21 100 0.053362968302597014 [1 0 1 1 1 1 1 0 1 1 0 1 0 1 0 0 1 0 1 1 1 1 1 1 0 0 1 1 1 0 1 0 0 0]
4 21 100 0.053362968302597014 [1 0 1 1 1 1 1 0 1 1 0 1 0 1 0 0 1 0 1 1 1 1 1 1 0 0 1 1 1 0 1 0 0 0]
5 19 100 0.04978091609651669 [1 0 1 1 1 1 1 1 0 0 0 1 1 1 0 1 0 1 1 0 1 1 1 0 1 0 1 0 0 0 1 0 0 0]
6 19 100 0.04978091609651669 [1 0 1 1 1 1 1 1 0 0 0 1 1 1 0 1 0 1 1 0 1 1 1 0 1 0 1 0 0 0 1 0 0 0]
7 19 100 0.04978091609651669 [1 0 1 1 1 1 1 1 0 0 0 1 1 1 0 1 0 1 1 0 1 1 1 0 1 0 1 0 0 0 1 0 0 0]
8 19 100 0.04978091609651669 [1 0 1 1 1 1 1 1 0 0 0 1 1 1 0 1 0 1 1 0 1 1 1 0 1 0 1 0 0 0 1 0 0 0]
9 19 100 0.04978091609651669 [1 0 1 1 1 1 1 1 0 0 0 1 1 1 0 1 0 1 1 0 1 1 1 0 1 0 1 0 0 0 1 0 0 0]
10 19 100 0.04978091609651669 [1 0 1 1 1 1 1 1 0 0 0 1 1 1 0 1 0 1 1 0 1 1 1 0 1 0 1 0 0 0 1 0 0 0]
11 19 100 0.04978091609651669 [1 0 1 1 1 1 1 1 0 0 0 1 1 1 0 1 0 1 1 0 1 1 1 0 1 0 1 0 0 0 1 0 0 0]
12 19 100 0.04978091609651669 [1 0 1 1 1 1 1 1 0 0 0 1 1 1 0 1 0 1 1 0 1 1 1 0 1 0 1 0 0 0 1 0 0 0]
13 19 100 0.04978091609651669 [1 0 1 1 1 1 1 1 0 0 0 1 1 1 0 1 0 1 1 0 1 1 1 0 1 0 1 0 0 0 1 0 0 0]
14 19 100 0.04978091609651669 [1 0 1 1 1 1 1 1 0 0 0 1 1 1 0 1 0 1 1 0 1 1 1 0 1 0 1 0 0 0 1 0 0 0]
15 19 100 0.04978091609651669 [1 0 1 1 1 1 1 1 0 0 0 1 1 1 0 1 0 1 1 0 1 1 1 0 1 0 1 0 0 0 1 0 0 0]
16 19 100 0.04978091609651669 [1 0 1 1 1 1 1 1 0 0 0 1 1 1 0 1 0 1 1 0 1 1 1 0 1 0 1 0 0 0 1 0 0 0]
17 19 100 0.04978091609651669 [1 0 1 1 1 1 1 1 0 0 0 1 1 1 0 1 0 1 1 0 1 1 1 0 1 0 1 0 0 0 1 0 0 0]
18 19 100 0.04978091609651669 [1 0 1 1 1 1 1 1 0 0 0 1 1 1 0 1 0 1 1 0 1 1 1 0 1 0 1 0 0 0 1 0 0 0]
19 19 100 0.04978091609651669 [1 0 1 1 1 1 1 1 0 0 0 1 1 1 0 1 0 1 1 0 1 1 1 0 1 0 1 0 0 0 1 0 0 0]
20 19 100 0.04978091609651669 [1 0 1 1 1 1 1 1 0 0 0 1 1 1 0 1 0 1 1 0 1 1 1 0 1 0 1 0 0 0 1 0 0 0]
21 19 100 0.04978091609651669 [1 0 1 1 1 1 1 1 0 0 0 1 1 1 0 1 0 1 1 0 1 1 1 0 1 0 1 0 0 0 1 0 0 0]
22 19 100 0.04978091609651669 [1 0 1 1 1 1 1 1 0 0 0 1 1 1 0 1 0 1 1 0 1 1 1 0 1 0 1 0 0 0 1 0 0 0]
23 19 100 0.04978091609651669 [1 0 1 1 1 1 1 1 0 0 0 1 1 1 0 1 0 1 1 0 1 1 1 0 1 0 1 0 0 0 1 0 0 0]
24 19 100 0.04978091609651669 [1 0 1 1 1 1 1 1 0 0 0 1 1 1 0 1 0 1 1 0 1 1 1 0 1 0 1 0 0 0 1 0 0 0]
25 19 100 0.04978091609651669 [1 0 1 1 1 1 1 1 0 0 0 1 1 1 0 1 0 1 1 0 1 1 1 0 1 0 1 0 0 0 1 0 0 0]
26 19 100 0.04978091609651669 [1 0 1 1 1 1 1 1 0 0 0 1 1 1 0 1 0 1 1 0 1 1 1 0 1 0 1 0 0 0 1 0 0 0]
27 19 100 0.04978091609651669 [1 0 1 1 1 1 1 1 0 0 0 1 1 1 0 1 0 1 1 0 1 1 1 0 1 0 1 0 0 0 1 0 0 0]
28 19 100 0.04978091609651669 [1 0 1 1 1 1 1 1 0 0 0 1 1 1 0 1 0 1 1 0 1 1 1 0 1 0 1 0 0 0 1 0 0 0]
29 19 100 0.04978091609651669 [1 0 1 1 1 1 1 1 0 0 0 1 1 1 0 1 0 1 1 0 1 1 1 0 1 0 1 0 0 0 1 0 0 0]
30 19 100 0.04978091609651669 [1 0 1 1 1 1 1 1 0 0 0 1 1 1 0 1 0 1 1 0 1 1 1 0 1 0 1 0 0 0 1 0 0 0]
31 19 100 0.04978091609651669 [1 0 1 1 1 1 1 1 0 0 0 1 1 1 0 1 0 1 1 0 1 1 1 0 1 0 1 0 0 0 1 0 0 0]
32 19 100 0.04978091609651669 [1 0 1 1 1 1 1 1 0 0 0 1 1 1 0 1 0 1 1 0 1 1 1 0 1 0 1 0 0 0 1 0 0 0]
33 19 100 0.04978091609651669 [1 0 1 1 1 1 1 1 0 0 0 1 1 1 0 1 0 1 1 0 1 1 1 0 1 0 1 0 0 0 1 0 0 0]
34 19 100 0.04978091609651669 [1 0 1 1 1 1 1 1 0 0 0 1 1 1 0 1 0 1 1 0 1 1 1 0 1 0 1 0 0 0 1 0 0 0]
35 19 100 0.04978091609651669 [1 0 1 1 1 1 1 1 0 0 0 1 1 1 0 1 0 1 1 0 1 1 1 0 1 0 1 0 0 0 1 0 0 0]
36 19 100 0.04978091609651669 [1 0 1 1 1 1 1 1 0 0 0 1 1 1 0 1 0 1 1 0 1 1 1 0 1 0 1 0 0 0 1 0 0 0]
37 19 100 0.04978091609651669 [1 0 1 1 1 1 1 1 0 0 0 1 1 1 0 1 0 1 1 0 1 1 1 0 1 0 1 0 0 0 1 0 0 0]
38 19 100 0.04978091609651669 [1 0 1 1 1 1 1 1 0 0 0 1 1 1 0 1 0 1 1 0 1 1 1 0 1 0 1 0 0 0 1 0 0 0]
39 19 100 0.04978091609651669 [1 0 1 1 1 1 1 1 0 0 0 1 1 1 0 1 0 1 1 0 1 1 1 0 1 0 1 0 0 0 1 0 0 0]
40 19 100 0.04978091609651669 [1 0 1 1 1 1 1 1 0 0 0 1 1 1 0 1 0 1 1 0 1 1 1 0 1 0 1 0 0 0 1 0 0 0]
41 19 100 0.04978091609651669 [1 0 1 1 1 1 1 1 0 0 0 1 1 1 0 1 0 1 1 0 1 1 1 0 1 0 1 0 0 0 1 0 0 0]
42 19 100 0.04978091609651669 [1 0 1 1 1 1 1 1 0 0 0 1 1 1 0 1 0 1 1 0 1 1 1 0 1 0 1 0 0 0 1 0 0 0]
43 19 100 0.04978091609651669 [1 0 1 1 1 1 1 1 0 0 0 1 1 1 0 1 0 1 1 0 1 1 1 0 1 0 1 0 0 0 1 0 0 0]
44 19 100 0.04978091609651669 [1 0 1 1 1 1 1 1 0 0 0 1 1 1 0 1 0 1 1 0 1 1 1 0 1 0 1 0 0 0 1 0 0 0]
45 19 100 0.04978091609651669 [1 0 1 1 1 1 1 1 0 0 0 1 1 1 0 1 0 1 1 0 1 1 1 0 1 0 1 0 0 0 1 0 0 0]
46 19 100 0.04978091609651669 [1 0 1 1 1 1 1 1 0 0 0 1 1 1 0 1 0 1 1 0 1 1 1 0 1 0 1 0 0 0 1 0 0 0]
47 19 100 0.04978091609651669 [1 0 1 1 1 1 1 1 0 0 0 1 1 1 0 1 0 1 1 0 1 1 1 0 1 0 1 0 0 0 1 0 0 0]
48 19 100 0.04978091609651669 [1 0 1 1 1 1 1 1 0 0 0 1 1 1 0 1 0 1 1 0 1 1 1 0 1 0 1 0 0 0 1 0 0 0]
49 19 100 0.04978091609651669 [1 0 1 1 1 1 1 1 0 0 0 1 1 1 0 1 0 1 1 0 1 1 1 0 1 0 1 0 0 0 1 0 0 0]
50 19 100 0.04978091609651669 [1 0 1 1 1 1 1 1 0 0 0 1 1 1 0 1 0 1 1 0 1 1 1 0 1 0 1 0 0 0 1 0 0 0]
51 19 100 0.04978091609651669 [1 0 1 1 1 1 1 1 0 0 0 1 1 1 0 1 0 1 1 0 1 1 1 0 1 0 1 0 0 0 1 0 0 0]
52 19 100 0.04978091609651669 [1 0 1 1 1 1 1 1 0 0 0 1 1 1 0 1 0 1 1 0 1 1 1 0 1 0 1 0 0 0 1 0 0 0]
53 19 100 0.04978091609651669 [1 0 1 1 1 1 1 1 0 0 0 1 1 1 0 1 0 1 1 0 1 1 1 0 1 0 1 0 0 0 1 0 0 0]
54 19 100 0.04978091609651669 [1 0 1 1 1 1 1 1 0 0 0 1 1 1 0 1 0 1 1 0 1 1 1 0 1 0 1 0 0 0 1 0 0 0]
55 19 100 0.04978091609651669 [1 0 1 1 1 1 1 1 0 0 0 1 1 1 0 1 0 1 1 0 1 1 1 0 1 0 1 0 0 0 1 0 0 0]
56 19 100 0.04978091609651669 [1 0 1 1 1 1 1 1 0 0 0 1 1 1 0 1 0 1 1 0 1 1 1 0 1 0 1 0 0 0 1 0 0 0]
57 19 100 0.04978091609651669 [1 0 1 1 1 1 1 1 0 0 0 1 1 1 0 1 0 1 1 0 1 1 1 0 1 0 1 0 0 0 1 0 0 0]
58 19 100 0.04978091609651669 [1 0 1 1 1 1 1 1 0 0 0 1 1 1 0 1 0 1 1 0 1 1 1 0 1 0 1 0 0 0 1 0 0 0]
59 19 100 0.04978091609651669 [1 0 1 1 1 1 1 1 0 0 0 1 1 1 0 1 0 1 1 0 1 1 1 0 1 0 1 0 0 0 1 0 0 0]
60 19 100 0.04978091609651669 [1 0 1 1 1 1 1 1 0 0 0 1 1 1 0 1 0 1 1 0 1 1 1 0 1 0 1 0 0 0 1 0 0 0]
61 19 100 0.04978091609651669 [1 0 1 1 1 1 1 1 0 0 0 1 1 1 0 1 0 1 1 0 1 1 1 0 1 0 1 0 0 0 1 0 0 0]
62 19 100 0.04978091609651669 [1 0 1 1 1 1 1 1 0 0 0 1 1 1 0 1 0 1 1 0 1 1 1 0 1 0 1 0 0 0 1 0 0 0]
63 19 100 0.04978091609651669 [1 0 1 1 1 1 1 1 0 0 0 1 1 1 0 1 0 1 1 0 1 1 1 0 1 0 1 0 0 0 1 0 0 0]
64 19 100 0.04978091609651669 [1 0 1 1 1 1 1 1 0 0 0 1 1 1 0 1 0 1 1 0 1 1 1 0 1 0 1 0 0 0 1 0 0 0]
65 19 100 0.04978091609651669 [1 0 1 1 1 1 1 1 0 0 0 1 1 1 0 1 0 1 1 0 1 1 1 0 1 0 1 0 0 0 1 0 0 0]
66 19 100 0.04978091609651669 [1 0 1 1 1 1 1 1 0 0 0 1 1 1 0 1 0 1 1 0 1 1 1 0 1 0 1 0 0 0 1 0 0 0]
67 19 100 0.04978091609651669 [1 0 1 1 1 1 1 1 0 0 0 1 1 1 0 1 0 1 1 0 1 1 1 0 1 0 1 0 0 0 1 0 0 0]
68 19 100 0.04978091609651669 [1 0 1 1 1 1 1 1 0 0 0 1 1 1 0 1 0 1 1 0 1 1 1 0 1 0 1 0 0 0 1 0 0 0]
69 19 100 0.04978091609651669 [1 0 1 1 1 1 1 1 0 0 0 1 1 1 0 1 0 1 1 0 1 1 1 0 1 0 1 0 0 0 1 0 0 0]
70 19 100 0.04978091609651669 [1 0 1 1 1 1 1 1 0 0 0 1 1 1 0 1 0 1 1 0 1 1 1 0 1 0 1 0 0 0 1 0 0 0]
71 19 100 0.04978091609651669 [1 0 1 1 1 1 1 1 0 0 0 1 1 1 0 1 0 1 1 0 1 1 1 0 1 0 1 0 0 0 1 0 0 0]
72 20 100 0.048226046314000404 [1 0 1 1 1 1 1 1 0 0 0 1 0 1 1 1 0 0 0 1 1 0 0 0 1 1 1 1 1 0 1 1 0 0]
73 20 100 0.048226046314000404 [1 0 1 1 1 1 1 1 0 0 0 1 0 1 1 1 0 0 0 1 1 0 0 0 1 1 1 1 1 0 1 1 0 0]
74 20 100 0.048226046314000404 [1 0 1 1 1 1 1 1 0 0 0 1 0 1 1 1 0 0 0 1 1 0 0 0 1 1 1 1 1 0 1 1 0 0]
75 20 100 0.048226046314000404 [1 0 1 1 1 1 1 1 0 0 0 1 0 1 1 1 0 0 0 1 1 0 0 0 1 1 1 1 1 0 1 1 0 0]
76 20 100 0.048226046314000404 [1 0 1 1 1 1 1 1 0 0 0 1 0 1 1 1 0 0 0 1 1 0 0 0 1 1 1 1 1 0 1 1 0 0]
77 20 100 0.048226046314000404 [1 0 1 1 1 1 1 1 0 0 0 1 0 1 1 1 0 0 0 1 1 0 0 0 1 1 1 1 1 0 1 1 0 0]
78 20 100 0.048226046314000404 [1 0 1 1 1 1 1 1 0 0 0 1 0 1 1 1 0 0 0 1 1 0 0 0 1 1 1 1 1 0 1 1 0 0]
79 20 100 0.048226046314000404 [1 0 1 1 1 1 1 1 0 0 0 1 0 1 1 1 0 0 0 1 1 0 0 0 1 1 1 1 1 0 1 1 0 0]
80 20 100 0.048226046314000404 [1 0 1 1 1 1 1 1 0 0 0 1 0 1 1 1 0 0 0 1 1 0 0 0 1 1 1 1 1 0 1 1 0 0]
81 20 100 0.048226046314000404 [1 0 1 1 1 1 1 1 0 0 0 1 0 1 1 1 0 0 0 1 1 0 0 0 1 1 1 1 1 0 1 1 0 0]
82 20 100 0.048226046314000404 [1 0 1 1 1 1 1 1 0 0 0 1 0 1 1 1 0 0 0 1 1 0 0 0 1 1 1 1 1 0 1 1 0 0]
83 20 100 0.048226046314000404 [1 0 1 1 1 1 1 1 0 0 0 1 0 1 1 1 0 0 0 1 1 0 0 0 1 1 1 1 1 0 1 1 0 0]
84 20 100 0.048226046314000404 [1 0 1 1 1 1 1 1 0 0 0 1 0 1 1 1 0 0 0 1 1 0 0 0 1 1 1 1 1 0 1 1 0 0]
85 20 100 0.048226046314000404 [1 0 1 1 1 1 1 1 0 0 0 1 0 1 1 1 0 0 0 1 1 0 0 0 1 1 1 1 1 0 1 1 0 0]
86 20 100 0.048226046314000404 [1 0 1 1 1 1 1 1 0 0 0 1 0 1 1 1 0 0 0 1 1 0 0 0 1 1 1 1 1 0 1 1 0 0]
87 20 100 0.048226046314000404 [1 0 1 1 1 1 1 1 0 0 0 1 0 1 1 1 0 0 0 1 1 0 0 0 1 1 1 1 1 0 1 1 0 0]
88 20 100 0.048226046314000404 [1 0 1 1 1 1 1 1 0 0 0 1 0 1 1 1 0 0 0 1 1 0 0 0 1 1 1 1 1 0 1 1 0 0]
89 20 100 0.048226046314000404 [1 0 1 1 1 1 1 1 0 0 0 1 0 1 1 1 0 0 0 1 1 0 0 0 1 1 1 1 1 0 1 1 0 0]
90 20 100 0.048226046314000404 [1 0 1 1 1 1 1 1 0 0 0 1 0 1 1 1 0 0 0 1 1 0 0 0 1 1 1 1 1 0 1 1 0 0]
91 20 100 0.048226046314000404 [1 0 1 1 1 1 1 1 0 0 0 1 0 1 1 1 0 0 0 1 1 0 0 0 1 1 1 1 1 0 1 1 0 0]
92 20 100 0.048226046314000404 [1 0 1 1 1 1 1 1 0 0 0 1 0 1 1 1 0 0 0 1 1 0 0 0 1 1 1 1 1 0 1 1 0 0]
93 20 100 0.048226046314000404 [1 0 1 1 1 1 1 1 0 0 0 1 0 1 1 1 0 0 0 1 1 0 0 0 1 1 1 1 1 0 1 1 0 0]
94 20 100 0.048226046314000404 [1 0 1 1 1 1 1 1 0 0 0 1 0 1 1 1 0 0 0 1 1 0 0 0 1 1 1 1 1 0 1 1 0 0]
95 20 100 0.048226046314000404 [1 0 1 1 1 1 1 1 0 0 0 1 0 1 1 1 0 0 0 1 1 0 0 0 1 1 1 1 1 0 1 1 0 0]
96 20 100 0.048226046314000404 [1 0 1 1 1 1 1 1 0 0 0 1 0 1 1 1 0 0 0 1 1 0 0 0 1 1 1 1 1 0 1 1 0 0]
97 20 100 0.048226046314000404 [1 0 1 1 1 1 1 1 0 0 0 1 0 1 1 1 0 0 0 1 1 0 0 0 1 1 1 1 1 0 1 1 0 0]
98 20 100 0.048226046314000404 [1 0 1 1 1 1 1 1 0 0 0 1 0 1 1 1 0 0 0 1 1 0 0 0 1 1 1 1 1 0 1 1 0 0]
99 20 100 0.048226046314000404 [1 0 1 1 1 1 1 1 0 0 0 1 0 1 1 1 0 0 0 1 1 0 0 0 1 1 1 1 1 0 1 1 0 0]
100 20 100 0.048226046314000404 [1 0 1 1 1 1 1 1 0 0 0 1 0 1 1 1 0 0 0 1 1 0 0 0 1 1 1 1 1 0 1 1 0 0]
101 20 100 0.048226046314000404 [1 0 1 1 1 1 1 1 0 0 0 1 0 1 1 1 0 0 0 1 1 0 0 0 1 1 1 1 1 0 1 1 0 0]
102 20 100 0.048226046314000404 [1 0 1 1 1 1 1 1 0 0 0 1 0 1 1 1 0 0 0 1 1 0 0 0 1 1 1 1 1 0 1 1 0 0]
103 20 100 0.048226046314000404 [1 0 1 1 1 1 1 1 0 0 0 1 0 1 1 1 0 0 0 1 1 0 0 0 1 1 1 1 1 0 1 1 0 0]
104 20 100 0.048226046314000404 [1 0 1 1 1 1 1 1 0 0 0 1 0 1 1 1 0 0 0 1 1 0 0 0 1 1 1 1 1 0 1 1 0 0]
105 20 100 0.048226046314000404 [1 0 1 1 1 1 1 1 0 0 0 1 0 1 1 1 0 0 0 1 1 0 0 0 1 1 1 1 1 0 1 1 0 0]
106 20 100 0.048226046314000404 [1 0 1 1 1 1 1 1 0 0 0 1 0 1 1 1 0 0 0 1 1 0 0 0 1 1 1 1 1 0 1 1 0 0]
107 20 100 0.048226046314000404 [1 0 1 1 1 1 1 1 0 0 0 1 0 1 1 1 0 0 0 1 1 0 0 0 1 1 1 1 1 0 1 1 0 0]
108 20 100 0.048226046314000404 [1 0 1 1 1 1 1 1 0 0 0 1 0 1 1 1 0 0 0 1 1 0 0 0 1 1 1 1 1 0 1 1 0 0]
109 20 100 0.048226046314000404 [1 0 1 1 1 1 1 1 0 0 0 1 0 1 1 1 0 0 0 1 1 0 0 0 1 1 1 1 1 0 1 1 0 0]
110 20 100 0.048226046314000404 [1 0 1 1 1 1 1 1 0 0 0 1 0 1 1 1 0 0 0 1 1 0 0 0 1 1 1 1 1 0 1 1 0 0]
111 20 100 0.048226046314000404 [1 0 1 1 1 1 1 1 0 0 0 1 0 1 1 1 0 0 0 1 1 0 0 0 1 1 1 1 1 0 1 1 0 0]
112 20 100 0.048226046314000404 [1 0 1 1 1 1 1 1 0 0 0 1 0 1 1 1 0 0 0 1 1 0 0 0 1 1 1 1 1 0 1 1 0 0]
113 20 100 0.048226046314000404 [1 0 1 1 1 1 1 1 0 0 0 1 0 1 1 1 0 0 0 1 1 0 0 0 1 1 1 1 1 0 1 1 0 0]
114 20 100 0.048226046314000404 [1 0 1 1 1 1 1 1 0 0 0 1 0 1 1 1 0 0 0 1 1 0 0 0 1 1 1 1 1 0 1 1 0 0]
115 20 100 0.048226046314000404 [1 0 1 1 1 1 1 1 0 0 0 1 0 1 1 1 0 0 0 1 1 0 0 0 1 1 1 1 1 0 1 1 0 0]
116 20 100 0.048226046314000404 [1 0 1 1 1 1 1 1 0 0 0 1 0 1 1 1 0 0 0 1 1 0 0 0 1 1 1 1 1 0 1 1 0 0]
117 20 100 0.048226046314000404 [1 0 1 1 1 1 1 1 0 0 0 1 0 1 1 1 0 0 0 1 1 0 0 0 1 1 1 1 1 0 1 1 0 0]
118 20 100 0.048226046314000404 [1 0 1 1 1 1 1 1 0 0 0 1 0 1 1 1 0 0 0 1 1 0 0 0 1 1 1 1 1 0 1 1 0 0]
119 20 100 0.048226046314000404 [1 0 1 1 1 1 1 1 0 0 0 1 0 1 1 1 0 0 0 1 1 0 0 0 1 1 1 1 1 0 1 1 0 0]
120 20 100 0.048226046314000404 [1 0 1 1 1 1 1 1 0 0 0 1 0 1 1 1 0 0 0 1 1 0 0 0 1 1 1 1 1 0 1 1 0 0]
121 20 100 0.048226046314000404 [1 0 1 1 1 1 1 1 0 0 0 1 0 1 1 1 0 0 0 1 1 0 0 0 1 1 1 1 1 0 1 1 0 0]
122 20 100 0.048226046314000404 [1 0 1 1 1 1 1 1 0 0 0 1 0 1 1 1 0 0 0 1 1 0 0 0 1 1 1 1 1 0 1 1 0 0]
123 20 100 0.048226046314000404 [1 0 1 1 1 1 1 1 0 0 0 1 0 1 1 1 0 0 0 1 1 0 0 0 1 1 1 1 1 0 1 1 0 0]
124 20 100 0.048226046314000404 [1 0 1 1 1 1 1 1 0 0 0 1 0 1 1 1 0 0 0 1 1 0 0 0 1 1 1 1 1 0 1 1 0 0]
125 20 100 0.048226046314000404 [1 0 1 1 1 1 1 1 0 0 0 1 0 1 1 1 0 0 0 1 1 0 0 0 1 1 1 1 1 0 1 1 0 0]
126 20 100 0.048226046314000404 [1 0 1 1 1 1 1 1 0 0 0 1 0 1 1 1 0 0 0 1 1 0 0 0 1 1 1 1 1 0 1 1 0 0]
127 20 100 0.048226046314000404 [1 0 1 1 1 1 1 1 0 0 0 1 0 1 1 1 0 0 0 1 1 0 0 0 1 1 1 1 1 0 1 1 0 0]
128 20 100 0.048226046314000404 [1 0 1 1 1 1 1 1 0 0 0 1 0 1 1 1 0 0 0 1 1 0 0 0 1 1 1 1 1 0 1 1 0 0]
129 20 100 0.048226046314000404 [1 0 1 1 1 1 1 1 0 0 0 1 0 1 1 1 0 0 0 1 1 0 0 0 1 1 1 1 1 0 1 1 0 0]
130 20 100 0.048226046314000404 [1 0 1 1 1 1 1 1 0 0 0 1 0 1 1 1 0 0 0 1 1 0 0 0 1 1 1 1 1 0 1 1 0 0]
131 20 100 0.04513020109350374 [1 0 1 1 1 1 1 1 1 0 0 1 0 1 0 1 0 0 1 1 0 0 1 0 1 1 1 1 1 0 1 0 0 0]
132 20 100 0.04513020109350374 [1 0 1 1 1 1 1 1 1 0 0 1 0 1 0 1 0 0 1 1 0 0 1 0 1 1 1 1 1 0 1 0 0 0]
133 20 100 0.04513020109350374 [1 0 1 1 1 1 1 1 1 0 0 1 0 1 0 1 0 0 1 1 0 0 1 0 1 1 1 1 1 0 1 0 0 0]
134 20 100 0.04513020109350374 [1 0 1 1 1 1 1 1 1 0 0 1 0 1 0 1 0 0 1 1 0 0 1 0 1 1 1 1 1 0 1 0 0 0]
135 20 100 0.04513020109350374 [1 0 1 1 1 1 1 1 1 0 0 1 0 1 0 1 0 0 1 1 0 0 1 0 1 1 1 1 1 0 1 0 0 0]
136 20 100 0.04513020109350374 [1 0 1 1 1 1 1 1 1 0 0 1 0 1 0 1 0 0 1 1 0 0 1 0 1 1 1 1 1 0 1 0 0 0]
137 20 100 0.04513020109350374 [1 0 1 1 1 1 1 1 1 0 0 1 0 1 0 1 0 0 1 1 0 0 1 0 1 1 1 1 1 0 1 0 0 0]
138 20 100 0.04513020109350374 [1 0 1 1 1 1 1 1 1 0 0 1 0 1 0 1 0 0 1 1 0 0 1 0 1 1 1 1 1 0 1 0 0 0]
139 20 100 0.04513020109350374 [1 0 1 1 1 1 1 1 1 0 0 1 0 1 0 1 0 0 1 1 0 0 1 0 1 1 1 1 1 0 1 0 0 0]
140 20 100 0.04513020109350374 [1 0 1 1 1 1 1 1 1 0 0 1 0 1 0 1 0 0 1 1 0 0 1 0 1 1 1 1 1 0 1 0 0 0]
141 20 100 0.04513020109350374 [1 0 1 1 1 1 1 1 1 0 0 1 0 1 0 1 0 0 1 1 0 0 1 0 1 1 1 1 1 0 1 0 0 0]
142 20 100 0.04513020109350374 [1 0 1 1 1 1 1 1 1 0 0 1 0 1 0 1 0 0 1 1 0 0 1 0 1 1 1 1 1 0 1 0 0 0]
143 20 100 0.04513020109350374 [1 0 1 1 1 1 1 1 1 0 0 1 0 1 0 1 0 0 1 1 0 0 1 0 1 1 1 1 1 0 1 0 0 0]
144 20 100 0.04513020109350374 [1 0 1 1 1 1 1 1 1 0 0 1 0 1 0 1 0 0 1 1 0 0 1 0 1 1 1 1 1 0 1 0 0 0]
145 20 100 0.04513020109350374 [1 0 1 1 1 1 1 1 1 0 0 1 0 1 0 1 0 0 1 1 0 0 1 0 1 1 1 1 1 0 1 0 0 0]
146 20 100 0.04513020109350374 [1 0 1 1 1 1 1 1 1 0 0 1 0 1 0 1 0 0 1 1 0 0 1 0 1 1 1 1 1 0 1 0 0 0]
147 20 100 0.04513020109350374 [1 0 1 1 1 1 1 1 1 0 0 1 0 1 0 1 0 0 1 1 0 0 1 0 1 1 1 1 1 0 1 0 0 0]
148 20 100 0.04513020109350374 [1 0 1 1 1 1 1 1 1 0 0 1 0 1 0 1 0 0 1 1 0 0 1 0 1 1 1 1 1 0 1 0 0 0]
149 20 100 0.04513020109350374 [1 0 1 1 1 1 1 1 1 0 0 1 0 1 0 1 0 0 1 1 0 0 1 0 1 1 1 1 1 0 1 0 0 0]
150 20 100 0.04513020109350374 [1 0 1 1 1 1 1 1 1 0 0 1 0 1 0 1 0 0 1 1 0 0 1 0 1 1 1 1 1 0 1 0 0 0]
