0 16 100 0.06119786412729167 [1 1 1 1 1 1 1 0 0 0 0 0 0 1 0 0 1 0 0 1 0 1 0 0 1 1 0 1 0 0 0 1 1 0]
1 26 100 0.05898076509778627 [1 0 1 1 1 1 1 1 0 1 1 1 0 1 1 1 1 0 1 1 1 1 0 1 1 1 1 1 1 1 1 0 0 0]
2 19 100 0.056482764622789894 [1 1 1 1 1 1 1 1 0 1 0 1 0 0 1 1 1 0 0 1 0 0 1 1 0 1 0 0 0 0 0 1 1 0]
3 19 100 0.056482764622789894 [1 1 1 1 1 1 1 1 0 1 0 1 0 0 1 1 1 0 0 1 0 0 1 1 0 1 0 0 0 0 0 1 1 0]
4 19 100 0.056482764622789894 [1 1 1 1 1 1 1 1 0 1 0 1 0 0 1 1 1 0 0 1 0 0 1 1 0 1 0 0 0 0 0 1 1 0]
5 19 100 0.054473564692367304 [1 1 1 1 1 1 1 1 0 1 0 1 0 0 1 0 1 0 0 1 0 1 1 0 0 1 1 1 0 0 0 1 0 0]
6 19 100 0.051810087438686314 [1 0 1 1 1 1 1 1 0 1 1 0 0 0 1 0 1 0 0 1 0 1 1 0 1 0 0 1 1 0 1 1 0 0]
7 19 100 0.051810087438686314 [1 0 1 1 1 1 1 1 0 1 1 0 0 0 1 0 1 0 0 1 0 1 1 0 1 0 0 1 1 0 1 1 0 0]
8 19 100 0.051810087438686314 [1 0 1 1 1 1 1 1 0 1 1 0 0 0 1 0 1 0 0 1 0 1 1 0 1 0 0 1 1 0 1 1 0 0]
9 19 100 0.051810087438686314 [1 0 1 1 1 1 1 1 0 1 1 0 0 0 1 0 1 0 0 1 0 1 1 0 1 0 0 1 1 0 1 1 0 0]
10 19 100 0.051810087438686314 [1 0 1 1 1 1 1 1 0 1 1 0 0 0 1 0 1 0 0 1 0 1 1 0 1 0 0 1 1 0 1 1 0 0]
11 15 100 0.04978091609651669 [1 0 1 1 1 1 1 1 0 1 0 0 1 1 0 0 1 0 0 1 0 0 0 0 0 0 0 1 0 0 1 1 0 0]
12 15 100 0.04978091609651669 [1 0 1 1 1 1 1 1 0 1 0 0 1 1 0 0 1 0 0 1 0 0 0 0 0 0 0 1 0 0 1 1 0 0]
13 15 100 0.04978091609651669 [1 0 1 1 1 1 1 1 0 1 0 0 1 1 0 0 1 0 0 1 0 0 0 0 0 0 0 1 0 0 1 1 0 0]
14 15 100 0.04978091609651669 [1 0 1 1 1 1 1 1 0 1 0 0 1 1 0 0 1 0 0 1 0 0 0 0 0 0 0 1 0 0 1 1 0 0]
15 15 100 0.04978091609651669 [1 0 1 1 1 1 1 1 0 1 0 0 1 1 0 0 1 0 0 1 0 0 0 0 0 0 0 1 0 0 1 1 0 0]
16 15 100 0.04978091609651669 [1 0 1 1 1 1 1 1 0 1 0 0 1 1 0 0 1 0 0 1 0 0 0 0 0 0 0 1 0 0 1 1 0 0]
17 15 100 0.04978091609651669 [1 0 1 1 1 1 1 1 0 1 0 0 1 1 0 0 1 0 0 1 0 0 0 0 0 0 0 1 0 0 1 1 0 0]
18 15 100 0.04978091609651669 [1 0 1 1 1 1 1 1 0 1 0 0 1 1 0 0 1 0 0 1 0 0 0 0 0 0 0 1 0 0 1 1 0 0]
19 15 100 0.04978091609651669 [1 0 1 1 1 1 1 1 0 1 0 0 1 1 0 0 1 0 0 1 0 0 0 0 0 0 0 1 0 0 1 1 0 0]
20 15 100 0.04978091609651669 [1 0 1 1 1 1 1 1 0 1 0 0 1 1 0 0 1 0 0 1 0 0 0 0 0 0 0 1 0 0 1 1 0 0]
21 15 100 0.04978091609651669 [1 0 1 1 1 1 1 1 0 1 0 0 1 1 0 0 1 0 0 1 0 0 0 0 0 0 0 1 0 0 1 1 0 0]
22 15 100 0.04978091609651669 [1 0 1 1 1 1 1 1 0 1 0 0 1 1 0 0 1 0 0 1 0 0 0 0 0 0 0 1 0 0 1 1 0 0]
23 15 100 0.04978091609651669 [1 0 1 1 1 1 1 1 0 1 0 0 1 1 0 0 1 0 0 1 0 0 0 0 0 0 0 1 0 0 1 1 0 0]
24 15 100 0.04978091609651669 [1 0 1 1 1 1 1 1 0 1 0 0 1 1 0 0 1 0 0 1 0 0 0 0 0 0 0 1 0 0 1 1 0 0]
25 15 100 0.04978091609651669 [1 0 1 1 1 1 1 1 0 1 0 0 1 1 0 0 1 0 0 1 0 0 0 0 0 0 0 1 0 0 1 1 0 0]
26 15 100 0.04978091609651669 [1 0 1 1 1 1 1 1 0 1 0 0 1 1 0 0 1 0 0 1 0 0 0 0 0 0 0 1 0 0 1 1 0 0]
27 21 100 0.048226046314000404 [1 1 1 1 1 0 1 1 0 1 0 1 0 1 0 1 0 0 0 1 1 1 1 0 1 0 0 0 1 0 1 1 1 1]
28 21 100 0.048226046314000404 [1 1 1 1 1 0 1 1 0 1 0 1 0 1 0 1 0 0 0 1 1 1 1 0 1 0 0 0 1 0 1 1 1 1]
29 21 100 0.048226046314000404 [1 1 1 1 1 0 1 1 0 1 0 1 0 1 0 1 0 0 0 1 1 1 1 0 1 0 0 0 1 0 1 1 1 1]
30 21 100 0.048226046314000404 [1 1 1 1 1 0 1 1 0 1 0 1 0 1 0 1 0 0 0 1 1 1 1 0 1 0 0 0 1 0 1 1 1 1]
31 21 100 0.048226046314000404 [1 1 1 1 1 0 1 1 0 1 0 1 0 1 0 1 0 0 0 1 1 1 1 0 1 0 0 0 1 0 1 1 1 1]
32 21 100 0.048226046314000404 [1 1 1 1 1 0 1 1 0 1 0 1 0 1 0 1 0 0 0 1 1 1 1 0 1 0 0 0 1 0 1 1 1 1]
33 21 100 0.048226046314000404 [1 1 1 1 1 0 1 1 0 1 0 1 0 1 0 1 0 0 0 1 1 1 1 0 1 0 0 0 1 0 1 1 1 1]
34 21 100 0.048226046314000404 [1 1 1 1 1 0 1 1 0 1 0 1 0 1 0 1 0 0 0 1 1 1 1 0 1 0 0 0 1 0 1 1 1 1]
35 21 100 0.048226046314000404 [1 1 1 1 1 0 1 1 0 1 0 1 0 1 0 1 0 0 0 1 1 1 1 0 1 0 0 0 1 0 1 1 1 1]
36 21 100 0.048226046314000404 [1 1 1 1 1 0 1 1 0 1 0 1 0 1 0 1 0 0 0 1 1 1 1 0 1 0 0 0 1 0 1 1 1 1]
37 21 100 0.048226046314000404 [1 1 1 1 1 0 1 1 0 1 0 1 0 1 0 1 0 0 0 1 1 1 1 0 1 0 0 0 1 0 1 1 1 1]
38 21 100 0.048226046314000404 [1 1 1 1 1 0 1 1 0 1 0 1 0 1 0 1 0 0 0 1 1 1 1 0 1 0 0 0 1 0 1 1 1 1]
39 21 100 0.048226046314000404 [1 1 1 1 1 0 1 1 0 1 0 1 0 1 0 1 0 0 0 1 1 1 1 0 1 0 0 0 1 0 1 1 1 1]
40 21 100 0.048226046314000404 [1 1 1 1 1 0 1 1 0 1 0 1 0 1 0 1 0 0 0 1 1 1 1 0 1 0 0 0 1 0 1 1 1 1]
41 21 100 0.048226046314000404 [1 1 1 1 1 0 1 1 0 1 0 1 0 1 0 1 0 0 0 1 1 1 1 0 1 0 0 0 1 0 1 1 1 1]
42 21 100 0.048226046314000404 [1 1 1 1 1 0 1 1 0 1 0 1 0 1 0 1 0 0 0 1 1 1 1 0 1 0 0 0 1 0 1 1 1 1]
43 21 100 0.048226046314000404 [1 1 1 1 1 0 1 1 0 1 0 1 0 1 0 1 0 0 0 1 1 1 1 0 1 0 0 0 1 0 1 1 1 1]
44 21 100 0.048226046314000404 [1 1 1 1 1 0 1 1 0 1 0 1 0 1 0 1 0 0 0 1 1 1 1 0 1 0 0 0 1 0 1 1 1 1]
45 21 100 0.048226046314000404 [1 1 1 1 1 0 1 1 0 1 0 1 0 1 0 1 0 0 0 1 1 1 1 0 1 0 0 0 1 0 1 1 1 1]
46 21 100 0.048226046314000404 [1 1 1 1 1 0 1 1 0 1 0 1 0 1 0 1 0 0 0 1 1 1 1 0 1 0 0 0 1 0 1 1 1 1]
47 21 100 0.048226046314000404 [1 1 1 1 1 0 1 1 0 1 0 1 0 1 0 1 0 0 0 1 1 1 1 0 1 0 0 0 1 0 1 1 1 1]
48 21 100 0.048226046314000404 [1 1 1 1 1 0 1 1 0 1 0 1 0 1 0 1 0 0 0 1 1 1 1 0 1 0 0 0 1 0 1 1 1 1]
49 21 100 0.048226046314000404 [1 1 1 1 1 0 1 1 0 1 0 1 0 1 0 1 0 0 0 1 1 1 1 0 1 0 0 0 1 0 1 1 1 1]
50 21 100 0.048226046314000404 [1 1 1 1 1 0 1 1 0 1 0 1 0 1 0 1 0 0 0 1 1 1 1 0 1 0 0 0 1 0 1 1 1 1]
51 21 100 0.048226046314000404 [1 1 1 1 1 0 1 1 0 1 0 1 0 1 0 1 0 0 0 1 1 1 1 0 1 0 0 0 1 0 1 1 1 1]
52 21 100 0.048226046314000404 [1 1 1 1 1 0 1 1 0 1 0 1 0 1 0 1 0 0 0 1 1 1 1 0 1 0 0 0 1 0 1 1 1 1]
53 21 100 0.048226046314000404 [1 1 1 1 1 0 1 1 0 1 0 1 0 1 0 1 0 0 0 1 1 1 1 0 1 0 0 0 1 0 1 1 1 1]
54 21 100 0.048226046314000404 [1 1 1 1 1 0 1 1 0 1 0 1 0 1 0 1 0 0 0 1 1 1 1 0 1 0 0 0 1 0 1 1 1 1]
55 21 100 0.048226046314000404 [1 1 1 1 1 0 1 1 0 1 0 1 0 1 0 1 0 0 0 1 1 1 1 0 1 0 0 0 1 0 1 1 1 1]
56 21 100 0.048226046314000404 [1 1 1 1 1 0 1 1 0 1 0 1 0 1 0 1 0 0 0 1 1 1 1 0 1 0 0 0 1 0 1 1 1 1]
57 21 100 0.048226046314000404 [1 1 1 1 1 0 1 1 0 1 0 1 0 1 0 1 0 0 0 1 1 1 1 0 1 0 0 0 1 0 1 1 1 1]
58 21 100 0.048226046314000404 [1 1 1 1 1 0 1 1 0 1 0 1 0 1 0 1 0 0 0 1 1 1 1 0 1 0 0 0 1 0 1 1 1 1]
59 21 100 0.048226046314000404 [1 1 1 1 1 0 1 1 0 1 0 1 0 1 0 1 0 0 0 1 1 1 1 0 1 0 0 0 1 0 1 1 1 1]
60 21 100 0.048226046314000404 [1 1 1 1 1 0 1 1 0 1 0 1 0 1 0 1 0 0 0 1 1 1 1 0 1 0 0 0 1 0 1 1 1 1]
61 21 100 0.048226046314000404 [1 1 1 1 1 0 1 1 0 1 0 1 0 1 0 1 0 0 0 1 1 1 1 0 1 0 0 0 1 0 1 1 1 1]
62 21 100 0.048226046314000404 [1 1 1 1 1 0 1 1 0 1 0 1 0 1 0 1 0 0 0 1 1 1 1 0 1 0 0 0 1 0 1 1 1 1]
63 21 100 0.048226046314000404 [1 1 1 1 1 0 1 1 0 1 0 1 0 1 0 1 0 0 0 1 1 1 1 0 1 0 0 0 1 0 1 1 1 1]
64 21 100 0.048226046314000404 [1 1 1 1 1 0 1 1 0 1 0 1 0 1 0 1 0 0 0 1 1 1 1 0 1 0 0 0 1 0 1 1 1 1]
65 21 100 0.048226046314000404 [1 1 1 1 1 0 1 1 0 1 0 1 0 1 0 1 0 0 0 1 1 1 1 0 1 0 0 0 1 0 1 1 1 1]
66 21 100 0.048226046314000404 [1 1 1 1 1 0 1 1 0 1 0 1 0 1 0 1 0 0 0 1 1 1 1 0 1 0 0 0 1 0 1 1 1 1]
67 21 100 0.048226046314000404 [1 1 1 1 1 0 1 1 0 1 0 1 0 1 0 1 0 0 0 1 1 1 1 0 1 0 0 0 1 0 1 1 1 1]
68 21 100 0.048226046314000404 [1 1 1 1 1 0 1 1 0 1 0 1 0 1 0 1 0 0 0 1 1 1 1 0 1 0 0 0 1 0 1 1 1 1]
69 21 100 0.048226046314000404 [1 1 1 1 1 0 1 1 0 1 0 1 0 1 0 1 0 0 0 1 1 1 1 0 1 0 0 0 1 0 1 1 1 1]
70 21 100 0.048226046314000404 [1 1 1 1 1 0 1 1 0 1 0 1 0 1 0 1 0 0 0 1 1 1 1 0 1 0 0 0 1 0 1 1 1 1]
71 21 100 0.048226046314000404 [1 1 1 1 1 0 1 1 0 1 0 1 0 1 0 1 0 0 0 1 1 1 1 0 1 0 0 0 1 0 1 1 1 1]
72 21 100 0.048226046314000404 [1 1 1 1 1 0 1 1 0 1 0 1 0 1 0 1 0 0 0 1 1 1 1 0 1 0 0 0 1 0 1 1 1 1]
73 21 100 0.048226046314000404 [1 1 1 1 1 0 1 1 0 1 0 1 0 1 0 1 0 0 0 1 1 1 1 0 1 0 0 0 1 0 1 1 1 1]
74 21 100 0.048226046314000404 [1 1 1 1 1 0 1 1 0 1 0 1 0 1 0 1 0 0 0 1 1 1 1 0 1 0 0 0 1 0 1 1 1 1]
75 21 100 0.048226046314000404 [1 1 1 1 1 0 1 1 0 1 0 1 0 1 0 1 0 0 0 1 1 1 1 0 1 0 0 0 1 0 1 1 1 1]
76 21 100 0.048226046314000404 [1 1 1 1 1 0 1 1 0 1 0 1 0 1 0 1 0 0 0 1 1 1 1 0 1 0 0 0 1 0 1 1 1 1]
77 21 100 0.048226046314000404 [1 1 1 1 1 0 1 1 0 1 0 1 0 1 0 1 0 0 0 1 1 1 1 0 1 0 0 0 1 0 1 1 1 1]
78 21 100 0.048226046314000404 [1 1 1 1 1 0 1 1 0 1 0 1 0 1 0 1 0 0 0 1 1 1 1 0 1 0 0 0 1 0 1 1 1 1]
79 21 100 0.048226046314000404 [1 1 1 1 1 0 1 1 0 1 0 1 0 1 0 1 0 0 0 1 1 1 1 0 1 0 0 0 1 0 1 1 1 1]
80 21 100 0.048226046314000404 [1 1 1 1 1 0 1 1 0 1 0 1 0 1 0 1 0 0 0 1 1 1 1 0 1 0 0 0 1 0 1 1 1 1]
81 21 100 0.048226046314000404 [1 1 1 1 1 0 1 1 0 1 0 1 0 1 0 1 0 0 0 1 1 1 1 0 1 0 0 0 1 0 1 1 1 1]
82 21 100 0.048226046314000404 [1 1 1 1 1 0 1 1 0 1 0 1 0 1 0 1 0 0 0 1 1 1 1 0 1 0 0 0 1 0 1 1 1 1]
83 21 100 0.048226046314000404 [1 1 1 1 1 0 1 1 0 1 0 1 0 1 0 1 0 0 0 1 1 1 1 0 1 0 0 0 1 0 1 1 1 1]
84 21 100 0.048226046314000404 [1 1 1 1 1 0 1 1 0 1 0 1 0 1 0 1 0 0 0 1 1 1 1 0 1 0 0 0 1 0 1 1 1 1]
85 21 100 0.048226046314000404 [1 1 1 1 1 0 1 1 0 1 0 1 0 1 0 1 0 0 0 1 1 1 1 0 1 0 0 0 1 0 1 1 1 1]
86 21 100 0.048226046314000404 [1 1 1 1 1 0 1 1 0 1 0 1 0 1 0 1 0 0 0 1 1 1 1 0 1 0 0 0 1 0 1 1 1 1]
87 21 100 0.048226046314000404 [1 1 1 1 1 0 1 1 0 1 0 1 0 1 0 1 0 0 0 1 1 1 1 0 1 0 0 0 1 0 1 1 1 1]
88 21 100 0.048226046314000404 [1 1 1 1 1 0 1 1 0 1 0 1 0 1 0 1 0 0 0 1 1 1 1 0 1 0 0 0 1 0 1 1 1 1]
89 21 100 0.048226046314000404 [1 1 1 1 1 0 1 1 0 1 0 1 0 1 0 1 0 0 0 1 1 1 1 0 1 0 0 0 1 0 1 1 1 1]
90 21 100 0.048226046314000404 [1 1 1 1 1 0 1 1 0 1 0 1 0 1 0 1 0 0 0 1 1 1 1 0 1 0 0 0 1 0 1 1 1 1]
91 21 100 0.048226046314000404 [1 1 1 1 1 0 1 1 0 1 0 1 0 1 0 1 0 0 0 1 1 1 1 0 1 0 0 0 1 0 1 1 1 1]
92 21 100 0.048226046314000404 [1 1 1 1 1 0 1 1 0 1 0 1 0 1 0 1 0 0 0 1 1 1 1 0 1 0 0 0 1 0 1 1 1 1]
93 21 100 0.048226046314000404 [1 1 1 1 1 0 1 1 0 1 0 1 0 1 0 1 0 0 0 1 1 1 1 0 1 0 0 0 1 0 1 1 1 1]
94 21 100 0.048226046314000404 [1 1 1 1 1 0 1 1 0 1 0 1 0 1 0 1 0 0 0 1 1 1 1 0 1 0 0 0 1 0 1 1 1 1]
95 21 100 0.048226046314000404 [1 1 1 1 1 0 1 1 0 1 0 1 0 1 0 1 0 0 0 1 1 1 1 0 1 0 0 0 1 0 1 1 1 1]
96 21 100 0.048226046314000404 [1 1 1 1 1 0 1 1 0 1 0 1 0 1 0 1 0 0 0 1 1 1 1 0 1 0 0 0 1 0 1 1 1 1]
97 21 100 0.048226046314000404 [1 1 1 1 1 0 1 1 0 1 0 1 0 1 0 1 0 0 0 1 1 1 1 0 1 0 0 0 1 0 1 1 1 1]
98 21 100 0.048226046314000404 [1 1 1 1 1 0 1 1 0 1 0 1 0 1 0 1 0 0 0 1 1 1 1 0 1 0 0 0 1 0 1 1 1 1]
99 21 100 0.048226046314000404 [1 1 1 1 1 0 1 1 0 1 0 1 0 1 0 1 0 0 0 1 1 1 1 0 1 0 0 0 1 0 1 1 1 1]
100 21 100 0.048226046314000404 [1 1 1 1 1 0 1 1 0 1 0 1 0 1 0 1 0 0 0 1 1 1 1 0 1 0 0 0 1 0 1 1 1 1]
101 21 100 0.048226046314000404 [1 1 1 1 1 0 1 1 0 1 0 1 0 1 0 1 0 0 0 1 1 1 1 0 1 0 0 0 1 0 1 1 1 1]
102 21 100 0.048226046314000404 [1 1 1 1 1 0 1 1 0 1 0 1 0 1 0 1 0 0 0 1 1 1 1 0 1 0 0 0 1 0 1 1 1 1]
103 21 100 0.048226046314000404 [1 1 1 1 1 0 1 1 0 1 0 1 0 1 0 1 0 0 0 1 1 1 1 0 1 0 0 0 1 0 1 1 1 1]
104 21 100 0.048226046314000404 [1 1 1 1 1 0 1 1 0 1 0 1 0 1 0 1 0 0 0 1 1 1 1 0 1 0 0 0 1 0 1 1 1 1]
105 21 100 0.048226046314000404 [1 1 1 1 1 0 1 1 0 1 0 1 0 1 0 1 0 0 0 1 1 1 1 0 1 0 0 0 1 0 1 1 1 1]
106 21 100 0.048226046314000404 [1 1 1 1 1 0 1 1 0 1 0 1 0 1 0 1 0 0 0 1 1 1 1 0 1 0 0 0 1 0 1 1 1 1]
107 21 100 0.048226046314000404 [1 1 1 1 1 0 1 1 0 1 0 1 0 1 0 1 0 0 0 1 1 1 1 0 1 0 0 0 1 0 1 1 1 1]
108 21 100 0.048226046314000404 [1 1 1 1 1 0 1 1 0 1 0 1 0 1 0 1 0 0 0 1 1 1 1 0 1 0 0 0 1 0 1 1 1 1]
109 21 100 0.048226046314000404 [1 1 1 1 1 0 1 1 0 1 0 1 0 1 0 1 0 0 0 1 1 1 1 0 1 0 0 0 1 0 1 1 1 1]
110 21 100 0.048226046314000404 [1 1 1 1 1 0 1 1 0 1 0 1 0 1 0 1 0 0 0 1 1 1 1 0 1 0 0 0 1 0 1 1 1 1]
111 21 100 0.048226046314000404 [1 1 1 1 1 0 1 1 0 1 0 1 0 1 0 1 0 0 0 1 1 1 1 0 1 0 0 0 1 0 1 1 1 1]
112 21 100 0.048226046314000404 [1 1 1 1 1 0 1 1 0 1 0 1 0 1 0 1 0 0 0 1 1 1 1 0 1 0 0 0 1 0 1 1 1 1]
113 21 100 0.048226046314000404 [1 1 1 1 1 0 1 1 0 1 0 1 0 1 0 1 0 0 0 1 1 1 1 0 1 0 0 0 1 0 1 1 1 1]
114 21 100 0.048226046314000404 [1 1 1 1 1 0 1 1 0 1 0 1 0 1 0 1 0 0 0 1 1 1 1 0 1 0 0 0 1 0 1 1 1 1]
115 21 100 0.048226046314000404 [1 1 1 1 1 0 1 1 0 1 0 1 0 1 0 1 0 0 0 1 1 1 1 0 1 0 0 0 1 0 1 1 1 1]
116 21 100 0.048226046314000404 [1 1 1 1 1 0 1 1 0 1 0 1 0 1 0 1 0 0 0 1 1 1 1 0 1 0 0 0 1 0 1 1 1 1]
117 21 100 0.048226046314000404 [1 1 1 1 1 0 1 1 0 1 0 1 0 1 0 1 0 0 0 1 1 1 1 0 1 0 0 0 1 0 1 1 1 1]
118 21 100 0.048226046314000404 [1 1 1 1 1 0 1 1 0 1 0 1 0 1 0 1 0 0 0 1 1 1 1 0 1 0 0 0 1 0 1 1 1 1]
119 21 100 0.048226046314000404 [1 1 1 1 1 0 1 1 0 1 0 1 0 1 0 1 0 0 0 1 1 1 1 0 1 0 0 0 1 0 1 1 1 1]
120 21 100 0.048226046314000404 [1 1 1 1 1 0 1 1 0 1 0 1 0 1 0 1 0 0 0 1 1 1 1 0 1 0 0 0 1 0 1 1 1 1]
121 21 100 0.048226046314000404 [1 1 1 1 1 0 1 1 0 1 0 1 0 1 0 1 0 0 0 1 1 1 1 0 1 0 0 0 1 0 1 1 1 1]
122 21 100 0.048226046314000404 [1 1 1 1 1 0 1 1 0 1 0 1 0 1 0 1 0 0 0 1 1 1 1 0 1 0 0 0 1 0 1 1 1 1]
123 21 100 0.048226046314000404 [1 1 1 1 1 0 1 1 0 1 0 1 0 1 0 1 0 0 0 1 1 1 1 0 1 0 0 0 1 0 1 1 1 1]
124 21 100 0.048226046314000404 [1 1 1 1 1 0 1 1 0 1 0 1 0 1 0 1 0 0 0 1 1 1 1 0 1 0 0 0 1 0 1 1 1 1]
125 21 100 0.048226046314000404 [1 1 1 1 1 0 1 1 0 1 0 1 0 1 0 1 0 0 0 1 1 1 1 0 1 0 0 0 1 0 1 1 1 1]
126 21 100 0.048226046314000404 [1 1 1 1 1 0 1 1 0 1 0 1 0 1 0 1 0 0 0 1 1 1 1 0 1 0 0 0 1 0 1 1 1 1]
127 21 100 0.048226046314000404 [1 1 1 1 1 0 1 1 0 1 0 1 0 1 0 1 0 0 0 1 1 1 1 0 1 0 0 0 1 0 1 1 1 1]
128 21 100 0.048226046314000404 [1 1 1 1 1 0 1 1 0 1 0 1 0 1 0 1 0 0 0 1 1 1 1 0 1 0 0 0 1 0 1 1 1 1]
129 21 100 0.048226046314000404 [1 1 1 1 1 0 1 1 0 1 0 1 0 1 0 1 0 0 0 1 1 1 1 0 1 0 0 0 1 0 1 1 1 1]
130 21 100 0.048226046314000404 [1 1 1 1 1 0 1 1 0 1 0 1 0 1 0 1 0 0 0 1 1 1 1 0 1 0 0 0 1 0 1 1 1 1]
131 21 100 0.048226046314000404 [1 1 1 1 1 0 1 1 0 1 0 1 0 1 0 1 0 0 0 1 1 1 1 0 1 0 0 0 1 0 1 1 1 1]
132 21 100 0.048226046314000404 [1 1 1 1 1 0 1 1 0 1 0 1 0 1 0 1 0 0 0 1 1 1 1 0 1 0 0 0 1 0 1 1 1 1]
133 21 100 0.048226046314000404 [1 1 1 1 1 0 1 1 0 1 0 1 0 1 0 1 0 0 0 1 1 1 1 0 1 0 0 0 1 0 1 1 1 1]
134 21 100 0.048226046314000404 [1 1 1 1 1 0 1 1 0 1 0 1 0 1 0 1 0 0 0 1 1 1 1 0 1 0 0 0 1 0 1 1 1 1]
135 21 100 0.048226046314000404 [1 1 1 1 1 0 1 1 0 1 0 1 0 1 0 1 0 0 0 1 1 1 1 0 1 0 0 0 1 0 1 1 1 1]
136 21 100 0.048226046314000404 [1 1 1 1 1 0 1 1 0 1 0 1 0 1 0 1 0 0 0 1 1 1 1 0 1 0 0 0 1 0 1 1 1 1]
137 21 100 0.048226046314000404 [1 1 1 1 1 0 1 1 0 1 0 1 0 1 0 1 0 0 0 1 1 1 1 0 1 0 0 0 1 0 1 1 1 1]
138 21 100 0.048226046314000404 [1 1 1 1 1 0 1 1 0 1 0 1 0 1 0 1 0 0 0 1 1 1 1 0 1 0 0 0 1 0 1 1 1 1]
139 21 100 0.048226046314000404 [1 1 1 1 1 0 1 1 0 1 0 1 0 1 0 1 0 0 0 1 1 1 1 0 1 0 0 0 1 0 1 1 1 1]
140 21 100 0.048226046314000404 [1 1 1 1 1 0 1 1 0 1 0 1 0 1 0 1 0 0 0 1 1 1 1 0 1 0 0 0 1 0 1 1 1 1]
141 21 100 0.048226046314000404 [1 1 1 1 1 0 1 1 0 1 0 1 0 1 0 1 0 0 0 1 1 1 1 0 1 0 0 0 1 0 1 1 1 1]
142 21 100 0.048226046314000404 [1 1 1 1 1 0 1 1 0 1 0 1 0 1 0 1 0 0 0 1 1 1 1 0 1 0 0 0 1 0 1 1 1 1]
143 21 100 0.048226046314000404 [1 1 1 1 1 0 1 1 0 1 0 1 0 1 0 1 0 0 0 1 1 1 1 0 1 0 0 0 1 0 1 1 1 1]
144 21 100 0.048226046314000404 [1 1 1 1 1 0 1 1 0 1 0 1 0 1 0 1 0 0 0 1 1 1 1 0 1 0 0 0 1 0 1 1 1 1]
145 21 100 0.048226046314000404 [1 1 1 1 1 0 1 1 0 1 0 1 0 1 0 1 0 0 0 1 1 1 1 0 1 0 0 0 1 0 1 1 1 1]
146 21 100 0.048226046314000404 [1 1 1 1 1 0 1 1 0 1 0 1 0 1 0 1 0 0 0 1 1 1 1 0 1 0 0 0 1 0 1 1 1 1]
147 21 100 0.048226046314000404 [1 1 1 1 1 0 1 1 0 1 0 1 0 1 0 1 0 0 0 1 1 1 1 0 1 0 0 0 1 0 1 1 1 1]
148 21 100 0.048226046314000404 [1 1 1 1 1 0 1 1 0 1 0 1 0 1 0 1 0 0 0 1 1 1 1 0 1 0 0 0 1 0 1 1 1 1]
149 21 100 0.048226046314000404 [1 1 1 1 1 0 1 1 0 1 0 1 0 1 0 1 0 0 0 1 1 1 1 0 1 0 0 0 1 0 1 1 1 1]
150 21 100 0.048226046314000404 [1 1 1 1 1 0 1 1 0 1 0 1 0 1 0 1 0 0 0 1 1 1 1 0 1 0 0 0 1 0 1 1 1 1]
