0 17 100 0.054473564692367304 [1 0 1 1 1 1 1 0 0 1 0 0 0 1 0 0 0 1 0 1 1 0 0 1 0 1 0 0 1 1 1 0 1 0]
1 17 100 0.054473564692367304 [1 0 1 1 1 1 1 0 0 1 0 0 0 1 0 0 0 1 0 1 1 0 0 1 0 1 0 0 1 1 1 0 1 0]
2 17 100 0.054473564692367304 [1 0 1 1 1 1 1 0 0 1 0 0 0 1 0 0 0 1 0 1 1 0 0 1 0 1 0 0 1 1 1 0 1 0]
3 17 100 0.054473564692367304 [1 0 1 1 1 1 1 0 0 1 0 0 0 1 0 0 0 1 0 1 1 0 0 1 0 1 0 0 1 1 1 0 1 0]
4 17 100 0.054473564692367304 [1 0 1 1 1 1 1 0 0 1 0 0 0 1 0 0 0 1 0 1 1 0 0 1 0 1 0 0 1 1 1 0 1 0]
5 17 100 0.054473564692367304 [1 0 1 1 1 1 1 0 0 1 0 0 0 1 0 0 0 1 0 1 1 0 0 1 0 1 0 0 1 1 1 0 1 0]
6 17 100 0.054473564692367304 [1 0 1 1 1 1 1 0 0 1 0 0 0 1 0 0 0 1 0 1 1 0 0 1 0 1 0 0 1 1 1 0 1 0]
7 17 100 0.054473564692367304 [1 0 1 1 1 1 1 0 0 1 0 0 0 1 0 0 0 1 0 1 1 0 0 1 0 1 0 0 1 1 1 0 1 0]
8 17 100 0.054473564692367304 [1 0 1 1 1 1 1 0 0 1 0 0 0 1 0 0 0 1 0 1 1 0 0 1 0 1 0 0 1 1 1 0 1 0]
9 17 100 0.054473564692367304 [1 0 1 1 1 1 1 0 0 1 0 0 0 1 0 0 0 1 0 1 1 0 0 1 0 1 0 0 1 1 1 0 1 0]
10 17 100 0.054473564692367304 [1 0 1 1 1 1 1 0 0 1 0 0 0 1 0 0 0 1 0 1 1 0 0 1 0 1 0 0 1 1 1 0 1 0]
11 17 100 0.054473564692367304 [1 0 1 1 1 1 1 0 0 1 0 0 0 1 0 0 0 1 0 1 1 0 0 1 0 1 0 0 1 1 1 0 1 0]
12 17 100 0.054473564692367304 [1 0 1 1 1 1 1 0 0 1 0 0 0 1 0 0 0 1 0 1 1 0 0 1 0 1 0 0 1 1 1 0 1 0]
13 20 100 0.053362968302597014 [1 0 1 1 1 1 1 1 0 1 0 0 1 1 0 0 0 1 0 1 1 0 0 1 1 0 1 0 1 1 1 0 1 0]
14 20 100 0.053362968302597014 [1 0 1 1 1 1 1 1 0 1 0 0 1 1 0 0 0 1 0 1 1 0 0 1 1 0 1 0 1 1 1 0 1 0]
15 17 100 0.05290465424911128 [1 1 1 1 1 1 1 0 1 1 0 1 0 0 0 1 1 0 0 1 0 0 0 0 0 0 1 1 1 1 0 0 0 0]
16 17 100 0.05290465424911128 [1 1 1 1 1 1 1 0 1 1 0 1 0 0 0 1 1 0 0 1 0 0 0 0 0 0 1 1 1 1 0 0 0 0]
17 17 100 0.05290465424911128 [1 1 1 1 1 1 1 0 1 1 0 1 0 0 0 1 1 0 0 1 0 0 0 0 0 0 1 1 1 1 0 0 0 0]
18 17 100 0.05290465424911128 [1 1 1 1 1 1 1 0 1 1 0 1 0 0 0 1 1 0 0 1 0 0 0 0 0 0 1 1 1 1 0 0 0 0]
19 17 100 0.05290465424911128 [1 1 1 1 1 1 1 0 1 1 0 1 0 0 0 1 1 0 0 1 0 0 0 0 0 0 1 1 1 1 0 0 0 0]
20 17 100 0.05290465424911128 [1 1 1 1 1 1 1 0 1 1 0 1 0 0 0 1 1 0 0 1 0 0 0 0 0 0 1 1 1 1 0 0 0 0]
21 17 100 0.05290465424911128 [1 1 1 1 1 1 1 0 1 1 0 1 0 0 0 1 1 0 0 1 0 0 0 0 0 0 1 1 1 1 0 0 0 0]
22 17 100 0.05290465424911128 [1 1 1 1 1 1 1 0 1 1 0 1 0 0 0 1 1 0 0 1 0 0 0 0 0 0 1 1 1 1 0 0 0 0]
23 17 100 0.05290465424911128 [1 1 1 1 1 1 1 0 1 1 0 1 0 0 0 1 1 0 0 1 0 0 0 0 0 0 1 1 1 1 0 0 0 0]
24 17 100 0.05290465424911128 [1 1 1 1 1 1 1 0 1 1 0 1 0 0 0 1 1 0 0 1 0 0 0 0 0 0 1 1 1 1 0 0 0 0]
25 17 100 0.05290465424911128 [1 1 1 1 1 1 1 0 1 1 0 1 0 0 0 1 1 0 0 1 0 0 0 0 0 0 1 1 1 1 0 0 0 0]
26 17 100 0.05290465424911128 [1 1 1 1 1 1 1 0 1 1 0 1 0 0 0 1 1 0 0 1 0 0 0 0 0 0 1 1 1 1 0 0 0 0]
27 17 100 0.05290465424911128 [1 1 1 1 1 1 1 0 1 1 0 1 0 0 0 1 1 0 0 1 0 0 0 0 0 0 1 1 1 1 0 0 0 0]
28 17 100 0.05290465424911128 [1 1 1 1 1 1 1 0 1 1 0 1 0 0 0 1 1 0 0 1 0 0 0 0 0 0 1 1 1 1 0 0 0 0]
29 17 100 0.05290465424911128 [1 1 1 1 1 1 1 0 1 1 0 1 0 0 0 1 1 0 0 1 0 0 0 0 0 0 1 1 1 1 0 0 0 0]
30 17 100 0.05290465424911128 [1 1 1 1 1 1 1 0 1 1 0 1 0 0 0 1 1 0 0 1 0 0 0 0 0 0 1 1 1 1 0 0 0 0]
31 17 100 0.05290465424911128 [1 1 1 1 1 1 1 0 1 1 0 1 0 0 0 1 1 0 0 1 0 0 0 0 0 0 1 1 1 1 0 0 0 0]
32 17 100 0.05290465424911128 [1 1 1 1 1 1 1 0 1 1 0 1 0 0 0 1 1 0 0 1 0 0 0 0 0 0 1 1 1 1 0 0 0 0]
33 15 100 0.049327354260089606 [1 0 1 1 1 1 1 0 0 1 0 1 0 1 1 0 0 1 1 0 0 0 0 0 0 1 0 0 0 1 1 0 0 0]
34 15 100 0.049327354260089606 [1 0 1 1 1 1 1 0 0 1 0 1 0 1 1 0 0 1 1 0 0 0 0 0 0 1 0 0 0 1 1 0 0 0]
35 15 100 0.049327354260089606 [1 0 1 1 1 1 1 0 0 1 0 1 0 1 1 0 0 1 1 0 0 0 0 0 0 1 0 0 0 1 1 0 0 0]
36 15 100 0.049327354260089606 [1 0 1 1 1 1 1 0 0 1 0 1 0 1 1 0 0 1 1 0 0 0 0 0 0 1 0 0 0 1 1 0 0 0]
37 15 100 0.049327354260089606 [1 0 1 1 1 1 1 0 0 1 0 1 0 1 1 0 0 1 1 0 0 0 0 0 0 1 0 0 0 1 1 0 0 0]
38 15 100 0.049327354260089606 [1 0 1 1 1 1 1 0 0 1 0 1 0 1 1 0 0 1 1 0 0 0 0 0 0 1 0 0 0 1 1 0 0 0]
39 15 100 0.049327354260089606 [1 0 1 1 1 1 1 0 0 1 0 1 0 1 1 0 0 1 1 0 0 0 0 0 0 1 0 0 0 1 1 0 0 0]
40 15 100 0.049327354260089606 [1 0 1 1 1 1 1 0 0 1 0 1 0 1 1 0 0 1 1 0 0 0 0 0 0 1 0 0 0 1 1 0 0 0]
41 15 100 0.049327354260089606 [1 0 1 1 1 1 1 0 0 1 0 1 0 1 1 0 0 1 1 0 0 0 0 0 0 1 0 0 0 1 1 0 0 0]
42 15 100 0.049327354260089606 [1 0 1 1 1 1 1 0 0 1 0 1 0 1 1 0 0 1 1 0 0 0 0 0 0 1 0 0 0 1 1 0 0 0]
43 15 100 0.049327354260089606 [1 0 1 1 1 1 1 0 0 1 0 1 0 1 1 0 0 1 1 0 0 0 0 0 0 1 0 0 0 1 1 0 0 0]
44 15 100 0.049327354260089606 [1 0 1 1 1 1 1 0 0 1 0 1 0 1 1 0 0 1 1 0 0 0 0 0 0 1 0 0 0 1 1 0 0 0]
45 15 100 0.049327354260089606 [1 0 1 1 1 1 1 0 0 1 0 1 0 1 1 0 0 1 1 0 0 0 0 0 0 1 0 0 0 1 1 0 0 0]
46 15 100 0.049327354260089606 [1 0 1 1 1 1 1 0 0 1 0 1 0 1 1 0 0 1 1 0 0 0 0 0 0 1 0 0 0 1 1 0 0 0]
47 17 100 0.048226046314000404 [1 1 1 1 1 1 1 1 1 1 0 1 0 1 0 0 0 0 0 1 0 0 0 0 0 1 0 1 0 0 1 0 1 0]
48 17 100 0.048226046314000404 [1 1 1 1 1 1 1 1 1 1 0 1 0 1 0 0 0 0 0 1 0 0 0 0 0 1 0 1 0 0 1 0 1 0]
49 17 100 0.048226046314000404 [1 1 1 1 1 1 1 1 1 1 0 1 0 1 0 0 0 0 0 1 0 0 0 0 0 1 0 1 0 0 1 0 1 0]
50 17 100 0.048226046314000404 [1 1 1 1 1 1 1 1 1 1 0 1 0 1 0 0 0 0 0 1 0 0 0 0 0 1 0 1 0 0 1 0 1 0]
51 17 100 0.048226046314000404 [1 1 1 1 1 1 1 1 1 1 0 1 0 1 0 0 0 0 0 1 0 0 0 0 0 1 0 1 0 0 1 0 1 0]
52 17 100 0.048226046314000404 [1 1 1 1 1 1 1 1 1 1 0 1 0 1 0 0 0 0 0 1 0 0 0 0 0 1 0 1 0 0 1 0 1 0]
53 17 100 0.048226046314000404 [1 1 1 1 1 1 1 1 1 1 0 1 0 1 0 0 0 0 0 1 0 0 0 0 0 1 0 1 0 0 1 0 1 0]
54 17 100 0.048226046314000404 [1 1 1 1 1 1 1 1 1 1 0 1 0 1 0 0 0 0 0 1 0 0 0 0 0 1 0 1 0 0 1 0 1 0]
55 17 100 0.048226046314000404 [1 1 1 1 1 1 1 1 1 1 0 1 0 1 0 0 0 0 0 1 0 0 0 0 0 1 0 1 0 0 1 0 1 0]
56 17 100 0.048226046314000404 [1 1 1 1 1 1 1 1 1 1 0 1 0 1 0 0 0 0 0 1 0 0 0 0 0 1 0 1 0 0 1 0 1 0]
57 17 100 0.048226046314000404 [1 1 1 1 1 1 1 1 1 1 0 1 0 1 0 0 0 0 0 1 0 0 0 0 0 1 0 1 0 0 1 0 1 0]
58 17 100 0.048226046314000404 [1 1 1 1 1 1 1 1 1 1 0 1 0 1 0 0 0 0 0 1 0 0 0 0 0 1 0 1 0 0 1 0 1 0]
59 17 100 0.048226046314000404 [1 1 1 1 1 1 1 1 1 1 0 1 0 1 0 0 0 0 0 1 0 0 0 0 0 1 0 1 0 0 1 0 1 0]
60 17 100 0.048226046314000404 [1 1 1 1 1 1 1 1 1 1 0 1 0 1 0 0 0 0 0 1 0 0 0 0 0 1 0 1 0 0 1 0 1 0]
61 17 100 0.048226046314000404 [1 1 1 1 1 1 1 1 1 1 0 1 0 1 0 0 0 0 0 1 0 0 0 0 0 1 0 1 0 0 1 0 1 0]
62 17 100 0.048226046314000404 [1 1 1 1 1 1 1 1 1 1 0 1 0 1 0 0 0 0 0 1 0 0 0 0 0 1 0 1 0 0 1 0 1 0]
63 17 100 0.048226046314000404 [1 1 1 1 1 1 1 1 1 1 0 1 0 1 0 0 0 0 0 1 0 0 0 0 0 1 0 1 0 0 1 0 1 0]
64 17 100 0.048226046314000404 [1 1 1 1 1 1 1 1 1 1 0 1 0 1 0 0 0 0 0 1 0 0 0 0 0 1 0 1 0 0 1 0 1 0]
65 17 100 0.048226046314000404 [1 1 1 1 1 1 1 1 1 1 0 1 0 1 0 0 0 0 0 1 0 0 0 0 0 1 0 1 0 0 1 0 1 0]
66 17 100 0.048226046314000404 [1 1 1 1 1 1 1 1 1 1 0 1 0 1 0 0 0 0 0 1 0 0 0 0 0 1 0 1 0 0 1 0 1 0]
67 17 100 0.048226046314000404 [1 1 1 1 1 1 1 1 1 1 0 1 0 1 0 0 0 0 0 1 0 0 0 0 0 1 0 1 0 0 1 0 1 0]
68 17 100 0.048226046314000404 [1 1 1 1 1 1 1 1 1 1 0 1 0 1 0 0 0 0 0 1 0 0 0 0 0 1 0 1 0 0 1 0 1 0]
69 17 100 0.048226046314000404 [1 1 1 1 1 1 1 1 1 1 0 1 0 1 0 0 0 0 0 1 0 0 0 0 0 1 0 1 0 0 1 0 1 0]
70 17 100 0.048226046314000404 [1 1 1 1 1 1 1 1 1 1 0 1 0 1 0 0 0 0 0 1 0 0 0 0 0 1 0 1 0 0 1 0 1 0]
71 17 100 0.048226046314000404 [1 1 1 1 1 1 1 1 1 1 0 1 0 1 0 0 0 0 0 1 0 0 0 0 0 1 0 1 0 0 1 0 1 0]
72 21 100 0.04513020109350374 [1 1 1 1 1 1 1 1 0 1 0 1 0 1 1 1 0 0 1 1 0 0 1 0 0 0 1 1 1 0 1 0 1 0]
73 21 100 0.04513020109350374 [1 1 1 1 1 1 1 1 0 1 0 1 0 1 1 1 0 0 1 1 0 0 1 0 0 0 1 1 1 0 1 0 1 0]
74 21 100 0.04513020109350374 [1 1 1 1 1 1 1 1 0 1 0 1 0 1 1 1 0 0 1 1 0 0 1 0 0 0 1 1 1 0 1 0 1 0]
75 21 100 0.04513020109350374 [1 1 1 1 1 1 1 1 0 1 0 1 0 1 1 1 0 0 1 1 0 0 1 0 0 0 1 1 1 0 1 0 1 0]
76 21 100 0.04513020109350374 [1 1 1 1 1 1 1 1 0 1 0 1 0 1 1 1 0 0 1 1 0 0 1 0 0 0 1 1 1 0 1 0 1 0]
77 21 100 0.04513020109350374 [1 1 1 1 1 1 1 1 0 1 0 1 0 1 1 1 0 0 1 1 0 0 1 0 0 0 1 1 1 0 1 0 1 0]
78 21 100 0.04513020109350374 [1 1 1 1 1 1 1 1 0 1 0 1 0 1 1 1 0 0 1 1 0 0 1 0 0 0 1 1 1 0 1 0 1 0]
79 21 100 0.04513020109350374 [1 1 1 1 1 1 1 1 0 1 0 1 0 1 1 1 0 0 1 1 0 0 1 0 0 0 1 1 1 0 1 0 1 0]
80 21 100 0.04513020109350374 [1 1 1 1 1 1 1 1 0 1 0 1 0 1 1 1 0 0 1 1 0 0 1 0 0 0 1 1 1 0 1 0 1 0]
81 21 100 0.04513020109350374 [1 1 1 1 1 1 1 1 0 1 0 1 0 1 1 1 0 0 1 1 0 0 1 0 0 0 1 1 1 0 1 0 1 0]
82 21 100 0.04513020109350374 [1 1 1 1 1 1 1 1 0 1 0 1 0 1 1 1 0 0 1 1 0 0 1 0 0 0 1 1 1 0 1 0 1 0]
83 21 100 0.04513020109350374 [1 1 1 1 1 1 1 1 0 1 0 1 0 1 1 1 0 0 1 1 0 0 1 0 0 0 1 1 1 0 1 0 1 0]
84 21 100 0.04513020109350374 [1 1 1 1 1 1 1 1 0 1 0 1 0 1 1 1 0 0 1 1 0 0 1 0 0 0 1 1 1 0 1 0 1 0]
85 21 100 0.04513020109350374 [1 1 1 1 1 1 1 1 0 1 0 1 0 1 1 1 0 0 1 1 0 0 1 0 0 0 1 1 1 0 1 0 1 0]
86 21 100 0.04513020109350374 [1 1 1 1 1 1 1 1 0 1 0 1 0 1 1 1 0 0 1 1 0 0 1 0 0 0 1 1 1 0 1 0 1 0]
87 21 100 0.04513020109350374 [1 1 1 1 1 1 1 1 0 1 0 1 0 1 1 1 0 0 1 1 0 0 1 0 0 0 1 1 1 0 1 0 1 0]
88 21 100 0.04513020109350374 [1 1 1 1 1 1 1 1 0 1 0 1 0 1 1 1 0 0 1 1 0 0 1 0 0 0 1 1 1 0 1 0 1 0]
89 21 100 0.04513020109350374 [1 1 1 1 1 1 1 1 0 1 0 1 0 1 1 1 0 0 1 1 0 0 1 0 0 0 1 1 1 0 1 0 1 0]
90 21 100 0.04513020109350374 [1 1 1 1 1 1 1 1 0 1 0 1 0 1 1 1 0 0 1 1 0 0 1 0 0 0 1 1 1 0 1 0 1 0]
91 21 100 0.04513020109350374 [1 1 1 1 1 1 1 1 0 1 0 1 0 1 1 1 0 0 1 1 0 0 1 0 0 0 1 1 1 0 1 0 1 0]
92 21 100 0.04513020109350374 [1 1 1 1 1 1 1 1 0 1 0 1 0 1 1 1 0 0 1 1 0 0 1 0 0 0 1 1 1 0 1 0 1 0]
93 21 100 0.04513020109350374 [1 1 1 1 1 1 1 1 0 1 0 1 0 1 1 1 0 0 1 1 0 0 1 0 0 0 1 1 1 0 1 0 1 0]
94 21 100 0.04513020109350374 [1 1 1 1 1 1 1 1 0 1 0 1 0 1 1 1 0 0 1 1 0 0 1 0 0 0 1 1 1 0 1 0 1 0]
95 21 100 0.04513020109350374 [1 1 1 1 1 1 1 1 0 1 0 1 0 1 1 1 0 0 1 1 0 0 1 0 0 0 1 1 1 0 1 0 1 0]
96 21 100 0.04513020109350374 [1 1 1 1 1 1 1 1 0 1 0 1 0 1 1 1 0 0 1 1 0 0 1 0 0 0 1 1 1 0 1 0 1 0]
97 21 100 0.04513020109350374 [1 1 1 1 1 1 1 1 0 1 0 1 0 1 1 1 0 0 1 1 0 0 1 0 0 0 1 1 1 0 1 0 1 0]
98 21 100 0.04513020109350374 [1 1 1 1 1 1 1 1 0 1 0 1 0 1 1 1 0 0 1 1 0 0 1 0 0 0 1 1 1 0 1 0 1 0]
99 21 100 0.04513020109350374 [1 1 1 1 1 1 1 1 0 1 0 1 0 1 1 1 0 0 1 1 0 0 1 0 0 0 1 1 1 0 1 0 1 0]
100 21 100 0.04513020109350374 [1 1 1 1 1 1 1 1 0 1 0 1 0 1 1 1 0 0 1 1 0 0 1 0 0 0 1 1 1 0 1 0 1 0]
101 21 100 0.04513020109350374 [1 1 1 1 1 1 1 1 0 1 0 1 0 1 1 1 0 0 1 1 0 0 1 0 0 0 1 1 1 0 1 0 1 0]
102 21 100 0.04513020109350374 [1 1 1 1 1 1 1 1 0 1 0 1 0 1 1 1 0 0 1 1 0 0 1 0 0 0 1 1 1 0 1 0 1 0]
103 21 100 0.04513020109350374 [1 1 1 1 1 1 1 1 0 1 0 1 0 1 1 1 0 0 1 1 0 0 1 0 0 0 1 1 1 0 1 0 1 0]
104 21 100 0.04513020109350374 [1 1 1 1 1 1 1 1 0 1 0 1 0 1 1 1 0 0 1 1 0 0 1 0 0 0 1 1 1 0 1 0 1 0]
105 21 100 0.04513020109350374 [1 1 1 1 1 1 1 1 0 1 0 1 0 1 1 1 0 0 1 1 0 0 1 0 0 0 1 1 1 0 1 0 1 0]
106 21 100 0.04513020109350374 [1 1 1 1 1 1 1 1 0 1 0 1 0 1 1 1 0 0 1 1 0 0 1 0 0 0 1 1 1 0 1 0 1 0]
107 21 100 0.04513020109350374 [1 1 1 1 1 1 1 1 0 1 0 1 0 1 1 1 0 0 1 1 0 0 1 0 0 0 1 1 1 0 1 0 1 0]
108 21 100 0.04513020109350374 [1 1 1 1 1 1 1 1 0 1 0 1 0 1 1 1 0 0 1 1 0 0 1 0 0 0 1 1 1 0 1 0 1 0]
109 21 100 0.04513020109350374 [1 1 1 1 1 1 1 1 0 1 0 1 0 1 1 1 0 0 1 1 0 0 1 0 0 0 1 1 1 0 1 0 1 0]
110 21 100 0.04513020109350374 [1 1 1 1 1 1 1 1 0 1 0 1 0 1 1 1 0 0 1 1 0 0 1 0 0 0 1 1 1 0 1 0 1 0]
111 21 100 0.04513020109350374 [1 1 1 1 1 1 1 1 0 1 0 1 0 1 1 1 0 0 1 1 0 0 1 0 0 0 1 1 1 0 1 0 1 0]
112 21 100 0.04513020109350374 [1 1 1 1 1 1 1 1 0 1 0 1 0 1 1 1 0 0 1 1 0 0 1 0 0 0 1 1 1 0 1 0 1 0]
113 21 100 0.04513020109350374 [1 1 1 1 1 1 1 1 0 1 0 1 0 1 1 1 0 0 1 1 0 0 1 0 0 0 1 1 1 0 1 0 1 0]
114 21 100 0.04513020109350374 [1 1 1 1 1 1 1 1 0 1 0 1 0 1 1 1 0 0 1 1 0 0 1 0 0 0 1 1 1 0 1 0 1 0]
115 21 100 0.04513020109350374 [1 1 1 1 1 1 1 1 0 1 0 1 0 1 1 1 0 0 1 1 0 0 1 0 0 0 1 1 1 0 1 0 1 0]
116 21 100 0.04513020109350374 [1 1 1 1 1 1 1 1 0 1 0 1 0 1 1 1 0 0 1 1 0 0 1 0 0 0 1 1 1 0 1 0 1 0]
117 21 100 0.04513020109350374 [1 1 1 1 1 1 1 1 0 1 0 1 0 1 1 1 0 0 1 1 0 0 1 0 0 0 1 1 1 0 1 0 1 0]
118 21 100 0.04513020109350374 [1 1 1 1 1 1 1 1 0 1 0 1 0 1 1 1 0 0 1 1 0 0 1 0 0 0 1 1 1 0 1 0 1 0]
119 21 100 0.04513020109350374 [1 1 1 1 1 1 1 1 0 1 0 1 0 1 1 1 0 0 1 1 0 0 1 0 0 0 1 1 1 0 1 0 1 0]
120 21 100 0.04513020109350374 [1 1 1 1 1 1 1 1 0 1 0 1 0 1 1 1 0 0 1 1 0 0 1 0 0 0 1 1 1 0 1 0 1 0]
121 21 100 0.04513020109350374 [1 1 1 1 1 1 1 1 0 1 0 1 0 1 1 1 0 0 1 1 0 0 1 0 0 0 1 1 1 0 1 0 1 0]
122 21 100 0.04513020109350374 [1 1 1 1 1 1 1 1 0 1 0 1 0 1 1 1 0 0 1 1 0 0 1 0 0 0 1 1 1 0 1 0 1 0]
123 21 100 0.04513020109350374 [1 1 1 1 1 1 1 1 0 1 0 1 0 1 1 1 0 0 1 1 0 0 1 0 0 0 1 1 1 0 1 0 1 0]
124 21 100 0.04513020109350374 [1 1 1 1 1 1 1 1 0 1 0 1 0 1 1 1 0 0 1 1 0 0 1 0 0 0 1 1 1 0 1 0 1 0]
125 21 100 0.04513020109350374 [1 1 1 1 1 1 1 1 0 1 0 1 0 1 1 1 0 0 1 1 0 0 1 0 0 0 1 1 1 0 1 0 1 0]
126 21 100 0.04513020109350374 [1 1 1 1 1 1 1 1 0 1 0 1 0 1 1 1 0 0 1 1 0 0 1 0 0 0 1 1 1 0 1 0 1 0]
127 21 100 0.04513020109350374 [1 1 1 1 1 1 1 1 0 1 0 1 0 1 1 1 0 0 1 1 0 0 1 0 0 0 1 1 1 0 1 0 1 0]
128 21 100 0.04513020109350374 [1 1 1 1 1 1 1 1 0 1 0 1 0 1 1 1 0 0 1 1 0 0 1 0 0 0 1 1 1 0 1 0 1 0]
129 21 100 0.04513020109350374 [1 1 1 1 1 1 1 1 0 1 0 1 0 1 1 1 0 0 1 1 0 0 1 0 0 0 1 1 1 0 1 0 1 0]
130 21 100 0.04513020109350374 [1 1 1 1 1 1 1 1 0 1 0 1 0 1 1 1 0 0 1 1 0 0 1 0 0 0 1 1 1 0 1 0 1 0]
131 21 100 0.04513020109350374 [1 1 1 1 1 1 1 1 0 1 0 1 0 1 1 1 0 0 1 1 0 0 1 0 0 0 1 1 1 0 1 0 1 0]
132 21 100 0.04513020109350374 [1 1 1 1 1 1 1 1 0 1 0 1 0 1 1 1 0 0 1 1 0 0 1 0 0 0 1 1 1 0 1 0 1 0]
133 21 100 0.04513020109350374 [1 1 1 1 1 1 1 1 0 1 0 1 0 1 1 1 0 0 1 1 0 0 1 0 0 0 1 1 1 0 1 0 1 0]
134 21 100 0.04513020109350374 [1 1 1 1 1 1 1 1 0 1 0 1 0 1 1 1 0 0 1 1 0 0 1 0 0 0 1 1 1 0 1 0 1 0]
135 21 100 0.04513020109350374 [1 1 1 1 1 1 1 1 0 1 0 1 0 1 1 1 0 0 1 1 0 0 1 0 0 0 1 1 1 0 1 0 1 0]
136 21 100 0.04513020109350374 [1 1 1 1 1 1 1 1 0 1 0 1 0 1 1 1 0 0 1 1 0 0 1 0 0 0 1 1 1 0 1 0 1 0]
137 21 100 0.04513020109350374 [1 1 1 1 1 1 1 1 0 1 0 1 0 1 1 1 0 0 1 1 0 0 1 0 0 0 1 1 1 0 1 0 1 0]
138 21 100 0.04513020109350374 [1 1 1 1 1 1 1 1 0 1 0 1 0 1 1 1 0 0 1 1 0 0 1 0 0 0 1 1 1 0 1 0 1 0]
139 21 100 0.04513020109350374 [1 1 1 1 1 1 1 1 0 1 0 1 0 1 1 1 0 0 1 1 0 0 1 0 0 0 1 1 1 0 1 0 1 0]
140 21 100 0.04513020109350374 [1 1 1 1 1 1 1 1 0 1 0 1 0 1 1 1 0 0 1 1 0 0 1 0 0 0 1 1 1 0 1 0 1 0]
141 21 100 0.04513020109350374 [1 1 1 1 1 1 1 1 0 1 0 1 0 1 1 1 0 0 1 1 0 0 1 0 0 0 1 1 1 0 1 0 1 0]
142 21 100 0.04513020109350374 [1 1 1 1 1 1 1 1 0 1 0 1 0 1 1 1 0 0 1 1 0 0 1 0 0 0 1 1 1 0 1 0 1 0]
143 21 100 0.04513020109350374 [1 1 1 1 1 1 1 1 0 1 0 1 0 1 1 1 0 0 1 1 0 0 1 0 0 0 1 1 1 0 1 0 1 0]
144 21 100 0.04513020109350374 [1 1 1 1 1 1 1 1 0 1 0 1 0 1 1 1 0 0 1 1 0 0 1 0 0 0 1 1 1 0 1 0 1 0]
145 21 100 0.04513020109350374 [1 1 1 1 1 1 1 1 0 1 0 1 0 1 1 1 0 0 1 1 0 0 1 0 0 0 1 1 1 0 1 0 1 0]
146 21 100 0.04513020109350374 [1 1 1 1 1 1 1 1 0 1 0 1 0 1 1 1 0 0 1 1 0 0 1 0 0 0 1 1 1 0 1 0 1 0]
147 21 100 0.04513020109350374 [1 1 1 1 1 1 1 1 0 1 0 1 0 1 1 1 0 0 1 1 0 0 1 0 0 0 1 1 1 0 1 0 1 0]
148 21 100 0.04513020109350374 [1 1 1 1 1 1 1 1 0 1 0 1 0 1 1 1 0 0 1 1 0 0 1 0 0 0 1 1 1 0 1 0 1 0]
149 21 100 0.04513020109350374 [1 1 1 1 1 1 1 1 0 1 0 1 0 1 1 1 0 0 1 1 0 0 1 0 0 0 1 1 1 0 1 0 1 0]
150 21 100 0.04513020109350374 [1 1 1 1 1 1 1 1 0 1 0 1 0 1 1 1 0 0 1 1 0 0 1 0 0 0 1 1 1 0 1 0 1 0]
