0 20 100 0.053362968302597014 [1 0 1 1 1 1 1 0 0 0 0 1 1 1 0 0 1 0 1 1 0 0 0 0 0 1 1 1 1 1 1 1 1 0]
1 20 100 0.051340445083702946 [1 0 1 1 1 0 1 1 0 0 0 1 1 1 0 0 0 0 1 1 1 0 1 0 1 1 0 1 1 1 0 1 1 0]
2 20 100 0.051340445083702946 [1 0 1 1 1 0 1 1 0 0 0 1 1 1 0 0 0 0 1 1 1 0 1 0 1 1 0 1 1 1 0 1 1 0]
3 20 100 0.051340445083702946 [1 0 1 1 1 0 1 1 0 0 0 1 1 1 0 0 0 0 1 1 1 0 1 0 1 1 0 1 1 1 0 1 1 0]
4 20 100 0.051340445083702946 [1 0 1 1 1 0 1 1 0 0 0 1 1 1 0 0 0 0 1 1 1 0 1 0 1 1 0 1 1 1 0 1 1 0]
5 20 100 0.051340445083702946 [1 0 1 1 1 0 1 1 0 0 0 1 1 1 0 0 0 0 1 1 1 0 1 0 1 1 0 1 1 1 0 1 1 0]
6 20 100 0.051340445083702946 [1 0 1 1 1 0 1 1 0 0 0 1 1 1 0 0 0 0 1 1 1 0 1 0 1 1 0 1 1 1 0 1 1 0]
7 20 100 0.051340445083702946 [1 0 1 1 1 0 1 1 0 0 0 1 1 1 0 0 0 0 1 1 1 0 1 0 1 1 0 1 1 1 0 1 1 0]
8 20 100 0.051340445083702946 [1 0 1 1 1 0 1 1 0 0 0 1 1 1 0 0 0 0 1 1 1 0 1 0 1 1 0 1 1 1 0 1 1 0]
9 20 100 0.051340445083702946 [1 0 1 1 1 0 1 1 0 0 0 1 1 1 0 0 0 0 1 1 1 0 1 0 1 1 0 1 1 1 0 1 1 0]
10 20 100 0.051340445083702946 [1 0 1 1 1 0 1 1 0 0 0 1 1 1 0 0 0 0 1 1 1 0 1 0 1 1 0 1 1 1 0 1 1 0]
11 20 100 0.051340445083702946 [1 0 1 1 1 0 1 1 0 0 0 1 1 1 0 0 0 0 1 1 1 0 1 0 1 1 0 1 1 1 0 1 1 0]
12 20 100 0.051340445083702946 [1 0 1 1 1 0 1 1 0 0 0 1 1 1 0 0 0 0 1 1 1 0 1 0 1 1 0 1 1 1 0 1 1 0]
13 20 100 0.051340445083702946 [1 0 1 1 1 0 1 1 0 0 0 1 1 1 0 0 0 0 1 1 1 0 1 0 1 1 0 1 1 1 0 1 1 0]
14 20 100 0.051340445083702946 [1 0 1 1 1 0 1 1 0 0 0 1 1 1 0 0 0 0 1 1 1 0 1 0 1 1 0 1 1 1 0 1 1 0]
15 20 100 0.051340445083702946 [1 0 1 1 1 0 1 1 0 0 0 1 1 1 0 0 0 0 1 1 1 0 1 0 1 1 0 1 1 1 0 1 1 0]
16 20 100 0.051340445083702946 [1 0 1 1 1 0 1 1 0 0 0 1 1 1 0 0 0 0 1 1 1 0 1 0 1 1 0 1 1 1 0 1 1 0]
17 20 100 0.051340445083702946 [1 0 1 1 1 0 1 1 0 0 0 1 1 1 0 0 0 0 1 1 1 0 1 0 1 1 0 1 1 1 0 1 1 0]
18 20 100 0.051340445083702946 [1 0 1 1 1 0 1 1 0 0 0 1 1 1 0 0 0 0 1 1 1 0 1 0 1 1 0 1 1 1 0 1 1 0]
19 20 100 0.051340445083702946 [1 0 1 1 1 0 1 1 0 0 0 1 1 1 0 0 0 0 1 1 1 0 1 0 1 1 0 1 1 1 0 1 1 0]
20 20 100 0.051340445083702946 [1 0 1 1 1 0 1 1 0 0 0 1 1 1 0 0 0 0 1 1 1 0 1 0 1 1 0 1 1 1 0 1 1 0]
21 20 100 0.051340445083702946 [1 0 1 1 1 0 1 1 0 0 0 1 1 1 0 0 0 0 1 1 1 0 1 0 1 1 0 1 1 1 0 1 1 0]
22 20 100 0.051340445083702946 [1 0 1 1 1 0 1 1 0 0 0 1 1 1 0 0 0 0 1 1 1 0 1 0 1 1 0 1 1 1 0 1 1 0]
23 20 100 0.051340445083702946 [1 0 1 1 1 0 1 1 0 0 0 1 1 1 0 0 0 0 1 1 1 0 1 0 1 1 0 1 1 1 0 1 1 0]
24 20 100 0.051340445083702946 [1 0 1 1 1 0 1 1 0 0 0 1 1 1 0 0 0 0 1 1 1 0 1 0 1 1 0 1 1 1 0 1 1 0]
25 20 100 0.051340445083702946 [1 0 1 1 1 0 1 1 0 0 0 1 1 1 0 0 0 0 1 1 1 0 1 0 1 1 0 1 1 1 0 1 1 0]
26 20 100 0.051340445083702946 [1 0 1 1 1 0 1 1 0 0 0 1 1 1 0 0 0 0 1 1 1 0 1 0 1 1 0 1 1 1 0 1 1 0]
27 20 100 0.051340445083702946 [1 0 1 1 1 0 1 1 0 0 0 1 1 1 0 0 0 0 1 1 1 0 1 0 1 1 0 1 1 1 0 1 1 0]
28 20 100 0.051340445083702946 [1 0 1 1 1 0 1 1 0 0 0 1 1 1 0 0 0 0 1 1 1 0 1 0 1 1 0 1 1 1 0 1 1 0]
29 20 100 0.051340445083702946 [1 0 1 1 1 0 1 1 0 0 0 1 1 1 0 0 0 0 1 1 1 0 1 0 1 1 0 1 1 1 0 1 1 0]
30 20 100 0.051340445083702946 [1 0 1 1 1 0 1 1 0 0 0 1 1 1 0 0 0 0 1 1 1 0 1 0 1 1 0 1 1 1 0 1 1 0]
31 20 100 0.051340445083702946 [1 0 1 1 1 0 1 1 0 0 0 1 1 1 0 0 0 0 1 1 1 0 1 0 1 1 0 1 1 1 0 1 1 0]
32 20 100 0.051340445083702946 [1 0 1 1 1 0 1 1 0 0 0 1 1 1 0 0 0 0 1 1 1 0 1 0 1 1 0 1 1 1 0 1 1 0]
33 20 100 0.051340445083702946 [1 0 1 1 1 0 1 1 0 0 0 1 1 1 0 0 0 0 1 1 1 0 1 0 1 1 0 1 1 1 0 1 1 0]
34 20 100 0.051340445083702946 [1 0 1 1 1 0 1 1 0 0 0 1 1 1 0 0 0 0 1 1 1 0 1 0 1 1 0 1 1 1 0 1 1 0]
35 21 100 0.048226046314000404 [1 0 1 1 1 1 1 1 0 0 0 1 0 1 0 1 1 1 0 0 1 0 1 0 1 0 1 1 1 0 1 1 1 0]
36 21 100 0.048226046314000404 [1 0 1 1 1 1 1 1 0 0 0 1 0 1 0 1 1 1 0 0 1 0 1 0 1 0 1 1 1 0 1 1 1 0]
37 21 100 0.048226046314000404 [1 0 1 1 1 1 1 1 0 0 0 1 0 1 0 1 1 1 0 0 1 0 1 0 1 0 1 1 1 0 1 1 1 0]
38 21 100 0.048226046314000404 [1 0 1 1 1 1 1 1 0 0 0 1 0 1 0 1 1 1 0 0 1 0 1 0 1 0 1 1 1 0 1 1 1 0]
39 21 100 0.048226046314000404 [1 0 1 1 1 1 1 1 0 0 0 1 0 1 0 1 1 1 0 0 1 0 1 0 1 0 1 1 1 0 1 1 1 0]
40 21 100 0.048226046314000404 [1 0 1 1 1 1 1 1 0 0 0 1 0 1 0 1 1 1 0 0 1 0 1 0 1 0 1 1 1 0 1 1 1 0]
41 21 100 0.048226046314000404 [1 0 1 1 1 1 1 1 0 0 0 1 0 1 0 1 1 1 0 0 1 0 1 0 1 0 1 1 1 0 1 1 1 0]
42 21 100 0.048226046314000404 [1 0 1 1 1 1 1 1 0 0 0 1 0 1 0 1 1 1 0 0 1 0 1 0 1 0 1 1 1 0 1 1 1 0]
43 21 100 0.048226046314000404 [1 0 1 1 1 1 1 1 0 0 0 1 0 1 0 1 1 1 0 0 1 0 1 0 1 0 1 1 1 0 1 1 1 0]
44 21 100 0.048226046314000404 [1 0 1 1 1 1 1 1 0 0 0 1 0 1 0 1 1 1 0 0 1 0 1 0 1 0 1 1 1 0 1 1 1 0]
45 21 100 0.046675814887735534 [1 1 1 1 1 1 1 1 1 1 0 1 0 1 0 1 0 0 0 0 0 0 1 0 1 1 0 1 1 0 1 1 1 0]
46 21 100 0.046675814887735534 [1 1 1 1 1 1 1 1 1 1 0 1 0 1 0 1 0 0 0 0 0 0 1 0 1 1 0 1 1 0 1 1 1 0]
47 21 100 0.046675814887735534 [1 1 1 1 1 1 1 1 1 1 0 1 0 1 0 1 0 0 0 0 0 0 1 0 1 1 0 1 1 0 1 1 1 0]
48 21 100 0.046675814887735534 [1 1 1 1 1 1 1 1 1 1 0 1 0 1 0 1 0 0 0 0 0 0 1 0 1 1 0 1 1 0 1 1 1 0]
49 21 100 0.046675814887735534 [1 1 1 1 1 1 1 1 1 1 0 1 0 1 0 1 0 0 0 0 0 0 1 0 1 1 0 1 1 0 1 1 1 0]
50 21 100 0.046675814887735534 [1 1 1 1 1 1 1 1 1 1 0 1 0 1 0 1 0 0 0 0 0 0 1 0 1 1 0 1 1 0 1 1 1 0]
51 21 100 0.046675814887735534 [1 1 1 1 1 1 1 1 1 1 0 1 0 1 0 1 0 0 0 0 0 0 1 0 1 1 0 1 1 0 1 1 1 0]
52 21 100 0.046675814887735534 [1 1 1 1 1 1 1 1 1 1 0 1 0 1 0 1 0 0 0 0 0 0 1 0 1 1 0 1 1 0 1 1 1 0]
53 21 100 0.046675814887735534 [1 1 1 1 1 1 1 1 1 1 0 1 0 1 0 1 0 0 0 0 0 0 1 0 1 1 0 1 1 0 1 1 1 0]
54 21 100 0.046675814887735534 [1 1 1 1 1 1 1 1 1 1 0 1 0 1 0 1 0 0 0 0 0 0 1 0 1 1 0 1 1 0 1 1 1 0]
55 21 100 0.046675814887735534 [1 1 1 1 1 1 1 1 1 1 0 1 0 1 0 1 0 0 0 0 0 0 1 0 1 1 0 1 1 0 1 1 1 0]
56 21 100 0.046675814887735534 [1 1 1 1 1 1 1 1 1 1 0 1 0 1 0 1 0 0 0 0 0 0 1 0 1 1 0 1 1 0 1 1 1 0]
57 21 100 0.046675814887735534 [1 1 1 1 1 1 1 1 1 1 0 1 0 1 0 1 0 0 0 0 0 0 1 0 1 1 0 1 1 0 1 1 1 0]
58 21 100 0.046675814887735534 [1 1 1 1 1 1 1 1 1 1 0 1 0 1 0 1 0 0 0 0 0 0 1 0 1 1 0 1 1 0 1 1 1 0]
59 21 100 0.046675814887735534 [1 1 1 1 1 1 1 1 1 1 0 1 0 1 0 1 0 0 0 0 0 0 1 0 1 1 0 1 1 0 1 1 1 0]
60 21 100 0.046675814887735534 [1 1 1 1 1 1 1 1 1 1 0 1 0 1 0 1 0 0 0 0 0 0 1 0 1 1 0 1 1 0 1 1 1 0]
61 21 100 0.046675814887735534 [1 1 1 1 1 1 1 1 1 1 0 1 0 1 0 1 0 0 0 0 0 0 1 0 1 1 0 1 1 0 1 1 1 0]
62 21 100 0.046675814887735534 [1 1 1 1 1 1 1 1 1 1 0 1 0 1 0 1 0 0 0 0 0 0 1 0 1 1 0 1 1 0 1 1 1 0]
63 21 100 0.046675814887735534 [1 1 1 1 1 1 1 1 1 1 0 1 0 1 0 1 0 0 0 0 0 0 1 0 1 1 0 1 1 0 1 1 1 0]
64 21 100 0.046675814887735534 [1 1 1 1 1 1 1 1 1 1 0 1 0 1 0 1 0 0 0 0 0 0 1 0 1 1 0 1 1 0 1 1 1 0]
65 21 100 0.046675814887735534 [1 1 1 1 1 1 1 1 1 1 0 1 0 1 0 1 0 0 0 0 0 0 1 0 1 1 0 1 1 0 1 1 1 0]
66 21 100 0.046675814887735534 [1 1 1 1 1 1 1 1 1 1 0 1 0 1 0 1 0 0 0 0 0 0 1 0 1 1 0 1 1 0 1 1 1 0]
67 21 100 0.046675814887735534 [1 1 1 1 1 1 1 1 1 1 0 1 0 1 0 1 0 0 0 0 0 0 1 0 1 1 0 1 1 0 1 1 1 0]
68 21 100 0.046675814887735534 [1 1 1 1 1 1 1 1 1 1 0 1 0 1 0 1 0 0 0 0 0 0 1 0 1 1 0 1 1 0 1 1 1 0]
69 21 100 0.046675814887735534 [1 1 1 1 1 1 1 1 1 1 0 1 0 1 0 1 0 0 0 0 0 0 1 0 1 1 0 1 1 0 1 1 1 0]
70 21 100 0.046675814887735534 [1 1 1 1 1 1 1 1 1 1 0 1 0 1 0 1 0 0 0 0 0 0 1 0 1 1 0 1 1 0 1 1 1 0]
71 21 100 0.046675814887735534 [1 1 1 1 1 1 1 1 1 1 0 1 0 1 0 1 0 0 0 0 0 0 1 0 1 1 0 1 1 0 1 1 1 0]
72 21 100 0.046675814887735534 [1 1 1 1 1 1 1 1 1 1 0 1 0 1 0 1 0 0 0 0 0 0 1 0 1 1 0 1 1 0 1 1 1 0]
73 21 100 0.046675814887735534 [1 1 1 1 1 1 1 1 1 1 0 1 0 1 0 1 0 0 0 0 0 0 1 0 1 1 0 1 1 0 1 1 1 0]
74 21 100 0.046675814887735534 [1 1 1 1 1 1 1 1 1 1 0 1 0 1 0 1 0 0 0 0 0 0 1 0 1 1 0 1 1 0 1 1 1 0]
75 21 100 0.046675814887735534 [1 1 1 1 1 1 1 1 1 1 0 1 0 1 0 1 0 0 0 0 0 0 1 0 1 1 0 1 1 0 1 1 1 0]
76 21 100 0.046675814887735534 [1 1 1 1 1 1 1 1 1 1 0 1 0 1 0 1 0 0 0 0 0 0 1 0 1 1 0 1 1 0 1 1 1 0]
77 21 100 0.046675814887735534 [1 1 1 1 1 1 1 1 1 1 0 1 0 1 0 1 0 0 0 0 0 0 1 0 1 1 0 1 1 0 1 1 1 0]
78 21 100 0.046675814887735534 [1 1 1 1 1 1 1 1 1 1 0 1 0 1 0 1 0 0 0 0 0 0 1 0 1 1 0 1 1 0 1 1 1 0]
79 21 100 0.046675814887735534 [1 1 1 1 1 1 1 1 1 1 0 1 0 1 0 1 0 0 0 0 0 0 1 0 1 1 0 1 1 0 1 1 1 0]
80 21 100 0.046675814887735534 [1 1 1 1 1 1 1 1 1 1 0 1 0 1 0 1 0 0 0 0 0 0 1 0 1 1 0 1 1 0 1 1 1 0]
81 21 100 0.046675814887735534 [1 1 1 1 1 1 1 1 1 1 0 1 0 1 0 1 0 0 0 0 0 0 1 0 1 1 0 1 1 0 1 1 1 0]
82 21 100 0.046675814887735534 [1 1 1 1 1 1 1 1 1 1 0 1 0 1 0 1 0 0 0 0 0 0 1 0 1 1 0 1 1 0 1 1 1 0]
83 21 100 0.046675814887735534 [1 1 1 1 1 1 1 1 1 1 0 1 0 1 0 1 0 0 0 0 0 0 1 0 1 1 0 1 1 0 1 1 1 0]
84 21 100 0.046675814887735534 [1 1 1 1 1 1 1 1 1 1 0 1 0 1 0 1 0 0 0 0 0 0 1 0 1 1 0 1 1 0 1 1 1 0]
85 21 100 0.046675814887735534 [1 1 1 1 1 1 1 1 1 1 0 1 0 1 0 1 0 0 0 0 0 0 1 0 1 1 0 1 1 0 1 1 1 0]
86 21 100 0.046675814887735534 [1 1 1 1 1 1 1 1 1 1 0 1 0 1 0 1 0 0 0 0 0 0 1 0 1 1 0 1 1 0 1 1 1 0]
87 21 100 0.046675814887735534 [1 1 1 1 1 1 1 1 1 1 0 1 0 1 0 1 0 0 0 0 0 0 1 0 1 1 0 1 1 0 1 1 1 0]
88 21 100 0.046675814887735534 [1 1 1 1 1 1 1 1 1 1 0 1 0 1 0 1 0 0 0 0 0 0 1 0 1 1 0 1 1 0 1 1 1 0]
89 21 100 0.046675814887735534 [1 1 1 1 1 1 1 1 1 1 0 1 0 1 0 1 0 0 0 0 0 0 1 0 1 1 0 1 1 0 1 1 1 0]
90 21 100 0.046675814887735534 [1 1 1 1 1 1 1 1 1 1 0 1 0 1 0 1 0 0 0 0 0 0 1 0 1 1 0 1 1 0 1 1 1 0]
91 21 100 0.046675814887735534 [1 1 1 1 1 1 1 1 1 1 0 1 0 1 0 1 0 0 0 0 0 0 1 0 1 1 0 1 1 0 1 1 1 0]
92 21 100 0.046675814887735534 [1 1 1 1 1 1 1 1 1 1 0 1 0 1 0 1 0 0 0 0 0 0 1 0 1 1 0 1 1 0 1 1 1 0]
93 21 100 0.046675814887735534 [1 1 1 1 1 1 1 1 1 1 0 1 0 1 0 1 0 0 0 0 0 0 1 0 1 1 0 1 1 0 1 1 1 0]
94 21 100 0.046675814887735534 [1 1 1 1 1 1 1 1 1 1 0 1 0 1 0 1 0 0 0 0 0 0 1 0 1 1 0 1 1 0 1 1 1 0]
95 21 100 0.046675814887735534 [1 1 1 1 1 1 1 1 1 1 0 1 0 1 0 1 0 0 0 0 0 0 1 0 1 1 0 1 1 0 1 1 1 0]
96 21 100 0.046675814887735534 [1 1 1 1 1 1 1 1 1 1 0 1 0 1 0 1 0 0 0 0 0 0 1 0 1 1 0 1 1 0 1 1 1 0]
97 21 100 0.046675814887735534 [1 1 1 1 1 1 1 1 1 1 0 1 0 1 0 1 0 0 0 0 0 0 1 0 1 1 0 1 1 0 1 1 1 0]
98 21 100 0.046675814887735534 [1 1 1 1 1 1 1 1 1 1 0 1 0 1 0 1 0 0 0 0 0 0 1 0 1 1 0 1 1 0 1 1 1 0]
99 19 100 0.04513020109350374 [1 0 1 1 1 1 1 1 0 1 0 1 1 1 0 0 0 0 0 1 1 0 0 1 1 0 0 0 1 1 1 0 1 0]
100 19 100 0.04513020109350374 [1 0 1 1 1 1 1 1 0 1 0 1 1 1 0 0 0 0 0 1 1 0 0 1 1 0 0 0 1 1 1 0 1 0]
101 19 100 0.04513020109350374 [1 0 1 1 1 1 1 1 0 1 0 1 1 1 0 0 0 0 0 1 1 0 0 1 1 0 0 0 1 1 1 0 1 0]
102 19 100 0.04513020109350374 [1 0 1 1 1 1 1 1 0 1 0 1 1 1 0 0 0 0 0 1 1 0 0 1 1 0 0 0 1 1 1 0 1 0]
103 19 100 0.04513020109350374 [1 0 1 1 1 1 1 1 0 1 0 1 1 1 0 0 0 0 0 1 1 0 0 1 1 0 0 0 1 1 1 0 1 0]
104 19 100 0.04513020109350374 [1 0 1 1 1 1 1 1 0 1 0 1 1 1 0 0 0 0 0 1 1 0 0 1 1 0 0 0 1 1 1 0 1 0]
105 19 100 0.04513020109350374 [1 0 1 1 1 1 1 1 0 1 0 1 1 1 0 0 0 0 0 1 1 0 0 1 1 0 0 0 1 1 1 0 1 0]
106 19 100 0.04513020109350374 [1 0 1 1 1 1 1 1 0 1 0 1 1 1 0 0 0 0 0 1 1 0 0 1 1 0 0 0 1 1 1 0 1 0]
107 19 100 0.04513020109350374 [1 0 1 1 1 1 1 1 0 1 0 1 1 1 0 0 0 0 0 1 1 0 0 1 1 0 0 0 1 1 1 0 1 0]
108 19 100 0.04513020109350374 [1 0 1 1 1 1 1 1 0 1 0 1 1 1 0 0 0 0 0 1 1 0 0 1 1 0 0 0 1 1 1 0 1 0]
109 19 100 0.04513020109350374 [1 0 1 1 1 1 1 1 0 1 0 1 1 1 0 0 0 0 0 1 1 0 0 1 1 0 0 0 1 1 1 0 1 0]
110 19 100 0.04513020109350374 [1 0 1 1 1 1 1 1 0 1 0 1 1 1 0 0 0 0 0 1 1 0 0 1 1 0 0 0 1 1 1 0 1 0]
111 19 100 0.04513020109350374 [1 0 1 1 1 1 1 1 0 1 0 1 1 1 0 0 0 0 0 1 1 0 0 1 1 0 0 0 1 1 1 0 1 0]
112 19 100 0.04513020109350374 [1 0 1 1 1 1 1 1 0 1 0 1 1 1 0 0 0 0 0 1 1 0 0 1 1 0 0 0 1 1 1 0 1 0]
113 19 100 0.04513020109350374 [1 0 1 1 1 1 1 1 0 1 0 1 1 1 0 0 0 0 0 1 1 0 0 1 1 0 0 0 1 1 1 0 1 0]
114 19 100 0.04513020109350374 [1 0 1 1 1 1 1 1 0 1 0 1 1 1 0 0 0 0 0 1 1 0 0 1 1 0 0 0 1 1 1 0 1 0]
115 19 100 0.04513020109350374 [1 0 1 1 1 1 1 1 0 1 0 1 1 1 0 0 0 0 0 1 1 0 0 1 1 0 0 0 1 1 1 0 1 0]
116 19 100 0.04513020109350374 [1 0 1 1 1 1 1 1 0 1 0 1 1 1 0 0 0 0 0 1 1 0 0 1 1 0 0 0 1 1 1 0 1 0]
117 19 100 0.04513020109350374 [1 0 1 1 1 1 1 1 0 1 0 1 1 1 0 0 0 0 0 1 1 0 0 1 1 0 0 0 1 1 1 0 1 0]
118 19 100 0.04513020109350374 [1 0 1 1 1 1 1 1 0 1 0 1 1 1 0 0 0 0 0 1 1 0 0 1 1 0 0 0 1 1 1 0 1 0]
119 19 100 0.04513020109350374 [1 0 1 1 1 1 1 1 0 1 0 1 1 1 0 0 0 0 0 1 1 0 0 1 1 0 0 0 1 1 1 0 1 0]
120 19 100 0.04513020109350374 [1 0 1 1 1 1 1 1 0 1 0 1 1 1 0 0 0 0 0 1 1 0 0 1 1 0 0 0 1 1 1 0 1 0]
121 19 100 0.04513020109350374 [1 0 1 1 1 1 1 1 0 1 0 1 1 1 0 0 0 0 0 1 1 0 0 1 1 0 0 0 1 1 1 0 1 0]
122 19 100 0.04513020109350374 [1 0 1 1 1 1 1 1 0 1 0 1 1 1 0 0 0 0 0 1 1 0 0 1 1 0 0 0 1 1 1 0 1 0]
123 19 100 0.04513020109350374 [1 0 1 1 1 1 1 1 0 1 0 1 1 1 0 0 0 0 0 1 1 0 0 1 1 0 0 0 1 1 1 0 1 0]
124 19 100 0.04513020109350374 [1 0 1 1 1 1 1 1 0 1 0 1 1 1 0 0 0 0 0 1 1 0 0 1 1 0 0 0 1 1 1 0 1 0]
125 19 100 0.04513020109350374 [1 0 1 1 1 1 1 1 0 1 0 1 1 1 0 0 0 0 0 1 1 0 0 1 1 0 0 0 1 1 1 0 1 0]
126 19 100 0.04513020109350374 [1 0 1 1 1 1 1 1 0 1 0 1 1 1 0 0 0 0 0 1 1 0 0 1 1 0 0 0 1 1 1 0 1 0]
127 19 100 0.04513020109350374 [1 0 1 1 1 1 1 1 0 1 0 1 1 1 0 0 0 0 0 1 1 0 0 1 1 0 0 0 1 1 1 0 1 0]
128 19 100 0.04513020109350374 [1 0 1 1 1 1 1 1 0 1 0 1 1 1 0 0 0 0 0 1 1 0 0 1 1 0 0 0 1 1 1 0 1 0]
129 19 100 0.04513020109350374 [1 0 1 1 1 1 1 1 0 1 0 1 1 1 0 0 0 0 0 1 1 0 0 1 1 0 0 0 1 1 1 0 1 0]
130 19 100 0.04513020109350374 [1 0 1 1 1 1 1 1 0 1 0 1 1 1 0 0 0 0 0 1 1 0 0 1 1 0 0 0 1 1 1 0 1 0]
131 19 100 0.04513020109350374 [1 0 1 1 1 1 1 1 0 1 0 1 1 1 0 0 0 0 0 1 1 0 0 1 1 0 0 0 1 1 1 0 1 0]
132 19 100 0.04513020109350374 [1 0 1 1 1 1 1 1 0 1 0 1 1 1 0 0 0 0 0 1 1 0 0 1 1 0 0 0 1 1 1 0 1 0]
133 19 100 0.04513020109350374 [1 0 1 1 1 1 1 1 0 1 0 1 1 1 0 0 0 0 0 1 1 0 0 1 1 0 0 0 1 1 1 0 1 0]
134 19 100 0.04513020109350374 [1 0 1 1 1 1 1 1 0 1 0 1 1 1 0 0 0 0 0 1 1 0 0 1 1 0 0 0 1 1 1 0 1 0]
135 19 100 0.04513020109350374 [1 0 1 1 1 1 1 1 0 1 0 1 1 1 0 0 0 0 0 1 1 0 0 1 1 0 0 0 1 1 1 0 1 0]
136 19 100 0.04513020109350374 [1 0 1 1 1 1 1 1 0 1 0 1 1 1 0 0 0 0 0 1 1 0 0 1 1 0 0 0 1 1 1 0 1 0]
137 19 100 0.04513020109350374 [1 0 1 1 1 1 1 1 0 1 0 1 1 1 0 0 0 0 0 1 1 0 0 1 1 0 0 0 1 1 1 0 1 0]
138 19 100 0.04513020109350374 [1 0 1 1 1 1 1 1 0 1 0 1 1 1 0 0 0 0 0 1 1 0 0 1 1 0 0 0 1 1 1 0 1 0]
139 19 100 0.04513020109350374 [1 0 1 1 1 1 1 1 0 1 0 1 1 1 0 0 0 0 0 1 1 0 0 1 1 0 0 0 1 1 1 0 1 0]
140 19 100 0.04513020109350374 [1 0 1 1 1 1 1 1 0 1 0 1 1 1 0 0 0 0 0 1 1 0 0 1 1 0 0 0 1 1 1 0 1 0]
141 19 100 0.04513020109350374 [1 0 1 1 1 1 1 1 0 1 0 1 1 1 0 0 0 0 0 1 1 0 0 1 1 0 0 0 1 1 1 0 1 0]
142 19 100 0.04513020109350374 [1 0 1 1 1 1 1 1 0 1 0 1 1 1 0 0 0 0 0 1 1 0 0 1 1 0 0 0 1 1 1 0 1 0]
143 19 100 0.04513020109350374 [1 0 1 1 1 1 1 1 0 1 0 1 1 1 0 0 0 0 0 1 1 0 0 1 1 0 0 0 1 1 1 0 1 0]
144 19 100 0.04513020109350374 [1 0 1 1 1 1 1 1 0 1 0 1 1 1 0 0 0 0 0 1 1 0 0 1 1 0 0 0 1 1 1 0 1 0]
145 19 100 0.04513020109350374 [1 0 1 1 1 1 1 1 0 1 0 1 1 1 0 0 0 0 0 1 1 0 0 1 1 0 0 0 1 1 1 0 1 0]
146 19 100 0.04513020109350374 [1 0 1 1 1 1 1 1 0 1 0 1 1 1 0 0 0 0 0 1 1 0 0 1 1 0 0 0 1 1 1 0 1 0]
147 19 100 0.04513020109350374 [1 0 1 1 1 1 1 1 0 1 0 1 1 1 0 0 0 0 0 1 1 0 0 1 1 0 0 0 1 1 1 0 1 0]
148 19 100 0.04513020109350374 [1 0 1 1 1 1 1 1 0 1 0 1 1 1 0 0 0 0 0 1 1 0 0 1 1 0 0 0 1 1 1 0 1 0]
149 19 100 0.04513020109350374 [1 0 1 1 1 1 1 1 0 1 0 1 1 1 0 0 0 0 0 1 1 0 0 1 1 0 0 0 1 1 1 0 1 0]
150 19 100 0.04513020109350374 [1 0 1 1 1 1 1 1 0 1 0 1 1 1 0 0 0 0 0 1 1 0 0 1 1 0 0 0 1 1 1 0 1 0]
