0 17 100 0.054473564692367304 [1 1 1 1 1 1 1 1 0 0 0 0 0 0 0 0 0 1 0 1 1 0 1 1 1 1 1 0 1 0 0 0 0 0]
1 17 100 0.051340445083702946 [1 1 1 1 1 1 1 1 0 0 0 0 1 1 0 0 0 0 0 1 0 0 1 0 1 0 1 1 0 1 1 0 0 0]
2 17 100 0.051340445083702946 [1 1 1 1 1 1 1 1 0 0 0 0 1 1 0 0 0 0 0 1 0 0 1 0 1 0 1 1 0 1 1 0 0 0]
3 17 100 0.051340445083702946 [1 1 1 1 1 1 1 1 0 0 0 0 1 1 0 0 0 0 0 1 0 0 1 0 1 0 1 1 0 1 1 0 0 0]
4 17 100 0.051340445083702946 [1 1 1 1 1 1 1 1 0 0 0 0 1 1 0 0 0 0 0 1 0 0 1 0 1 0 1 1 0 1 1 0 0 0]
5 17 100 0.051340445083702946 [1 1 1 1 1 1 1 1 0 0 0 0 1 1 0 0 0 0 0 1 0 0 1 0 1 0 1 1 0 1 1 0 0 0]
6 17 100 0.051340445083702946 [1 1 1 1 1 1 1 1 0 0 0 0 1 1 0 0 0 0 0 1 0 0 1 0 1 0 1 1 0 1 1 0 0 0]
7 17 100 0.051340445083702946 [1 1 1 1 1 1 1 1 0 0 0 0 1 1 0 0 0 0 0 1 0 0 1 0 1 0 1 1 0 1 1 0 0 0]
8 17 100 0.051340445083702946 [1 1 1 1 1 1 1 1 0 0 0 0 1 1 0 0 0 0 0 1 0 0 1 0 1 0 1 1 0 1 1 0 0 0]
9 17 100 0.051340445083702946 [1 1 1 1 1 1 1 1 0 0 0 0 1 1 0 0 0 0 0 1 0 0 1 0 1 0 1 1 0 1 1 0 0 0]
10 17 100 0.051340445083702946 [1 1 1 1 1 1 1 1 0 0 0 0 1 1 0 0 0 0 0 1 0 0 1 0 1 0 1 1 0 1 1 0 0 0]
11 17 100 0.051340445083702946 [1 1 1 1 1 1 1 1 0 0 0 0 1 1 0 0 0 0 0 1 0 0 1 0 1 0 1 1 0 1 1 0 0 0]
12 17 100 0.051340445083702946 [1 1 1 1 1 1 1 1 0 0 0 0 1 1 0 0 0 0 0 1 0 0 1 0 1 0 1 1 0 1 1 0 0 0]
13 17 100 0.051340445083702946 [1 1 1 1 1 1 1 1 0 0 0 0 1 1 0 0 0 0 0 1 0 0 1 0 1 0 1 1 0 1 1 0 0 0]
14 17 100 0.051340445083702946 [1 1 1 1 1 1 1 1 0 0 0 0 1 1 0 0 0 0 0 1 0 0 1 0 1 0 1 1 0 1 1 0 0 0]
15 17 100 0.051340445083702946 [1 1 1 1 1 1 1 1 0 0 0 0 1 1 0 0 0 0 0 1 0 0 1 0 1 0 1 1 0 1 1 0 0 0]
16 17 100 0.051340445083702946 [1 1 1 1 1 1 1 1 0 0 0 0 1 1 0 0 0 0 0 1 0 0 1 0 1 0 1 1 0 1 1 0 0 0]
17 16 100 0.046675814887735534 [1 1 1 1 1 1 1 1 0 1 0 0 0 1 0 0 0 1 1 1 0 0 0 0 1 1 0 0 0 0 1 0 0 0]
18 16 100 0.046675814887735534 [1 1 1 1 1 1 1 1 0 1 0 0 0 1 0 0 0 1 1 1 0 0 0 0 1 1 0 0 0 0 1 0 0 0]
19 16 100 0.046675814887735534 [1 1 1 1 1 1 1 1 0 1 0 0 0 1 0 0 0 1 1 1 0 0 0 0 1 1 0 0 0 0 1 0 0 0]
20 16 100 0.046675814887735534 [1 1 1 1 1 1 1 1 0 1 0 0 0 1 0 0 0 1 1 1 0 0 0 0 1 1 0 0 0 0 1 0 0 0]
21 16 100 0.046675814887735534 [1 1 1 1 1 1 1 1 0 1 0 0 0 1 0 0 0 1 1 1 0 0 0 0 1 1 0 0 0 0 1 0 0 0]
22 16 100 0.046675814887735534 [1 1 1 1 1 1 1 1 0 1 0 0 0 1 0 0 0 1 1 1 0 0 0 0 1 1 0 0 0 0 1 0 0 0]
23 16 100 0.046675814887735534 [1 1 1 1 1 1 1 1 0 1 0 0 0 1 0 0 0 1 1 1 0 0 0 0 1 1 0 0 0 0 1 0 0 0]
24 16 100 0.046675814887735534 [1 1 1 1 1 1 1 1 0 1 0 0 0 1 0 0 0 1 1 1 0 0 0 0 1 1 0 0 0 0 1 0 0 0]
25 16 100 0.046675814887735534 [1 1 1 1 1 1 1 1 0 1 0 0 0 1 0 0 0 1 1 1 0 0 0 0 1 1 0 0 0 0 1 0 0 0]
26 16 100 0.046675814887735534 [1 1 1 1 1 1 1 1 0 1 0 0 0 1 0 0 0 1 1 1 0 0 0 0 1 1 0 0 0 0 1 0 0 0]
27 16 100 0.046675814887735534 [1 1 1 1 1 1 1 1 0 1 0 0 0 1 0 0 0 1 1 1 0 0 0 0 1 1 0 0 0 0 1 0 0 0]
28 16 100 0.046675814887735534 [1 1 1 1 1 1 1 1 0 1 0 0 0 1 0 0 0 1 1 1 0 0 0 0 1 1 0 0 0 0 1 0 0 0]
29 16 100 0.046675814887735534 [1 1 1 1 1 1 1 1 0 1 0 0 0 1 0 0 0 1 1 1 0 0 0 0 1 1 0 0 0 0 1 0 0 0]
30 16 100 0.046675814887735534 [1 1 1 1 1 1 1 1 0 1 0 0 0 1 0 0 0 1 1 1 0 0 0 0 1 1 0 0 0 0 1 0 0 0]
31 16 100 0.046675814887735534 [1 1 1 1 1 1 1 1 0 1 0 0 0 1 0 0 0 1 1 1 0 0 0 0 1 1 0 0 0 0 1 0 0 0]
32 16 100 0.046675814887735534 [1 1 1 1 1 1 1 1 0 1 0 0 0 1 0 0 0 1 1 1 0 0 0 0 1 1 0 0 0 0 1 0 0 0]
33 16 100 0.046675814887735534 [1 1 1 1 1 1 1 1 0 1 0 0 0 1 0 0 0 1 1 1 0 0 0 0 1 1 0 0 0 0 1 0 0 0]
34 16 100 0.046675814887735534 [1 1 1 1 1 1 1 1 0 1 0 0 0 1 0 0 0 1 1 1 0 0 0 0 1 1 0 0 0 0 1 0 0 0]
35 16 100 0.046675814887735534 [1 1 1 1 1 1 1 1 0 1 0 0 0 1 0 0 0 1 1 1 0 0 0 0 1 1 0 0 0 0 1 0 0 0]
36 16 100 0.046675814887735534 [1 1 1 1 1 1 1 1 0 1 0 0 0 1 0 0 0 1 1 1 0 0 0 0 1 1 0 0 0 0 1 0 0 0]
37 16 100 0.046675814887735534 [1 1 1 1 1 1 1 1 0 1 0 0 0 1 0 0 0 1 1 1 0 0 0 0 1 1 0 0 0 0 1 0 0 0]
38 16 100 0.046675814887735534 [1 1 1 1 1 1 1 1 0 1 0 0 0 1 0 0 0 1 1 1 0 0 0 0 1 1 0 0 0 0 1 0 0 0]
39 16 100 0.046675814887735534 [1 1 1 1 1 1 1 1 0 1 0 0 0 1 0 0 0 1 1 1 0 0 0 0 1 1 0 0 0 0 1 0 0 0]
40 16 100 0.046675814887735534 [1 1 1 1 1 1 1 1 0 1 0 0 0 1 0 0 0 1 1 1 0 0 0 0 1 1 0 0 0 0 1 0 0 0]
41 16 100 0.046675814887735534 [1 1 1 1 1 1 1 1 0 1 0 0 0 1 0 0 0 1 1 1 0 0 0 0 1 1 0 0 0 0 1 0 0 0]
42 16 100 0.046675814887735534 [1 1 1 1 1 1 1 1 0 1 0 0 0 1 0 0 0 1 1 1 0 0 0 0 1 1 0 0 0 0 1 0 0 0]
43 16 100 0.046675814887735534 [1 1 1 1 1 1 1 1 0 1 0 0 0 1 0 0 0 1 1 1 0 0 0 0 1 1 0 0 0 0 1 0 0 0]
44 16 100 0.046675814887735534 [1 1 1 1 1 1 1 1 0 1 0 0 0 1 0 0 0 1 1 1 0 0 0 0 1 1 0 0 0 0 1 0 0 0]
45 16 100 0.046675814887735534 [1 1 1 1 1 1 1 1 0 1 0 0 0 1 0 0 0 1 1 1 0 0 0 0 1 1 0 0 0 0 1 0 0 0]
46 16 100 0.046675814887735534 [1 1 1 1 1 1 1 1 0 1 0 0 0 1 0 0 0 1 1 1 0 0 0 0 1 1 0 0 0 0 1 0 0 0]
47 16 100 0.046675814887735534 [1 1 1 1 1 1 1 1 0 1 0 0 0 1 0 0 0 1 1 1 0 0 0 0 1 1 0 0 0 0 1 0 0 0]
48 16 100 0.046675814887735534 [1 1 1 1 1 1 1 1 0 1 0 0 0 1 0 0 0 1 1 1 0 0 0 0 1 1 0 0 0 0 1 0 0 0]
49 16 100 0.046675814887735534 [1 1 1 1 1 1 1 1 0 1 0 0 0 1 0 0 0 1 1 1 0 0 0 0 1 1 0 0 0 0 1 0 0 0]
50 16 100 0.046675814887735534 [1 1 1 1 1 1 1 1 0 1 0 0 0 1 0 0 0 1 1 1 0 0 0 0 1 1 0 0 0 0 1 0 0 0]
51 16 100 0.046675814887735534 [1 1 1 1 1 1 1 1 0 1 0 0 0 1 0 0 0 1 1 1 0 0 0 0 1 1 0 0 0 0 1 0 0 0]
52 16 100 0.046675814887735534 [1 1 1 1 1 1 1 1 0 1 0 0 0 1 0 0 0 1 1 1 0 0 0 0 1 1 0 0 0 0 1 0 0 0]
53 16 100 0.046675814887735534 [1 1 1 1 1 1 1 1 0 1 0 0 0 1 0 0 0 1 1 1 0 0 0 0 1 1 0 0 0 0 1 0 0 0]
54 16 100 0.046675814887735534 [1 1 1 1 1 1 1 1 0 1 0 0 0 1 0 0 0 1 1 1 0 0 0 0 1 1 0 0 0 0 1 0 0 0]
55 16 100 0.046675814887735534 [1 1 1 1 1 1 1 1 0 1 0 0 0 1 0 0 0 1 1 1 0 0 0 0 1 1 0 0 0 0 1 0 0 0]
56 16 100 0.046675814887735534 [1 1 1 1 1 1 1 1 0 1 0 0 0 1 0 0 0 1 1 1 0 0 0 0 1 1 0 0 0 0 1 0 0 0]
57 16 100 0.046675814887735534 [1 1 1 1 1 1 1 1 0 1 0 0 0 1 0 0 0 1 1 1 0 0 0 0 1 1 0 0 0 0 1 0 0 0]
58 16 100 0.046675814887735534 [1 1 1 1 1 1 1 1 0 1 0 0 0 1 0 0 0 1 1 1 0 0 0 0 1 1 0 0 0 0 1 0 0 0]
59 16 100 0.046675814887735534 [1 1 1 1 1 1 1 1 0 1 0 0 0 1 0 0 0 1 1 1 0 0 0 0 1 1 0 0 0 0 1 0 0 0]
60 16 100 0.046675814887735534 [1 1 1 1 1 1 1 1 0 1 0 0 0 1 0 0 0 1 1 1 0 0 0 0 1 1 0 0 0 0 1 0 0 0]
61 16 100 0.046675814887735534 [1 1 1 1 1 1 1 1 0 1 0 0 0 1 0 0 0 1 1 1 0 0 0 0 1 1 0 0 0 0 1 0 0 0]
62 16 100 0.046675814887735534 [1 1 1 1 1 1 1 1 0 1 0 0 0 1 0 0 0 1 1 1 0 0 0 0 1 1 0 0 0 0 1 0 0 0]
63 16 100 0.046675814887735534 [1 1 1 1 1 1 1 1 0 1 0 0 0 1 0 0 0 1 1 1 0 0 0 0 1 1 0 0 0 0 1 0 0 0]
64 16 100 0.046675814887735534 [1 1 1 1 1 1 1 1 0 1 0 0 0 1 0 0 0 1 1 1 0 0 0 0 1 1 0 0 0 0 1 0 0 0]
65 16 100 0.046675814887735534 [1 1 1 1 1 1 1 1 0 1 0 0 0 1 0 0 0 1 1 1 0 0 0 0 1 1 0 0 0 0 1 0 0 0]
66 16 100 0.046675814887735534 [1 1 1 1 1 1 1 1 0 1 0 0 0 1 0 0 0 1 1 1 0 0 0 0 1 1 0 0 0 0 1 0 0 0]
67 16 100 0.046675814887735534 [1 1 1 1 1 1 1 1 0 1 0 0 0 1 0 0 0 1 1 1 0 0 0 0 1 1 0 0 0 0 1 0 0 0]
68 16 100 0.046675814887735534 [1 1 1 1 1 1 1 1 0 1 0 0 0 1 0 0 0 1 1 1 0 0 0 0 1 1 0 0 0 0 1 0 0 0]
69 16 100 0.046675814887735534 [1 1 1 1 1 1 1 1 0 1 0 0 0 1 0 0 0 1 1 1 0 0 0 0 1 1 0 0 0 0 1 0 0 0]
70 16 100 0.046675814887735534 [1 1 1 1 1 1 1 1 0 1 0 0 0 1 0 0 0 1 1 1 0 0 0 0 1 1 0 0 0 0 1 0 0 0]
71 16 100 0.046675814887735534 [1 1 1 1 1 1 1 1 0 1 0 0 0 1 0 0 0 1 1 1 0 0 0 0 1 1 0 0 0 0 1 0 0 0]
72 16 100 0.046675814887735534 [1 1 1 1 1 1 1 1 0 1 0 0 0 1 0 0 0 1 1 1 0 0 0 0 1 1 0 0 0 0 1 0 0 0]
73 16 100 0.046675814887735534 [1 1 1 1 1 1 1 1 0 1 0 0 0 1 0 0 0 1 1 1 0 0 0 0 1 1 0 0 0 0 1 0 0 0]
74 16 100 0.046675814887735534 [1 1 1 1 1 1 1 1 0 1 0 0 0 1 0 0 0 1 1 1 0 0 0 0 1 1 0 0 0 0 1 0 0 0]
75 16 100 0.046675814887735534 [1 1 1 1 1 1 1 1 0 1 0 0 0 1 0 0 0 1 1 1 0 0 0 0 1 1 0 0 0 0 1 0 0 0]
76 16 100 0.046675814887735534 [1 1 1 1 1 1 1 1 0 1 0 0 0 1 0 0 0 1 1 1 0 0 0 0 1 1 0 0 0 0 1 0 0 0]
77 16 100 0.046675814887735534 [1 1 1 1 1 1 1 1 0 1 0 0 0 1 0 0 0 1 1 1 0 0 0 0 1 1 0 0 0 0 1 0 0 0]
78 16 100 0.046675814887735534 [1 1 1 1 1 1 1 1 0 1 0 0 0 1 0 0 0 1 1 1 0 0 0 0 1 1 0 0 0 0 1 0 0 0]
79 16 100 0.046675814887735534 [1 1 1 1 1 1 1 1 0 1 0 0 0 1 0 0 0 1 1 1 0 0 0 0 1 1 0 0 0 0 1 0 0 0]
80 16 100 0.046675814887735534 [1 1 1 1 1 1 1 1 0 1 0 0 0 1 0 0 0 1 1 1 0 0 0 0 1 1 0 0 0 0 1 0 0 0]
81 16 100 0.046675814887735534 [1 1 1 1 1 1 1 1 0 1 0 0 0 1 0 0 0 1 1 1 0 0 0 0 1 1 0 0 0 0 1 0 0 0]
82 16 100 0.046675814887735534 [1 1 1 1 1 1 1 1 0 1 0 0 0 1 0 0 0 1 1 1 0 0 0 0 1 1 0 0 0 0 1 0 0 0]
83 16 100 0.046675814887735534 [1 1 1 1 1 1 1 1 0 1 0 0 0 1 0 0 0 1 1 1 0 0 0 0 1 1 0 0 0 0 1 0 0 0]
84 16 100 0.046675814887735534 [1 1 1 1 1 1 1 1 0 1 0 0 0 1 0 0 0 1 1 1 0 0 0 0 1 1 0 0 0 0 1 0 0 0]
85 16 100 0.046675814887735534 [1 1 1 1 1 1 1 1 0 1 0 0 0 1 0 0 0 1 1 1 0 0 0 0 1 1 0 0 0 0 1 0 0 0]
86 16 100 0.046675814887735534 [1 1 1 1 1 1 1 1 0 1 0 0 0 1 0 0 0 1 1 1 0 0 0 0 1 1 0 0 0 0 1 0 0 0]
87 16 100 0.046675814887735534 [1 1 1 1 1 1 1 1 0 1 0 0 0 1 0 0 0 1 1 1 0 0 0 0 1 1 0 0 0 0 1 0 0 0]
88 16 100 0.046675814887735534 [1 1 1 1 1 1 1 1 0 1 0 0 0 1 0 0 0 1 1 1 0 0 0 0 1 1 0 0 0 0 1 0 0 0]
89 16 100 0.046675814887735534 [1 1 1 1 1 1 1 1 0 1 0 0 0 1 0 0 0 1 1 1 0 0 0 0 1 1 0 0 0 0 1 0 0 0]
90 16 100 0.046675814887735534 [1 1 1 1 1 1 1 1 0 1 0 0 0 1 0 0 0 1 1 1 0 0 0 0 1 1 0 0 0 0 1 0 0 0]
91 16 100 0.046675814887735534 [1 1 1 1 1 1 1 1 0 1 0 0 0 1 0 0 0 1 1 1 0 0 0 0 1 1 0 0 0 0 1 0 0 0]
92 16 100 0.046675814887735534 [1 1 1 1 1 1 1 1 0 1 0 0 0 1 0 0 0 1 1 1 0 0 0 0 1 1 0 0 0 0 1 0 0 0]
93 16 100 0.046675814887735534 [1 1 1 1 1 1 1 1 0 1 0 0 0 1 0 0 0 1 1 1 0 0 0 0 1 1 0 0 0 0 1 0 0 0]
94 16 100 0.046675814887735534 [1 1 1 1 1 1 1 1 0 1 0 0 0 1 0 0 0 1 1 1 0 0 0 0 1 1 0 0 0 0 1 0 0 0]
95 16 100 0.046675814887735534 [1 1 1 1 1 1 1 1 0 1 0 0 0 1 0 0 0 1 1 1 0 0 0 0 1 1 0 0 0 0 1 0 0 0]
96 16 100 0.046675814887735534 [1 1 1 1 1 1 1 1 0 1 0 0 0 1 0 0 0 1 1 1 0 0 0 0 1 1 0 0 0 0 1 0 0 0]
97 16 100 0.046675814887735534 [1 1 1 1 1 1 1 1 0 1 0 0 0 1 0 0 0 1 1 1 0 0 0 0 1 1 0 0 0 0 1 0 0 0]
98 16 100 0.046675814887735534 [1 1 1 1 1 1 1 1 0 1 0 0 0 1 0 0 0 1 1 1 0 0 0 0 1 1 0 0 0 0 1 0 0 0]
99 16 100 0.046675814887735534 [1 1 1 1 1 1 1 1 0 1 0 0 0 1 0 0 0 1 1 1 0 0 0 0 1 1 0 0 0 0 1 0 0 0]
100 16 100 0.046675814887735534 [1 1 1 1 1 1 1 1 0 1 0 0 0 1 0 0 0 1 1 1 0 0 0 0 1 1 0 0 0 0 1 0 0 0]
101 16 100 0.046675814887735534 [1 1 1 1 1 1 1 1 0 1 0 0 0 1 0 0 0 1 1 1 0 0 0 0 1 1 0 0 0 0 1 0 0 0]
102 16 100 0.046675814887735534 [1 1 1 1 1 1 1 1 0 1 0 0 0 1 0 0 0 1 1 1 0 0 0 0 1 1 0 0 0 0 1 0 0 0]
103 16 100 0.046675814887735534 [1 1 1 1 1 1 1 1 0 1 0 0 0 1 0 0 0 1 1 1 0 0 0 0 1 1 0 0 0 0 1 0 0 0]
104 16 100 0.046675814887735534 [1 1 1 1 1 1 1 1 0 1 0 0 0 1 0 0 0 1 1 1 0 0 0 0 1 1 0 0 0 0 1 0 0 0]
105 16 100 0.046675814887735534 [1 1 1 1 1 1 1 1 0 1 0 0 0 1 0 0 0 1 1 1 0 0 0 0 1 1 0 0 0 0 1 0 0 0]
106 16 100 0.046675814887735534 [1 1 1 1 1 1 1 1 0 1 0 0 0 1 0 0 0 1 1 1 0 0 0 0 1 1 0 0 0 0 1 0 0 0]
107 16 100 0.046675814887735534 [1 1 1 1 1 1 1 1 0 1 0 0 0 1 0 0 0 1 1 1 0 0 0 0 1 1 0 0 0 0 1 0 0 0]
108 16 100 0.046675814887735534 [1 1 1 1 1 1 1 1 0 1 0 0 0 1 0 0 0 1 1 1 0 0 0 0 1 1 0 0 0 0 1 0 0 0]
109 16 100 0.046675814887735534 [1 1 1 1 1 1 1 1 0 1 0 0 0 1 0 0 0 1 1 1 0 0 0 0 1 1 0 0 0 0 1 0 0 0]
110 16 100 0.046675814887735534 [1 1 1 1 1 1 1 1 0 1 0 0 0 1 0 0 0 1 1 1 0 0 0 0 1 1 0 0 0 0 1 0 0 0]
111 16 100 0.046675814887735534 [1 1 1 1 1 1 1 1 0 1 0 0 0 1 0 0 0 1 1 1 0 0 0 0 1 1 0 0 0 0 1 0 0 0]
112 16 100 0.046675814887735534 [1 1 1 1 1 1 1 1 0 1 0 0 0 1 0 0 0 1 1 1 0 0 0 0 1 1 0 0 0 0 1 0 0 0]
113 16 100 0.046675814887735534 [1 1 1 1 1 1 1 1 0 1 0 0 0 1 0 0 0 1 1 1 0 0 0 0 1 1 0 0 0 0 1 0 0 0]
114 16 100 0.046675814887735534 [1 1 1 1 1 1 1 1 0 1 0 0 0 1 0 0 0 1 1 1 0 0 0 0 1 1 0 0 0 0 1 0 0 0]
115 16 100 0.046675814887735534 [1 1 1 1 1 1 1 1 0 1 0 0 0 1 0 0 0 1 1 1 0 0 0 0 1 1 0 0 0 0 1 0 0 0]
116 16 100 0.046675814887735534 [1 1 1 1 1 1 1 1 0 1 0 0 0 1 0 0 0 1 1 1 0 0 0 0 1 1 0 0 0 0 1 0 0 0]
117 16 100 0.046675814887735534 [1 1 1 1 1 1 1 1 0 1 0 0 0 1 0 0 0 1 1 1 0 0 0 0 1 1 0 0 0 0 1 0 0 0]
118 16 100 0.046675814887735534 [1 1 1 1 1 1 1 1 0 1 0 0 0 1 0 0 0 1 1 1 0 0 0 0 1 1 0 0 0 0 1 0 0 0]
119 16 100 0.046675814887735534 [1 1 1 1 1 1 1 1 0 1 0 0 0 1 0 0 0 1 1 1 0 0 0 0 1 1 0 0 0 0 1 0 0 0]
120 16 100 0.046675814887735534 [1 1 1 1 1 1 1 1 0 1 0 0 0 1 0 0 0 1 1 1 0 0 0 0 1 1 0 0 0 0 1 0 0 0]
121 16 100 0.046675814887735534 [1 1 1 1 1 1 1 1 0 1 0 0 0 1 0 0 0 1 1 1 0 0 0 0 1 1 0 0 0 0 1 0 0 0]
122 16 100 0.046675814887735534 [1 1 1 1 1 1 1 1 0 1 0 0 0 1 0 0 0 1 1 1 0 0 0 0 1 1 0 0 0 0 1 0 0 0]
123 16 100 0.046675814887735534 [1 1 1 1 1 1 1 1 0 1 0 0 0 1 0 0 0 1 1 1 0 0 0 0 1 1 0 0 0 0 1 0 0 0]
124 16 100 0.046675814887735534 [1 1 1 1 1 1 1 1 0 1 0 0 0 1 0 0 0 1 1 1 0 0 0 0 1 1 0 0 0 0 1 0 0 0]
125 16 100 0.046675814887735534 [1 1 1 1 1 1 1 1 0 1 0 0 0 1 0 0 0 1 1 1 0 0 0 0 1 1 0 0 0 0 1 0 0 0]
126 16 100 0.046675814887735534 [1 1 1 1 1 1 1 1 0 1 0 0 0 1 0 0 0 1 1 1 0 0 0 0 1 1 0 0 0 0 1 0 0 0]
127 16 100 0.046675814887735534 [1 1 1 1 1 1 1 1 0 1 0 0 0 1 0 0 0 1 1 1 0 0 0 0 1 1 0 0 0 0 1 0 0 0]
128 16 100 0.046675814887735534 [1 1 1 1 1 1 1 1 0 1 0 0 0 1 0 0 0 1 1 1 0 0 0 0 1 1 0 0 0 0 1 0 0 0]
129 16 100 0.046675814887735534 [1 1 1 1 1 1 1 1 0 1 0 0 0 1 0 0 0 1 1 1 0 0 0 0 1 1 0 0 0 0 1 0 0 0]
130 16 100 0.046675814887735534 [1 1 1 1 1 1 1 1 0 1 0 0 0 1 0 0 0 1 1 1 0 0 0 0 1 1 0 0 0 0 1 0 0 0]
131 16 100 0.046675814887735534 [1 1 1 1 1 1 1 1 0 1 0 0 0 1 0 0 0 1 1 1 0 0 0 0 1 1 0 0 0 0 1 0 0 0]
132 16 100 0.046675814887735534 [1 1 1 1 1 1 1 1 0 1 0 0 0 1 0 0 0 1 1 1 0 0 0 0 1 1 0 0 0 0 1 0 0 0]
133 16 100 0.046675814887735534 [1 1 1 1 1 1 1 1 0 1 0 0 0 1 0 0 0 1 1 1 0 0 0 0 1 1 0 0 0 0 1 0 0 0]
134 16 100 0.046675814887735534 [1 1 1 1 1 1 1 1 0 1 0 0 0 1 0 0 0 1 1 1 0 0 0 0 1 1 0 0 0 0 1 0 0 0]
135 16 100 0.046675814887735534 [1 1 1 1 1 1 1 1 0 1 0 0 0 1 0 0 0 1 1 1 0 0 0 0 1 1 0 0 0 0 1 0 0 0]
136 16 100 0.046675814887735534 [1 1 1 1 1 1 1 1 0 1 0 0 0 1 0 0 0 1 1 1 0 0 0 0 1 1 0 0 0 0 1 0 0 0]
137 16 100 0.046675814887735534 [1 1 1 1 1 1 1 1 0 1 0 0 0 1 0 0 0 1 1 1 0 0 0 0 1 1 0 0 0 0 1 0 0 0]
138 16 100 0.046675814887735534 [1 1 1 1 1 1 1 1 0 1 0 0 0 1 0 0 0 1 1 1 0 0 0 0 1 1 0 0 0 0 1 0 0 0]
139 16 100 0.046675814887735534 [1 1 1 1 1 1 1 1 0 1 0 0 0 1 0 0 0 1 1 1 0 0 0 0 1 1 0 0 0 0 1 0 0 0]
140 16 100 0.046675814887735534 [1 1 1 1 1 1 1 1 0 1 0 0 0 1 0 0 0 1 1 1 0 0 0 0 1 1 0 0 0 0 1 0 0 0]
141 16 100 0.046675814887735534 [1 1 1 1 1 1 1 1 0 1 0 0 0 1 0 0 0 1 1 1 0 0 0 0 1 1 0 0 0 0 1 0 0 0]
142 16 100 0.046675814887735534 [1 1 1 1 1 1 1 1 0 1 0 0 0 1 0 0 0 1 1 1 0 0 0 0 1 1 0 0 0 0 1 0 0 0]
143 16 100 0.046675814887735534 [1 1 1 1 1 1 1 1 0 1 0 0 0 1 0 0 0 1 1 1 0 0 0 0 1 1 0 0 0 0 1 0 0 0]
144 16 100 0.046675814887735534 [1 1 1 1 1 1 1 1 0 1 0 0 0 1 0 0 0 1 1 1 0 0 0 0 1 1 0 0 0 0 1 0 0 0]
145 16 100 0.046675814887735534 [1 1 1 1 1 1 1 1 0 1 0 0 0 1 0 0 0 1 1 1 0 0 0 0 1 1 0 0 0 0 1 0 0 0]
146 16 100 0.046675814887735534 [1 1 1 1 1 1 1 1 0 1 0 0 0 1 0 0 0 1 1 1 0 0 0 0 1 1 0 0 0 0 1 0 0 0]
147 16 100 0.046675814887735534 [1 1 1 1 1 1 1 1 0 1 0 0 0 1 0 0 0 1 1 1 0 0 0 0 1 1 0 0 0 0 1 0 0 0]
148 16 100 0.046675814887735534 [1 1 1 1 1 1 1 1 0 1 0 0 0 1 0 0 0 1 1 1 0 0 0 0 1 1 0 0 0 0 1 0 0 0]
149 16 100 0.046675814887735534 [1 1 1 1 1 1 1 1 0 1 0 0 0 1 0 0 0 1 1 1 0 0 0 0 1 1 0 0 0 0 1 0 0 0]
150 16 100 0.046675814887735534 [1 1 1 1 1 1 1 1 0 1 0 0 0 1 0 0 0 1 1 1 0 0 0 0 1 1 0 0 0 0 1 0 0 0]
