0 20 100 0.054920520327811806 [1 0 1 1 1 1 1 1 0 1 0 0 0 1 1 1 1 1 0 1 1 0 0 1 1 0 0 1 0 0 1 0 1 0]
1 20 100 0.054920520327811806 [1 0 1 1 1 1 1 1 0 1 0 0 0 1 1 1 1 1 0 1 1 0 0 1 1 0 0 1 0 0 1 0 1 0]
2 20 100 0.054920520327811806 [1 0 1 1 1 1 1 1 0 1 0 0 0 1 1 1 1 1 0 1 1 0 0 1 1 0 0 1 0 0 1 0 1 0]
3 20 100 0.054920520327811806 [1 0 1 1 1 1 1 1 0 1 0 0 0 1 1 1 1 1 0 1 1 0 0 1 1 0 0 1 0 0 1 0 1 0]
4 20 100 0.054920520327811806 [1 0 1 1 1 1 1 1 0 1 0 0 0 1 1 1 1 1 0 1 1 0 0 1 1 0 0 1 0 0 1 0 1 0]
5 20 100 0.054920520327811806 [1 0 1 1 1 1 1 1 0 1 0 0 0 1 1 1 1 1 0 1 1 0 0 1 1 0 0 1 0 0 1 0 1 0]
6 20 100 0.054920520327811806 [1 0 1 1 1 1 1 1 0 1 0 0 0 1 1 1 1 1 0 1 1 0 0 1 1 0 0 1 0 0 1 0 1 0]
7 20 100 0.054920520327811806 [1 0 1 1 1 1 1 1 0 1 0 0 0 1 1 1 1 1 0 1 1 0 0 1 1 0 0 1 0 0 1 0 1 0]
8 18 100 0.054473564692367304 [1 1 1 1 1 1 1 0 0 0 0 1 1 1 0 0 1 0 0 0 1 1 0 0 1 0 1 1 0 1 0 0 0 1]
9 18 100 0.054473564692367304 [1 1 1 1 1 1 1 0 0 0 0 1 1 1 0 0 1 0 0 0 1 1 0 0 1 0 1 1 0 1 0 0 0 1]
10 18 100 0.054473564692367304 [1 1 1 1 1 1 1 0 0 0 0 1 1 1 0 0 1 0 0 0 1 1 0 0 1 0 1 1 0 1 0 0 0 1]
11 18 100 0.054473564692367304 [1 1 1 1 1 1 1 0 0 0 0 1 1 1 0 0 1 0 0 0 1 1 0 0 1 0 1 1 0 1 0 0 0 1]
12 20 100 0.05290465424911128 [1 1 1 1 1 1 1 1 0 1 0 1 0 0 1 0 1 0 1 1 0 1 1 0 0 1 0 1 0 0 0 1 0 1]
13 20 100 0.05290465424911128 [1 1 1 1 1 1 1 1 0 1 0 1 0 0 1 0 1 0 1 1 0 1 1 0 0 1 0 1 0 0 0 1 0 1]
14 20 100 0.05290465424911128 [1 1 1 1 1 1 1 1 0 1 0 1 0 0 1 0 1 0 1 1 0 1 1 0 0 1 0 1 0 0 0 1 0 1]
15 20 100 0.05290465424911128 [1 1 1 1 1 1 1 1 0 1 0 1 0 0 1 0 1 0 1 1 0 1 1 0 0 1 0 1 0 0 0 1 0 1]
16 17 100 0.051340445083702946 [1 1 1 1 1 1 1 1 0 1 0 0 0 1 0 0 0 1 0 0 0 0 0 0 1 0 0 0 1 1 1 0 1 1]
17 17 100 0.051340445083702946 [1 1 1 1 1 1 1 1 0 1 0 0 0 1 0 0 0 1 0 0 0 0 0 0 1 0 0 0 1 1 1 0 1 1]
18 17 100 0.051340445083702946 [1 1 1 1 1 1 1 1 0 1 0 0 0 1 0 0 0 1 0 0 0 0 0 0 1 0 0 0 1 1 1 0 1 1]
19 22 100 0.050261856754040934 [1 1 1 1 1 1 1 1 1 0 0 1 0 1 0 1 1 1 0 1 1 0 1 0 1 0 0 1 1 0 1 0 1 0]
20 22 100 0.050261856754040934 [1 1 1 1 1 1 1 1 1 0 0 1 0 1 0 1 1 1 0 1 1 0 1 0 1 0 0 1 1 0 1 0 1 0]
21 22 100 0.050261856754040934 [1 1 1 1 1 1 1 1 1 0 0 1 0 1 0 1 1 1 0 1 1 0 1 0 1 0 0 1 1 0 1 0 1 0]
22 22 100 0.048226046314000404 [1 1 1 1 1 1 1 1 0 0 0 1 0 1 1 0 1 0 0 0 0 0 1 1 1 1 1 0 1 1 1 0 1 1]
23 22 100 0.048226046314000404 [1 1 1 1 1 1 1 1 0 0 0 1 0 1 1 0 1 0 0 0 0 0 1 1 1 1 1 0 1 1 1 0 1 1]
24 22 100 0.048226046314000404 [1 1 1 1 1 1 1 1 0 0 0 1 0 1 1 0 1 0 0 0 0 0 1 1 1 1 1 0 1 1 1 0 1 1]
25 22 100 0.048226046314000404 [1 1 1 1 1 1 1 1 0 0 0 1 0 1 1 0 1 0 0 0 0 0 1 1 1 1 1 0 1 1 1 0 1 1]
26 22 100 0.048226046314000404 [1 1 1 1 1 1 1 1 0 0 0 1 0 1 1 0 1 0 0 0 0 0 1 1 1 1 1 0 1 1 1 0 1 1]
27 22 100 0.048226046314000404 [1 1 1 1 1 1 1 1 0 0 0 1 0 1 1 0 1 0 0 0 0 0 1 1 1 1 1 0 1 1 1 0 1 1]
28 22 100 0.048226046314000404 [1 1 1 1 1 1 1 1 0 0 0 1 0 1 1 0 1 0 0 0 0 0 1 1 1 1 1 0 1 1 1 0 1 1]
29 22 100 0.048226046314000404 [1 1 1 1 1 1 1 1 0 0 0 1 0 1 1 0 1 0 0 0 0 0 1 1 1 1 1 0 1 1 1 0 1 1]
30 22 100 0.048226046314000404 [1 1 1 1 1 1 1 1 0 0 0 1 0 1 1 0 1 0 0 0 0 0 1 1 1 1 1 0 1 1 1 0 1 1]
31 22 100 0.048226046314000404 [1 1 1 1 1 1 1 1 0 0 0 1 0 1 1 0 1 0 0 0 0 0 1 1 1 1 1 0 1 1 1 0 1 1]
32 22 100 0.048226046314000404 [1 1 1 1 1 1 1 1 0 0 0 1 0 1 1 0 1 0 0 0 0 0 1 1 1 1 1 0 1 1 1 0 1 1]
33 22 100 0.048226046314000404 [1 1 1 1 1 1 1 1 0 0 0 1 0 1 1 0 1 0 0 0 0 0 1 1 1 1 1 0 1 1 1 0 1 1]
34 22 100 0.048226046314000404 [1 1 1 1 1 1 1 1 0 0 0 1 0 1 1 0 1 0 0 0 0 0 1 1 1 1 1 0 1 1 1 0 1 1]
35 22 100 0.048226046314000404 [1 1 1 1 1 1 1 1 0 0 0 1 0 1 1 0 1 0 0 0 0 0 1 1 1 1 1 0 1 1 1 0 1 1]
36 22 100 0.048226046314000404 [1 1 1 1 1 1 1 1 0 0 0 1 0 1 1 0 1 0 0 0 0 0 1 1 1 1 1 0 1 1 1 0 1 1]
37 22 100 0.048226046314000404 [1 1 1 1 1 1 1 1 0 0 0 1 0 1 1 0 1 0 0 0 0 0 1 1 1 1 1 0 1 1 1 0 1 1]
38 22 100 0.048226046314000404 [1 1 1 1 1 1 1 1 0 0 0 1 0 1 1 0 1 0 0 0 0 0 1 1 1 1 1 0 1 1 1 0 1 1]
39 22 100 0.048226046314000404 [1 1 1 1 1 1 1 1 0 0 0 1 0 1 1 0 1 0 0 0 0 0 1 1 1 1 1 0 1 1 1 0 1 1]
40 22 100 0.048226046314000404 [1 1 1 1 1 1 1 1 0 0 0 1 0 1 1 0 1 0 0 0 0 0 1 1 1 1 1 0 1 1 1 0 1 1]
41 22 100 0.048226046314000404 [1 1 1 1 1 1 1 1 0 0 0 1 0 1 1 0 1 0 0 0 0 0 1 1 1 1 1 0 1 1 1 0 1 1]
42 22 100 0.048226046314000404 [1 1 1 1 1 1 1 1 0 0 0 1 0 1 1 0 1 0 0 0 0 0 1 1 1 1 1 0 1 1 1 0 1 1]
43 22 100 0.048226046314000404 [1 1 1 1 1 1 1 1 0 0 0 1 0 1 1 0 1 0 0 0 0 0 1 1 1 1 1 0 1 1 1 0 1 1]
44 22 100 0.048226046314000404 [1 1 1 1 1 1 1 1 0 0 0 1 0 1 1 0 1 0 0 0 0 0 1 1 1 1 1 0 1 1 1 0 1 1]
45 22 100 0.048226046314000404 [1 1 1 1 1 1 1 1 0 0 0 1 0 1 1 0 1 0 0 0 0 0 1 1 1 1 1 0 1 1 1 0 1 1]
46 22 100 0.048226046314000404 [1 1 1 1 1 1 1 1 0 0 0 1 0 1 1 0 1 0 0 0 0 0 1 1 1 1 1 0 1 1 1 0 1 1]
47 22 100 0.048226046314000404 [1 1 1 1 1 1 1 1 0 0 0 1 0 1 1 0 1 0 0 0 0 0 1 1 1 1 1 0 1 1 1 0 1 1]
48 22 100 0.048226046314000404 [1 1 1 1 1 1 1 1 0 0 0 1 0 1 1 0 1 0 0 0 0 0 1 1 1 1 1 0 1 1 1 0 1 1]
49 22 100 0.048226046314000404 [1 1 1 1 1 1 1 1 0 0 0 1 0 1 1 0 1 0 0 0 0 0 1 1 1 1 1 0 1 1 1 0 1 1]
50 22 100 0.048226046314000404 [1 1 1 1 1 1 1 1 0 0 0 1 0 1 1 0 1 0 0 0 0 0 1 1 1 1 1 0 1 1 1 0 1 1]
51 22 100 0.048226046314000404 [1 1 1 1 1 1 1 1 0 0 0 1 0 1 1 0 1 0 0 0 0 0 1 1 1 1 1 0 1 1 1 0 1 1]
52 22 100 0.048226046314000404 [1 1 1 1 1 1 1 1 0 0 0 1 0 1 1 0 1 0 0 0 0 0 1 1 1 1 1 0 1 1 1 0 1 1]
53 22 100 0.048226046314000404 [1 1 1 1 1 1 1 1 0 0 0 1 0 1 1 0 1 0 0 0 0 0 1 1 1 1 1 0 1 1 1 0 1 1]
54 22 100 0.048226046314000404 [1 1 1 1 1 1 1 1 0 0 0 1 0 1 1 0 1 0 0 0 0 0 1 1 1 1 1 0 1 1 1 0 1 1]
55 22 100 0.048226046314000404 [1 1 1 1 1 1 1 1 0 0 0 1 0 1 1 0 1 0 0 0 0 0 1 1 1 1 1 0 1 1 1 0 1 1]
56 22 100 0.048226046314000404 [1 1 1 1 1 1 1 1 0 0 0 1 0 1 1 0 1 0 0 0 0 0 1 1 1 1 1 0 1 1 1 0 1 1]
57 22 100 0.048226046314000404 [1 1 1 1 1 1 1 1 0 0 0 1 0 1 1 0 1 0 0 0 0 0 1 1 1 1 1 0 1 1 1 0 1 1]
58 22 100 0.048226046314000404 [1 1 1 1 1 1 1 1 0 0 0 1 0 1 1 0 1 0 0 0 0 0 1 1 1 1 1 0 1 1 1 0 1 1]
59 22 100 0.048226046314000404 [1 1 1 1 1 1 1 1 0 0 0 1 0 1 1 0 1 0 0 0 0 0 1 1 1 1 1 0 1 1 1 0 1 1]
60 22 100 0.048226046314000404 [1 1 1 1 1 1 1 1 0 0 0 1 0 1 1 0 1 0 0 0 0 0 1 1 1 1 1 0 1 1 1 0 1 1]
61 22 100 0.048226046314000404 [1 1 1 1 1 1 1 1 0 0 0 1 0 1 1 0 1 0 0 0 0 0 1 1 1 1 1 0 1 1 1 0 1 1]
62 22 100 0.048226046314000404 [1 1 1 1 1 1 1 1 0 0 0 1 0 1 1 0 1 0 0 0 0 0 1 1 1 1 1 0 1 1 1 0 1 1]
63 22 100 0.048226046314000404 [1 1 1 1 1 1 1 1 0 0 0 1 0 1 1 0 1 0 0 0 0 0 1 1 1 1 1 0 1 1 1 0 1 1]
64 22 100 0.048226046314000404 [1 1 1 1 1 1 1 1 0 0 0 1 0 1 1 0 1 0 0 0 0 0 1 1 1 1 1 0 1 1 1 0 1 1]
65 22 100 0.048226046314000404 [1 1 1 1 1 1 1 1 0 0 0 1 0 1 1 0 1 0 0 0 0 0 1 1 1 1 1 0 1 1 1 0 1 1]
66 22 100 0.048226046314000404 [1 1 1 1 1 1 1 1 0 0 0 1 0 1 1 0 1 0 0 0 0 0 1 1 1 1 1 0 1 1 1 0 1 1]
67 22 100 0.048226046314000404 [1 1 1 1 1 1 1 1 0 0 0 1 0 1 1 0 1 0 0 0 0 0 1 1 1 1 1 0 1 1 1 0 1 1]
68 22 100 0.048226046314000404 [1 1 1 1 1 1 1 1 0 0 0 1 0 1 1 0 1 0 0 0 0 0 1 1 1 1 1 0 1 1 1 0 1 1]
69 22 100 0.048226046314000404 [1 1 1 1 1 1 1 1 0 0 0 1 0 1 1 0 1 0 0 0 0 0 1 1 1 1 1 0 1 1 1 0 1 1]
70 22 100 0.048226046314000404 [1 1 1 1 1 1 1 1 0 0 0 1 0 1 1 0 1 0 0 0 0 0 1 1 1 1 1 0 1 1 1 0 1 1]
71 22 100 0.048226046314000404 [1 1 1 1 1 1 1 1 0 0 0 1 0 1 1 0 1 0 0 0 0 0 1 1 1 1 1 0 1 1 1 0 1 1]
72 22 100 0.048226046314000404 [1 1 1 1 1 1 1 1 0 0 0 1 0 1 1 0 1 0 0 0 0 0 1 1 1 1 1 0 1 1 1 0 1 1]
73 22 100 0.048226046314000404 [1 1 1 1 1 1 1 1 0 0 0 1 0 1 1 0 1 0 0 0 0 0 1 1 1 1 1 0 1 1 1 0 1 1]
74 22 100 0.048226046314000404 [1 1 1 1 1 1 1 1 0 0 0 1 0 1 1 0 1 0 0 0 0 0 1 1 1 1 1 0 1 1 1 0 1 1]
75 22 100 0.048226046314000404 [1 1 1 1 1 1 1 1 0 0 0 1 0 1 1 0 1 0 0 0 0 0 1 1 1 1 1 0 1 1 1 0 1 1]
76 22 100 0.048226046314000404 [1 1 1 1 1 1 1 1 0 0 0 1 0 1 1 0 1 0 0 0 0 0 1 1 1 1 1 0 1 1 1 0 1 1]
77 22 100 0.048226046314000404 [1 1 1 1 1 1 1 1 0 0 0 1 0 1 1 0 1 0 0 0 0 0 1 1 1 1 1 0 1 1 1 0 1 1]
78 22 100 0.048226046314000404 [1 1 1 1 1 1 1 1 0 0 0 1 0 1 1 0 1 0 0 0 0 0 1 1 1 1 1 0 1 1 1 0 1 1]
79 22 100 0.048226046314000404 [1 1 1 1 1 1 1 1 0 0 0 1 0 1 1 0 1 0 0 0 0 0 1 1 1 1 1 0 1 1 1 0 1 1]
80 22 100 0.048226046314000404 [1 1 1 1 1 1 1 1 0 0 0 1 0 1 1 0 1 0 0 0 0 0 1 1 1 1 1 0 1 1 1 0 1 1]
81 22 100 0.048226046314000404 [1 1 1 1 1 1 1 1 0 0 0 1 0 1 1 0 1 0 0 0 0 0 1 1 1 1 1 0 1 1 1 0 1 1]
82 22 100 0.048226046314000404 [1 1 1 1 1 1 1 1 0 0 0 1 0 1 1 0 1 0 0 0 0 0 1 1 1 1 1 0 1 1 1 0 1 1]
83 22 100 0.048226046314000404 [1 1 1 1 1 1 1 1 0 0 0 1 0 1 1 0 1 0 0 0 0 0 1 1 1 1 1 0 1 1 1 0 1 1]
84 22 100 0.048226046314000404 [1 1 1 1 1 1 1 1 0 0 0 1 0 1 1 0 1 0 0 0 0 0 1 1 1 1 1 0 1 1 1 0 1 1]
85 22 100 0.048226046314000404 [1 1 1 1 1 1 1 1 0 0 0 1 0 1 1 0 1 0 0 0 0 0 1 1 1 1 1 0 1 1 1 0 1 1]
86 22 100 0.048226046314000404 [1 1 1 1 1 1 1 1 0 0 0 1 0 1 1 0 1 0 0 0 0 0 1 1 1 1 1 0 1 1 1 0 1 1]
87 22 100 0.048226046314000404 [1 1 1 1 1 1 1 1 0 0 0 1 0 1 1 0 1 0 0 0 0 0 1 1 1 1 1 0 1 1 1 0 1 1]
88 22 100 0.048226046314000404 [1 1 1 1 1 1 1 1 0 0 0 1 0 1 1 0 1 0 0 0 0 0 1 1 1 1 1 0 1 1 1 0 1 1]
89 22 100 0.048226046314000404 [1 1 1 1 1 1 1 1 0 0 0 1 0 1 1 0 1 0 0 0 0 0 1 1 1 1 1 0 1 1 1 0 1 1]
90 22 100 0.048226046314000404 [1 1 1 1 1 1 1 1 0 0 0 1 0 1 1 0 1 0 0 0 0 0 1 1 1 1 1 0 1 1 1 0 1 1]
91 22 100 0.048226046314000404 [1 1 1 1 1 1 1 1 0 0 0 1 0 1 1 0 1 0 0 0 0 0 1 1 1 1 1 0 1 1 1 0 1 1]
92 22 100 0.048226046314000404 [1 1 1 1 1 1 1 1 0 0 0 1 0 1 1 0 1 0 0 0 0 0 1 1 1 1 1 0 1 1 1 0 1 1]
93 22 100 0.048226046314000404 [1 1 1 1 1 1 1 1 0 0 0 1 0 1 1 0 1 0 0 0 0 0 1 1 1 1 1 0 1 1 1 0 1 1]
94 22 100 0.048226046314000404 [1 1 1 1 1 1 1 1 0 0 0 1 0 1 1 0 1 0 0 0 0 0 1 1 1 1 1 0 1 1 1 0 1 1]
95 22 100 0.048226046314000404 [1 1 1 1 1 1 1 1 0 0 0 1 0 1 1 0 1 0 0 0 0 0 1 1 1 1 1 0 1 1 1 0 1 1]
96 22 100 0.048226046314000404 [1 1 1 1 1 1 1 1 0 0 0 1 0 1 1 0 1 0 0 0 0 0 1 1 1 1 1 0 1 1 1 0 1 1]
97 22 100 0.048226046314000404 [1 1 1 1 1 1 1 1 0 0 0 1 0 1 1 0 1 0 0 0 0 0 1 1 1 1 1 0 1 1 1 0 1 1]
98 22 100 0.048226046314000404 [1 1 1 1 1 1 1 1 0 0 0 1 0 1 1 0 1 0 0 0 0 0 1 1 1 1 1 0 1 1 1 0 1 1]
99 22 100 0.048226046314000404 [1 1 1 1 1 1 1 1 0 0 0 1 0 1 1 0 1 0 0 0 0 0 1 1 1 1 1 0 1 1 1 0 1 1]
100 22 100 0.048226046314000404 [1 1 1 1 1 1 1 1 0 0 0 1 0 1 1 0 1 0 0 0 0 0 1 1 1 1 1 0 1 1 1 0 1 1]
101 22 100 0.048226046314000404 [1 1 1 1 1 1 1 1 0 0 0 1 0 1 1 0 1 0 0 0 0 0 1 1 1 1 1 0 1 1 1 0 1 1]
102 22 100 0.048226046314000404 [1 1 1 1 1 1 1 1 0 0 0 1 0 1 1 0 1 0 0 0 0 0 1 1 1 1 1 0 1 1 1 0 1 1]
103 22 100 0.048226046314000404 [1 1 1 1 1 1 1 1 0 0 0 1 0 1 1 0 1 0 0 0 0 0 1 1 1 1 1 0 1 1 1 0 1 1]
104 22 100 0.048226046314000404 [1 1 1 1 1 1 1 1 0 0 0 1 0 1 1 0 1 0 0 0 0 0 1 1 1 1 1 0 1 1 1 0 1 1]
105 22 100 0.048226046314000404 [1 1 1 1 1 1 1 1 0 0 0 1 0 1 1 0 1 0 0 0 0 0 1 1 1 1 1 0 1 1 1 0 1 1]
106 22 100 0.048226046314000404 [1 1 1 1 1 1 1 1 0 0 0 1 0 1 1 0 1 0 0 0 0 0 1 1 1 1 1 0 1 1 1 0 1 1]
107 22 100 0.048226046314000404 [1 1 1 1 1 1 1 1 0 0 0 1 0 1 1 0 1 0 0 0 0 0 1 1 1 1 1 0 1 1 1 0 1 1]
108 22 100 0.048226046314000404 [1 1 1 1 1 1 1 1 0 0 0 1 0 1 1 0 1 0 0 0 0 0 1 1 1 1 1 0 1 1 1 0 1 1]
109 22 100 0.048226046314000404 [1 1 1 1 1 1 1 1 0 0 0 1 0 1 1 0 1 0 0 0 0 0 1 1 1 1 1 0 1 1 1 0 1 1]
110 22 100 0.048226046314000404 [1 1 1 1 1 1 1 1 0 0 0 1 0 1 1 0 1 0 0 0 0 0 1 1 1 1 1 0 1 1 1 0 1 1]
111 22 100 0.048226046314000404 [1 1 1 1 1 1 1 1 0 0 0 1 0 1 1 0 1 0 0 0 0 0 1 1 1 1 1 0 1 1 1 0 1 1]
112 22 100 0.048226046314000404 [1 1 1 1 1 1 1 1 0 0 0 1 0 1 1 0 1 0 0 0 0 0 1 1 1 1 1 0 1 1 1 0 1 1]
113 22 100 0.048226046314000404 [1 1 1 1 1 1 1 1 0 0 0 1 0 1 1 0 1 0 0 0 0 0 1 1 1 1 1 0 1 1 1 0 1 1]
114 22 100 0.048226046314000404 [1 1 1 1 1 1 1 1 0 0 0 1 0 1 1 0 1 0 0 0 0 0 1 1 1 1 1 0 1 1 1 0 1 1]
115 22 100 0.048226046314000404 [1 1 1 1 1 1 1 1 0 0 0 1 0 1 1 0 1 0 0 0 0 0 1 1 1 1 1 0 1 1 1 0 1 1]
116 22 100 0.048226046314000404 [1 1 1 1 1 1 1 1 0 0 0 1 0 1 1 0 1 0 0 0 0 0 1 1 1 1 1 0 1 1 1 0 1 1]
117 22 100 0.048226046314000404 [1 1 1 1 1 1 1 1 0 0 0 1 0 1 1 0 1 0 0 0 0 0 1 1 1 1 1 0 1 1 1 0 1 1]
118 22 100 0.048226046314000404 [1 1 1 1 1 1 1 1 0 0 0 1 0 1 1 0 1 0 0 0 0 0 1 1 1 1 1 0 1 1 1 0 1 1]
119 22 100 0.048226046314000404 [1 1 1 1 1 1 1 1 0 0 0 1 0 1 1 0 1 0 0 0 0 0 1 1 1 1 1 0 1 1 1 0 1 1]
120 22 100 0.048226046314000404 [1 1 1 1 1 1 1 1 0 0 0 1 0 1 1 0 1 0 0 0 0 0 1 1 1 1 1 0 1 1 1 0 1 1]
121 22 100 0.048226046314000404 [1 1 1 1 1 1 1 1 0 0 0 1 0 1 1 0 1 0 0 0 0 0 1 1 1 1 1 0 1 1 1 0 1 1]
122 22 100 0.048226046314000404 [1 1 1 1 1 1 1 1 0 0 0 1 0 1 1 0 1 0 0 0 0 0 1 1 1 1 1 0 1 1 1 0 1 1]
123 22 100 0.048226046314000404 [1 1 1 1 1 1 1 1 0 0 0 1 0 1 1 0 1 0 0 0 0 0 1 1 1 1 1 0 1 1 1 0 1 1]
124 22 100 0.048226046314000404 [1 1 1 1 1 1 1 1 0 0 0 1 0 1 1 0 1 0 0 0 0 0 1 1 1 1 1 0 1 1 1 0 1 1]
125 22 100 0.048226046314000404 [1 1 1 1 1 1 1 1 0 0 0 1 0 1 1 0 1 0 0 0 0 0 1 1 1 1 1 0 1 1 1 0 1 1]
126 22 100 0.048226046314000404 [1 1 1 1 1 1 1 1 0 0 0 1 0 1 1 0 1 0 0 0 0 0 1 1 1 1 1 0 1 1 1 0 1 1]
127 22 100 0.048226046314000404 [1 1 1 1 1 1 1 1 0 0 0 1 0 1 1 0 1 0 0 0 0 0 1 1 1 1 1 0 1 1 1 0 1 1]
128 22 100 0.048226046314000404 [1 1 1 1 1 1 1 1 0 0 0 1 0 1 1 0 1 0 0 0 0 0 1 1 1 1 1 0 1 1 1 0 1 1]
129 22 100 0.048226046314000404 [1 1 1 1 1 1 1 1 0 0 0 1 0 1 1 0 1 0 0 0 0 0 1 1 1 1 1 0 1 1 1 0 1 1]
130 22 100 0.048226046314000404 [1 1 1 1 1 1 1 1 0 0 0 1 0 1 1 0 1 0 0 0 0 0 1 1 1 1 1 0 1 1 1 0 1 1]
131 22 100 0.048226046314000404 [1 1 1 1 1 1 1 1 0 0 0 1 0 1 1 0 1 0 0 0 0 0 1 1 1 1 1 0 1 1 1 0 1 1]
132 22 100 0.048226046314000404 [1 1 1 1 1 1 1 1 0 0 0 1 0 1 1 0 1 0 0 0 0 0 1 1 1 1 1 0 1 1 1 0 1 1]
133 22 100 0.048226046314000404 [1 1 1 1 1 1 1 1 0 0 0 1 0 1 1 0 1 0 0 0 0 0 1 1 1 1 1 0 1 1 1 0 1 1]
134 22 100 0.048226046314000404 [1 1 1 1 1 1 1 1 0 0 0 1 0 1 1 0 1 0 0 0 0 0 1 1 1 1 1 0 1 1 1 0 1 1]
135 22 100 0.048226046314000404 [1 1 1 1 1 1 1 1 0 0 0 1 0 1 1 0 1 0 0 0 0 0 1 1 1 1 1 0 1 1 1 0 1 1]
136 22 100 0.048226046314000404 [1 1 1 1 1 1 1 1 0 0 0 1 0 1 1 0 1 0 0 0 0 0 1 1 1 1 1 0 1 1 1 0 1 1]
137 22 100 0.048226046314000404 [1 1 1 1 1 1 1 1 0 0 0 1 0 1 1 0 1 0 0 0 0 0 1 1 1 1 1 0 1 1 1 0 1 1]
138 22 100 0.048226046314000404 [1 1 1 1 1 1 1 1 0 0 0 1 0 1 1 0 1 0 0 0 0 0 1 1 1 1 1 0 1 1 1 0 1 1]
139 22 100 0.048226046314000404 [1 1 1 1 1 1 1 1 0 0 0 1 0 1 1 0 1 0 0 0 0 0 1 1 1 1 1 0 1 1 1 0 1 1]
140 22 100 0.048226046314000404 [1 1 1 1 1 1 1 1 0 0 0 1 0 1 1 0 1 0 0 0 0 0 1 1 1 1 1 0 1 1 1 0 1 1]
141 22 100 0.048226046314000404 [1 1 1 1 1 1 1 1 0 0 0 1 0 1 1 0 1 0 0 0 0 0 1 1 1 1 1 0 1 1 1 0 1 1]
142 22 100 0.048226046314000404 [1 1 1 1 1 1 1 1 0 0 0 1 0 1 1 0 1 0 0 0 0 0 1 1 1 1 1 0 1 1 1 0 1 1]
143 22 100 0.048226046314000404 [1 1 1 1 1 1 1 1 0 0 0 1 0 1 1 0 1 0 0 0 0 0 1 1 1 1 1 0 1 1 1 0 1 1]
144 22 100 0.048226046314000404 [1 1 1 1 1 1 1 1 0 0 0 1 0 1 1 0 1 0 0 0 0 0 1 1 1 1 1 0 1 1 1 0 1 1]
145 22 100 0.048226046314000404 [1 1 1 1 1 1 1 1 0 0 0 1 0 1 1 0 1 0 0 0 0 0 1 1 1 1 1 0 1 1 1 0 1 1]
146 22 100 0.048226046314000404 [1 1 1 1 1 1 1 1 0 0 0 1 0 1 1 0 1 0 0 0 0 0 1 1 1 1 1 0 1 1 1 0 1 1]
147 22 100 0.048226046314000404 [1 1 1 1 1 1 1 1 0 0 0 1 0 1 1 0 1 0 0 0 0 0 1 1 1 1 1 0 1 1 1 0 1 1]
148 22 100 0.048226046314000404 [1 1 1 1 1 1 1 1 0 0 0 1 0 1 1 0 1 0 0 0 0 0 1 1 1 1 1 0 1 1 1 0 1 1]
149 22 100 0.048226046314000404 [1 1 1 1 1 1 1 1 0 0 0 1 0 1 1 0 1 0 0 0 0 0 1 1 1 1 1 0 1 1 1 0 1 1]
150 22 100 0.048226046314000404 [1 1 1 1 1 1 1 1 0 0 0 1 0 1 1 0 1 0 0 0 0 0 1 1 1 1 1 0 1 1 1 0 1 1]
