0 22 100 0.060061694792233666 [1 1 1 1 1 1 1 0 1 1 0 1 0 0 1 0 1 1 0 1 1 0 0 1 1 1 0 0 1 0 1 1 1 0]
1 22 100 0.060061694792233666 [1 1 1 1 1 1 1 0 1 1 0 1 0 0 1 0 1 1 0 1 1 0 0 1 1 1 0 0 1 0 1 1 1 0]
2 18 100 0.054054054054053946 [1 1 1 1 1 0 1 1 1 1 0 1 0 1 0 0 1 0 0 0 0 1 1 0 0 0 0 1 1 1 0 1 0 0]
3 18 100 0.054054054054053946 [1 1 1 1 1 0 1 1 1 1 0 1 0 1 0 0 1 0 0 0 0 1 1 0 0 0 0 1 1 1 0 1 0 0]
4 22 100 0.051810087438686314 [1 0 1 1 1 1 1 1 1 0 0 1 0 0 1 1 1 1 1 0 0 0 1 1 1 0 1 1 1 1 1 0 0 0]
5 22 100 0.051810087438686314 [1 0 1 1 1 1 1 1 1 0 0 1 0 0 1 1 1 1 1 0 0 0 1 1 1 0 1 1 1 1 1 0 0 0]
6 22 100 0.051810087438686314 [1 0 1 1 1 1 1 1 1 0 0 1 0 0 1 1 1 1 1 0 0 0 1 1 1 0 1 1 1 1 1 0 0 0]
7 22 100 0.051810087438686314 [1 0 1 1 1 1 1 1 1 0 0 1 0 0 1 1 1 1 1 0 0 0 1 1 1 0 1 1 1 1 1 0 0 0]
8 22 100 0.051810087438686314 [1 0 1 1 1 1 1 1 1 0 0 1 0 0 1 1 1 1 1 0 0 0 1 1 1 0 1 1 1 1 1 0 0 0]
9 22 100 0.051810087438686314 [1 0 1 1 1 1 1 1 1 0 0 1 0 0 1 1 1 1 1 0 0 0 1 1 1 0 1 1 1 1 1 0 0 0]
10 22 100 0.051810087438686314 [1 0 1 1 1 1 1 1 1 0 0 1 0 0 1 1 1 1 1 0 0 0 1 1 1 0 1 1 1 1 1 0 0 0]
11 22 100 0.051810087438686314 [1 0 1 1 1 1 1 1 1 0 0 1 0 0 1 1 1 1 1 0 0 0 1 1 1 0 1 1 1 1 1 0 0 0]
12 22 100 0.051810087438686314 [1 0 1 1 1 1 1 1 1 0 0 1 0 0 1 1 1 1 1 0 0 0 1 1 1 0 1 1 1 1 1 0 0 0]
13 22 100 0.051810087438686314 [1 0 1 1 1 1 1 1 1 0 0 1 0 0 1 1 1 1 1 0 0 0 1 1 1 0 1 1 1 1 1 0 0 0]
14 22 100 0.051810087438686314 [1 0 1 1 1 1 1 1 1 0 0 1 0 0 1 1 1 1 1 0 0 0 1 1 1 0 1 1 1 1 1 0 0 0]
15 22 100 0.051810087438686314 [1 0 1 1 1 1 1 1 1 0 0 1 0 0 1 1 1 1 1 0 0 0 1 1 1 0 1 1 1 1 1 0 0 0]
16 22 100 0.051810087438686314 [1 0 1 1 1 1 1 1 1 0 0 1 0 0 1 1 1 1 1 0 0 0 1 1 1 0 1 1 1 1 1 0 0 0]
17 22 100 0.051810087438686314 [1 0 1 1 1 1 1 1 1 0 0 1 0 0 1 1 1 1 1 0 0 0 1 1 1 0 1 1 1 1 1 0 0 0]
18 22 100 0.051810087438686314 [1 0 1 1 1 1 1 1 1 0 0 1 0 0 1 1 1 1 1 0 0 0 1 1 1 0 1 1 1 1 1 0 0 0]
19 22 100 0.051810087438686314 [1 0 1 1 1 1 1 1 1 0 0 1 0 0 1 1 1 1 1 0 0 0 1 1 1 0 1 1 1 1 1 0 0 0]
20 19 100 0.051340445083702946 [1 0 1 1 1 1 1 1 0 1 0 1 0 0 1 1 0 1 0 0 0 0 1 0 0 1 1 0 1 0 1 0 1 1]
21 15 100 0.047761194029850795 [1 1 1 1 1 1 1 1 0 1 0 0 0 1 1 0 0 0 1 0 0 0 0 0 0 1 0 1 0 0 1 0 0 0]
22 15 100 0.047761194029850795 [1 1 1 1 1 1 1 1 0 1 0 0 0 1 1 0 0 0 1 0 0 0 0 0 0 1 0 1 0 0 1 0 0 0]
23 15 100 0.047761194029850795 [1 1 1 1 1 1 1 1 0 1 0 0 0 1 1 0 0 0 1 0 0 0 0 0 0 1 0 1 0 0 1 0 0 0]
24 15 100 0.047761194029850795 [1 1 1 1 1 1 1 1 0 1 0 0 0 1 1 0 0 0 1 0 0 0 0 0 0 1 0 1 0 0 1 0 0 0]
25 15 100 0.047761194029850795 [1 1 1 1 1 1 1 1 0 1 0 0 0 1 1 0 0 0 1 0 0 0 0 0 0 1 0 1 0 0 1 0 0 0]
26 15 100 0.047761194029850795 [1 1 1 1 1 1 1 1 0 1 0 0 0 1 1 0 0 0 1 0 0 0 0 0 0 1 0 1 0 0 1 0 0 0]
27 15 100 0.047761194029850795 [1 1 1 1 1 1 1 1 0 1 0 0 0 1 1 0 0 0 1 0 0 0 0 0 0 1 0 1 0 0 1 0 0 0]
28 15 100 0.047761194029850795 [1 1 1 1 1 1 1 1 0 1 0 0 0 1 1 0 0 0 1 0 0 0 0 0 0 1 0 1 0 0 1 0 0 0]
29 15 100 0.047761194029850795 [1 1 1 1 1 1 1 1 0 1 0 0 0 1 1 0 0 0 1 0 0 0 0 0 0 1 0 1 0 0 1 0 0 0]
30 15 100 0.047761194029850795 [1 1 1 1 1 1 1 1 0 1 0 0 0 1 1 0 0 0 1 0 0 0 0 0 0 1 0 1 0 0 1 0 0 0]
31 15 100 0.047761194029850795 [1 1 1 1 1 1 1 1 0 1 0 0 0 1 1 0 0 0 1 0 0 0 0 0 0 1 0 1 0 0 1 0 0 0]
32 15 100 0.047761194029850795 [1 1 1 1 1 1 1 1 0 1 0 0 0 1 1 0 0 0 1 0 0 0 0 0 0 1 0 1 0 0 1 0 0 0]
33 15 100 0.047761194029850795 [1 1 1 1 1 1 1 1 0 1 0 0 0 1 1 0 0 0 1 0 0 0 0 0 0 1 0 1 0 0 1 0 0 0]
34 15 100 0.047761194029850795 [1 1 1 1 1 1 1 1 0 1 0 0 0 1 1 0 0 0 1 0 0 0 0 0 0 1 0 1 0 0 1 0 0 0]
35 15 100 0.047761194029850795 [1 1 1 1 1 1 1 1 0 1 0 0 0 1 1 0 0 0 1 0 0 0 0 0 0 1 0 1 0 0 1 0 0 0]
36 15 100 0.047761194029850795 [1 1 1 1 1 1 1 1 0 1 0 0 0 1 1 0 0 0 1 0 0 0 0 0 0 1 0 1 0 0 1 0 0 0]
37 15 100 0.047761194029850795 [1 1 1 1 1 1 1 1 0 1 0 0 0 1 1 0 0 0 1 0 0 0 0 0 0 1 0 1 0 0 1 0 0 0]
38 15 100 0.047761194029850795 [1 1 1 1 1 1 1 1 0 1 0 0 0 1 1 0 0 0 1 0 0 0 0 0 0 1 0 1 0 0 1 0 0 0]
39 15 100 0.047761194029850795 [1 1 1 1 1 1 1 1 0 1 0 0 0 1 1 0 0 0 1 0 0 0 0 0 0 1 0 1 0 0 1 0 0 0]
40 15 100 0.047761194029850795 [1 1 1 1 1 1 1 1 0 1 0 0 0 1 1 0 0 0 1 0 0 0 0 0 0 1 0 1 0 0 1 0 0 0]
41 15 100 0.047761194029850795 [1 1 1 1 1 1 1 1 0 1 0 0 0 1 1 0 0 0 1 0 0 0 0 0 0 1 0 1 0 0 1 0 0 0]
42 15 100 0.047761194029850795 [1 1 1 1 1 1 1 1 0 1 0 0 0 1 1 0 0 0 1 0 0 0 0 0 0 1 0 1 0 0 1 0 0 0]
43 15 100 0.047761194029850795 [1 1 1 1 1 1 1 1 0 1 0 0 0 1 1 0 0 0 1 0 0 0 0 0 0 1 0 1 0 0 1 0 0 0]
44 15 100 0.047761194029850795 [1 1 1 1 1 1 1 1 0 1 0 0 0 1 1 0 0 0 1 0 0 0 0 0 0 1 0 1 0 0 1 0 0 0]
45 15 100 0.047761194029850795 [1 1 1 1 1 1 1 1 0 1 0 0 0 1 1 0 0 0 1 0 0 0 0 0 0 1 0 1 0 0 1 0 0 0]
46 15 100 0.047761194029850795 [1 1 1 1 1 1 1 1 0 1 0 0 0 1 1 0 0 0 1 0 0 0 0 0 0 1 0 1 0 0 1 0 0 0]
47 15 100 0.047761194029850795 [1 1 1 1 1 1 1 1 0 1 0 0 0 1 1 0 0 0 1 0 0 0 0 0 0 1 0 1 0 0 1 0 0 0]
48 15 100 0.047761194029850795 [1 1 1 1 1 1 1 1 0 1 0 0 0 1 1 0 0 0 1 0 0 0 0 0 0 1 0 1 0 0 1 0 0 0]
49 15 100 0.047761194029850795 [1 1 1 1 1 1 1 1 0 1 0 0 0 1 1 0 0 0 1 0 0 0 0 0 0 1 0 1 0 0 1 0 0 0]
50 15 100 0.047761194029850795 [1 1 1 1 1 1 1 1 0 1 0 0 0 1 1 0 0 0 1 0 0 0 0 0 0 1 0 1 0 0 1 0 0 0]
51 15 100 0.047761194029850795 [1 1 1 1 1 1 1 1 0 1 0 0 0 1 1 0 0 0 1 0 0 0 0 0 0 1 0 1 0 0 1 0 0 0]
52 15 100 0.047761194029850795 [1 1 1 1 1 1 1 1 0 1 0 0 0 1 1 0 0 0 1 0 0 0 0 0 0 1 0 1 0 0 1 0 0 0]
53 15 100 0.047761194029850795 [1 1 1 1 1 1 1 1 0 1 0 0 0 1 1 0 0 0 1 0 0 0 0 0 0 1 0 1 0 0 1 0 0 0]
54 15 100 0.047761194029850795 [1 1 1 1 1 1 1 1 0 1 0 0 0 1 1 0 0 0 1 0 0 0 0 0 0 1 0 1 0 0 1 0 0 0]
55 15 100 0.047761194029850795 [1 1 1 1 1 1 1 1 0 1 0 0 0 1 1 0 0 0 1 0 0 0 0 0 0 1 0 1 0 0 1 0 0 0]
56 15 100 0.047761194029850795 [1 1 1 1 1 1 1 1 0 1 0 0 0 1 1 0 0 0 1 0 0 0 0 0 0 1 0 1 0 0 1 0 0 0]
57 15 100 0.047761194029850795 [1 1 1 1 1 1 1 1 0 1 0 0 0 1 1 0 0 0 1 0 0 0 0 0 0 1 0 1 0 0 1 0 0 0]
58 15 100 0.047761194029850795 [1 1 1 1 1 1 1 1 0 1 0 0 0 1 1 0 0 0 1 0 0 0 0 0 0 1 0 1 0 0 1 0 0 0]
59 15 100 0.047761194029850795 [1 1 1 1 1 1 1 1 0 1 0 0 0 1 1 0 0 0 1 0 0 0 0 0 0 1 0 1 0 0 1 0 0 0]
60 15 100 0.047761194029850795 [1 1 1 1 1 1 1 1 0 1 0 0 0 1 1 0 0 0 1 0 0 0 0 0 0 1 0 1 0 0 1 0 0 0]
61 15 100 0.047761194029850795 [1 1 1 1 1 1 1 1 0 1 0 0 0 1 1 0 0 0 1 0 0 0 0 0 0 1 0 1 0 0 1 0 0 0]
62 15 100 0.047761194029850795 [1 1 1 1 1 1 1 1 0 1 0 0 0 1 1 0 0 0 1 0 0 0 0 0 0 1 0 1 0 0 1 0 0 0]
63 15 100 0.047761194029850795 [1 1 1 1 1 1 1 1 0 1 0 0 0 1 1 0 0 0 1 0 0 0 0 0 0 1 0 1 0 0 1 0 0 0]
64 15 100 0.047761194029850795 [1 1 1 1 1 1 1 1 0 1 0 0 0 1 1 0 0 0 1 0 0 0 0 0 0 1 0 1 0 0 1 0 0 0]
65 15 100 0.047761194029850795 [1 1 1 1 1 1 1 1 0 1 0 0 0 1 1 0 0 0 1 0 0 0 0 0 0 1 0 1 0 0 1 0 0 0]
66 15 100 0.047761194029850795 [1 1 1 1 1 1 1 1 0 1 0 0 0 1 1 0 0 0 1 0 0 0 0 0 0 1 0 1 0 0 1 0 0 0]
67 15 100 0.047761194029850795 [1 1 1 1 1 1 1 1 0 1 0 0 0 1 1 0 0 0 1 0 0 0 0 0 0 1 0 1 0 0 1 0 0 0]
68 15 100 0.047761194029850795 [1 1 1 1 1 1 1 1 0 1 0 0 0 1 1 0 0 0 1 0 0 0 0 0 0 1 0 1 0 0 1 0 0 0]
69 15 100 0.047761194029850795 [1 1 1 1 1 1 1 1 0 1 0 0 0 1 1 0 0 0 1 0 0 0 0 0 0 1 0 1 0 0 1 0 0 0]
70 15 100 0.047761194029850795 [1 1 1 1 1 1 1 1 0 1 0 0 0 1 1 0 0 0 1 0 0 0 0 0 0 1 0 1 0 0 1 0 0 0]
71 15 100 0.047761194029850795 [1 1 1 1 1 1 1 1 0 1 0 0 0 1 1 0 0 0 1 0 0 0 0 0 0 1 0 1 0 0 1 0 0 0]
72 15 100 0.047761194029850795 [1 1 1 1 1 1 1 1 0 1 0 0 0 1 1 0 0 0 1 0 0 0 0 0 0 1 0 1 0 0 1 0 0 0]
73 15 100 0.047761194029850795 [1 1 1 1 1 1 1 1 0 1 0 0 0 1 1 0 0 0 1 0 0 0 0 0 0 1 0 1 0 0 1 0 0 0]
74 15 100 0.047761194029850795 [1 1 1 1 1 1 1 1 0 1 0 0 0 1 1 0 0 0 1 0 0 0 0 0 0 1 0 1 0 0 1 0 0 0]
75 15 100 0.047761194029850795 [1 1 1 1 1 1 1 1 0 1 0 0 0 1 1 0 0 0 1 0 0 0 0 0 0 1 0 1 0 0 1 0 0 0]
76 15 100 0.047761194029850795 [1 1 1 1 1 1 1 1 0 1 0 0 0 1 1 0 0 0 1 0 0 0 0 0 0 1 0 1 0 0 1 0 0 0]
77 15 100 0.047761194029850795 [1 1 1 1 1 1 1 1 0 1 0 0 0 1 1 0 0 0 1 0 0 0 0 0 0 1 0 1 0 0 1 0 0 0]
78 15 100 0.047761194029850795 [1 1 1 1 1 1 1 1 0 1 0 0 0 1 1 0 0 0 1 0 0 0 0 0 0 1 0 1 0 0 1 0 0 0]
79 15 100 0.047761194029850795 [1 1 1 1 1 1 1 1 0 1 0 0 0 1 1 0 0 0 1 0 0 0 0 0 0 1 0 1 0 0 1 0 0 0]
80 15 100 0.047761194029850795 [1 1 1 1 1 1 1 1 0 1 0 0 0 1 1 0 0 0 1 0 0 0 0 0 0 1 0 1 0 0 1 0 0 0]
81 15 100 0.047761194029850795 [1 1 1 1 1 1 1 1 0 1 0 0 0 1 1 0 0 0 1 0 0 0 0 0 0 1 0 1 0 0 1 0 0 0]
82 15 100 0.047761194029850795 [1 1 1 1 1 1 1 1 0 1 0 0 0 1 1 0 0 0 1 0 0 0 0 0 0 1 0 1 0 0 1 0 0 0]
83 15 100 0.047761194029850795 [1 1 1 1 1 1 1 1 0 1 0 0 0 1 1 0 0 0 1 0 0 0 0 0 0 1 0 1 0 0 1 0 0 0]
84 15 100 0.047761194029850795 [1 1 1 1 1 1 1 1 0 1 0 0 0 1 1 0 0 0 1 0 0 0 0 0 0 1 0 1 0 0 1 0 0 0]
85 15 100 0.047761194029850795 [1 1 1 1 1 1 1 1 0 1 0 0 0 1 1 0 0 0 1 0 0 0 0 0 0 1 0 1 0 0 1 0 0 0]
86 15 100 0.047761194029850795 [1 1 1 1 1 1 1 1 0 1 0 0 0 1 1 0 0 0 1 0 0 0 0 0 0 1 0 1 0 0 1 0 0 0]
87 15 100 0.047761194029850795 [1 1 1 1 1 1 1 1 0 1 0 0 0 1 1 0 0 0 1 0 0 0 0 0 0 1 0 1 0 0 1 0 0 0]
88 20 100 0.04513020109350374 [1 0 1 1 1 1 1 1 0 1 0 1 0 1 1 0 0 1 0 1 0 0 1 0 1 1 1 0 1 0 1 0 1 0]
89 20 100 0.04513020109350374 [1 0 1 1 1 1 1 1 0 1 0 1 0 1 1 0 0 1 0 1 0 0 1 0 1 1 1 0 1 0 1 0 1 0]
90 20 100 0.04513020109350374 [1 0 1 1 1 1 1 1 0 1 0 1 0 1 1 0 0 1 0 1 0 0 1 0 1 1 1 0 1 0 1 0 1 0]
91 20 100 0.04513020109350374 [1 0 1 1 1 1 1 1 0 1 0 1 0 1 1 0 0 1 0 1 0 0 1 0 1 1 1 0 1 0 1 0 1 0]
92 20 100 0.04513020109350374 [1 0 1 1 1 1 1 1 0 1 0 1 0 1 1 0 0 1 0 1 0 0 1 0 1 1 1 0 1 0 1 0 1 0]
93 20 100 0.04513020109350374 [1 0 1 1 1 1 1 1 0 1 0 1 0 1 1 0 0 1 0 1 0 0 1 0 1 1 1 0 1 0 1 0 1 0]
94 20 100 0.04513020109350374 [1 0 1 1 1 1 1 1 0 1 0 1 0 1 1 0 0 1 0 1 0 0 1 0 1 1 1 0 1 0 1 0 1 0]
95 20 100 0.04513020109350374 [1 0 1 1 1 1 1 1 0 1 0 1 0 1 1 0 0 1 0 1 0 0 1 0 1 1 1 0 1 0 1 0 1 0]
96 20 100 0.04513020109350374 [1 0 1 1 1 1 1 1 0 1 0 1 0 1 1 0 0 1 0 1 0 0 1 0 1 1 1 0 1 0 1 0 1 0]
97 20 100 0.04513020109350374 [1 0 1 1 1 1 1 1 0 1 0 1 0 1 1 0 0 1 0 1 0 0 1 0 1 1 1 0 1 0 1 0 1 0]
98 20 100 0.04513020109350374 [1 0 1 1 1 1 1 1 0 1 0 1 0 1 1 0 0 1 0 1 0 0 1 0 1 1 1 0 1 0 1 0 1 0]
99 20 100 0.04513020109350374 [1 0 1 1 1 1 1 1 0 1 0 1 0 1 1 0 0 1 0 1 0 0 1 0 1 1 1 0 1 0 1 0 1 0]
100 20 100 0.04513020109350374 [1 0 1 1 1 1 1 1 0 1 0 1 0 1 1 0 0 1 0 1 0 0 1 0 1 1 1 0 1 0 1 0 1 0]
101 20 100 0.04513020109350374 [1 0 1 1 1 1 1 1 0 1 0 1 0 1 1 0 0 1 0 1 0 0 1 0 1 1 1 0 1 0 1 0 1 0]
102 20 100 0.04513020109350374 [1 0 1 1 1 1 1 1 0 1 0 1 0 1 1 0 0 1 0 1 0 0 1 0 1 1 1 0 1 0 1 0 1 0]
103 20 100 0.04513020109350374 [1 0 1 1 1 1 1 1 0 1 0 1 0 1 1 0 0 1 0 1 0 0 1 0 1 1 1 0 1 0 1 0 1 0]
104 20 100 0.04513020109350374 [1 0 1 1 1 1 1 1 0 1 0 1 0 1 1 0 0 1 0 1 0 0 1 0 1 1 1 0 1 0 1 0 1 0]
105 20 100 0.04513020109350374 [1 0 1 1 1 1 1 1 0 1 0 1 0 1 1 0 0 1 0 1 0 0 1 0 1 1 1 0 1 0 1 0 1 0]
106 20 100 0.04513020109350374 [1 0 1 1 1 1 1 1 0 1 0 1 0 1 1 0 0 1 0 1 0 0 1 0 1 1 1 0 1 0 1 0 1 0]
107 20 100 0.04513020109350374 [1 0 1 1 1 1 1 1 0 1 0 1 0 1 1 0 0 1 0 1 0 0 1 0 1 1 1 0 1 0 1 0 1 0]
108 20 100 0.04513020109350374 [1 0 1 1 1 1 1 1 0 1 0 1 0 1 1 0 0 1 0 1 0 0 1 0 1 1 1 0 1 0 1 0 1 0]
109 20 100 0.04513020109350374 [1 0 1 1 1 1 1 1 0 1 0 1 0 1 1 0 0 1 0 1 0 0 1 0 1 1 1 0 1 0 1 0 1 0]
110 20 100 0.04513020109350374 [1 0 1 1 1 1 1 1 0 1 0 1 0 1 1 0 0 1 0 1 0 0 1 0 1 1 1 0 1 0 1 0 1 0]
111 20 100 0.04513020109350374 [1 0 1 1 1 1 1 1 0 1 0 1 0 1 1 0 0 1 0 1 0 0 1 0 1 1 1 0 1 0 1 0 1 0]
112 20 100 0.04513020109350374 [1 0 1 1 1 1 1 1 0 1 0 1 0 1 1 0 0 1 0 1 0 0 1 0 1 1 1 0 1 0 1 0 1 0]
113 20 100 0.04513020109350374 [1 0 1 1 1 1 1 1 0 1 0 1 0 1 1 0 0 1 0 1 0 0 1 0 1 1 1 0 1 0 1 0 1 0]
114 20 100 0.04513020109350374 [1 0 1 1 1 1 1 1 0 1 0 1 0 1 1 0 0 1 0 1 0 0 1 0 1 1 1 0 1 0 1 0 1 0]
115 20 100 0.04513020109350374 [1 0 1 1 1 1 1 1 0 1 0 1 0 1 1 0 0 1 0 1 0 0 1 0 1 1 1 0 1 0 1 0 1 0]
116 20 100 0.04513020109350374 [1 0 1 1 1 1 1 1 0 1 0 1 0 1 1 0 0 1 0 1 0 0 1 0 1 1 1 0 1 0 1 0 1 0]
117 20 100 0.04513020109350374 [1 0 1 1 1 1 1 1 0 1 0 1 0 1 1 0 0 1 0 1 0 0 1 0 1 1 1 0 1 0 1 0 1 0]
118 20 100 0.04513020109350374 [1 0 1 1 1 1 1 1 0 1 0 1 0 1 1 0 0 1 0 1 0 0 1 0 1 1 1 0 1 0 1 0 1 0]
119 20 100 0.04513020109350374 [1 0 1 1 1 1 1 1 0 1 0 1 0 1 1 0 0 1 0 1 0 0 1 0 1 1 1 0 1 0 1 0 1 0]
120 20 100 0.04513020109350374 [1 0 1 1 1 1 1 1 0 1 0 1 0 1 1 0 0 1 0 1 0 0 1 0 1 1 1 0 1 0 1 0 1 0]
121 20 100 0.04513020109350374 [1 0 1 1 1 1 1 1 0 1 0 1 0 1 1 0 0 1 0 1 0 0 1 0 1 1 1 0 1 0 1 0 1 0]
122 20 100 0.04513020109350374 [1 0 1 1 1 1 1 1 0 1 0 1 0 1 1 0 0 1 0 1 0 0 1 0 1 1 1 0 1 0 1 0 1 0]
123 20 100 0.04513020109350374 [1 0 1 1 1 1 1 1 0 1 0 1 0 1 1 0 0 1 0 1 0 0 1 0 1 1 1 0 1 0 1 0 1 0]
124 20 100 0.04513020109350374 [1 0 1 1 1 1 1 1 0 1 0 1 0 1 1 0 0 1 0 1 0 0 1 0 1 1 1 0 1 0 1 0 1 0]
125 20 100 0.04513020109350374 [1 0 1 1 1 1 1 1 0 1 0 1 0 1 1 0 0 1 0 1 0 0 1 0 1 1 1 0 1 0 1 0 1 0]
126 20 100 0.04513020109350374 [1 0 1 1 1 1 1 1 0 1 0 1 0 1 1 0 0 1 0 1 0 0 1 0 1 1 1 0 1 0 1 0 1 0]
127 20 100 0.04513020109350374 [1 0 1 1 1 1 1 1 0 1 0 1 0 1 1 0 0 1 0 1 0 0 1 0 1 1 1 0 1 0 1 0 1 0]
128 20 100 0.04513020109350374 [1 0 1 1 1 1 1 1 0 1 0 1 0 1 1 0 0 1 0 1 0 0 1 0 1 1 1 0 1 0 1 0 1 0]
129 20 100 0.04513020109350374 [1 0 1 1 1 1 1 1 0 1 0 1 0 1 1 0 0 1 0 1 0 0 1 0 1 1 1 0 1 0 1 0 1 0]
130 20 100 0.04513020109350374 [1 0 1 1 1 1 1 1 0 1 0 1 0 1 1 0 0 1 0 1 0 0 1 0 1 1 1 0 1 0 1 0 1 0]
131 20 100 0.04513020109350374 [1 0 1 1 1 1 1 1 0 1 0 1 0 1 1 0 0 1 0 1 0 0 1 0 1 1 1 0 1 0 1 0 1 0]
132 20 100 0.04513020109350374 [1 0 1 1 1 1 1 1 0 1 0 1 0 1 1 0 0 1 0 1 0 0 1 0 1 1 1 0 1 0 1 0 1 0]
133 20 100 0.04513020109350374 [1 0 1 1 1 1 1 1 0 1 0 1 0 1 1 0 0 1 0 1 0 0 1 0 1 1 1 0 1 0 1 0 1 0]
134 20 100 0.04513020109350374 [1 0 1 1 1 1 1 1 0 1 0 1 0 1 1 0 0 1 0 1 0 0 1 0 1 1 1 0 1 0 1 0 1 0]
135 20 100 0.04513020109350374 [1 0 1 1 1 1 1 1 0 1 0 1 0 1 1 0 0 1 0 1 0 0 1 0 1 1 1 0 1 0 1 0 1 0]
136 20 100 0.04513020109350374 [1 0 1 1 1 1 1 1 0 1 0 1 0 1 1 0 0 1 0 1 0 0 1 0 1 1 1 0 1 0 1 0 1 0]
137 20 100 0.04513020109350374 [1 0 1 1 1 1 1 1 0 1 0 1 0 1 1 0 0 1 0 1 0 0 1 0 1 1 1 0 1 0 1 0 1 0]
138 20 100 0.04513020109350374 [1 0 1 1 1 1 1 1 0 1 0 1 0 1 1 0 0 1 0 1 0 0 1 0 1 1 1 0 1 0 1 0 1 0]
139 20 100 0.04513020109350374 [1 0 1 1 1 1 1 1 0 1 0 1 0 1 1 0 0 1 0 1 0 0 1 0 1 1 1 0 1 0 1 0 1 0]
140 20 100 0.04513020109350374 [1 0 1 1 1 1 1 1 0 1 0 1 0 1 1 0 0 1 0 1 0 0 1 0 1 1 1 0 1 0 1 0 1 0]
141 20 100 0.04513020109350374 [1 0 1 1 1 1 1 1 0 1 0 1 0 1 1 0 0 1 0 1 0 0 1 0 1 1 1 0 1 0 1 0 1 0]
142 20 100 0.04513020109350374 [1 0 1 1 1 1 1 1 0 1 0 1 0 1 1 0 0 1 0 1 0 0 1 0 1 1 1 0 1 0 1 0 1 0]
143 20 100 0.04513020109350374 [1 0 1 1 1 1 1 1 0 1 0 1 0 1 1 0 0 1 0 1 0 0 1 0 1 1 1 0 1 0 1 0 1 0]
144 20 100 0.04513020109350374 [1 0 1 1 1 1 1 1 0 1 0 1 0 1 1 0 0 1 0 1 0 0 1 0 1 1 1 0 1 0 1 0 1 0]
145 20 100 0.04513020109350374 [1 0 1 1 1 1 1 1 0 1 0 1 0 1 1 0 0 1 0 1 0 0 1 0 1 1 1 0 1 0 1 0 1 0]
146 20 100 0.04513020109350374 [1 0 1 1 1 1 1 1 0 1 0 1 0 1 1 0 0 1 0 1 0 0 1 0 1 1 1 0 1 0 1 0 1 0]
147 20 100 0.04513020109350374 [1 0 1 1 1 1 1 1 0 1 0 1 0 1 1 0 0 1 0 1 0 0 1 0 1 1 1 0 1 0 1 0 1 0]
148 20 100 0.04513020109350374 [1 0 1 1 1 1 1 1 0 1 0 1 0 1 1 0 0 1 0 1 0 0 1 0 1 1 1 0 1 0 1 0 1 0]
149 20 100 0.04513020109350374 [1 0 1 1 1 1 1 1 0 1 0 1 0 1 1 0 0 1 0 1 0 0 1 0 1 1 1 0 1 0 1 0 1 0]
150 20 100 0.04513020109350374 [1 0 1 1 1 1 1 1 0 1 0 1 0 1 1 0 0 1 0 1 0 0 1 0 1 1 1 0 1 0 1 0 1 0]
