0 14 100 0.05604719764011801 [1 0 1 1 1 1 1 0 0 0 0 0 0 0 1 1 0 1 1 1 0 0 1 0 0 0 0 0 1 1 0 0 0 0]
1 21 100 0.054920520327811806 [1 1 1 1 1 0 1 1 0 0 0 1 1 0 1 1 0 1 1 1 1 0 1 0 0 1 1 0 1 1 1 0 0 0]
2 22 100 0.051340445083702946 [1 1 1 1 1 0 1 1 0 1 0 1 0 1 0 1 1 0 1 1 1 0 1 0 0 1 0 0 1 0 1 1 1 1]
3 19 100 0.04978091609651669 [1 0 1 1 1 0 1 1 0 1 0 1 1 1 0 1 0 0 1 1 0 0 1 1 1 0 0 0 1 0 1 0 0 1]
4 19 100 0.04978091609651669 [1 0 1 1 1 0 1 1 0 1 0 1 1 1 0 1 0 0 1 1 0 0 1 1 1 0 0 0 1 0 1 0 0 1]
5 19 100 0.04978091609651669 [1 0 1 1 1 0 1 1 0 1 0 1 1 1 0 1 0 0 1 1 0 0 1 1 1 0 0 0 1 0 1 0 0 1]
6 19 100 0.04978091609651669 [1 0 1 1 1 0 1 1 0 1 0 1 1 1 0 1 0 0 1 1 0 0 1 1 1 0 0 0 1 0 1 0 0 1]
7 19 100 0.04978091609651669 [1 0 1 1 1 0 1 1 0 1 0 1 1 1 0 1 0 0 1 1 0 0 1 1 1 0 0 0 1 0 1 0 0 1]
8 19 100 0.04978091609651669 [1 0 1 1 1 0 1 1 0 1 0 1 1 1 0 1 0 0 1 1 0 0 1 1 1 0 0 0 1 0 1 0 0 1]
9 19 100 0.04978091609651669 [1 0 1 1 1 0 1 1 0 1 0 1 1 1 0 1 0 0 1 1 0 0 1 1 1 0 0 0 1 0 1 0 0 1]
10 19 100 0.04978091609651669 [1 0 1 1 1 0 1 1 0 1 0 1 1 1 0 1 0 0 1 1 0 0 1 1 1 0 0 0 1 0 1 0 0 1]
11 19 100 0.046675814887735534 [1 0 1 1 1 1 1 1 0 0 1 0 0 1 0 1 0 0 1 1 1 0 1 1 1 1 0 0 1 0 1 0 0 0]
12 19 100 0.046675814887735534 [1 0 1 1 1 1 1 1 0 0 1 0 0 1 0 1 0 0 1 1 1 0 1 1 1 1 0 0 1 0 1 0 0 0]
13 19 100 0.046675814887735534 [1 0 1 1 1 1 1 1 0 0 1 0 0 1 0 1 0 0 1 1 1 0 1 1 1 1 0 0 1 0 1 0 0 0]
14 19 100 0.046675814887735534 [1 0 1 1 1 1 1 1 0 0 1 0 0 1 0 1 0 0 1 1 1 0 1 1 1 1 0 0 1 0 1 0 0 0]
15 19 100 0.046675814887735534 [1 0 1 1 1 1 1 1 0 0 1 0 0 1 0 1 0 0 1 1 1 0 1 1 1 1 0 0 1 0 1 0 0 0]
16 19 100 0.046675814887735534 [1 0 1 1 1 1 1 1 0 0 1 0 0 1 0 1 0 0 1 1 1 0 1 1 1 1 0 0 1 0 1 0 0 0]
17 19 100 0.046675814887735534 [1 0 1 1 1 1 1 1 0 0 1 0 0 1 0 1 0 0 1 1 1 0 1 1 1 1 0 0 1 0 1 0 0 0]
18 19 100 0.046675814887735534 [1 0 1 1 1 1 1 1 0 0 1 0 0 1 0 1 0 0 1 1 1 0 1 1 1 1 0 0 1 0 1 0 0 0]
19 19 100 0.046675814887735534 [1 0 1 1 1 1 1 1 0 0 1 0 0 1 0 1 0 0 1 1 1 0 1 1 1 1 0 0 1 0 1 0 0 0]
20 19 100 0.046675814887735534 [1 0 1 1 1 1 1 1 0 0 1 0 0 1 0 1 0 0 1 1 1 0 1 1 1 1 0 0 1 0 1 0 0 0]
21 19 100 0.046675814887735534 [1 0 1 1 1 1 1 1 0 0 1 0 0 1 0 1 0 0 1 1 1 0 1 1 1 1 0 0 1 0 1 0 0 0]
22 19 100 0.046675814887735534 [1 0 1 1 1 1 1 1 0 0 1 0 0 1 0 1 0 0 1 1 1 0 1 1 1 1 0 0 1 0 1 0 0 0]
23 19 100 0.046675814887735534 [1 0 1 1 1 1 1 1 0 0 1 0 0 1 0 1 0 0 1 1 1 0 1 1 1 1 0 0 1 0 1 0 0 0]
24 19 100 0.046675814887735534 [1 0 1 1 1 1 1 1 0 0 1 0 0 1 0 1 0 0 1 1 1 0 1 1 1 1 0 0 1 0 1 0 0 0]
25 19 100 0.04513020109350374 [1 0 1 1 1 1 1 1 0 0 0 0 0 1 1 1 1 0 0 1 0 0 0 1 1 1 1 0 1 0 1 0 1 0]
26 19 100 0.04513020109350374 [1 0 1 1 1 1 1 1 0 0 0 0 0 1 1 1 1 0 0 1 0 0 0 1 1 1 1 0 1 0 1 0 1 0]
27 19 100 0.04513020109350374 [1 0 1 1 1 1 1 1 0 0 0 0 0 1 1 1 1 0 0 1 0 0 0 1 1 1 1 0 1 0 1 0 1 0]
28 19 100 0.04513020109350374 [1 0 1 1 1 1 1 1 0 0 0 0 0 1 1 1 1 0 0 1 0 0 0 1 1 1 1 0 1 0 1 0 1 0]
29 19 100 0.04513020109350374 [1 0 1 1 1 1 1 1 0 0 0 0 0 1 1 1 1 0 0 1 0 0 0 1 1 1 1 0 1 0 1 0 1 0]
30 19 100 0.04513020109350374 [1 0 1 1 1 1 1 1 0 0 0 0 0 1 1 1 1 0 0 1 0 0 0 1 1 1 1 0 1 0 1 0 1 0]
31 19 100 0.04513020109350374 [1 0 1 1 1 1 1 1 0 0 0 0 0 1 1 1 1 0 0 1 0 0 0 1 1 1 1 0 1 0 1 0 1 0]
32 19 100 0.04513020109350374 [1 0 1 1 1 1 1 1 0 0 0 0 0 1 1 1 1 0 0 1 0 0 0 1 1 1 1 0 1 0 1 0 1 0]
33 19 100 0.04513020109350374 [1 0 1 1 1 1 1 1 0 0 0 0 0 1 1 1 1 0 0 1 0 0 0 1 1 1 1 0 1 0 1 0 1 0]
34 19 100 0.04513020109350374 [1 0 1 1 1 1 1 1 0 0 0 0 0 1 1 1 1 0 0 1 0 0 0 1 1 1 1 0 1 0 1 0 1 0]
35 19 100 0.04513020109350374 [1 0 1 1 1 1 1 1 0 0 0 0 0 1 1 1 1 0 0 1 0 0 0 1 1 1 1 0 1 0 1 0 1 0]
36 19 100 0.04513020109350374 [1 0 1 1 1 1 1 1 0 0 0 0 0 1 1 1 1 0 0 1 0 0 0 1 1 1 1 0 1 0 1 0 1 0]
37 19 100 0.04513020109350374 [1 0 1 1 1 1 1 1 0 0 0 0 0 1 1 1 1 0 0 1 0 0 0 1 1 1 1 0 1 0 1 0 1 0]
38 19 100 0.04513020109350374 [1 0 1 1 1 1 1 1 0 0 0 0 0 1 1 1 1 0 0 1 0 0 0 1 1 1 1 0 1 0 1 0 1 0]
39 19 100 0.04513020109350374 [1 0 1 1 1 1 1 1 0 0 0 0 0 1 1 1 1 0 0 1 0 0 0 1 1 1 1 0 1 0 1 0 1 0]
40 19 100 0.04513020109350374 [1 0 1 1 1 1 1 1 0 0 0 0 0 1 1 1 1 0 0 1 0 0 0 1 1 1 1 0 1 0 1 0 1 0]
41 19 100 0.04513020109350374 [1 0 1 1 1 1 1 1 0 0 0 0 0 1 1 1 1 0 0 1 0 0 0 1 1 1 1 0 1 0 1 0 1 0]
42 19 100 0.04513020109350374 [1 0 1 1 1 1 1 1 0 0 0 0 0 1 1 1 1 0 0 1 0 0 0 1 1 1 1 0 1 0 1 0 1 0]
43 19 100 0.04513020109350374 [1 0 1 1 1 1 1 1 0 0 0 0 0 1 1 1 1 0 0 1 0 0 0 1 1 1 1 0 1 0 1 0 1 0]
44 19 100 0.04513020109350374 [1 0 1 1 1 1 1 1 0 0 0 0 0 1 1 1 1 0 0 1 0 0 0 1 1 1 1 0 1 0 1 0 1 0]
45 19 100 0.04513020109350374 [1 0 1 1 1 1 1 1 0 0 0 0 0 1 1 1 1 0 0 1 0 0 0 1 1 1 1 0 1 0 1 0 1 0]
46 19 100 0.04513020109350374 [1 0 1 1 1 1 1 1 0 0 0 0 0 1 1 1 1 0 0 1 0 0 0 1 1 1 1 0 1 0 1 0 1 0]
47 19 100 0.04513020109350374 [1 0 1 1 1 1 1 1 0 0 0 0 0 1 1 1 1 0 0 1 0 0 0 1 1 1 1 0 1 0 1 0 1 0]
48 19 100 0.04513020109350374 [1 0 1 1 1 1 1 1 0 0 0 0 0 1 1 1 1 0 0 1 0 0 0 1 1 1 1 0 1 0 1 0 1 0]
49 19 100 0.04513020109350374 [1 0 1 1 1 1 1 1 0 0 0 0 0 1 1 1 1 0 0 1 0 0 0 1 1 1 1 0 1 0 1 0 1 0]
50 19 100 0.04513020109350374 [1 0 1 1 1 1 1 1 0 0 0 0 0 1 1 1 1 0 0 1 0 0 0 1 1 1 1 0 1 0 1 0 1 0]
51 19 100 0.04513020109350374 [1 0 1 1 1 1 1 1 0 0 0 0 0 1 1 1 1 0 0 1 0 0 0 1 1 1 1 0 1 0 1 0 1 0]
52 19 100 0.04513020109350374 [1 0 1 1 1 1 1 1 0 0 0 0 0 1 1 1 1 0 0 1 0 0 0 1 1 1 1 0 1 0 1 0 1 0]
53 19 100 0.04513020109350374 [1 0 1 1 1 1 1 1 0 0 0 0 0 1 1 1 1 0 0 1 0 0 0 1 1 1 1 0 1 0 1 0 1 0]
54 19 100 0.04513020109350374 [1 0 1 1 1 1 1 1 0 0 0 0 0 1 1 1 1 0 0 1 0 0 0 1 1 1 1 0 1 0 1 0 1 0]
55 19 100 0.04513020109350374 [1 0 1 1 1 1 1 1 0 0 0 0 0 1 1 1 1 0 0 1 0 0 0 1 1 1 1 0 1 0 1 0 1 0]
56 19 100 0.04513020109350374 [1 0 1 1 1 1 1 1 0 0 0 0 0 1 1 1 1 0 0 1 0 0 0 1 1 1 1 0 1 0 1 0 1 0]
57 19 100 0.04513020109350374 [1 0 1 1 1 1 1 1 0 0 0 0 0 1 1 1 1 0 0 1 0 0 0 1 1 1 1 0 1 0 1 0 1 0]
58 19 100 0.04513020109350374 [1 0 1 1 1 1 1 1 0 0 0 0 0 1 1 1 1 0 0 1 0 0 0 1 1 1 1 0 1 0 1 0 1 0]
59 19 100 0.04513020109350374 [1 0 1 1 1 1 1 1 0 0 0 0 0 1 1 1 1 0 0 1 0 0 0 1 1 1 1 0 1 0 1 0 1 0]
60 19 100 0.04513020109350374 [1 0 1 1 1 1 1 1 0 0 0 0 0 1 1 1 1 0 0 1 0 0 0 1 1 1 1 0 1 0 1 0 1 0]
61 19 100 0.04513020109350374 [1 0 1 1 1 1 1 1 0 0 0 0 0 1 1 1 1 0 0 1 0 0 0 1 1 1 1 0 1 0 1 0 1 0]
62 19 100 0.04513020109350374 [1 0 1 1 1 1 1 1 0 0 0 0 0 1 1 1 1 0 0 1 0 0 0 1 1 1 1 0 1 0 1 0 1 0]
63 19 100 0.04513020109350374 [1 0 1 1 1 1 1 1 0 0 0 0 0 1 1 1 1 0 0 1 0 0 0 1 1 1 1 0 1 0 1 0 1 0]
64 19 100 0.04513020109350374 [1 0 1 1 1 1 1 1 0 0 0 0 0 1 1 1 1 0 0 1 0 0 0 1 1 1 1 0 1 0 1 0 1 0]
65 19 100 0.04513020109350374 [1 0 1 1 1 1 1 1 0 0 0 0 0 1 1 1 1 0 0 1 0 0 0 1 1 1 1 0 1 0 1 0 1 0]
66 19 100 0.04513020109350374 [1 0 1 1 1 1 1 1 0 0 0 0 0 1 1 1 1 0 0 1 0 0 0 1 1 1 1 0 1 0 1 0 1 0]
67 19 100 0.04513020109350374 [1 0 1 1 1 1 1 1 0 0 0 0 0 1 1 1 1 0 0 1 0 0 0 1 1 1 1 0 1 0 1 0 1 0]
68 19 100 0.04513020109350374 [1 0 1 1 1 1 1 1 0 0 0 0 0 1 1 1 1 0 0 1 0 0 0 1 1 1 1 0 1 0 1 0 1 0]
69 19 100 0.04513020109350374 [1 0 1 1 1 1 1 1 0 0 0 0 0 1 1 1 1 0 0 1 0 0 0 1 1 1 1 0 1 0 1 0 1 0]
70 19 100 0.04513020109350374 [1 0 1 1 1 1 1 1 0 0 0 0 0 1 1 1 1 0 0 1 0 0 0 1 1 1 1 0 1 0 1 0 1 0]
71 19 100 0.04513020109350374 [1 0 1 1 1 1 1 1 0 0 0 0 0 1 1 1 1 0 0 1 0 0 0 1 1 1 1 0 1 0 1 0 1 0]
72 19 100 0.04513020109350374 [1 0 1 1 1 1 1 1 0 0 0 0 0 1 1 1 1 0 0 1 0 0 0 1 1 1 1 0 1 0 1 0 1 0]
73 19 100 0.04513020109350374 [1 0 1 1 1 1 1 1 0 0 0 0 0 1 1 1 1 0 0 1 0 0 0 1 1 1 1 0 1 0 1 0 1 0]
74 19 100 0.04513020109350374 [1 0 1 1 1 1 1 1 0 0 0 0 0 1 1 1 1 0 0 1 0 0 0 1 1 1 1 0 1 0 1 0 1 0]
75 19 100 0.04513020109350374 [1 0 1 1 1 1 1 1 0 0 0 0 0 1 1 1 1 0 0 1 0 0 0 1 1 1 1 0 1 0 1 0 1 0]
76 19 100 0.04513020109350374 [1 0 1 1 1 1 1 1 0 0 0 0 0 1 1 1 1 0 0 1 0 0 0 1 1 1 1 0 1 0 1 0 1 0]
77 19 100 0.04513020109350374 [1 0 1 1 1 1 1 1 0 0 0 0 0 1 1 1 1 0 0 1 0 0 0 1 1 1 1 0 1 0 1 0 1 0]
78 19 100 0.04513020109350374 [1 0 1 1 1 1 1 1 0 0 0 0 0 1 1 1 1 0 0 1 0 0 0 1 1 1 1 0 1 0 1 0 1 0]
79 19 100 0.04513020109350374 [1 0 1 1 1 1 1 1 0 0 0 0 0 1 1 1 1 0 0 1 0 0 0 1 1 1 1 0 1 0 1 0 1 0]
80 19 100 0.04513020109350374 [1 0 1 1 1 1 1 1 0 0 0 0 0 1 1 1 1 0 0 1 0 0 0 1 1 1 1 0 1 0 1 0 1 0]
81 19 100 0.04513020109350374 [1 0 1 1 1 1 1 1 0 0 0 0 0 1 1 1 1 0 0 1 0 0 0 1 1 1 1 0 1 0 1 0 1 0]
82 19 100 0.04513020109350374 [1 0 1 1 1 1 1 1 0 0 0 0 0 1 1 1 1 0 0 1 0 0 0 1 1 1 1 0 1 0 1 0 1 0]
83 19 100 0.04513020109350374 [1 0 1 1 1 1 1 1 0 0 0 0 0 1 1 1 1 0 0 1 0 0 0 1 1 1 1 0 1 0 1 0 1 0]
84 19 100 0.04513020109350374 [1 0 1 1 1 1 1 1 0 0 0 0 0 1 1 1 1 0 0 1 0 0 0 1 1 1 1 0 1 0 1 0 1 0]
85 19 100 0.04513020109350374 [1 0 1 1 1 1 1 1 0 0 0 0 0 1 1 1 1 0 0 1 0 0 0 1 1 1 1 0 1 0 1 0 1 0]
86 19 100 0.04513020109350374 [1 0 1 1 1 1 1 1 0 0 0 0 0 1 1 1 1 0 0 1 0 0 0 1 1 1 1 0 1 0 1 0 1 0]
87 19 100 0.04513020109350374 [1 0 1 1 1 1 1 1 0 0 0 0 0 1 1 1 1 0 0 1 0 0 0 1 1 1 1 0 1 0 1 0 1 0]
88 19 100 0.04513020109350374 [1 0 1 1 1 1 1 1 0 0 0 0 0 1 1 1 1 0 0 1 0 0 0 1 1 1 1 0 1 0 1 0 1 0]
89 19 100 0.04513020109350374 [1 0 1 1 1 1 1 1 0 0 0 0 0 1 1 1 1 0 0 1 0 0 0 1 1 1 1 0 1 0 1 0 1 0]
90 19 100 0.04513020109350374 [1 0 1 1 1 1 1 1 0 0 0 0 0 1 1 1 1 0 0 1 0 0 0 1 1 1 1 0 1 0 1 0 1 0]
91 19 100 0.04513020109350374 [1 0 1 1 1 1 1 1 0 0 0 0 0 1 1 1 1 0 0 1 0 0 0 1 1 1 1 0 1 0 1 0 1 0]
92 19 100 0.04513020109350374 [1 0 1 1 1 1 1 1 0 0 0 0 0 1 1 1 1 0 0 1 0 0 0 1 1 1 1 0 1 0 1 0 1 0]
93 19 100 0.04513020109350374 [1 0 1 1 1 1 1 1 0 0 0 0 0 1 1 1 1 0 0 1 0 0 0 1 1 1 1 0 1 0 1 0 1 0]
94 19 100 0.04513020109350374 [1 0 1 1 1 1 1 1 0 0 0 0 0 1 1 1 1 0 0 1 0 0 0 1 1 1 1 0 1 0 1 0 1 0]
95 19 100 0.04513020109350374 [1 0 1 1 1 1 1 1 0 0 0 0 0 1 1 1 1 0 0 1 0 0 0 1 1 1 1 0 1 0 1 0 1 0]
96 19 100 0.04513020109350374 [1 0 1 1 1 1 1 1 0 0 0 0 0 1 1 1 1 0 0 1 0 0 0 1 1 1 1 0 1 0 1 0 1 0]
97 19 100 0.04513020109350374 [1 0 1 1 1 1 1 1 0 0 0 0 0 1 1 1 1 0 0 1 0 0 0 1 1 1 1 0 1 0 1 0 1 0]
98 19 100 0.04513020109350374 [1 0 1 1 1 1 1 1 0 0 0 0 0 1 1 1 1 0 0 1 0 0 0 1 1 1 1 0 1 0 1 0 1 0]
99 19 100 0.04513020109350374 [1 0 1 1 1 1 1 1 0 0 0 0 0 1 1 1 1 0 0 1 0 0 0 1 1 1 1 0 1 0 1 0 1 0]
100 19 100 0.04513020109350374 [1 0 1 1 1 1 1 1 0 0 0 0 0 1 1 1 1 0 0 1 0 0 0 1 1 1 1 0 1 0 1 0 1 0]
101 19 100 0.04513020109350374 [1 0 1 1 1 1 1 1 0 0 0 0 0 1 1 1 1 0 0 1 0 0 0 1 1 1 1 0 1 0 1 0 1 0]
102 19 100 0.04513020109350374 [1 0 1 1 1 1 1 1 0 0 0 0 0 1 1 1 1 0 0 1 0 0 0 1 1 1 1 0 1 0 1 0 1 0]
103 19 100 0.04513020109350374 [1 0 1 1 1 1 1 1 0 0 0 0 0 1 1 1 1 0 0 1 0 0 0 1 1 1 1 0 1 0 1 0 1 0]
104 19 100 0.04513020109350374 [1 0 1 1 1 1 1 1 0 0 0 0 0 1 1 1 1 0 0 1 0 0 0 1 1 1 1 0 1 0 1 0 1 0]
105 19 100 0.04513020109350374 [1 0 1 1 1 1 1 1 0 0 0 0 0 1 1 1 1 0 0 1 0 0 0 1 1 1 1 0 1 0 1 0 1 0]
106 19 100 0.04513020109350374 [1 0 1 1 1 1 1 1 0 0 0 0 0 1 1 1 1 0 0 1 0 0 0 1 1 1 1 0 1 0 1 0 1 0]
107 19 100 0.04513020109350374 [1 0 1 1 1 1 1 1 0 0 0 0 0 1 1 1 1 0 0 1 0 0 0 1 1 1 1 0 1 0 1 0 1 0]
108 19 100 0.04513020109350374 [1 0 1 1 1 1 1 1 0 0 0 0 0 1 1 1 1 0 0 1 0 0 0 1 1 1 1 0 1 0 1 0 1 0]
109 19 100 0.04513020109350374 [1 0 1 1 1 1 1 1 0 0 0 0 0 1 1 1 1 0 0 1 0 0 0 1 1 1 1 0 1 0 1 0 1 0]
110 19 100 0.04513020109350374 [1 0 1 1 1 1 1 1 0 0 0 0 0 1 1 1 1 0 0 1 0 0 0 1 1 1 1 0 1 0 1 0 1 0]
111 19 100 0.04513020109350374 [1 0 1 1 1 1 1 1 0 0 0 0 0 1 1 1 1 0 0 1 0 0 0 1 1 1 1 0 1 0 1 0 1 0]
112 19 100 0.04513020109350374 [1 0 1 1 1 1 1 1 0 0 0 0 0 1 1 1 1 0 0 1 0 0 0 1 1 1 1 0 1 0 1 0 1 0]
113 19 100 0.04513020109350374 [1 0 1 1 1 1 1 1 0 0 0 0 0 1 1 1 1 0 0 1 0 0 0 1 1 1 1 0 1 0 1 0 1 0]
114 19 100 0.04513020109350374 [1 0 1 1 1 1 1 1 0 0 0 0 0 1 1 1 1 0 0 1 0 0 0 1 1 1 1 0 1 0 1 0 1 0]
115 19 100 0.04513020109350374 [1 0 1 1 1 1 1 1 0 0 0 0 0 1 1 1 1 0 0 1 0 0 0 1 1 1 1 0 1 0 1 0 1 0]
116 19 100 0.04513020109350374 [1 0 1 1 1 1 1 1 0 0 0 0 0 1 1 1 1 0 0 1 0 0 0 1 1 1 1 0 1 0 1 0 1 0]
117 19 100 0.04513020109350374 [1 0 1 1 1 1 1 1 0 0 0 0 0 1 1 1 1 0 0 1 0 0 0 1 1 1 1 0 1 0 1 0 1 0]
118 19 100 0.04513020109350374 [1 0 1 1 1 1 1 1 0 0 0 0 0 1 1 1 1 0 0 1 0 0 0 1 1 1 1 0 1 0 1 0 1 0]
119 19 100 0.04513020109350374 [1 0 1 1 1 1 1 1 0 0 0 0 0 1 1 1 1 0 0 1 0 0 0 1 1 1 1 0 1 0 1 0 1 0]
120 19 100 0.04513020109350374 [1 0 1 1 1 1 1 1 0 0 0 0 0 1 1 1 1 0 0 1 0 0 0 1 1 1 1 0 1 0 1 0 1 0]
121 19 100 0.04513020109350374 [1 0 1 1 1 1 1 1 0 0 0 0 0 1 1 1 1 0 0 1 0 0 0 1 1 1 1 0 1 0 1 0 1 0]
122 19 100 0.04513020109350374 [1 0 1 1 1 1 1 1 0 0 0 0 0 1 1 1 1 0 0 1 0 0 0 1 1 1 1 0 1 0 1 0 1 0]
123 19 100 0.04513020109350374 [1 0 1 1 1 1 1 1 0 0 0 0 0 1 1 1 1 0 0 1 0 0 0 1 1 1 1 0 1 0 1 0 1 0]
124 19 100 0.04513020109350374 [1 0 1 1 1 1 1 1 0 0 0 0 0 1 1 1 1 0 0 1 0 0 0 1 1 1 1 0 1 0 1 0 1 0]
125 19 100 0.04513020109350374 [1 0 1 1 1 1 1 1 0 0 0 0 0 1 1 1 1 0 0 1 0 0 0 1 1 1 1 0 1 0 1 0 1 0]
126 19 100 0.04513020109350374 [1 0 1 1 1 1 1 1 0 0 0 0 0 1 1 1 1 0 0 1 0 0 0 1 1 1 1 0 1 0 1 0 1 0]
127 19 100 0.04513020109350374 [1 0 1 1 1 1 1 1 0 0 0 0 0 1 1 1 1 0 0 1 0 0 0 1 1 1 1 0 1 0 1 0 1 0]
128 19 100 0.04513020109350374 [1 0 1 1 1 1 1 1 0 0 0 0 0 1 1 1 1 0 0 1 0 0 0 1 1 1 1 0 1 0 1 0 1 0]
129 19 100 0.04513020109350374 [1 0 1 1 1 1 1 1 0 0 0 0 0 1 1 1 1 0 0 1 0 0 0 1 1 1 1 0 1 0 1 0 1 0]
130 19 100 0.04513020109350374 [1 0 1 1 1 1 1 1 0 0 0 0 0 1 1 1 1 0 0 1 0 0 0 1 1 1 1 0 1 0 1 0 1 0]
131 19 100 0.04513020109350374 [1 0 1 1 1 1 1 1 0 0 0 0 0 1 1 1 1 0 0 1 0 0 0 1 1 1 1 0 1 0 1 0 1 0]
132 19 100 0.04513020109350374 [1 0 1 1 1 1 1 1 0 0 0 0 0 1 1 1 1 0 0 1 0 0 0 1 1 1 1 0 1 0 1 0 1 0]
133 19 100 0.04513020109350374 [1 0 1 1 1 1 1 1 0 0 0 0 0 1 1 1 1 0 0 1 0 0 0 1 1 1 1 0 1 0 1 0 1 0]
134 19 100 0.04513020109350374 [1 0 1 1 1 1 1 1 0 0 0 0 0 1 1 1 1 0 0 1 0 0 0 1 1 1 1 0 1 0 1 0 1 0]
135 19 100 0.04513020109350374 [1 0 1 1 1 1 1 1 0 0 0 0 0 1 1 1 1 0 0 1 0 0 0 1 1 1 1 0 1 0 1 0 1 0]
136 19 100 0.04513020109350374 [1 0 1 1 1 1 1 1 0 0 0 0 0 1 1 1 1 0 0 1 0 0 0 1 1 1 1 0 1 0 1 0 1 0]
137 19 100 0.04513020109350374 [1 0 1 1 1 1 1 1 0 0 0 0 0 1 1 1 1 0 0 1 0 0 0 1 1 1 1 0 1 0 1 0 1 0]
138 19 100 0.04513020109350374 [1 0 1 1 1 1 1 1 0 0 0 0 0 1 1 1 1 0 0 1 0 0 0 1 1 1 1 0 1 0 1 0 1 0]
139 19 100 0.04513020109350374 [1 0 1 1 1 1 1 1 0 0 0 0 0 1 1 1 1 0 0 1 0 0 0 1 1 1 1 0 1 0 1 0 1 0]
140 19 100 0.04513020109350374 [1 0 1 1 1 1 1 1 0 0 0 0 0 1 1 1 1 0 0 1 0 0 0 1 1 1 1 0 1 0 1 0 1 0]
141 19 100 0.04513020109350374 [1 0 1 1 1 1 1 1 0 0 0 0 0 1 1 1 1 0 0 1 0 0 0 1 1 1 1 0 1 0 1 0 1 0]
142 19 100 0.04513020109350374 [1 0 1 1 1 1 1 1 0 0 0 0 0 1 1 1 1 0 0 1 0 0 0 1 1 1 1 0 1 0 1 0 1 0]
143 19 100 0.04513020109350374 [1 0 1 1 1 1 1 1 0 0 0 0 0 1 1 1 1 0 0 1 0 0 0 1 1 1 1 0 1 0 1 0 1 0]
144 19 100 0.04513020109350374 [1 0 1 1 1 1 1 1 0 0 0 0 0 1 1 1 1 0 0 1 0 0 0 1 1 1 1 0 1 0 1 0 1 0]
145 19 100 0.04513020109350374 [1 0 1 1 1 1 1 1 0 0 0 0 0 1 1 1 1 0 0 1 0 0 0 1 1 1 1 0 1 0 1 0 1 0]
146 19 100 0.04513020109350374 [1 0 1 1 1 1 1 1 0 0 0 0 0 1 1 1 1 0 0 1 0 0 0 1 1 1 1 0 1 0 1 0 1 0]
147 19 100 0.04513020109350374 [1 0 1 1 1 1 1 1 0 0 0 0 0 1 1 1 1 0 0 1 0 0 0 1 1 1 1 0 1 0 1 0 1 0]
148 19 100 0.04513020109350374 [1 0 1 1 1 1 1 1 0 0 0 0 0 1 1 1 1 0 0 1 0 0 0 1 1 1 1 0 1 0 1 0 1 0]
149 19 100 0.04513020109350374 [1 0 1 1 1 1 1 1 0 0 0 0 0 1 1 1 1 0 0 1 0 0 0 1 1 1 1 0 1 0 1 0 1 0]
150 19 100 0.04513020109350374 [1 0 1 1 1 1 1 1 0 0 0 0 0 1 1 1 1 0 0 1 0 0 0 1 1 1 1 0 1 0 1 0 1 0]
