0 13 100 0.09436829218059906 [0 0 1 0 0 0 0 1 1 0 0 0 0 1 0 0 1 0 1 0 0 1 1 1 1 1 0 0 1 0 1]
1 13 39 0.09436829218059906 [0 0 1 0 0 0 0 1 1 0 0 0 0 1 0 0 1 0 1 0 0 1 1 1 1 1 0 0 1 0 1]
2 13 23 0.09436829218059906 [0 0 1 0 0 0 0 1 1 0 0 0 0 1 0 0 1 0 1 0 0 1 1 1 1 1 0 0 1 0 1]
3 13 16 0.09436829218059906 [0 0 1 0 0 0 0 1 1 0 0 0 0 1 0 0 1 0 1 0 0 1 1 1 1 1 0 0 1 0 1]
4 13 12 0.09436829218059906 [0 0 1 0 0 0 0 1 1 0 0 0 0 1 0 0 1 0 1 0 0 1 1 1 1 1 0 0 1 0 1]
5 20 7 0.08914059233132732 [0 1 1 0 1 1 1 1 1 0 0 1 0 1 0 1 1 0 0 0 0 1 1 1 1 1 0 1 1 1 1]
6 20 5 0.08914059233132732 [0 1 1 0 1 1 1 1 1 0 0 1 0 1 0 1 1 0 0 0 0 1 1 1 1 1 0 1 1 1 1]
7 20 6 0.08914059233132732 [0 1 1 0 1 1 1 1 1 0 0 1 0 1 0 1 1 0 0 0 0 1 1 1 1 1 0 1 1 1 1]
8 20 2 0.08914059233132732 [0 1 1 0 1 1 1 1 1 0 0 1 0 1 0 1 1 0 0 0 0 1 1 1 1 1 0 1 1 1 1]
9 20 3 0.08914059233132732 [0 1 1 0 1 1 1 1 1 0 0 1 0 1 0 1 1 0 0 0 0 1 1 1 1 1 0 1 1 1 1]
10 12 2 0.08450710589936505 [0 1 0 0 0 0 1 1 1 0 0 0 0 0 1 1 1 0 0 0 1 0 1 1 1 0 0 0 0 0 1]
11 12 3 0.08450710589936505 [0 1 0 0 0 0 1 1 1 0 0 0 0 0 1 1 1 0 0 0 1 0 1 1 1 0 0 0 0 0 1]
12 12 4 0.08450710589936505 [0 1 0 0 0 0 1 1 1 0 0 0 0 0 1 1 1 0 0 0 1 0 1 1 1 0 0 0 0 0 1]
13 12 1 0.08450710589936505 [0 1 0 0 0 0 1 1 1 0 0 0 0 0 1 1 1 0 0 0 1 0 1 1 1 0 0 0 0 0 1]
14 12 4 0.08450710589936505 [0 1 0 0 0 0 1 1 1 0 0 0 0 0 1 1 1 0 0 0 1 0 1 1 1 0 0 0 0 0 1]
15 12 3 0.08450710589936505 [0 1 0 0 0 0 1 1 1 0 0 0 0 0 1 1 1 0 0 0 1 0 1 1 1 0 0 0 0 0 1]
16 12 0 0.08450710589936505 [0 1 0 0 0 0 1 1 1 0 0 0 0 0 1 1 1 0 0 0 1 0 1 1 1 0 0 0 0 0 1]
17 12 1 0.08450710589936505 [0 1 0 0 0 0 1 1 1 0 0 0 0 0 1 1 1 0 0 0 1 0 1 1 1 0 0 0 0 0 1]
18 12 1 0.08450710589936505 [0 1 0 0 0 0 1 1 1 0 0 0 0 0 1 1 1 0 0 0 1 0 1 1 1 0 0 0 0 0 1]
19 12 1 0.08450710589936505 [0 1 0 0 0 0 1 1 1 0 0 0 0 0 1 1 1 0 0 0 1 0 1 1 1 0 0 0 0 0 1]
20 12 1 0.08450710589936505 [0 1 0 0 0 0 1 1 1 0 0 0 0 0 1 1 1 0 0 0 1 0 1 1 1 0 0 0 0 0 1]
21 12 0 0.08450710589936505 [0 1 0 0 0 0 1 1 1 0 0 0 0 0 1 1 1 0 0 0 1 0 1 1 1 0 0 0 0 0 1]
22 12 0 0.08450710589936505 [0 1 0 0 0 0 1 1 1 0 0 0 0 0 1 1 1 0 0 0 1 0 1 1 1 0 0 0 0 0 1]
23 12 0 0.08450710589936505 [0 1 0 0 0 0 1 1 1 0 0 0 0 0 1 1 1 0 0 0 1 0 1 1 1 0 0 0 0 0 1]
24 12 0 0.08450710589936505 [0 1 0 0 0 0 1 1 1 0 0 0 0 0 1 1 1 0 0 0 1 0 1 1 1 0 0 0 0 0 1]
25 12 0 0.08450710589936505 [0 1 0 0 0 0 1 1 1 0 0 0 0 0 1 1 1 0 0 0 1 0 1 1 1 0 0 0 0 0 1]
26 12 0 0.08450710589936505 [0 1 0 0 0 0 1 1 1 0 0 0 0 0 1 1 1 0 0 0 1 0 1 1 1 0 0 0 0 0 1]
27 12 0 0.08450710589936505 [0 1 0 0 0 0 1 1 1 0 0 0 0 0 1 1 1 0 0 0 1 0 1 1 1 0 0 0 0 0 1]
28 12 0 0.08450710589936505 [0 1 0 0 0 0 1 1 1 0 0 0 0 0 1 1 1 0 0 0 1 0 1 1 1 0 0 0 0 0 1]
29 12 0 0.08450710589936505 [0 1 0 0 0 0 1 1 1 0 0 0 0 0 1 1 1 0 0 0 1 0 1 1 1 0 0 0 0 0 1]
30 12 0 0.08450710589936505 [0 1 0 0 0 0 1 1 1 0 0 0 0 0 1 1 1 0 0 0 1 0 1 1 1 0 0 0 0 0 1]
31 12 0 0.08450710589936505 [0 1 0 0 0 0 1 1 1 0 0 0 0 0 1 1 1 0 0 0 1 0 1 1 1 0 0 0 0 0 1]
32 12 0 0.08450710589936505 [0 1 0 0 0 0 1 1 1 0 0 0 0 0 1 1 1 0 0 0 1 0 1 1 1 0 0 0 0 0 1]
33 12 0 0.08450710589936505 [0 1 0 0 0 0 1 1 1 0 0 0 0 0 1 1 1 0 0 0 1 0 1 1 1 0 0 0 0 0 1]
34 12 0 0.08450710589936505 [0 1 0 0 0 0 1 1 1 0 0 0 0 0 1 1 1 0 0 0 1 0 1 1 1 0 0 0 0 0 1]
35 12 0 0.08450710589936505 [0 1 0 0 0 0 1 1 1 0 0 0 0 0 1 1 1 0 0 0 1 0 1 1 1 0 0 0 0 0 1]
36 12 0 0.08450710589936505 [0 1 0 0 0 0 1 1 1 0 0 0 0 0 1 1 1 0 0 0 1 0 1 1 1 0 0 0 0 0 1]
37 12 0 0.08450710589936505 [0 1 0 0 0 0 1 1 1 0 0 0 0 0 1 1 1 0 0 0 1 0 1 1 1 0 0 0 0 0 1]
38 12 0 0.08450710589936505 [0 1 0 0 0 0 1 1 1 0 0 0 0 0 1 1 1 0 0 0 1 0 1 1 1 0 0 0 0 0 1]
39 12 0 0.08450710589936505 [0 1 0 0 0 0 1 1 1 0 0 0 0 0 1 1 1 0 0 0 1 0 1 1 1 0 0 0 0 0 1]
40 12 0 0.08450710589936505 [0 1 0 0 0 0 1 1 1 0 0 0 0 0 1 1 1 0 0 0 1 0 1 1 1 0 0 0 0 0 1]
41 12 0 0.08450710589936505 [0 1 0 0 0 0 1 1 1 0 0 0 0 0 1 1 1 0 0 0 1 0 1 1 1 0 0 0 0 0 1]
42 12 0 0.08450710589936505 [0 1 0 0 0 0 1 1 1 0 0 0 0 0 1 1 1 0 0 0 1 0 1 1 1 0 0 0 0 0 1]
43 12 0 0.08450710589936505 [0 1 0 0 0 0 1 1 1 0 0 0 0 0 1 1 1 0 0 0 1 0 1 1 1 0 0 0 0 0 1]
44 12 0 0.08450710589936505 [0 1 0 0 0 0 1 1 1 0 0 0 0 0 1 1 1 0 0 0 1 0 1 1 1 0 0 0 0 0 1]
45 12 0 0.08450710589936505 [0 1 0 0 0 0 1 1 1 0 0 0 0 0 1 1 1 0 0 0 1 0 1 1 1 0 0 0 0 0 1]
46 12 0 0.08450710589936505 [0 1 0 0 0 0 1 1 1 0 0 0 0 0 1 1 1 0 0 0 1 0 1 1 1 0 0 0 0 0 1]
47 12 0 0.08450710589936505 [0 1 0 0 0 0 1 1 1 0 0 0 0 0 1 1 1 0 0 0 1 0 1 1 1 0 0 0 0 0 1]
48 12 0 0.08450710589936505 [0 1 0 0 0 0 1 1 1 0 0 0 0 0 1 1 1 0 0 0 1 0 1 1 1 0 0 0 0 0 1]
49 12 0 0.08450710589936505 [0 1 0 0 0 0 1 1 1 0 0 0 0 0 1 1 1 0 0 0 1 0 1 1 1 0 0 0 0 0 1]
50 12 0 0.08450710589936505 [0 1 0 0 0 0 1 1 1 0 0 0 0 0 1 1 1 0 0 0 1 0 1 1 1 0 0 0 0 0 1]
51 12 0 0.08450710589936505 [0 1 0 0 0 0 1 1 1 0 0 0 0 0 1 1 1 0 0 0 1 0 1 1 1 0 0 0 0 0 1]
52 12 0 0.08450710589936505 [0 1 0 0 0 0 1 1 1 0 0 0 0 0 1 1 1 0 0 0 1 0 1 1 1 0 0 0 0 0 1]
53 12 0 0.08450710589936505 [0 1 0 0 0 0 1 1 1 0 0 0 0 0 1 1 1 0 0 0 1 0 1 1 1 0 0 0 0 0 1]
54 12 0 0.08450710589936505 [0 1 0 0 0 0 1 1 1 0 0 0 0 0 1 1 1 0 0 0 1 0 1 1 1 0 0 0 0 0 1]
55 12 0 0.08450710589936505 [0 1 0 0 0 0 1 1 1 0 0 0 0 0 1 1 1 0 0 0 1 0 1 1 1 0 0 0 0 0 1]
56 12 0 0.08450710589936505 [0 1 0 0 0 0 1 1 1 0 0 0 0 0 1 1 1 0 0 0 1 0 1 1 1 0 0 0 0 0 1]
57 12 0 0.08450710589936505 [0 1 0 0 0 0 1 1 1 0 0 0 0 0 1 1 1 0 0 0 1 0 1 1 1 0 0 0 0 0 1]
58 12 0 0.08450710589936505 [0 1 0 0 0 0 1 1 1 0 0 0 0 0 1 1 1 0 0 0 1 0 1 1 1 0 0 0 0 0 1]
59 12 0 0.08450710589936505 [0 1 0 0 0 0 1 1 1 0 0 0 0 0 1 1 1 0 0 0 1 0 1 1 1 0 0 0 0 0 1]
60 12 0 0.08450710589936505 [0 1 0 0 0 0 1 1 1 0 0 0 0 0 1 1 1 0 0 0 1 0 1 1 1 0 0 0 0 0 1]
61 12 0 0.08450710589936505 [0 1 0 0 0 0 1 1 1 0 0 0 0 0 1 1 1 0 0 0 1 0 1 1 1 0 0 0 0 0 1]
62 12 0 0.08450710589936505 [0 1 0 0 0 0 1 1 1 0 0 0 0 0 1 1 1 0 0 0 1 0 1 1 1 0 0 0 0 0 1]
63 12 0 0.08450710589936505 [0 1 0 0 0 0 1 1 1 0 0 0 0 0 1 1 1 0 0 0 1 0 1 1 1 0 0 0 0 0 1]
64 12 0 0.08450710589936505 [0 1 0 0 0 0 1 1 1 0 0 0 0 0 1 1 1 0 0 0 1 0 1 1 1 0 0 0 0 0 1]
65 12 0 0.08450710589936505 [0 1 0 0 0 0 1 1 1 0 0 0 0 0 1 1 1 0 0 0 1 0 1 1 1 0 0 0 0 0 1]
66 12 0 0.08450710589936505 [0 1 0 0 0 0 1 1 1 0 0 0 0 0 1 1 1 0 0 0 1 0 1 1 1 0 0 0 0 0 1]
67 12 0 0.08450710589936505 [0 1 0 0 0 0 1 1 1 0 0 0 0 0 1 1 1 0 0 0 1 0 1 1 1 0 0 0 0 0 1]
68 12 0 0.08450710589936505 [0 1 0 0 0 0 1 1 1 0 0 0 0 0 1 1 1 0 0 0 1 0 1 1 1 0 0 0 0 0 1]
69 12 0 0.08450710589936505 [0 1 0 0 0 0 1 1 1 0 0 0 0 0 1 1 1 0 0 0 1 0 1 1 1 0 0 0 0 0 1]
70 12 0 0.08450710589936505 [0 1 0 0 0 0 1 1 1 0 0 0 0 0 1 1 1 0 0 0 1 0 1 1 1 0 0 0 0 0 1]
71 12 0 0.08450710589936505 [0 1 0 0 0 0 1 1 1 0 0 0 0 0 1 1 1 0 0 0 1 0 1 1 1 0 0 0 0 0 1]
72 12 0 0.08450710589936505 [0 1 0 0 0 0 1 1 1 0 0 0 0 0 1 1 1 0 0 0 1 0 1 1 1 0 0 0 0 0 1]
73 12 0 0.08450710589936505 [0 1 0 0 0 0 1 1 1 0 0 0 0 0 1 1 1 0 0 0 1 0 1 1 1 0 0 0 0 0 1]
74 12 0 0.08450710589936505 [0 1 0 0 0 0 1 1 1 0 0 0 0 0 1 1 1 0 0 0 1 0 1 1 1 0 0 0 0 0 1]
75 12 0 0.08450710589936505 [0 1 0 0 0 0 1 1 1 0 0 0 0 0 1 1 1 0 0 0 1 0 1 1 1 0 0 0 0 0 1]
76 12 0 0.08450710589936505 [0 1 0 0 0 0 1 1 1 0 0 0 0 0 1 1 1 0 0 0 1 0 1 1 1 0 0 0 0 0 1]
77 12 0 0.08450710589936505 [0 1 0 0 0 0 1 1 1 0 0 0 0 0 1 1 1 0 0 0 1 0 1 1 1 0 0 0 0 0 1]
78 12 0 0.08450710589936505 [0 1 0 0 0 0 1 1 1 0 0 0 0 0 1 1 1 0 0 0 1 0 1 1 1 0 0 0 0 0 1]
79 12 0 0.08450710589936505 [0 1 0 0 0 0 1 1 1 0 0 0 0 0 1 1 1 0 0 0 1 0 1 1 1 0 0 0 0 0 1]
80 12 0 0.08450710589936505 [0 1 0 0 0 0 1 1 1 0 0 0 0 0 1 1 1 0 0 0 1 0 1 1 1 0 0 0 0 0 1]
81 12 0 0.08450710589936505 [0 1 0 0 0 0 1 1 1 0 0 0 0 0 1 1 1 0 0 0 1 0 1 1 1 0 0 0 0 0 1]
82 12 0 0.08450710589936505 [0 1 0 0 0 0 1 1 1 0 0 0 0 0 1 1 1 0 0 0 1 0 1 1 1 0 0 0 0 0 1]
83 12 0 0.08450710589936505 [0 1 0 0 0 0 1 1 1 0 0 0 0 0 1 1 1 0 0 0 1 0 1 1 1 0 0 0 0 0 1]
84 12 0 0.08450710589936505 [0 1 0 0 0 0 1 1 1 0 0 0 0 0 1 1 1 0 0 0 1 0 1 1 1 0 0 0 0 0 1]
85 12 0 0.08450710589936505 [0 1 0 0 0 0 1 1 1 0 0 0 0 0 1 1 1 0 0 0 1 0 1 1 1 0 0 0 0 0 1]
86 12 0 0.08450710589936505 [0 1 0 0 0 0 1 1 1 0 0 0 0 0 1 1 1 0 0 0 1 0 1 1 1 0 0 0 0 0 1]
87 12 0 0.08450710589936505 [0 1 0 0 0 0 1 1 1 0 0 0 0 0 1 1 1 0 0 0 1 0 1 1 1 0 0 0 0 0 1]
88 12 0 0.08450710589936505 [0 1 0 0 0 0 1 1 1 0 0 0 0 0 1 1 1 0 0 0 1 0 1 1 1 0 0 0 0 0 1]
89 12 0 0.08450710589936505 [0 1 0 0 0 0 1 1 1 0 0 0 0 0 1 1 1 0 0 0 1 0 1 1 1 0 0 0 0 0 1]
90 12 0 0.08450710589936505 [0 1 0 0 0 0 1 1 1 0 0 0 0 0 1 1 1 0 0 0 1 0 1 1 1 0 0 0 0 0 1]
91 12 0 0.08450710589936505 [0 1 0 0 0 0 1 1 1 0 0 0 0 0 1 1 1 0 0 0 1 0 1 1 1 0 0 0 0 0 1]
92 12 0 0.08450710589936505 [0 1 0 0 0 0 1 1 1 0 0 0 0 0 1 1 1 0 0 0 1 0 1 1 1 0 0 0 0 0 1]
93 12 0 0.08450710589936505 [0 1 0 0 0 0 1 1 1 0 0 0 0 0 1 1 1 0 0 0 1 0 1 1 1 0 0 0 0 0 1]
94 12 0 0.08450710589936505 [0 1 0 0 0 0 1 1 1 0 0 0 0 0 1 1 1 0 0 0 1 0 1 1 1 0 0 0 0 0 1]
95 12 0 0.08450710589936505 [0 1 0 0 0 0 1 1 1 0 0 0 0 0 1 1 1 0 0 0 1 0 1 1 1 0 0 0 0 0 1]
96 12 0 0.08450710589936505 [0 1 0 0 0 0 1 1 1 0 0 0 0 0 1 1 1 0 0 0 1 0 1 1 1 0 0 0 0 0 1]
97 12 0 0.08450710589936505 [0 1 0 0 0 0 1 1 1 0 0 0 0 0 1 1 1 0 0 0 1 0 1 1 1 0 0 0 0 0 1]
98 12 0 0.08450710589936505 [0 1 0 0 0 0 1 1 1 0 0 0 0 0 1 1 1 0 0 0 1 0 1 1 1 0 0 0 0 0 1]
99 12 0 0.08450710589936505 [0 1 0 0 0 0 1 1 1 0 0 0 0 0 1 1 1 0 0 0 1 0 1 1 1 0 0 0 0 0 1]
100 12 0 0.08450710589936505 [0 1 0 0 0 0 1 1 1 0 0 0 0 0 1 1 1 0 0 0 1 0 1 1 1 0 0 0 0 0 1]
101 12 0 0.08450710589936505 [0 1 0 0 0 0 1 1 1 0 0 0 0 0 1 1 1 0 0 0 1 0 1 1 1 0 0 0 0 0 1]
102 12 0 0.08450710589936505 [0 1 0 0 0 0 1 1 1 0 0 0 0 0 1 1 1 0 0 0 1 0 1 1 1 0 0 0 0 0 1]
103 12 0 0.08450710589936505 [0 1 0 0 0 0 1 1 1 0 0 0 0 0 1 1 1 0 0 0 1 0 1 1 1 0 0 0 0 0 1]
104 12 0 0.08450710589936505 [0 1 0 0 0 0 1 1 1 0 0 0 0 0 1 1 1 0 0 0 1 0 1 1 1 0 0 0 0 0 1]
105 12 0 0.08450710589936505 [0 1 0 0 0 0 1 1 1 0 0 0 0 0 1 1 1 0 0 0 1 0 1 1 1 0 0 0 0 0 1]
106 12 0 0.08450710589936505 [0 1 0 0 0 0 1 1 1 0 0 0 0 0 1 1 1 0 0 0 1 0 1 1 1 0 0 0 0 0 1]
107 12 0 0.08450710589936505 [0 1 0 0 0 0 1 1 1 0 0 0 0 0 1 1 1 0 0 0 1 0 1 1 1 0 0 0 0 0 1]
108 12 0 0.08450710589936505 [0 1 0 0 0 0 1 1 1 0 0 0 0 0 1 1 1 0 0 0 1 0 1 1 1 0 0 0 0 0 1]
109 12 0 0.08450710589936505 [0 1 0 0 0 0 1 1 1 0 0 0 0 0 1 1 1 0 0 0 1 0 1 1 1 0 0 0 0 0 1]
110 12 0 0.08450710589936505 [0 1 0 0 0 0 1 1 1 0 0 0 0 0 1 1 1 0 0 0 1 0 1 1 1 0 0 0 0 0 1]
111 12 0 0.08450710589936505 [0 1 0 0 0 0 1 1 1 0 0 0 0 0 1 1 1 0 0 0 1 0 1 1 1 0 0 0 0 0 1]
112 12 0 0.08450710589936505 [0 1 0 0 0 0 1 1 1 0 0 0 0 0 1 1 1 0 0 0 1 0 1 1 1 0 0 0 0 0 1]
113 12 0 0.08450710589936505 [0 1 0 0 0 0 1 1 1 0 0 0 0 0 1 1 1 0 0 0 1 0 1 1 1 0 0 0 0 0 1]
114 12 0 0.08450710589936505 [0 1 0 0 0 0 1 1 1 0 0 0 0 0 1 1 1 0 0 0 1 0 1 1 1 0 0 0 0 0 1]
115 12 0 0.08450710589936505 [0 1 0 0 0 0 1 1 1 0 0 0 0 0 1 1 1 0 0 0 1 0 1 1 1 0 0 0 0 0 1]
116 12 0 0.08450710589936505 [0 1 0 0 0 0 1 1 1 0 0 0 0 0 1 1 1 0 0 0 1 0 1 1 1 0 0 0 0 0 1]
117 12 0 0.08450710589936505 [0 1 0 0 0 0 1 1 1 0 0 0 0 0 1 1 1 0 0 0 1 0 1 1 1 0 0 0 0 0 1]
118 12 0 0.08450710589936505 [0 1 0 0 0 0 1 1 1 0 0 0 0 0 1 1 1 0 0 0 1 0 1 1 1 0 0 0 0 0 1]
119 12 0 0.08450710589936505 [0 1 0 0 0 0 1 1 1 0 0 0 0 0 1 1 1 0 0 0 1 0 1 1 1 0 0 0 0 0 1]
120 12 0 0.08450710589936505 [0 1 0 0 0 0 1 1 1 0 0 0 0 0 1 1 1 0 0 0 1 0 1 1 1 0 0 0 0 0 1]
121 12 0 0.08450710589936505 [0 1 0 0 0 0 1 1 1 0 0 0 0 0 1 1 1 0 0 0 1 0 1 1 1 0 0 0 0 0 1]
122 12 0 0.08450710589936505 [0 1 0 0 0 0 1 1 1 0 0 0 0 0 1 1 1 0 0 0 1 0 1 1 1 0 0 0 0 0 1]
123 12 0 0.08450710589936505 [0 1 0 0 0 0 1 1 1 0 0 0 0 0 1 1 1 0 0 0 1 0 1 1 1 0 0 0 0 0 1]
124 12 0 0.08450710589936505 [0 1 0 0 0 0 1 1 1 0 0 0 0 0 1 1 1 0 0 0 1 0 1 1 1 0 0 0 0 0 1]
125 12 0 0.08450710589936505 [0 1 0 0 0 0 1 1 1 0 0 0 0 0 1 1 1 0 0 0 1 0 1 1 1 0 0 0 0 0 1]
126 12 0 0.08450710589936505 [0 1 0 0 0 0 1 1 1 0 0 0 0 0 1 1 1 0 0 0 1 0 1 1 1 0 0 0 0 0 1]
127 12 0 0.08450710589936505 [0 1 0 0 0 0 1 1 1 0 0 0 0 0 1 1 1 0 0 0 1 0 1 1 1 0 0 0 0 0 1]
128 12 0 0.08450710589936505 [0 1 0 0 0 0 1 1 1 0 0 0 0 0 1 1 1 0 0 0 1 0 1 1 1 0 0 0 0 0 1]
129 12 0 0.08450710589936505 [0 1 0 0 0 0 1 1 1 0 0 0 0 0 1 1 1 0 0 0 1 0 1 1 1 0 0 0 0 0 1]
130 12 0 0.08450710589936505 [0 1 0 0 0 0 1 1 1 0 0 0 0 0 1 1 1 0 0 0 1 0 1 1 1 0 0 0 0 0 1]
131 12 0 0.08450710589936505 [0 1 0 0 0 0 1 1 1 0 0 0 0 0 1 1 1 0 0 0 1 0 1 1 1 0 0 0 0 0 1]
132 12 0 0.08450710589936505 [0 1 0 0 0 0 1 1 1 0 0 0 0 0 1 1 1 0 0 0 1 0 1 1 1 0 0 0 0 0 1]
133 12 0 0.08450710589936505 [0 1 0 0 0 0 1 1 1 0 0 0 0 0 1 1 1 0 0 0 1 0 1 1 1 0 0 0 0 0 1]
134 12 0 0.08450710589936505 [0 1 0 0 0 0 1 1 1 0 0 0 0 0 1 1 1 0 0 0 1 0 1 1 1 0 0 0 0 0 1]
135 12 0 0.08450710589936505 [0 1 0 0 0 0 1 1 1 0 0 0 0 0 1 1 1 0 0 0 1 0 1 1 1 0 0 0 0 0 1]
136 12 0 0.08450710589936505 [0 1 0 0 0 0 1 1 1 0 0 0 0 0 1 1 1 0 0 0 1 0 1 1 1 0 0 0 0 0 1]
137 12 0 0.08450710589936505 [0 1 0 0 0 0 1 1 1 0 0 0 0 0 1 1 1 0 0 0 1 0 1 1 1 0 0 0 0 0 1]
138 12 0 0.08450710589936505 [0 1 0 0 0 0 1 1 1 0 0 0 0 0 1 1 1 0 0 0 1 0 1 1 1 0 0 0 0 0 1]
139 12 0 0.08450710589936505 [0 1 0 0 0 0 1 1 1 0 0 0 0 0 1 1 1 0 0 0 1 0 1 1 1 0 0 0 0 0 1]
140 12 0 0.08450710589936505 [0 1 0 0 0 0 1 1 1 0 0 0 0 0 1 1 1 0 0 0 1 0 1 1 1 0 0 0 0 0 1]
141 12 0 0.08450710589936505 [0 1 0 0 0 0 1 1 1 0 0 0 0 0 1 1 1 0 0 0 1 0 1 1 1 0 0 0 0 0 1]
142 12 0 0.08450710589936505 [0 1 0 0 0 0 1 1 1 0 0 0 0 0 1 1 1 0 0 0 1 0 1 1 1 0 0 0 0 0 1]
143 12 0 0.08450710589936505 [0 1 0 0 0 0 1 1 1 0 0 0 0 0 1 1 1 0 0 0 1 0 1 1 1 0 0 0 0 0 1]
144 12 0 0.08450710589936505 [0 1 0 0 0 0 1 1 1 0 0 0 0 0 1 1 1 0 0 0 1 0 1 1 1 0 0 0 0 0 1]
145 12 0 0.08450710589936505 [0 1 0 0 0 0 1 1 1 0 0 0 0 0 1 1 1 0 0 0 1 0 1 1 1 0 0 0 0 0 1]
146 12 0 0.08450710589936505 [0 1 0 0 0 0 1 1 1 0 0 0 0 0 1 1 1 0 0 0 1 0 1 1 1 0 0 0 0 0 1]
147 12 0 0.08450710589936505 [0 1 0 0 0 0 1 1 1 0 0 0 0 0 1 1 1 0 0 0 1 0 1 1 1 0 0 0 0 0 1]
148 12 0 0.08450710589936505 [0 1 0 0 0 0 1 1 1 0 0 0 0 0 1 1 1 0 0 0 1 0 1 1 1 0 0 0 0 0 1]
149 12 0 0.08450710589936505 [0 1 0 0 0 0 1 1 1 0 0 0 0 0 1 1 1 0 0 0 1 0 1 1 1 0 0 0 0 0 1]
150 12 0 0.08450710589936505 [0 1 0 0 0 0 1 1 1 0 0 0 0 0 1 1 1 0 0 0 1 0 1 1 1 0 0 0 0 0 1]
