[0 0 1 0 1 0 0 1 1 0 0 0 0 0 1 0 0 1 1 1 0 1 1 0 0 1 1 0 1 0 1] 0.8021796598839271
[1 1 0 1 1 0 0 1 1 1 0 1 1 0 0 1 0 0 1 1 1 0 0 1 0 0 0 0 1 0 0] 0.14145061916671747
[0 1 0 1 1 0 1 0 1 1 0 0 1 0 1 1 1 0 0 1 0 0 0 0 1 0 1 1 1 1 0] 0.8494144109206546
[0 0 1 0 1 1 1 1 1 1 0 1 1 0 1 0 1 1 1 0 0 1 1 0 0 1 1 1 0 1 1] 0.8372684523398759
[0 1 0 1 0 0 0 0 1 1 0 0 1 1 1 1 1 1 0 1 0 1 0 0 0 0 0 0 1 1 1] 0.6486251629321581
[0 1 1 0 0 0 1 0 1 1 1 1 0 1 0 0 0 0 1 0 0 1 0 1 1 0 0 0 1 1 0] 0.8174427271784898
[1 1 1 1 0 0 0 0 1 0 1 0 1 0 1 0 0 0 1 1 0 0 0 0 0 0 0 1 0 1 0] 0.16301749689262837
[1 1 1 1 1 0 0 1 1 0 1 1 1 1 0 1 0 1 0 0 1 1 1 1 1 0 0 0 1 1 1] 0.33523965886806223
[1 0 1 0 1 1 1 1 1 0 1 1 1 1 0 1 1 1 0 1 0 0 0 0 1 1 0 1 1 1 1] 0.1039816671440848
[0 0 0 0 0 1 1 1 1 0 0 1 1 1 0 1 0 1 0 1 1 0 1 0 0 0 0 0 1 0 1] 0.5286128845037725
[1 1 1 1 1 1 0 1 1 0 0 1 0 0 1 1 0 1 0 1 0 0 1 1 0 1 0 1 1 1 1] 0.16301749689262837
[0 1 0 1 1 1 1 1 0 1 0 1 0 1 1 1 0 1 1 1 0 0 0 0 0 0 1 1 1 0 0] 0.7917553328193266
[0 0 1 0 0 0 0 1 0 0 0 1 0 0 0 1 1 1 0 1 1 0 1 0 0 1 0 1 1 0 0] 0.4139437609544211
[1 1 0 0 1 0 1 1 0 1 0 0 1 0 0 1 0 0 0 0 1 1 1 0 0 1 1 0 1 0 0] 0.1629523124850228
[1 0 0 1 0 0 1 1 0 0 1 0 0 1 0 0 0 1 0 0 0 1 0 0 0 1 1 1 0 1 1] 0.15748155302732508
[0 0 0 1 0 1 0 0 0 1 0 1 0 0 0 0 0 1 0 1 0 1 1 0 1 1 1 0 1 1 1] 0.8892699383072707
[0 0 0 0 0 1 1 1 0 1 0 0 1 1 0 0 0 0 0 0 0 1 1 1 0 1 0 0 1 0 0] 0.9152340040696361
[0 0 0 1 1 1 0 1 0 0 0 1 1 1 1 1 0 1 0 1 0 1 0 0 0 1 1 0 0 0 0] 0.7581005382052503
[1 0 1 1 0 0 1 0 1 0 1 0 0 0 0 0 0 0 1 0 1 1 0 0 1 1 0 0 0 1 0] 0.018585305499249742
[1 0 0 1 0 1 0 0 1 1 0 1 0 1 1 0 1 1 0 1 1 0 1 0 1 1 1 1 0 1 0] 0.16477399242930307
[1 1 0 0 0 1 0 1 0 1 0 0 1 1 1 1 1 0 0 1 0 0 1 0 0 1 0 0 0 0 0] 0.3119149940968123
[1 0 0 0 1 0 1 1 1 0 1 1 1 0 1 0 0 1 0 0 1 0 0 0 0 1 1 0 1 1 0] 0.018585305499249742
[1 0 1 1 1 1 1 0 1 1 1 1 1 0 0 1 1 0 1 1 0 0 0 0 1 0 1 1 0 1 0] 0.018585305499249742
[1 1 0 0 1 1 1 1 1 1 0 0 1 1 0 1 0 0 0 0 0 0 0 1 1 0 1 0 0 0 0] 0.246471489636261
[1 0 1 0 1 0 0 0 0 1 1 0 1 1 1 0 1 0 1 1 0 1 0 1 0 1 1 0 1 0 1] 0.22034392305450307
[0 0 1 0 0 0 1 0 0 1 1 0 0 0 1 1 1 0 0 0 1 0 0 0 1 0 0 1 0 1 1] 0.813799977623857
[1 1 0 1 1 0 0 1 1 1 1 1 0 1 0 1 1 0 0 0 0 1 1 1 1 0 0 1 0 1 1] 0.3300206811984114
[0 0 1 1 1 0 1 1 1 1 0 1 1 1 1 1 1 1 0 0 0 1 0 0 0 1 1 0 0 1 1] 0.8612837633214601
[1 0 1 1 1 0 0 1 1 1 0 1 0 0 0 0 0 0 1 0 1 0 1 1 0 1 1 0 0 1 0] 0.018585305499249742
[1 0 1 0 0 1 1 1 0 1 0 1 1 1 0 0 1 0 0 0 0 0 1 0 1 0 0 0 1 0 0] 0.09594833921665483
[1 0 1 0 0 1 1 1 1 0 1 0 0 1 0 0 0 0 0 1 0 1 0 0 1 1 1 1 1 0 0] 0.16477399242930307
[0 1 0 1 0 1 0 1 1 1 1 1 1 0 1 0 0 1 0 0 0 0 1 1 1 1 0 0 1 1 0] 0.8797873286437052
[0 1 1 1 0 0 0 0 1 0 1 1 1 1 0 1 0 1 1 0 1 0 1 1 0 1 1 1 1 1 1] 0.8836310417292105
[1 0 0 0 1 0 0 0 1 1 0 0 1 1 0 1 1 1 0 0 0 0 0 1 1 1 1 1 0 0 1] 0.1039816671440848
[0 0 0 1 1 0 1 1 1 1 0 1 0 1 0 0 0 1 1 0 1 1 0 0 0 0 0 0 0 0 0] 0.8330084728907277
[1 1 1 0 0 0 0 1 1 0 0 0 0 0 0 1 0 0 1 0 0 1 1 0 1 1 0 0 0 0 1] 0.17698948507445134
[0 0 0 1 1 0 0 1 0 0 0 1 1 0 0 0 0 1 0 1 0 1 1 1 1 0 0 0 0 1 1] 0.8988043914292433
[1 1 0 0 1 0 1 1 0 1 1 1 0 0 1 0 1 1 0 0 1 1 0 0 0 1 1 1 1 0 0] 0.20411589862273957
[0 1 1 1 0 0 0 0 0 0 1 0 0 0 1 0 0 1 1 1 0 0 0 0 1 0 0 1 0 1 1] 0.6614507240081906
[0 1 0 0 0 1 1 0 1 0 1 0 1 1 0 1 1 1 1 1 1 0 1 0 1 0 0 0 1 0 1] 0.8582852065748555
[0 1 1 1 1 0 0 0 1 1 0 1 0 1 0 1 0 1 0 0 0 1 1 1 1 0 1 1 0 0 0] 0.8776290630975143
[0 1 0 1 1 1 0 0 1 1 0 1 0 1 0 1 0 0 0 0 0 1 0 0 1 0 0 1 1 0 1] 0.8857808857808859
[0 0 0 1 0 0 0 1 1 1 0 1 0 1 0 0 0 1 1 0 1 1 1 1 1 0 1 0 1 1 1] 0.8578984961680276
[0 0 1 1 1 1 0 1 1 0 0 1 1 1 1 1 0 1 1 1 1 0 1 1 0 1 1 1 0 0 0] 0.8479349980956473
[1 0 1 0 0 1 1 1 1 0 0 1 0 1 0 0 1 0 0 0 0 1 0 0 0 1 0 0 1 1 0] 0.15748155302732508
[1 0 1 1 0 1 1 1 1 0 1 1 1 0 1 0 0 0 0 1 1 0 1 1 0 0 1 1 1 1 1] 0.018585305499249742
[0 1 1 1 0 1 0 0 0 1 0 0 0 1 0 0 0 1 0 0 0 1 1 0 0 1 1 1 1 1 1] 0.7232950522039602
[0 1 1 0 0 1 0 1 0 0 1 0 0 0 0 0 1 1 0 1 0 1 1 0 0 1 0 0 1 1 1] 0.638065914015281
[0 0 1 1 1 0 1 1 1 0 0 1 0 1 0 1 1 0 1 0 0 1 0 1 1 0 0 0 1 1 1] 0.8736138120760801
[0 1 1 1 1 0 1 1 0 0 0 0 0 0 1 0 1 0 1 0 0 0 0 0 0 1 1 0 0 0 0] 0.7262198756706121
[0 0 1 0 0 0 1 1 1 0 0 0 1 1 1 1 1 1 1 1 0 0 0 1 1 1 1 0 1 0 0] 0.8503768960527021
[0 0 0 0 0 0 1 1 1 0 1 0 1 1 0 0 1 0 1 0 0 1 0 1 0 0 1 0 1 0 0] 0.859225969466974
[0 0 1 1 0 1 0 0 0 0 1 1 1 0 1 0 1 1 1 1 1 1 1 0 0 0 1 0 0 0 1] 0.7935548841893252
[1 1 1 0 0 0 0 0 1 1 1 0 1 1 0 1 0 1 1 0 0 0 0 1 1 0 0 0 0 0 0] 0.246471489636261
[0 0 1 0 1 1 1 0 0 0 0 1 0 1 1 1 0 0 0 1 1 0 0 1 1 1 0 1 1 0 1] 0.849312400171413
[0 0 1 0 0 1 1 1 0 0 1 0 1 0 1 1 1 1 1 1 1 0 1 1 1 0 1 0 1 1 0] 0.8450831330619452
[1 1 0 1 1 0 1 0 1 0 0 0 1 1 1 0 1 1 0 1 1 0 0 1 1 1 0 1 1 1 0] 0.3243407651824475
[0 0 0 0 1 1 0 1 1 1 1 1 1 1 0 0 1 0 0 1 1 1 1 0 1 0 0 1 1 0 1] 0.829648998492999
[0 1 0 1 1 0 0 0 1 0 1 1 1 0 1 1 0 1 1 0 0 1 0 1 0 0 0 1 1 1 1] 0.7521624043852518
[0 0 0 0 0 0 0 0 0 1 1 1 1 1 1 1 0 0 0 1 0 1 1 1 1 1 1 1 1 1 1] 0.880740117746005
[0 0 0 0 0 0 0 0 1 0 0 1 1 1 1 0 0 1 0 0 1 1 1 0 1 0 0 1 0 0 1] 0.8876193668840995
[1 0 1 1 1 1 1 1 1 1 1 0 1 1 1 1 0 0 1 1 0 0 0 1 1 1 1 1 0 0 1] 0.15748155302732508
[1 1 0 0 0 1 0 1 1 1 0 1 0 1 0 1 0 0 1 0 1 1 1 0 0 0 1 1 1 0 1] 0.31765676567656764
[1 1 1 1 1 0 0 1 1 1 1 1 0 0 0 1 0 0 1 1 0 0 1 0 1 1 0 0 1 0 0] 0.1349755984197072
[0 1 1 0 1 1 0 1 0 0 1 1 1 0 0 0 1 0 0 1 0 1 1 1 0 1 1 0 0 0 0] 0.7344670926618719
[1 0 0 0 1 1 0 1 1 1 0 1 0 1 0 0 1 1 0 1 1 1 1 1 0 1 1 1 1 1 0] 0.16477399242930307
[0 1 0 1 0 1 1 0 1 1 1 0 1 1 1 1 1 0 0 0 0 1 0 0 1 1 0 0 0 1 1] 0.6971067790542519
[1 1 0 0 1 0 0 1 1 1 0 1 0 1 1 0 1 0 0 0 1 1 0 1 1 0 1 1 0 0 0] 0.39468644662617086
[0 1 1 0 0 0 1 1 1 0 1 0 0 1 1 1 1 0 0 1 1 0 1 0 0 0 0 0 0 1 0] 0.7125724835812168
[1 1 1 0 0 0 1 0 1 0 1 1 1 0 0 1 1 0 1 1 0 0 1 0 1 0 1 1 1 1 0] 0.14206631177630102
[1 1 1 0 1 0 1 1 1 0 0 0 1 1 0 0 1 0 0 1 0 1 1 0 1 0 1 1 0 0 0] 0.34060469674421984
[0 1 0 0 0 1 0 1 0 1 0 1 1 0 0 0 1 1 0 0 1 1 1 1 0 1 0 0 0 1 0] 0.6896815092033911
[0 1 1 0 0 1 1 1 1 1 0 1 1 1 1 0 0 0 1 0 1 0 1 1 0 1 0 1 1 0 0] 0.887445605076549
[0 0 0 1 0 0 0 1 0 1 1 1 1 0 0 0 0 1 0 0 0 0 0 1 1 1 0 0 1 1 1] 0.8385537414294875
[0 1 0 1 1 1 0 1 1 1 1 1 0 0 1 1 0 1 1 0 0 0 0 1 0 1 1 1 0 0 1] 0.8737506550651288
[1 1 0 1 0 1 0 0 1 0 0 1 0 1 0 1 0 1 1 0 0 1 1 0 0 1 1 0 1 0 1] 0.31765676567656764
[0 1 0 0 0 0 0 1 0 1 1 0 0 1 1 0 0 1 1 0 0 0 1 1 1 0 1 1 0 0 1] 0.778104076118877
[1 1 1 1 1 0 1 1 1 0 1 0 0 0 0 1 0 0 1 1 1 0 1 0 1 0 0 1 1 1 0] 0.1422925822734638
[1 1 0 0 0 0 1 1 0 1 0 1 0 0 1 1 0 0 1 1 0 1 0 1 0 1 1 0 0 1 0] 0.19744749041378123
[1 0 1 0 1 1 0 1 1 1 0 0 1 1 0 0 1 0 0 1 1 0 1 1 1 0 0 1 1 1 0] 0.1039816671440848
[1 0 0 0 0 0 0 0 1 0 1 0 0 1 1 1 1 0 1 1 1 0 1 0 0 0 1 0 0 1 0] 0.13509273784257636
[1 0 0 1 0 1 1 0 0 0 1 1 1 0 0 0 0 0 1 0 0 0 1 1 1 0 0 0 0 1 0] 0.018585305499249742
[0 1 0 0 0 1 1 0 0 0 1 0 1 1 0 0 1 1 1 1 1 1 1 1 1 0 1 1 1 0 1] 0.8377738624550375
[0 1 1 1 0 0 0 0 1 0 1 1 1 1 1 0 0 0 0 1 1 1 1 1 0 1 0 1 0 0 1] 0.774468085106383
[1 0 1 0 1 0 1 1 1 0 1 0 1 0 1 0 0 1 0 1 0 1 1 1 1 0 1 0 0 0 0] 0.14183430750289858
[0 0 1 1 0 1 0 1 0 1 1 0 1 0 1 1 0 1 0 1 0 1 1 0 1 0 0 0 0 0 0] 0.6787825075470131
[0 1 0 0 1 1 0 1 1 0 1 0 0 1 1 1 0 0 0 1 0 1 0 0 1 0 0 0 1 0 0] 0.6422638385693955
[0 0 1 1 1 0 0 0 0 1 0 1 1 1 1 1 0 1 1 0 0 1 1 0 0 0 1 1 1 1 0] 0.8210873865343334
[1 1 1 1 0 0 1 0 0 0 0 0 1 0 1 0 0 1 0 1 1 0 1 1 1 0 1 0 1 0 0] 0.17008276793009128
[1 0 1 1 1 1 0 0 0 0 1 0 0 1 0 0 1 0 0 1 0 1 1 0 1 1 1 1 1 1 1] 0.17198485667928612
[1 1 0 1 1 1 0 1 1 1 1 0 0 0 1 0 1 0 1 0 0 0 1 0 1 0 0 1 0 1 0] 0.17714111836715588
[1 0 0 1 0 1 1 1 0 0 0 1 1 0 1 1 0 0 1 1 0 0 1 0 0 0 1 0 1 0 0] 0.018585305499249742
[1 0 0 1 1 0 0 0 0 0 1 1 1 1 0 0 1 1 1 0 0 0 0 1 0 1 0 1 1 0 0] 0.07956680296165321
[0 0 1 1 0 1 1 1 1 1 0 1 0 0 0 1 0 0 1 0 1 1 1 0 1 0 0 1 0 0 1] 0.8554277526044692
[0 1 0 0 0 1 0 0 0 0 1 0 1 0 1 1 0 0 0 1 1 0 1 0 0 1 1 1 1 0 1] 0.6523896367057461
[1 0 0 1 0 1 0 0 0 0 0 0 1 0 0 0 1 0 0 1 1 0 1 1 0 0 0 0 0 1 0] 0.018585305499249742
[1 0 1 1 1 0 0 1 0 1 1 0 1 1 1 1 0 1 0 1 0 1 1 1 0 0 0 1 1 1 0] 0.22034392305450307
[0 0 0 0 0 0 1 0 1 1 0 1 1 1 0 0 1 0 1 1 0 1 1 0 0 1 1 1 1 0 1] 0.6583319359306392
[0 1 0 0 1 1 1 0 0 1 1 0 0 1 1 0 0 0 0 1 1 0 1 1 0 1 1 1 1 0 0] 0.8454671922095989
[0 1 1 1 1 1 0 0 1 1 0 0 1 0 0 1 0 1 1 0 0 0 0 0 0 1 1 1 0 1 0] 0.8186688604851818
[0 1 1 1 0 0 0 0 1 0 1 1 1 1 1 1 0 1 1 0 1 0 1 1 0 1 1 1 1 1 1] 0.887641025880202
[0 1 1 1 1 0 0 1 1 0 0 1 0 0 0 1 1 1 1 1 1 0 1 1 0 1 0 1 1 1 0] 0.8786342043315613
[1 1 0 0 1 1 1 1 1 1 0 1 0 1 0 1 0 0 1 0 1 1 1 1 1 0 1 1 1 1 1] 0.3300206811984114
[1 1 1 0 1 1 1 1 1 1 1 0 0 0 0 1 1 1 0 1 0 1 1 0 0 1 0 0 1 1 1] 0.1629523124850228
[1 1 1 0 1 0 1 1 1 0 0 0 1 1 0 1 1 0 0 1 0 1 1 0 1 0 1 1 1 1 0] 0.33503011249920034
[1 0 1 1 1 1 0 1 0 0 1 1 0 1 0 0 1 1 1 1 0 1 1 0 1 1 1 1 1 1 1] 0.17198485667928612
[1 1 1 1 1 0 1 1 1 1 0 1 0 0 1 1 0 0 1 1 1 1 0 1 0 1 1 1 1 1 0] 0.20411589862273957
[1 1 1 1 1 1 0 1 1 1 1 1 0 0 0 1 1 0 1 1 0 0 1 1 1 1 0 0 1 1 0] 0.1349755984197072
[0 1 0 0 0 1 0 1 1 1 1 0 1 1 1 0 0 1 1 1 0 0 1 1 1 0 1 1 0 1 1] 0.8260216583669275
[0 1 0 0 1 1 0 1 1 1 0 1 1 1 1 1 1 1 1 1 1 1 1 1 1 1 0 1 0 1 1] 0.8534528683115524
[0 1 1 1 0 1 1 1 1 0 1 1 1 1 1 0 1 1 0 1 1 1 1 1 1 1 0 1 1 0 1] 0.8715035831049173
[0 0 1 1 1 0 0 1 1 1 1 1 1 1 1 1 1 1 1 0 1 1 0 1 1 1 1 1 1 1 1] 0.8762877820349085
[1 1 1 1 1 0 1 1 0 1 1 1 0 0 1 0 1 0 1 0 0 0 0 0 0 1 1 0 0 0 0] 0.16301749689262837
[0 1 1 1 0 1 1 1 1 1 1 0 1 1 1 1 1 0 0 1 0 1 0 0 1 1 1 0 1 1 1] 0.7806424323346396
[0 0 1 0 1 1 1 1 1 1 1 1 1 0 1 0 1 1 1 1 1 1 1 0 0 1 1 1 0 1 1] 0.8190529932788522
[1 0 1 1 1 0 0 1 1 1 1 0 1 1 1 1 1 1 1 1 0 1 0 1 0 1 1 0 1 1 1] 0.22034392305450307
[1 1 1 1 1 1 1 1 1 1 0 1 1 1 1 1 1 1 1 0 0 1 0 0 0 1 1 1 1 1 1] 0.373422426842704
[1 0 1 1 0 1 1 1 1 0 1 1 1 1 1 0 0 0 0 1 1 0 1 1 0 0 1 1 1 1 1] 0.12745155095152186
[1 0 1 1 0 1 1 1 1 1 0 1 1 1 1 0 1 0 0 0 0 1 1 0 1 0 1 1 1 1 1] 0.246471489636261
[0 0 1 1 1 1 1 1 1 1 0 1 1 1 1 0 0 1 1 0 1 1 1 0 1 0 0 1 1 0 1] 0.8821625075765763
[1 1 1 0 1 1 1 1 1 1 0 1 1 1 1 1 1 1 0 0 1 1 1 1 1 1 1 0 1 1 0] 0.3997108035529849
[0 1 1 0 0 0 1 1 1 1 1 1 1 1 1 1 1 1 1 1 1 1 1 0 0 0 0 1 1 1 0] 0.6697422223213937
[0 0 0 1 1 1 1 1 1 0 1 0 1 1 0 0 1 1 1 1 1 1 0 1 1 1 1 1 1 0 1] 0.8536672977039949
[0 1 1 1 1 1 1 1 1 1 0 0 1 0 0 1 1 1 1 0 0 0 1 0 0 1 1 1 1 1 0] 0.8505780727012293
[1 1 1 1 1 1 1 1 1 1 1 1 1 1 1 1 1 1 1 1 0 0 0 0 0 0 1 1 1 0 0] 0.31228892087413807
[1 1 1 1 1 1 1 1 1 1 1 1 1 1 0 1 1 0 1 1 0 0 1 1 1 1 1 1 0 1 1] 0.24003414252471775
[1 1 1 0 0 1 1 0 0 0 1 1 1 0 1 1 1 1 0 1 1 1 1 1 0 1 1 1 1 1 1] 0.19744749041378123
[1 1 1 1 1 0 0 1 1 1 1 1 0 1 1 1 1 1 0 1 0 1 1 1 1 1 1 1 1 1 1] 0.39468644662617086
[1 0 1 1 1 1 1 1 0 0 0 1 1 1 1 1 0 0 1 1 0 0 1 1 0 0 1 0 1 1 0] 0.15748155302732508
[0 1 1 1 1 1 0 1 1 0 0 1 1 1 1 1 0 1 1 1 1 1 1 0 1 1 1 1 0 0 1] 0.8428999796213452
[1 1 1 0 1 1 1 1 0 1 1 1 0 1 1 1 1 1 1 1 1 1 1 1 1 1 0 1 1 1 1] 0.39468644662617086
[0 0 1 1 0 1 0 1 0 1 1 0 1 1 1 1 1 1 1 1 0 1 1 1 1 1 0 0 1 0 0] 0.8249094973393208
[1 1 1 0 1 0 1 0 1 1 1 1 1 1 1 1 0 1 1 0 1 0 0 1 1 0 1 1 1 1 0] 0.3243407651824475
[1 0 1 1 1 1 1 1 1 1 1 1 1 1 1 0 1 0 0 1 1 1 0 1 1 0 1 1 1 1 1] 0.2528482690326388
[1 1 1 1 1 0 1 0 1 0 0 0 1 1 1 1 1 1 1 1 1 0 0 1 1 1 0 1 1 1 0] 0.3243407651824475
[0 1 1 0 1 1 0 1 1 1 0 0 0 0 1 0 0 1 1 1 1 1 1 1 0 1 1 0 1 0 1] 0.7776097598482713
[1 1 1 1 1 1 1 1 1 1 1 1 1 1 1 1 0 1 1 1 0 1 1 1 1 1 1 1 1 1 1] 0.39468644662617086
[1 1 0 1 1 0 1 0 1 0 0 0 1 1 1 1 1 1 0 1 1 1 1 1 1 1 1 1 1 1 0] 0.4040809672132554
[1 1 1 1 1 1 0 1 1 0 1 1 0 0 1 1 1 1 1 1 1 0 1 1 0 1 0 1 1 1 0] 0.16301749689262837
[0 1 0 1 1 0 1 1 1 1 0 0 1 0 1 1 1 0 1 1 0 0 0 0 1 0 1 1 1 1 0] 0.8433921038610622
[1 0 0 1 0 1 0 1 0 1 0 0 1 0 0 0 1 1 0 1 1 1 1 1 1 0 0 0 1 1 0] 0.018585305499249742
[1 0 1 1 1 1 0 0 0 0 1 1 0 1 0 1 1 1 0 1 0 1 1 1 1 1 1 1 1 1 1] 0.17198485667928612
[0 1 1 0 1 1 0 1 1 1 1 1 1 1 1 1 1 1 1 1 1 1 1 1 1 1 0 1 1 0 1] 0.8598945786724546
[1 1 1 0 1 1 1 1 1 1 1 0 0 0 0 1 1 1 0 1 1 1 1 1 1 1 1 1 1 1 1] 0.18388634430031586
[1 1 1 1 1 1 0 0 0 1 1 1 1 1 1 1 1 1 1 1 0 1 1 0 0 0 1 1 1 1 0] 0.373422426842704
[0 1 1 0 1 1 0 1 1 1 1 1 1 0 0 1 1 1 0 1 1 1 1 1 0 1 0 1 0 1 1] 0.8469320250517888
[1 1 1 1 1 0 1 1 1 1 1 1 0 1 1 1 0 1 1 0 1 1 1 1 1 0 1 1 0 0 0] 0.39468644662617086
[0 1 0 1 0 1 1 1 1 1 1 1 1 0 1 0 1 1 0 1 1 0 1 1 1 1 0 1 1 1 1] 0.8954737990862512
[1 1 1 1 1 1 0 1 0 1 1 1 1 1 1 1 1 1 1 1 1 0 1 0 1 1 0 1 1 1 1] 0.3243407651824475
[0 0 0 1 1 1 0 1 0 1 1 1 1 1 0 0 0 1 0 0 0 1 0 1 1 1 1 0 1 1 1] 0.8821625075765763
[1 1 1 1 1 1 1 1 1 1 1 1 1 1 1 1 1 1 1 1 0 1 0 0 1 1 1 1 1 1 1] 0.39468644662617086
[0 1 0 1 1 0 0 0 1 0 1 1 1 0 1 1 0 1 1 0 0 1 0 1 0 0 1 1 1 1 1] 0.7613329672663603
[1 0 1 0 1 1 1 1 1 1 0 1 1 1 1 0 1 1 1 1 1 1 1 0 0 1 1 1 1 1 1] 0.21364929108902578
[1 1 1 1 1 1 1 1 1 1 1 1 1 1 1 0 1 0 1 0 1 1 1 1 1 1 0 1 1 1 1] 0.39468644662617086
[0 1 1 1 1 1 0 0 1 1 0 1 0 1 0 1 0 0 1 0 0 1 0 0 1 0 0 1 1 0 1] 0.8843457889297789
[0 0 1 1 1 1 1 1 1 1 0 1 1 1 1 1 0 0 1 1 1 1 1 1 1 0 0 1 1 0 1] 0.8906552494415488
[0 1 1 1 1 1 0 1 1 0 0 1 1 1 1 1 0 1 1 1 0 0 1 1 1 1 1 1 1 1 1] 0.9042877370811128
[0 0 0 0 0 0 0 1 1 1 0 1 1 1 1 0 0 1 0 0 1 1 1 1 1 1 0 1 0 0 1] 0.9160844536694116
[0 0 1 1 1 1 1 1 0 1 0 1 1 1 1 1 0 1 1 0 1 1 1 1 0 1 1 1 1 1 1] 0.8928989139515455
[1 1 1 1 1 1 1 1 1 1 0 1 1 1 1 1 0 1 1 1 1 1 1 0 1 1 1 1 1 0 1] 0.39468644662617086
[0 0 1 1 1 0 1 1 1 1 0 1 0 1 0 1 1 0 1 0 0 1 0 1 1 1 0 1 1 1 1] 0.8736138120760801
[1 1 1 1 1 1 1 1 1 1 0 1 1 1 1 1 1 1 1 1 0 1 1 1 0 1 1 1 0 1 1] 0.373422426842704
[0 0 0 0 0 1 1 0 1 0 1 1 1 0 1 1 0 1 0 1 1 0 1 0 0 1 1 1 1 0 1] 0.5247042964959967
[0 1 1 1 1 1 0 1 1 1 0 1 1 0 1 0 0 1 1 0 1 0 1 1 1 1 1 0 1 1 0] 0.8887832389475401
[0 1 1 1 0 1 1 1 1 1 0 1 1 1 0 1 1 1 1 1 0 1 1 0 1 1 1 1 1 0 1] 0.8646410289438156
[0 1 1 1 1 1 1 1 1 1 1 1 1 0 1 1 1 1 0 1 1 1 1 1 1 1 0 1 1 1 1] 0.8727520024180142
[0 1 1 1 0 0 0 0 1 1 1 1 1 1 0 1 0 1 1 0 1 0 1 1 0 1 1 1 1 1 1] 0.8821625075765763
[1 0 1 1 0 1 0 0 0 1 0 1 0 0 1 0 1 1 0 1 0 1 1 0 1 1 1 0 1 1 1] 0.1419742102328671
[0 0 1 1 1 1 1 1 1 1 0 1 1 1 1 1 1 1 0 0 0 1 0 0 0 1 1 0 0 1 1] 0.8600100157941368
[0 1 1 1 1 1 1 1 0 1 0 1 1 1 1 1 1 1 1 1 1 1 1 1 1 1 1 1 1 1 1] 0.8778030488148719
[1 1 0 0 1 0 1 1 1 1 1 1 1 1 1 0 1 0 1 1 0 1 0 1 0 1 1 0 1 1 0] 0.373422426842704
[0 0 1 1 0 1 0 1 1 1 0 1 0 0 0 1 0 0 1 0 1 1 1 0 1 0 0 1 0 0 1] 0.8579249482226738
[0 1 1 1 1 1 1 1 1 0 1 1 1 1 1 1 1 1 0 1 1 1 1 1 1 1 0 1 1 1 1] 0.8807332567570735
[0 1 1 1 1 1 0 1 1 1 1 1 1 1 1 1 1 1 1 0 1 1 1 1 1 1 1 1 1 1 1] 0.8857808857808859
[0 0 0 0 0 0 0 1 0 1 1 1 1 1 1 1 0 0 0 1 0 1 1 1 1 1 1 1 1 1 1] 0.8818552178000626
[0 1 1 1 1 1 0 1 1 1 0 1 1 0 1 0 1 1 1 0 1 0 1 1 1 1 1 0 1 1 0] 0.8897032459943098
[0 1 1 1 0 0 0 1 1 1 1 1 1 1 0 1 0 1 1 0 1 0 1 1 0 1 1 1 1 1 1] 0.8756774666887558
[0 0 1 1 1 1 0 1 1 1 0 1 1 1 1 1 0 0 1 0 0 1 1 1 1 1 0 1 1 1 1] 0.9123946669089422
[1 1 1 1 1 0 1 1 1 1 1 1 0 1 1 1 1 1 1 0 1 1 1 1 1 0 1 1 0 0 0] 0.39468644662617086
[0 1 1 1 1 0 0 1 1 0 1 1 1 1 0 1 0 1 1 1 1 0 1 1 1 1 1 1 1 1 1] 0.8791540358205298
[0 1 0 1 1 1 0 1 1 1 1 1 1 0 1 1 0 1 1 0 0 1 1 1 1 1 0 1 1 1 1] 0.8539008450434491
[0 1 1 1 1 1 0 0 1 1 0 1 0 1 0 1 0 0 1 0 0 1 1 0 1 0 0 1 1 0 1] 0.8936335547373678
[0 1 1 1 0 1 0 0 1 0 1 1 1 1 1 1 0 1 1 0 1 0 1 1 0 1 1 1 1 1 1] 0.8845012404624819
[0 1 1 1 1 1 1 1 1 1 0 1 1 1 1 0 0 1 1 0 1 0 1 1 1 1 1 1 1 1 0] 0.9006033106152296
[0 0 1 1 1 1 1 1 0 1 0 1 1 1 1 1 0 1 1 0 0 1 1 1 0 1 1 1 1 1 1] 0.9014237213383623
[0 1 1 1 1 0 1 1 1 1 0 1 1 1 1 1 1 1 0 0 1 1 0 1 0 1 1 0 0 1 1] 0.8694118926175766
[0 0 1 1 1 1 1 1 1 1 0 1 1 1 1 1 0 1 1 0 1 1 1 1 1 1 0 1 1 1 1] 0.8945071036023096
[0 0 0 0 0 0 0 0 1 1 0 1 1 1 1 0 0 1 0 0 1 1 1 0 1 0 0 1 1 0 1] 0.8897032459943098
[0 0 1 1 1 1 0 1 1 1 0 1 1 1 1 1 0 1 1 0 0 1 1 1 1 1 0 1 1 1 1] 0.9092930839622299
[0 1 1 1 1 1 0 1 1 1 1 1 1 1 1 1 1 1 1 0 1 1 1 1 1 1 0 1 1 0 1] 0.8838629266038344
[0 1 0 1 1 1 0 0 1 1 0 1 1 1 0 1 0 1 0 0 0 1 1 1 1 1 0 1 1 1 1] 0.9044738033502077
[0 0 0 1 0 1 0 1 1 1 0 1 1 1 1 0 0 1 0 0 1 1 1 1 1 1 0 1 1 0 1] 0.9068446191466508
[0 1 1 1 1 0 0 1 1 0 1 1 1 1 0 1 0 1 1 0 1 0 1 1 1 1 1 1 1 1 1] 0.8727649108813113
[0 0 0 1 1 1 0 1 1 1 0 1 1 1 1 0 0 1 0 0 0 1 1 1 1 1 0 1 1 1 1] 0.902395223332185
[0 0 0 1 1 1 0 1 1 1 0 1 1 1 1 1 0 1 0 0 0 1 1 1 1 1 0 1 1 1 1] 0.902395223332185
[0 0 0 0 0 0 0 1 1 1 0 1 1 1 1 1 0 1 0 0 1 1 1 1 1 1 1 1 1 0 1] 0.9086123288733583
[0 1 0 1 1 1 0 0 1 1 1 1 1 1 0 1 1 1 1 1 0 1 0 0 1 0 1 1 1 0 1] 0.8472542461737108
[0 0 0 1 0 1 1 1 0 1 0 1 1 1 1 0 0 0 0 0 0 1 1 1 0 1 0 0 1 1 0] 0.8858627035337417
[0 0 0 1 1 1 0 1 0 1 0 1 1 1 0 0 0 1 0 0 0 1 1 1 1 1 0 0 1 1 1] 0.9053784313366418
[0 0 0 1 1 1 0 1 1 1 0 1 1 1 1 0 0 1 0 0 0 1 1 1 1 1 0 1 1 0 1] 0.9102001420480414
[0 1 0 1 1 1 0 1 0 1 1 1 1 1 0 0 0 1 1 1 0 1 1 1 1 1 1 0 0 1 1] 0.8518220651195045
[0 1 1 1 1 1 0 1 1 1 0 1 1 1 1 0 0 1 1 0 0 0 1 1 1 1 1 1 1 1 1] 0.9083842715080741
[0 0 0 1 1 0 0 1 1 0 0 1 1 1 0 0 0 1 0 0 0 1 1 1 1 1 0 1 1 1 1] 0.8984261121464289
[0 0 0 1 0 1 0 1 1 1 0 1 1 1 1 0 0 1 0 0 0 1 1 1 1 1 0 1 1 0 1] 0.9147484849308367
[0 0 0 0 0 1 0 1 0 1 0 0 1 1 0 0 0 0 0 0 0 1 1 1 1 1 0 1 1 0 0] 0.9051378153644797
[0 0 0 0 0 1 0 1 1 1 0 1 1 1 1 0 0 1 0 0 1 1 1 1 1 1 0 1 1 0 1] 0.9059581924574399
[0 0 1 1 0 1 1 1 0 1 0 1 1 1 1 0 0 0 1 0 1 1 1 1 0 1 1 0 1 1 0] 0.8973398069006259
[0 0 0 0 0 1 0 1 0 1 0 1 1 1 0 0 0 1 0 0 0 1 1 1 1 1 0 0 1 0 1] 0.9138109319158972
[0 1 1 1 1 1 0 1 1 1 0 1 1 1 1 1 0 1 1 0 0 1 1 1 1 1 0 1 1 0 1] 0.8858171680799164
[0 0 0 1 1 0 0 1 0 1 0 1 1 1 0 0 0 1 0 0 0 1 1 1 1 1 0 0 0 1 1] 0.9132867704121227
[0 0 0 0 0 1 1 1 1 1 0 1 1 1 1 0 0 1 0 0 1 1 1 1 1 1 0 1 1 0 0] 0.9029054023041263
[0 0 0 0 0 1 1 1 1 1 0 1 1 1 1 1 1 1 1 1 1 0 1 1 1 1 1 0 0 0 0] 0.8195905177854637
[0 1 0 0 1 1 0 1 1 0 1 1 1 0 0 1 1 1 1 1 1 1 0 1 1 0 1 1 0 0 1] 0.8595896486744377
[0 0 0 1 0 0 1 1 1 1 1 0 0 0 0 0 0 1 0 1 1 0 1 1 0 0 1 0 1 0 0] 0.7158128795005558
[1 1 1 0 0 1 1 0 1 1 1 1 0 0 1 1 0 0 0 0 0 1 0 1 0 1 1 0 1 1 1] 0.19744749041378123
[0 0 1 0 0 1 1 0 1 0 1 0 0 0 0 1 1 1 1 1 0 0 1 1 1 1 0 1 1 0 1] 0.8146101092202185
[0 1 0 1 0 0 0 1 0 1 0 1 0 0 0 0 1 1 0 0 1 1 0 0 1 0 1 0 0 1 0] 0.731773482536453
[0 0 1 0 0 0 1 1 0 0 0 0 0 0 1 1 0 1 1 0 0 1 0 0 1 0 1 1 0 0 0] 0.619509241371356
[1 0 1 0 0 1 1 0 0 0 1 1 0 0 1 1 1 0 0 0 0 0 1 1 1 1 1 1 1 0 0] 0.018585305499249742
[0 0 1 0 1 0 0 0 0 1 0 0 0 1 0 0 0 1 0 0 1 1 0 1 0 0 1 0 0 1 0] 0.876933384921721
[1 0 0 1 1 0 0 1 1 1 1 0 1 1 1 0 1 0 0 1 0 1 0 0 0 0 0 1 1 0 1] 0.22034392305450307
[0 1 0 1 0 0 0 0 1 0 0 0 0 1 1 0 0 1 1 1 0 0 1 1 0 0 1 0 0 0 1] 0.8015284515090177
[0 1 0 1 1 0 1 0 1 1 0 1 1 0 0 1 0 0 1 1 0 1 1 0 0 0 1 1 1 1 0] 0.7819730661462255
[0 0 1 1 1 0 1 1 0 1 1 0 0 1 1 0 1 1 0 0 0 0 1 0 1 0 1 1 0 1 1] 0.8719142990218911
[1 0 1 0 0 0 0 0 0 1 0 0 1 1 1 0 0 1 0 1 0 0 1 0 1 1 0 0 0 0 1] 0.16477399242930307
[1 1 1 0 1 0 1 0 0 0 0 1 1 0 0 1 0 0 1 0 1 1 1 0 0 1 0 0 0 1 1] 0.1629523124850228
[0 0 1 0 1 0 1 0 0 0 0 0 0 0 1 1 1 0 1 1 1 1 0 0 1 1 0 0 1 1 1] 0.8594547324114205
[0 1 1 0 0 1 0 0 1 0 0 0 0 0 1 0 1 0 0 1 0 1 1 0 0 1 0 1 1 0 1] 0.6354675570879558
[0 0 1 1 0 1 0 0 0 0 1 0 1 0 0 1 1 1 1 0 1 0 0 1 1 0 1 1 1 0 0] 0.8158129356459718
[1 1 0 0 1 1 1 0 0 0 0 1 0 0 0 1 1 0 0 0 0 0 1 0 1 0 0 1 1 0 1] 0.13501483679525222
[1 0 1 1 0 0 0 0 0 0 1 1 1 1 0 1 0 0 1 0 1 1 1 0 0 0 1 1 0 1 1] 0.15748155302732508
[1 1 0 0 0 1 1 0 1 0 1 1 1 0 0 0 0 1 1 0 0 0 1 0 0 1 1 1 1 1 1] 0.14145061916671747
[0 1 1 0 0 0 0 0 1 1 1 1 0 1 0 0 1 0 0 1 1 0 0 1 1 1 1 1 1 1 1] 0.8595023791502553
[0 0 1 1 1 0 1 0 0 1 1 0 0 1 0 1 0 0 1 0 1 1 0 1 0 1 1 1 1 0 1] 0.8793288717126969
[1 1 0 1 1 1 0 1 0 0 1 1 0 1 1 0 1 0 0 0 0 0 1 1 1 1 0 1 1 0 1] 0.3189938968004439
[1 1 0 0 1 1 1 0 1 0 0 0 1 0 0 0 1 1 1 0 1 0 1 1 1 0 0 1 1 0 1] 0.1421574960361736
[1 0 1 0 0 0 0 0 1 0 0 1 1 1 1 1 0 1 0 1 1 0 0 0 0 0 0 1 1 1 1] 0.12745155095152186
[1 0 1 1 1 1 0 0 1 1 0 1 0 1 1 1 1 0 1 0 0 0 0 0 0 1 1 0 1 1 1] 0.15748155302732508
[0 1 0 1 0 1 0 1 1 1 1 1 0 0 1 1 1 0 0 0 0 0 0 0 1 1 1 0 1 1 1] 0.8694143538213639
[0 1 0 0 1 0 0 1 0 0 0 1 1 0 0 0 1 1 1 0 1 1 1 0 1 1 0 0 0 0 0] 0.7343817478959731
[0 1 1 0 0 1 0 0 1 0 0 1 1 1 1 0 0 0 1 0 0 0 1 0 1 0 1 0 0 0 1] 0.8734520269507284
[0 1 1 0 0 0 0 1 0 0 0 1 1 1 1 0 1 1 1 0 1 0 0 0 1 1 0 0 0 0 1] 0.8291449638928026
[1 0 1 0 1 1 1 0 1 1 1 0 0 0 0 0 1 1 1 1 1 1 0 0 0 1 0 1 1 1 0] 0.018585305499249742
[0 1 0 1 1 1 0 0 0 0 1 1 1 0 0 0 1 1 0 0 0 1 0 1 1 1 1 1 0 1 1] 0.8564051562559767
[1 0 1 1 1 0 1 0 0 0 1 1 1 1 0 1 0 1 1 1 0 1 1 0 1 0 0 0 1 1 1] 0.17198485667928612
[0 1 1 1 0 1 1 1 0 1 1 0 1 0 0 0 0 1 1 1 0 0 0 1 0 1 1 0 1 1 1] 0.8362692561999783
[0 0 0 1 0 0 0 0 1 0 1 1 1 0 0 0 1 1 1 1 1 1 0 1 0 0 0 0 1 1 0] 0.8542174927368232
[1 0 0 1 0 1 0 0 0 0 1 0 1 1 1 1 0 0 0 0 0 1 1 1 1 0 0 0 1 0 1] 0.2528482690326388
[1 1 0 1 1 0 1 0 0 0 1 1 1 0 0 1 0 0 1 1 0 1 0 0 0 0 1 1 0 0 1] 0.1629523124850228
[1 1 1 1 0 1 0 1 0 0 0 1 0 0 1 1 0 0 1 0 1 0 1 0 1 1 0 0 1 1 0] 0.17008276793009128
[1 1 0 1 0 0 1 0 0 0 1 1 0 0 0 1 1 1 1 1 1 1 1 0 0 1 1 1 1 0 0] 0.1629523124850228
[1 1 1 1 1 1 0 1 0 0 1 0 1 0 1 1 1 0 0 1 1 1 1 0 0 0 0 0 1 0 0] 0.24887569034215332
[0 0 1 1 1 0 0 0 1 1 1 0 0 1 0 1 0 0 0 1 1 0 0 0 0 1 1 0 1 1 0] 0.7682507421175085
[0 1 0 0 0 1 1 1 0 0 1 0 0 1 0 1 1 0 1 1 1 1 0 0 1 1 0 0 0 1 1] 0.7332362909995006
[0 0 1 1 0 1 1 1 0 1 0 0 1 0 0 1 1 1 1 0 1 1 0 0 1 0 0 1 0 0 0] 0.8633185362927415
[1 1 1 1 0 0 1 0 1 0 1 1 0 0 1 1 0 0 0 1 0 1 1 0 0 1 1 1 1 0 1] 0.19744749041378123
[0 0 1 0 0 0 1 1 0 0 0 0 0 0 0 1 0 0 1 0 1 0 0 1 1 1 0 1 1 1 1] 0.7832091510126981
[0 1 1 1 0 1 1 1 0 1 1 1 0 1 0 0 1 0 0 0 1 0 1 1 0 0 1 0 0 1 0] 0.8769804331082581
[0 0 0 1 1 1 0 0 1 1 1 1 1 1 0 0 0 0 0 1 1 1 0 0 0 1 1 0 0 0 0] 0.8327070195260589
[1 1 0 1 1 1 1 1 0 1 0 0 0 0 0 1 0 1 0 1 0 0 0 0 0 0 0 1 1 0 0] 0.14145061916671747
[0 1 0 1 0 1 0 1 0 0 1 0 0 0 0 1 1 0 1 1 1 1 1 1 1 1 0 0 0 0 0] 0.7788650107272513
[0 1 0 0 1 1 0 0 0 0 0 1 1 0 1 1 1 0 0 0 1 1 1 1 0 1 0 0 1 1 1] 0.7942694385070906
[0 0 0 1 0 0 0 0 1 0 1 1 0 0 1 1 0 1 1 0 0 0 1 1 1 0 0 1 0 0 1] 0.8945071036023096
[1 0 1 0 0 1 1 1 0 0 0 0 0 1 0 0 1 0 0 1 1 1 0 0 1 0 1 0 1 0 0] 0.16477399242930307
[0 1 1 0 0 1 0 1 0 0 0 1 1 1 1 1 1 1 0 0 0 0 0 0 0 0 1 1 1 0 0] 0.6820965437813535
[1 0 0 0 0 1 0 0 1 0 1 0 1 0 1 1 0 1 1 1 1 1 1 0 0 0 0 1 0 0 1] 0.14130261038497952
[0 1 1 1 0 1 1 0 1 1 1 0 1 0 0 0 0 1 0 1 1 1 1 0 1 0 1 0 1 1 1] 0.8351921178413989
[1 0 0 0 0 0 0 0 0 1 0 1 0 0 0 1 1 0 0 0 1 1 0 0 0 0 0 0 0 0 1] 0.018585305499249742
[1 0 1 0 0 0 1 0 1 1 1 0 1 1 1 0 1 1 0 0 0 0 1 0 1 0 0 0 1 1 1] 0.16477399242930307
[0 0 1 0 1 1 1 0 0 1 0 1 1 0 0 0 1 1 1 0 1 1 1 1 0 1 0 1 1 0 0] 0.8782891011363209
[0 1 0 0 1 0 0 1 0 0 0 1 0 0 1 1 0 0 1 1 1 0 0 0 0 1 0 1 0 0 1] 0.7543999329534026
[1 0 0 1 0 1 0 0 0 1 0 1 1 0 0 1 0 1 0 1 0 1 0 0 0 0 1 0 0 1 0] 0.018585305499249742
[1 1 0 1 1 1 0 0 0 0 0 0 0 1 1 0 1 1 0 0 1 1 0 1 1 1 0 1 1 0 1] 0.39468644662617086
[1 0 1 0 0 1 1 1 0 1 1 1 1 0 1 1 1 1 1 1 1 1 1 1 1 0 0 0 1 0 0] 0.1415963487124853
[0 1 0 0 1 1 0 0 0 1 0 0 0 0 0 1 1 0 0 1 1 1 0 0 0 1 0 0 1 0 1] 0.6810478166816203
[1 0 0 0 1 1 1 0 1 0 0 1 0 0 0 0 1 0 1 0 1 1 1 1 0 1 1 0 0 0 1] 0.018585305499249742
[1 0 0 0 1 0 0 1 1 0 0 1 1 0 1 0 1 1 1 0 1 0 0 0 0 1 0 1 0 1 0] 0.018585305499249742
[0 0 1 0 0 1 0 0 0 1 0 0 0 1 0 1 1 1 1 0 0 1 1 0 0 0 1 1 0 0 1] 0.7831697640425976
[1 0 0 0 1 1 1 0 0 1 1 1 0 0 0 0 1 0 1 1 1 1 0 0 1 0 0 0 1 1 0] 0.018585305499249742
[1 0 0 1 0 0 1 0 0 1 1 1 0 0 0 1 1 0 1 0 0 0 0 0 0 0 1 0 0 0 1] 0.018585305499249742
[0 0 0 1 1 0 1 0 0 1 1 0 0 1 0 1 1 1 0 1 0 0 0 0 1 0 1 0 0 0 1] 0.8353394557216592
[0 0 0 1 1 0 0 0 0 1 1 0 1 0 0 1 1 1 1 1 1 1 1 0 0 0 0 1 1 0 0] 0.8138769692650605
[0 1 0 0 1 1 1 1 0 0 0 0 0 0 1 1 1 0 0 1 1 1 1 0 0 1 0 0 0 1 0] 0.6416567645561025
[1 1 0 0 1 0 1 0 1 1 1 1 0 0 0 1 1 0 1 0 1 0 0 0 1 1 0 1 0 1 1] 0.13501483679525222
[1 1 0 0 0 1 0 0 0 1 1 1 1 1 1 0 1 0 0 0 0 1 0 0 1 1 0 0 0 0 1] 0.3887494955520853
[1 1 1 1 0 0 0 0 1 1 1 0 0 1 0 0 0 1 1 0 0 1 0 1 1 0 1 1 0 1 1] 0.32375001158898953
[1 1 0 0 0 0 0 0 0 0 0 0 1 1 0 1 0 0 0 0 1 0 1 1 0 1 1 1 0 1 1] 0.22034392305450307
[0 0 0 1 1 1 1 1 0 0 1 1 0 0 1 1 1 1 1 0 1 1 1 0 0 1 0 1 1 0 1] 0.8709510395835015
[1 0 0 1 1 1 1 1 1 0 0 0 0 0 0 0 0 0 1 0 0 1 0 0 0 1 1 0 1 0 0] 0.018585305499249742
[1 0 1 1 0 1 1 1 0 1 0 1 1 1 1 0 1 0 1 1 1 0 0 0 1 0 0 0 0 0 1] 0.16477399242930307
[1 0 0 1 1 1 1 1 1 0 0 1 0 0 1 1 1 1 0 1 0 1 0 1 1 0 1 0 1 0 1] 0.1422925822734638
[0 0 1 1 1 0 1 0 1 1 0 1 0 0 1 0 1 0 1 0 1 1 1 0 0 1 0 0 0 1 0] 0.8542907993499961
[1 0 0 0 0 0 1 0 0 1 0 1 0 0 0 1 0 0 0 1 1 0 0 0 1 1 1 1 1 1 0] 0.018585305499249742
[1 0 0 1 0 0 1 1 0 1 0 1 0 0 0 1 1 0 0 1 1 1 1 1 1 1 1 0 1 1 0] 0.018585305499249742
[1 1 0 1 1 1 1 1 0 1 0 1 0 0 1 0 1 1 0 1 0 1 1 0 1 1 0 1 1 0 1] 0.23641242354781586
[1 0 1 0 0 0 0 1 0 1 0 1 0 0 0 1 1 1 1 1 1 1 1 1 1 0 1 0 0 0 0] 0.018585305499249742
[1 1 1 1 1 1 0 0 0 0 1 0 1 1 0 0 1 0 1 1 1 0 1 0 1 0 0 1 1 1 1] 0.246471489636261
[1 0 1 1 1 1 0 0 0 0 0 1 0 1 0 0 0 1 0 1 1 0 1 0 1 0 0 1 1 1 0] 0.09594833921665483
[1 1 1 1 0 1 0 1 1 1 0 1 1 1 0 1 0 1 1 0 0 1 1 1 0 1 0 0 0 0 1] 0.3172678665562166
[0 0 0 1 1 0 0 1 0 0 1 0 1 1 0 0 1 0 0 1 0 0 1 0 0 1 0 0 0 1 0] 0.8470405425875523
[1 0 1 1 1 0 1 1 0 1 0 0 0 0 1 0 1 0 1 1 0 0 0 1 0 0 1 0 0 0 1] 0.018585305499249742
[1 1 0 1 1 1 1 1 1 0 0 1 1 1 1 1 1 1 1 0 0 0 1 0 0 0 0 1 0 1 1] 0.31228892087413807
[1 1 0 1 1 0 0 1 0 1 0 1 0 1 0 0 0 1 0 0 0 1 1 0 0 0 0 0 1 1 0] 0.31765676567656764
[0 0 1 1 0 1 0 1 1 1 1 0 1 1 1 1 0 1 0 1 1 0 0 0 1 0 0 0 1 1 1] 0.8403196659559695
[0 0 0 0 1 0 1 0 0 0 1 1 0 1 1 0 0 1 0 1 1 0 1 0 1 0 1 1 1 0 0] 0.8462367065551616
[1 0 1 1 1 0 0 0 1 0 1 1 0 1 1 0 1 1 0 0 1 0 1 1 0 0 0 1 0 0 0] 0.15748155302732508
[0 0 0 0 0 0 0 1 0 1 0 0 0 1 1 0 0 0 1 1 0 0 0 1 1 1 1 1 0 0 1] 0.8800768593173085
[1 0 1 0 0 0 1 1 1 0 1 0 1 1 1 1 1 0 1 0 1 0 1 1 0 0 0 1 1 1 1] 0.14264320907209893
[0 0 0 0 1 1 0 0 1 1 1 1 1 1 1 0 0 1 0 1 1 1 1 0 1 0 1 0 0 1 1] 0.8687865566711758
[1 1 1 1 0 1 0 0 0 0 0 1 0 0 0 0 1 0 0 1 1 1 0 1 0 1 0 1 1 1 0] 0.1629523124850228
[1 1 0 0 0 1 0 0 1 1 0 0 1 1 0 1 0 1 0 1 0 0 0 0 0 0 0 0 0 1 1] 0.22034392305450307
[1 0 1 1 1 1 1 1 1 1 1 1 1 1 1 1 1 1 1 1 1 1 1 1 1 0 1 0 1 1 1] 0.2528482690326388
[1 1 1 1 0 1 1 1 1 1 1 1 1 1 1 1 1 1 1 0 1 0 1 1 0 0 1 1 0 1 0] 0.312474767864352
[0 1 1 0 1 0 1 1 0 0 1 0 0 0 1 1 1 0 1 1 1 1 0 0 1 1 0 0 1 1 1] 0.699389110804728
[0 1 1 1 0 1 1 1 0 1 1 1 0 1 0 1 1 0 1 1 1 1 1 1 1 1 1 1 0 1 1] 0.876675678985596
[1 0 0 0 0 1 0 1 1 1 1 0 1 0 1 1 0 1 1 1 1 1 1 0 0 0 0 1 1 0 1] 0.14130261038497952
[1 1 1 0 1 1 1 1 1 1 1 1 1 0 1 1 1 1 1 1 1 1 0 1 1 1 1 1 0 1 1] 0.23641242354781586
[1 0 1 1 1 1 1 1 1 0 1 1 0 1 1 1 1 1 0 1 0 1 0 1 1 1 1 1 1 1 1] 0.24003414252471775
[1 1 1 0 0 1 1 1 0 0 1 1 1 1 1 0 1 1 1 0 1 0 1 0 1 1 0 1 0 1 1] 0.3245361469611532
[0 1 0 0 1 0 0 1 0 0 1 1 0 1 1 1 1 0 1 1 1 0 0 0 0 1 0 1 0 1 1] 0.7859162750521868
[1 1 1 1 0 1 1 1 0 1 1 1 1 1 0 1 1 0 1 0 0 1 0 0 0 0 1 0 1 1 1] 0.3174627033933336
[0 1 0 0 1 1 1 1 0 0 0 1 1 0 1 1 1 0 0 1 1 1 1 1 1 1 1 0 0 1 0] 0.7928439384602953
[1 1 1 1 1 1 0 0 0 0 1 1 1 1 0 0 1 1 0 1 0 1 0 1 1 1 1 1 0 1 1] 0.33523965886806223
[0 0 1 1 1 0 1 1 0 1 1 0 0 1 1 1 1 1 1 0 1 0 1 0 1 1 1 1 1 1 1] 0.8587187102248621
[1 1 0 1 1 1 1 0 1 0 1 0 1 0 0 1 1 1 1 1 1 0 1 1 1 0 1 1 1 0 1] 0.1421574960361736
[1 0 1 1 0 1 1 0 0 1 1 0 0 1 0 1 1 1 1 0 1 1 1 0 0 0 1 1 0 1 1] 0.15748155302732508
[1 0 1 1 1 0 1 0 0 0 1 1 1 1 0 1 0 1 1 1 0 1 1 0 1 1 0 0 1 1 1] 0.17198485667928612
[1 1 1 1 1 1 1 1 1 1 1 1 1 1 1 0 1 1 1 1 1 0 0 1 1 0 1 1 0 0 1] 0.3243407651824475
[0 1 1 1 1 1 1 1 1 1 1 1 1 1 0 0 1 1 1 1 1 0 0 1 1 1 1 1 1 1 1] 0.8619396526856284
[1 1 1 1 1 1 1 1 1 1 1 1 1 1 1 1 1 1 1 1 0 1 1 1 0 0 0 1 0 1 1] 0.373422426842704
[1 1 0 1 1 1 0 1 0 1 1 1 1 0 1 1 1 0 1 1 1 1 0 1 1 1 1 1 1 1 1] 0.23641242354781586
[0 1 1 1 1 0 1 1 0 1 1 1 1 1 1 0 0 1 0 1 1 1 0 1 1 1 1 1 1 1 1] 0.8662585879084145
[1 1 1 1 1 1 0 1 0 0 1 0 1 1 1 1 1 1 1 1 1 1 1 0 1 1 0 1 1 1 0] 0.4040809672132554
[1 1 1 0 0 1 1 1 1 0 1 1 1 1 1 0 1 1 1 1 1 0 1 1 0 1 1 1 1 1 1] 0.312474767864352
[0 1 0 1 1 1 0 0 1 0 1 1 1 1 1 1 1 0 0 0 1 1 1 1 0 1 1 0 1 1 1] 0.8756619599182387
[1 0 0 1 0 0 1 1 0 1 1 1 0 1 0 1 1 0 0 1 1 1 1 1 1 1 1 0 1 1 1] 0.16477399242930307
[0 1 1 1 0 1 0 0 1 0 0 1 1 1 1 0 0 0 1 1 0 1 1 0 1 0 1 0 0 0 1] 0.7548299885619216
[0 1 0 1 0 1 1 1 0 0 1 1 0 1 1 1 1 0 1 1 1 1 1 1 1 1 1 1 1 1 1] 0.8592331195937513
[1 1 1 1 1 1 1 1 1 1 0 0 0 1 1 1 0 1 0 1 0 1 1 0 0 1 0 1 1 0 1] 0.373422426842704
[0 1 1 1 0 1 0 1 0 0 0 1 1 1 1 1 1 1 0 0 1 1 0 1 0 0 1 1 1 1 0] 0.7692939919454261
[1 1 1 1 0 1 0 1 1 1 1 1 1 1 0 1 0 1 1 1 1 1 1 1 1 1 1 1 1 0 1] 0.3294121978608642
[1 1 1 1 1 0 1 0 1 1 0 1 0 0 1 1 1 0 1 0 1 1 1 1 1 1 1 1 1 1 0] 0.2365411920271398
[1 1 1 0 0 0 1 1 1 1 1 1 1 1 1 1 1 1 1 1 1 1 1 1 1 0 0 1 1 1 1] 0.3887494955520853
[0 1 1 1 0 1 1 1 1 1 1 1 1 1 0 1 1 1 1 1 0 0 1 1 1 1 0 1 1 0 1] 0.8809680636844383
[0 1 1 1 0 1 1 1 1 1 1 1 1 1 1 1 1 1 1 0 1 1 0 1 1 0 1 1 1 1 1] 0.8737441124747172
[1 1 0 1 0 1 1 0 1 1 1 1 1 1 1 1 1 1 1 0 1 0 1 1 0 1 1 1 0 1 1] 0.312474767864352
[0 1 1 0 0 0 0 0 1 1 1 1 0 1 0 0 1 1 0 1 1 1 1 1 1 1 1 1 1 1 1] 0.8747650873945543
[0 0 0 1 0 0 1 1 1 1 1 0 1 0 1 1 1 1 0 1 1 1 1 1 0 1 1 1 1 0 1] 0.865662365478302
[1 1 1 0 0 1 1 0 1 1 1 1 1 1 1 0 1 1 1 0 0 0 1 1 1 1 1 1 1 1 1] 0.3245361469611532
[1 0 1 1 1 1 1 1 1 0 1 1 0 1 1 1 1 1 0 1 1 1 0 1 1 1 1 1 1 1 1] 0.24003414252471775
[1 1 1 1 1 0 0 0 1 1 1 1 0 1 1 1 0 1 1 1 1 1 1 1 1 0 1 0 0 1 1] 0.39468644662617086
[0 0 1 1 0 1 0 1 1 1 1 1 1 1 1 1 0 1 1 1 1 0 0 1 1 0 0 1 1 1 1] 0.8462264658550067
[0 0 0 0 0 0 0 1 0 1 0 0 0 1 1 0 0 0 1 1 0 0 0 1 1 1 1 1 0 1 1] 0.8786342043315613
[1 1 1 1 1 1 1 1 0 1 1 1 0 1 1 1 1 1 1 1 1 1 1 1 1 1 1 1 1 1 1] 0.39468644662617086
[1 1 1 1 1 0 1 0 1 1 0 1 1 1 0 1 0 0 1 0 1 1 1 1 1 1 1 0 0 1 1] 0.33523965886806223
[0 1 1 1 1 1 1 1 1 1 1 1 1 1 0 1 1 1 1 1 0 1 1 1 1 1 1 1 1 0 1] 0.8742781742597295
[0 0 1 0 0 0 1 1 0 0 1 0 0 0 1 1 1 1 1 0 1 1 0 0 1 0 1 1 0 1 1] 0.8004559386002684
[0 1 1 0 1 1 1 1 1 1 1 1 0 1 1 1 1 0 1 1 1 1 1 1 1 1 1 1 1 1 1] 0.8696980333747594
[0 1 1 1 0 1 0 1 1 1 1 1 1 1 1 1 1 1 1 1 1 1 1 1 1 0 1 1 0 1 1] 0.8469320250517888
[1 1 1 1 1 1 1 1 1 1 1 1 1 1 1 1 1 1 1 0 1 1 1 1 1 0 1 1 1 1 1] 0.39468644662617086
[0 0 1 1 1 0 1 1 1 1 1 1 1 0 1 0 1 1 1 1 1 1 1 1 0 1 1 0 0 1 1] 0.8735213830755233
[1 1 1 1 1 1 0 0 0 0 0 1 1 1 0 1 0 1 1 1 1 0 1 1 1 1 1 1 1 1 1] 0.24003414252471775
[0 1 1 0 1 0 1 0 0 0 1 1 1 0 1 1 1 0 1 1 1 1 1 1 1 1 1 0 1 1 1] 0.832112087890644
[0 1 1 1 0 1 1 1 1 1 1 0 1 1 0 0 1 1 1 1 1 1 0 1 0 1 1 0 1 1 1] 0.841127707828263
[0 1 1 1 1 1 1 1 1 1 0 1 1 0 1 1 1 1 1 1 1 1 1 1 1 1 1 0 1 1 1] 0.8716277351170315
[1 0 1 1 1 0 1 1 0 1 1 1 1 1 0 1 0 1 1 1 0 1 1 0 1 1 0 0 1 1 1] 0.17198485667928612
[1 1 1 1 1 0 0 1 1 1 1 0 1 1 1 1 1 0 0 1 1 1 0 0 1 1 1 1 1 0 1] 0.4040809672132554
[1 1 1 1 0 1 0 1 1 1 0 1 1 1 0 1 0 1 1 0 0 1 1 1 0 1 1 0 0 1 1] 0.3174627033933336
[0 1 0 1 1 1 1 0 0 1 1 1 1 1 0 1 1 1 1 1 0 1 0 0 1 1 1 1 1 0 1] 0.8343598055105348
[0 1 1 1 1 1 1 0 1 0 1 1 1 0 0 1 1 1 1 1 1 1 0 1 0 0 0 1 1 1 1] 0.854524307080496
[0 0 0 0 1 1 1 1 1 1 0 1 1 1 1 1 1 1 1 1 1 0 1 1 1 1 1 0 0 0 0] 0.833810845569067
[0 1 1 1 0 0 0 0 1 1 1 1 0 1 0 0 1 1 1 1 1 1 1 1 1 1 1 1 1 1 1] 0.8775386238104431
[0 0 0 0 1 1 0 0 1 1 1 1 1 1 1 0 1 1 0 1 1 1 1 0 1 0 1 0 1 1 1] 0.8710659512120867
[0 1 1 1 1 1 1 1 1 1 1 1 1 1 1 1 1 1 1 1 1 1 1 1 1 0 1 1 0 1 1] 0.8626214566195648
[0 0 1 1 1 1 0 1 1 1 1 1 1 1 0 0 1 1 0 1 1 1 0 0 1 1 1 0 0 1 1] 0.8486804521373991
[0 0 1 0 1 1 1 0 0 1 1 1 1 1 0 1 1 1 1 0 1 1 1 1 0 1 0 1 1 0 1] 0.8804018775629345
[0 1 0 1 1 0 1 1 0 1 0 1 1 1 0 1 1 1 1 1 1 1 1 0 1 1 0 0 0 0 1] 0.8585324674078835
[0 0 1 1 1 1 1 0 0 1 1 1 0 1 0 1 0 1 1 0 1 1 0 1 0 1 1 1 1 0 1] 0.8585166161391855
[1 1 1 1 1 1 1 1 1 1 1 1 0 1 1 1 0 1 0 1 0 1 1 0 0 1 0 1 1 0 1] 0.373422426842704
[0 1 1 1 0 1 1 1 0 1 0 0 1 1 0 1 1 1 1 0 1 1 0 0 1 0 0 1 0 0 1] 0.8432526621490805
[1 1 1 1 1 1 1 1 1 1 1 1 1 1 0 1 1 1 1 1 1 0 1 1 1 1 0 1 1 1 1] 0.24003414252471775
[0 1 0 1 1 1 0 0 0 0 1 1 1 1 0 0 1 1 0 0 0 1 0 1 1 1 1 1 0 1 1] 0.8765879196142082
[1 1 1 1 1 1 1 1 1 1 1 1 1 1 0 1 1 1 1 1 0 1 1 1 1 1 1 1 1 0 1] 0.33523965886806223
[0 1 1 1 1 1 1 1 1 1 1 1 1 1 1 1 1 1 1 1 1 1 1 1 1 1 1 1 1 1 1] 0.8695470436236511
[0 1 1 1 1 1 1 1 1 1 1 1 1 0 1 1 1 1 1 1 1 1 1 1 1 1 1 1 1 1 1] 0.8606040284530453
[0 1 1 1 0 0 1 1 0 0 0 1 0 1 1 1 1 1 0 0 1 1 0 1 0 1 1 1 1 1 0] 0.7757546032329921
[0 1 1 1 0 1 0 1 1 1 1 1 1 1 1 1 1 1 1 1 1 1 1 1 1 1 1 1 0 1 1] 0.8480243894203171
[0 1 0 1 1 1 1 1 1 0 1 1 1 1 1 1 1 1 1 1 1 1 1 1 1 1 1 1 1 1 1] 0.8674550745621764
[1 1 1 1 0 1 1 1 1 1 1 1 0 1 0 1 1 1 1 1 1 0 1 1 1 1 1 1 1 1 1] 0.24003414252471775
[0 1 1 1 1 1 1 1 0 1 1 1 1 1 1 1 1 1 1 0 1 1 1 1 1 1 1 1 1 1 1] 0.8808483741835802
[0 0 1 1 0 1 1 1 1 1 1 1 1 1 1 1 1 1 1 1 1 1 1 1 1 0 1 1 1 1 1] 0.8755940097313466
[0 1 1 1 0 1 1 1 0 1 1 1 0 1 0 0 1 1 1 0 1 1 1 1 0 0 1 1 1 1 1] 0.8666774509710632
[0 1 1 1 1 1 1 1 1 1 1 1 1 1 1 1 1 1 1 1 1 1 1 1 1 1 1 1 0 1 1] 0.8656497632249006
[0 1 0 0 0 1 1 1 0 1 0 0 0 1 1 0 0 0 1 1 0 0 0 1 1 1 1 1 0 1 1] 0.8428999796213452
[0 1 0 1 1 1 0 0 1 0 1 1 1 1 1 1 1 1 0 1 1 1 1 1 0 1 1 0 1 1 1] 0.8502024291497976
[0 1 1 1 0 1 1 1 1 1 1 1 1 1 1 1 1 1 1 1 1 1 1 1 1 1 1 1 1 1 1] 0.8635315198536
[1 1 0 1 1 1 1 1 1 1 1 1 0 1 1 1 1 1 1 0 0 0 0 1 1 1 1 0 1 1 1] 0.3189938968004439
[0 1 1 0 1 1 1 0 1 1 1 1 1 0 1 1 1 1 1 0 1 1 1 1 0 1 1 1 1 0 1] 0.8394587330004997
[0 1 1 0 0 1 0 0 1 1 1 1 0 1 1 0 1 0 0 1 1 0 0 1 1 1 1 1 1 1 1] 0.9019730315611567
[1 1 0 1 1 1 1 0 1 0 1 1 1 1 1 1 1 1 0 1 1 1 1 1 0 1 1 0 1 1 1] 0.373422426842704
[0 1 0 1 1 1 0 0 1 0 1 1 1 1 1 1 1 1 0 1 1 1 1 1 1 1 1 0 1 1 1] 0.8818651784128408
[0 0 1 1 0 1 0 0 1 0 1 1 1 0 1 1 1 1 1 1 0 0 1 1 1 1 0 1 0 0 1] 0.8780460171643834
[1 1 1 1 0 1 1 1 1 1 1 1 1 1 0 1 1 1 1 1 1 1 1 1 1 1 1 1 1 1 1] 0.3294121978608642
[0 1 1 1 0 1 1 0 1 1 1 1 1 1 1 0 1 1 1 1 1 1 1 1 1 1 1 1 1 1 1] 0.8653716456898599
[0 1 0 1 1 1 1 1 1 1 1 1 1 1 1 0 1 1 1 1 1 1 1 1 1 1 1 1 0 1 1] 0.8676501300525906
[1 1 0 1 1 1 1 1 1 0 1 1 1 1 1 1 1 1 1 1 1 1 1 1 0 1 1 0 1 1 1] 0.373422426842704
[1 0 1 1 1 0 1 1 0 1 1 1 1 1 1 1 1 1 1 0 1 1 1 1 1 1 1 1 1 0 1] 0.2528482690326388
[0 0 1 0 1 1 1 0 1 1 1 1 1 0 1 0 1 1 1 0 1 1 1 1 1 1 1 1 1 0 0] 0.876933384921721
[0 1 1 1 0 1 0 0 1 1 1 1 0 1 1 1 1 1 1 1 1 0 1 1 1 1 1 1 1 1 1] 0.8887832389475401
[0 0 1 1 0 1 1 1 1 0 1 1 1 1 0 1 1 1 1 1 1 1 1 1 1 0 0 0 1 1 1] 0.8535274323477855
[0 0 0 0 0 0 0 1 0 1 0 0 0 1 1 1 0 0 1 1 0 0 0 1 1 1 1 1 1 0 1] 0.8660742909913919
[0 1 0 1 0 1 0 1 1 1 1 1 0 1 1 1 1 1 1 0 1 1 1 1 1 1 1 1 1 1 1] 0.8787590594562686
[1 1 0 1 1 1 1 1 1 1 1 1 0 1 1 1 1 1 1 1 1 1 1 1 1 1 1 1 1 1 1] 0.39468644662617086
[0 1 1 1 1 1 0 1 1 1 1 1 1 1 1 1 1 1 1 1 1 1 1 1 1 1 1 1 0 1 1] 0.8653716456898599
[0 1 0 1 0 1 0 1 0 1 1 1 0 1 0 1 1 1 1 1 1 1 1 1 1 1 1 1 0 1 1] 0.8644626605072481
[0 1 0 1 1 1 0 1 1 0 1 1 1 1 1 1 1 1 1 1 1 1 1 1 1 1 1 1 1 1 1] 0.8665790025346369
[0 0 0 0 0 0 0 1 0 1 0 0 0 1 1 0 0 0 1 1 0 0 0 1 1 1 1 1 1 0 1] 0.8660742909913919
[0 1 1 0 0 1 0 1 1 1 1 1 0 1 1 1 1 0 1 1 1 0 0 1 1 1 1 1 1 1 1] 0.8860829346540026
[0 1 0 1 1 1 0 1 1 1 1 1 1 1 1 1 1 1 1 1 1 1 1 1 1 1 1 1 1 1 1] 0.8656451805075659
[0 1 0 1 1 1 0 0 1 0 1 1 1 1 1 1 1 1 0 1 1 1 1 1 1 1 1 1 1 1 1] 0.8798395298374209
[0 0 1 1 1 0 1 0 0 1 1 0 0 1 0 1 0 0 1 1 1 1 1 1 0 1 1 1 1 0 1] 0.8748039591950837
[0 1 0 1 0 1 0 0 1 0 1 1 0 1 1 1 1 1 0 1 1 1 1 1 1 1 1 0 1 1 1] 0.8577560453322244
[0 1 0 0 0 1 0 1 0 1 1 1 0 1 1 0 1 0 0 1 1 0 0 1 1 1 1 1 1 1 1] 0.892960266220494
[0 1 0 1 1 1 1 0 1 0 1 1 1 1 1 1 1 1 0 1 1 1 1 1 1 1 1 0 1 1 1] 0.8808095952023988
[1 0 1 1 1 0 1 1 1 1 1 1 0 1 0 1 1 0 1 0 1 1 1 1 1 1 1 1 1 0 1] 0.17198485667928612
[0 1 1 1 0 1 0 1 1 1 1 1 0 1 1 1 1 1 1 1 1 0 1 1 1 1 1 1 1 1 1] 0.8928727184997541
[0 1 1 1 0 1 0 0 1 1 1 1 0 1 1 1 1 1 1 1 1 0 1 1 1 1 1 1 0 1 1] 0.8857547421105021
[0 0 1 1 0 0 0 1 0 1 1 0 0 1 1 1 1 1 1 1 1 0 1 1 1 1 1 1 1 1 1] 0.8745245347190314
[0 0 1 1 0 0 0 1 1 1 1 1 0 1 1 1 1 0 1 1 1 0 1 1 1 1 1 1 1 0 1] 0.8231408940571848
[0 1 1 1 0 1 0 1 1 1 1 1 0 1 1 1 1 1 1 1 0 0 1 1 1 1 1 1 1 1 1] 0.8848087942930651
[0 1 1 1 0 1 0 1 0 1 1 1 0 1 1 1 1 1 1 1 1 0 1 1 1 1 1 1 1 1 1] 0.8866988174547967
[0 1 1 1 0 1 0 0 1 1 1 1 0 1 1 1 1 0 0 1 1 0 0 1 1 1 1 1 1 1 1] 0.8965459872635013
[0 1 1 1 0 1 0 0 1 1 1 1 0 1 1 1 1 1 0 1 1 0 1 1 1 1 1 1 1 1 1] 0.8960377960327109
[0 1 1 1 0 1 0 0 1 1 1 1 0 1 1 1 1 1 1 0 1 0 1 1 1 1 1 1 1 1 1] 0.8960377960327109
[0 1 1 1 0 1 0 0 1 1 1 1 0 1 1 1 1 0 1 1 1 0 1 1 1 1 1 1 1 1 1] 0.8956303718300997
[0 1 1 1 0 1 0 0 1 1 1 1 0 1 1 1 1 0 0 1 1 0 1 1 1 1 1 1 1 1 1] 0.8997223335037091
[0 1 1 1 0 1 0 1 1 1 1 1 1 1 1 1 1 1 1 1 1 0 1 1 1 1 1 1 1 1 1] 0.8928727184997541
[1 0 1 0 0 1 1 1 1 0 0 0 1 1 1 1 1 0 0 1 1 0 1 0 1 1 0 1 0 1 0] 0.16477399242930307
[0 0 0 1 1 1 1 0 0 0 1 1 1 0 1 0 0 0 1 0 1 0 1 1 0 0 1 0 1 1 1] 0.8311654694881253
[1 0 0 1 1 1 1 1 1 0 1 1 1 1 1 0 0 0 1 1 1 0 1 1 1 0 1 1 1 0 1] 0.16477399242930307
[0 1 1 0 0 0 0 1 1 1 1 1 1 0 0 0 0 0 1 1 0 0 0 0 1 1 0 1 1 0 0] 0.8337633180376943
[0 1 0 0 1 0 0 0 1 0 1 1 0 0 0 1 0 0 0 0 1 0 0 0 1 1 1 1 1 0 1] 0.8379530284301607
[0 1 0 0 0 0 1 1 1 0 1 1 1 0 0 0 0 0 1 0 0 0 1 0 1 1 0 1 0 0 1] 0.8848087942930651
[0 0 0 0 0 1 1 0 0 1 1 1 0 1 1 0 1 0 0 1 1 0 1 1 0 1 0 1 1 0 0] 0.8036954116163566
[0 0 0 1 1 0 1 1 0 1 1 0 0 0 1 0 0 1 0 0 0 0 0 0 1 1 0 0 0 0 0] 0.8534347294701923
[0 0 1 1 1 0 1 1 0 0 0 1 1 1 1 0 0 0 1 0 1 0 1 0 0 1 1 0 1 1 0] 0.8218235240845652
[1 1 0 0 0 0 0 0 0 1 0 0 1 1 0 1 1 1 1 1 0 0 1 0 1 0 0 0 1 1 0] 0.246471489636261
[0 1 1 0 1 0 0 1 0 0 1 1 0 1 1 1 1 1 0 1 1 0 1 0 1 0 1 1 0 0 1] 0.8675751438369484
[1 0 0 1 0 0 1 1 1 1 1 0 1 1 1 1 0 0 0 1 1 0 1 0 0 1 0 0 1 1 0] 0.14264320907209893
[1 0 1 1 0 0 0 0 0 0 0 0 1 0 1 0 0 0 1 1 0 0 1 0 1 0 1 0 1 0 1] 0.018585305499249742
[0 1 1 0 1 1 1 0 0 0 1 1 0 0 0 1 1 1 1 0 1 0 0 1 1 0 1 0 1 0 1] 0.8695258388509922
[0 1 0 1 1 1 1 1 0 0 1 0 0 1 0 1 0 1 1 1 1 1 1 1 0 1 0 1 1 1 0] 0.809667673716012
[0 0 0 0 0 0 1 1 1 0 1 0 1 0 1 1 0 0 0 1 1 1 0 1 1 1 1 0 1 0 1] 0.8782088763981365
[0 0 0 1 1 1 0 1 0 1 0 1 1 0 0 0 1 1 1 1 1 1 1 0 0 0 1 0 0 1 0] 0.8421451079288766
[0 1 1 1 1 1 1 0 1 1 0 1 0 1 0 1 0 0 1 0 0 1 0 0 1 0 0 1 1 1 1] 0.8853105365192815
[0 0 1 0 1 0 1 0 1 0 0 1 0 0 1 1 0 0 1 0 1 1 1 1 0 1 1 0 0 0 0] 0.8846798634557282
[1 0 1 1 1 0 1 0 0 1 1 1 1 1 0 0 1 0 1 0 1 0 0 1 0 0 1 1 1 1 0] 0.07956680296165321
[0 1 1 1 1 1 1 1 0 0 1 0 0 1 1 0 1 0 1 1 0 1 0 0 0 0 1 1 1 0 0] 0.6693241287161786
[1 1 0 1 0 1 0 1 1 0 1 1 0 0 1 0 0 1 1 0 0 0 1 0 0 1 1 0 1 1 0] 0.16301749689262837
[1 0 0 0 1 0 1 0 1 0 0 1 1 1 1 0 0 1 1 0 0 1 0 1 1 0 0 1 1 1 1] 0.2528482690326388
[1 0 0 0 0 1 1 1 0 1 0 0 1 0 0 0 0 0 1 0 1 1 1 1 0 0 0 1 0 0 0] 0.018585305499249742
[0 0 1 0 1 1 1 1 1 1 0 1 0 0 1 0 0 0 0 1 0 1 1 1 0 0 0 0 0 1 1] 0.8866414686321756
[1 1 1 1 0 0 0 0 0 1 0 0 1 1 1 0 0 1 1 0 0 1 0 0 1 0 0 1 1 0 0] 0.3987953058469208
[0 1 1 0 0 1 1 1 1 1 1 1 1 0 0 0 1 1 1 1 0 0 1 0 1 1 1 0 1 1 1] 0.8460314117664344
[1 1 1 0 1 0 1 0 1 1 0 0 1 0 1 1 1 0 1 0 1 1 1 1 1 0 0 0 1 1 1] 0.24887569034215332
[1 1 1 1 0 1 0 0 0 1 0 0 0 1 1 0 0 1 0 1 1 0 0 1 0 1 0 1 0 1 1] 0.306667927740471
[1 0 0 0 0 1 0 1 1 0 0 0 0 0 0 0 1 1 1 0 1 1 0 0 1 0 1 0 0 1 0] 0.018585305499249742
[1 0 0 0 1 0 0 1 0 1 0 0 1 1 1 1 0 1 1 1 1 0 1 0 0 0 0 1 0 0 1] 0.15748155302732508
[0 1 1 0 0 0 1 1 1 0 1 1 1 1 1 0 1 1 1 1 0 1 0 0 0 1 1 0 1 1 0] 0.6423896281912159
[0 0 1 0 1 1 0 1 0 0 1 1 0 0 1 0 1 0 0 0 1 0 1 1 0 0 1 1 0 1 0] 0.8338399793367904
[0 1 1 1 0 0 1 1 0 0 1 1 1 0 0 0 1 0 0 0 0 0 1 0 0 1 0 1 1 0 1] 0.852184559177189
[1 1 0 1 1 0 1 1 1 0 0 0 0 1 0 1 0 1 0 1 1 0 1 0 1 0 0 0 1 0 1] 0.24003414252471775
[1 1 0 0 0 1 1 1 1 0 1 0 1 0 1 0 1 0 1 0 0 0 1 0 1 1 1 1 1 1 0] 0.17008276793009128
[0 0 1 0 0 0 1 1 0 1 0 0 1 1 0 0 0 1 1 1 1 0 0 1 1 0 0 1 0 0 1] 0.8277935976780485
[1 0 1 0 0 1 1 0 1 0 0 0 1 1 0 0 0 0 1 0 0 1 0 1 0 0 0 1 0 1 1] 0.15748155302732508
[0 1 1 0 0 0 0 0 1 1 1 1 0 0 0 1 1 1 1 0 1 1 1 0 0 0 1 0 0 0 0] 0.6350440195079258
[0 0 1 0 1 1 0 1 0 0 0 0 1 1 1 1 0 1 0 0 1 1 0 1 1 1 0 1 1 1 0] 0.8941781804384641
[1 0 0 1 0 0 1 1 1 1 0 1 0 0 1 0 1 1 0 1 1 0 0 0 0 1 0 0 1 0 0] 0.018585305499249742
[0 1 0 0 1 0 1 0 0 1 0 0 0 1 1 0 0 0 1 0 1 0 0 1 0 0 1 0 1 0 0] 0.8377738624550375
[1 1 0 0 1 0 0 0 0 1 1 0 1 0 0 0 0 0 1 1 0 1 1 0 0 0 1 1 1 0 1] 0.1629523124850228
[0 0 0 1 0 0 0 1 0 1 0 0 0 0 1 0 0 0 1 0 0 0 1 0 0 0 0 1 0 0 0] 0.8410290237467019
[1 0 0 0 0 0 0 0 0 0 1 1 1 1 0 1 1 0 0 0 1 1 0 0 1 1 1 1 0 0 0] 0.17198485667928612
[1 1 1 0 0 1 1 1 1 1 0 0 1 1 1 0 1 0 0 0 1 0 0 0 1 1 1 1 1 0 0] 0.3243407651824475
[0 0 0 0 0 1 1 0 0 1 1 1 0 1 1 1 0 1 0 0 1 1 1 1 1 1 1 0 0 1 1] 0.8947647919908752
[0 0 1 0 1 0 0 0 1 0 0 0 0 0 1 0 0 0 1 0 1 0 1 0 0 0 1 0 0 0 0] 0.7855366850689031
[1 0 1 0 1 0 1 1 1 1 1 0 1 1 0 0 1 1 1 0 1 0 1 0 1 1 1 1 0 1 1] 0.1039816671440848
[1 1 0 1 1 1 0 1 0 0 1 1 1 1 0 1 0 1 1 1 0 1 0 0 0 0 1 1 1 1 1] 0.31765676567656764
[1 0 0 1 0 0 0 1 1 1 0 0 1 1 0 0 1 1 0 1 0 1 1 0 0 0 1 1 1 1 0] 0.15748155302732508
[1 1 1 0 0 1 1 1 1 1 1 0 1 0 0 1 1 0 0 0 0 0 0 0 1 1 1 1 0 1 0] 0.14173985126806588
[1 0 0 0 1 1 1 0 1 1 0 0 1 1 0 0 0 0 1 0 0 1 1 1 1 0 0 0 0 1 0] 0.17198485667928612
[0 1 0 0 1 0 0 0 0 1 0 0 0 0 0 1 0 0 1 1 0 0 0 0 1 0 1 1 0 0 1] 0.8381034246976772
[0 1 1 0 0 1 1 0 0 0 1 1 0 1 1 0 0 0 0 1 1 1 0 0 1 0 1 1 1 0 0] 0.6642652823392309
[0 0 1 1 0 1 1 1 1 0 0 1 1 0 0 0 1 1 1 0 1 1 1 1 1 0 1 0 1 1 0] 0.852816839813798
[0 0 0 1 1 0 0 1 0 0 1 0 0 1 0 1 0 0 1 1 1 1 1 1 1 0 1 1 1 0 0] 0.8847903383724579
[0 0 1 1 0 1 0 0 0 0 1 1 0 0 0 0 1 1 1 1 0 1 0 1 0 0 1 1 0 0 1] 0.8514790090203563
[0 1 1 1 0 0 1 1 0 1 1 0 1 1 1 0 0 1 0 1 1 0 1 0 0 0 1 1 1 0 0] 0.7584481905109298
[0 0 1 1 0 1 0 0 0 0 0 0 0 0 1 1 0 1 1 1 1 0 0 0 1 0 1 0 1 0 0] 0.8498351444680726
[0 1 0 0 0 1 0 1 1 0 0 1 1 1 1 0 1 0 1 0 0 0 0 1 1 0 0 0 1 1 1] 0.8932553794225785
[0 1 0 0 1 1 0 1 0 1 0 0 1 0 1 0 1 0 1 0 1 0 1 1 0 1 0 0 1 1 1] 0.8895693833264406
[1 0 0 1 0 1 0 0 1 1 0 1 1 0 1 1 1 1 0 1 1 0 1 0 0 0 1 1 0 1 1] 0.018585305499249742
[1 0 1 1 1 0 1 1 1 1 0 0 0 0 0 0 0 1 0 1 0 0 0 1 0 1 0 0 1 1 1] 0.018585305499249742
[1 0 1 1 1 0 0 0 1 1 0 0 1 1 1 0 1 1 0 0 0 1 1 1 1 1 0 1 1 1 0] 0.2591658891954662
[0 0 0 0 0 1 1 1 0 1 0 0 0 0 0 1 0 1 0 1 0 0 0 0 1 1 1 1 1 0 0] 0.7951095770782217
[1 1 0 1 1 0 1 1 1 0 0 0 1 1 1 0 1 1 1 0 1 0 0 0 0 0 0 1 1 0 0] 0.31804258498319016
[1 1 0 0 0 0 0 1 0 1 0 0 1 1 0 0 1 0 1 0 1 1 0 1 0 0 1 0 1 0 1] 0.3172678665562166
[1 1 1 0 1 1 1 1 1 0 0 1 1 0 0 0 1 1 1 0 0 1 0 1 1 0 1 0 0 1 0] 0.1907049801348979
[0 1 0 1 1 0 1 1 1 1 1 0 1 1 1 1 0 0 0 0 1 1 1 0 1 0 1 0 0 0 0] 0.7797992120981064
[1 1 0 1 0 1 0 1 1 0 1 0 1 1 0 1 1 1 0 1 1 0 0 1 1 0 1 0 0 1 1] 0.246471489636261
[1 1 0 0 0 0 1 1 0 1 1 1 1 1 1 0 0 0 0 1 1 1 1 1 1 0 0 1 0 0 0] 0.3887494955520853
[0 0 0 0 1 1 0 1 0 0 0 0 1 0 0 1 1 0 0 0 0 0 1 0 0 1 0 0 1 1 0] 0.7475546739291253
[1 1 1 1 1 0 0 0 0 1 0 1 0 1 1 0 1 0 1 1 0 1 0 1 0 1 1 1 1 1 1] 0.373422426842704
[1 1 1 0 0 0 0 0 0 1 0 0 0 1 0 1 1 0 1 1 0 0 0 1 1 1 1 0 1 0 1] 0.24003414252471775
[0 1 0 0 1 0 0 1 1 1 1 1 1 1 0 1 1 0 0 1 0 1 0 1 0 0 1 1 1 1 0] 0.8159514073603557
[0 0 1 0 1 0 1 1 0 1 0 1 0 0 0 0 1 0 1 0 1 0 1 1 0 1 0 1 1 0 0] 0.7184966211424001
[1 1 0 0 1 0 0 1 1 0 0 0 0 0 0 0 1 0 0 0 0 0 0 1 0 1 0 0 1 0 1] 0.14145061916671747
[0 1 0 1 0 0 0 1 0 0 1 1 1 0 0 0 0 1 0 0 1 0 0 0 0 1 0 0 1 0 1] 0.8308941309906378
[1 1 1 1 0 1 0 1 1 1 0 1 1 1 0 1 0 0 0 0 1 0 1 0 1 0 1 1 1 1 1] 0.24003414252471775
[1 0 1 1 0 1 1 1 1 0 1 0 1 1 1 0 0 1 0 0 0 0 0 0 1 1 1 0 0 1 1] 0.16477399242930307
[1 0 0 0 1 0 0 0 0 1 1 1 0 1 1 0 0 0 0 1 0 0 1 1 1 1 1 1 1 1 1] 0.16477399242930307
[1 1 0 0 0 0 1 0 1 1 0 0 0 1 1 1 0 0 1 0 0 0 0 0 1 0 0 0 1 1 1] 0.3188051293454896
[1 0 0 1 1 0 1 0 1 1 0 1 0 1 0 0 1 0 1 0 0 1 1 0 0 0 1 0 0 0 1] 0.16477399242930307
[0 1 1 1 1 1 1 0 0 0 0 0 1 0 0 1 0 0 0 0 0 1 1 1 0 1 0 0 0 1 1] 0.8290538729563118
[0 1 0 0 0 1 0 1 0 1 1 1 1 0 0 1 1 1 0 0 1 1 0 1 1 1 0 1 0 1 1] 0.8157850446008693
[0 1 1 1 1 0 0 1 0 0 0 1 1 0 0 1 0 1 1 0 0 0 1 1 1 1 1 1 1 1 0] 0.8937937427578216
[1 1 1 0 1 0 0 0 1 0 0 1 1 1 1 1 0 0 0 1 1 1 0 0 0 0 1 1 1 0 0] 0.373422426842704
[0 1 1 1 1 0 1 1 1 1 0 1 0 0 0 1 0 1 0 1 0 1 1 1 0 1 1 1 1 1 0] 0.8445781962916222
[1 1 1 1 1 0 1 1 1 1 0 0 1 1 1 0 1 1 0 0 0 1 0 0 1 1 0 0 0 0 1] 0.4040809672132554
[0 0 1 0 0 0 1 0 0 0 0 1 0 0 1 0 0 1 1 1 1 1 1 0 0 0 0 1 1 1 0] 0.7156121740746206
[1 1 0 1 0 1 1 0 0 1 0 1 0 0 1 1 1 1 0 1 0 1 1 1 1 0 0 1 1 1 1] 0.2300865563712063
[1 0 1 1 0 1 1 0 1 1 0 0 1 0 1 0 0 1 0 0 0 1 1 0 1 1 1 1 0 1 0] 0.14145061916671747
[1 1 0 0 0 1 0 1 0 0 1 0 0 1 1 0 0 0 0 0 0 1 0 0 0 1 1 1 0 0 0] 0.373422426842704
[1 1 1 0 1 0 1 0 0 1 1 0 0 1 0 1 1 0 0 1 0 1 0 0 0 0 1 1 1 0 1] 0.31765676567656764
[1 1 1 0 1 0 1 1 1 0 0 0 1 1 1 0 0 1 1 0 1 0 1 1 0 1 0 1 1 0 1] 0.31804258498319016
[0 1 1 0 0 0 0 0 1 0 1 1 0 0 0 0 1 1 1 1 0 1 0 1 1 1 0 1 1 0 1] 0.8010024458473328
[1 1 0 0 0 0 0 0 0 0 1 1 1 0 1 1 1 0 1 0 0 0 0 1 1 1 0 1 1 0 1] 0.17008276793009128
[1 0 1 0 0 0 1 0 1 0 1 0 0 1 0 1 1 0 1 0 0 0 0 1 1 1 0 0 1 1 0] 0.08781104813796795
[0 1 1 1 1 0 1 0 0 1 1 1 0 1 1 1 0 0 0 1 1 0 1 0 0 0 0 1 0 1 1] 0.8611648911312244
[0 0 1 1 1 1 1 1 1 0 1 1 0 1 0 1 0 0 1 1 1 1 1 1 1 1 1 1 1 0 0] 0.8660742909913919
[0 0 1 1 1 0 0 0 1 1 0 0 0 0 1 0 0 0 1 1 1 1 1 0 0 1 1 1 0 0 0] 0.8238297449651096
[0 0 1 0 0 0 1 1 0 1 0 1 1 1 0 0 1 1 1 1 1 0 0 1 1 1 0 1 0 0 1] 0.8082457393611594
[0 1 0 1 1 1 0 1 0 1 0 1 1 0 1 1 1 1 1 1 1 1 1 0 1 0 1 0 1 1 1] 0.8165484280486894
[0 0 1 1 1 1 0 1 1 0 0 1 0 0 1 1 0 1 1 1 1 0 1 1 1 0 1 0 1 0 1] 0.8385537414294875
[1 1 0 0 1 0 0 0 1 0 1 1 0 0 0 1 0 0 0 0 1 0 0 0 1 1 1 1 1 0 1] 0.13501483679525222
[1 1 0 1 0 1 1 1 1 0 1 1 0 0 1 0 0 1 1 0 1 0 1 0 0 1 1 1 1 1 0] 0.16301749689262837
[1 1 1 1 0 1 1 1 1 1 1 1 1 1 0 1 1 1 1 1 0 1 0 0 1 1 1 1 0 1 1] 0.3294121978608642
[1 0 1 1 1 0 1 1 0 1 1 1 1 1 0 1 1 1 1 0 1 1 0 1 0 1 1 1 1 1 0] 0.16477399242930307
[1 1 0 0 0 0 0 1 1 1 0 1 1 1 1 0 1 0 1 1 1 1 1 1 0 1 1 0 1 0 1] 0.373422426842704
[1 1 1 1 1 0 1 0 1 1 0 1 1 1 1 1 1 1 1 1 1 1 1 1 1 0 0 1 1 1 1] 0.39468644662617086
[1 0 1 1 1 1 1 0 1 1 1 1 1 0 1 1 0 1 1 1 1 1 1 0 1 1 1 1 1 1 0] 0.1421574960361736
[1 1 1 0 1 1 1 0 1 1 0 0 0 1 1 1 0 1 1 1 0 1 1 0 1 1 1 0 1 1 1] 0.39468644662617086
[1 1 0 1 1 1 0 1 0 1 1 1 1 0 0 1 1 1 0 0 1 1 1 1 1 1 0 1 1 1 1] 0.1907049801348979
[0 1 1 1 0 0 0 1 1 1 1 1 0 1 0 1 1 1 1 1 1 1 0 1 1 1 0 1 1 0 1] 0.8706356545036394
[1 1 1 0 1 1 0 1 1 1 1 0 1 0 1 0 1 1 1 1 1 1 0 1 0 1 0 0 1 0 1] 0.24887569034215332
[0 1 1 1 1 0 1 1 1 1 1 1 0 1 1 1 1 1 1 1 1 0 1 1 1 1 1 1 1 1 1] 0.8869899973369837
[1 1 0 0 0 1 1 1 0 1 0 1 1 1 1 1 1 1 1 1 1 0 1 0 1 0 1 0 1 1 1] 0.3245361469611532
[1 1 1 0 1 0 1 1 0 0 1 1 0 1 1 1 1 1 0 1 1 0 1 0 1 1 1 1 0 0 1] 0.3189938968004439
[0 1 0 0 1 1 1 1 0 0 0 0 1 1 1 1 0 0 1 0 1 0 0 1 1 0 1 0 1 1 1] 0.8901798681711541
[0 1 1 1 1 0 0 1 1 1 1 1 1 1 0 1 1 1 0 1 0 1 0 1 0 1 1 1 1 1 1] 0.8666774509710632
[0 1 0 1 0 1 1 0 0 1 1 1 0 1 1 1 0 1 1 1 1 1 1 1 1 1 1 1 0 1 1] 0.8034098939043887
[0 0 1 0 1 1 1 1 0 0 0 0 1 0 0 1 1 0 0 0 0 0 1 0 0 1 0 1 1 1 0] 0.7217347464779956
[1 1 0 0 1 0 1 1 0 1 1 1 1 1 1 0 0 0 1 1 1 1 1 1 1 1 1 1 0 0 0] 0.3997108035529849
[1 1 0 1 1 0 1 1 1 1 1 1 1 1 0 0 0 1 0 0 1 1 1 0 0 1 1 0 1 0 1] 0.31765676567656764
[1 1 1 1 0 0 1 1 1 1 1 0 1 1 1 1 1 1 0 1 1 1 1 0 1 1 1 1 1 1 0] 0.3987953058469208
[0 1 1 1 1 1 1 1 1 1 1 1 1 1 1 1 1 1 1 0 1 0 1 1 1 1 1 1 1 0 0] 0.8928727184997541
[1 1 1 1 1 1 0 1 1 1 1 1 1 1 0 1 0 0 0 0 1 0 1 0 1 0 1 1 1 1 1] 0.24003414252471775
[0 1 1 0 1 1 1 0 1 0 0 1 1 0 0 1 0 1 1 1 1 1 1 1 1 0 1 0 0 1 0] 0.8486133721070657
[0 1 1 1 1 0 1 1 0 0 1 1 1 0 1 1 0 1 1 0 1 0 1 1 1 1 1 1 1 1 0] 0.8802781170722542
[1 1 1 1 1 0 1 1 0 1 1 0 1 1 0 1 1 1 0 1 1 1 0 0 0 1 1 1 1 0 1] 0.3233522901793609
[0 1 1 1 1 1 1 1 0 1 1 0 1 1 1 1 1 0 1 1 1 1 0 1 0 1 1 1 1 1 1] 0.8302739920847821
[1 1 1 1 1 1 1 0 1 0 1 0 1 1 0 1 1 1 1 0 1 0 1 1 1 1 1 0 1 1 0] 0.246471489636261
[1 1 1 0 1 0 1 1 1 1 0 1 1 1 1 0 1 1 1 1 1 1 1 1 0 1 0 1 1 0 1] 0.373422426842704
[1 1 1 0 1 0 1 0 1 1 0 0 1 1 1 1 1 1 1 0 1 1 1 1 1 0 0 1 1 1 1] 0.4040809672132554
[1 1 0 0 1 1 1 1 1 1 1 1 1 0 0 1 0 0 1 1 0 1 1 0 1 1 0 1 1 0 1] 0.1907049801348979
[0 1 1 1 0 1 1 0 1 0 1 1 0 1 1 0 1 1 1 1 1 1 1 1 1 0 1 1 1 1 0] 0.8307372181816397
[1 1 1 1 1 1 0 1 1 0 1 1 1 1 1 1 0 1 1 1 1 1 0 0 0 0 1 1 1 1 1] 0.373422426842704
[1 1 1 1 0 1 0 1 1 1 1 1 0 1 1 0 0 1 0 1 1 0 0 1 1 1 0 1 1 1 1] 0.3188051293454896
[1 1 1 1 1 0 0 0 0 0 1 0 1 0 1 0 0 1 1 1 1 1 1 1 1 0 1 0 1 1 1] 0.24887569034215332
[1 1 0 1 0 1 0 1 1 1 0 1 1 1 1 0 1 1 1 1 1 1 1 1 0 0 1 1 1 1 1] 0.373422426842704
[1 1 1 1 1 1 1 0 1 1 1 1 1 1 0 1 1 1 1 0 1 0 1 1 1 1 1 0 1 0 1] 0.24003414252471775
[1 0 1 1 1 0 1 1 0 1 1 1 1 1 1 1 0 0 1 0 1 1 1 0 0 1 1 0 1 1 0] 0.21364929108902578
[0 0 0 1 1 0 1 1 1 1 1 0 1 0 1 1 0 0 0 1 1 1 0 1 1 1 1 0 1 0 1] 0.8759693957216468
[1 1 1 1 1 1 1 1 1 1 0 0 1 1 1 0 1 0 1 0 1 1 1 0 1 1 1 1 1 1 1] 0.4040809672132554
[1 1 0 0 1 1 1 1 1 1 0 0 1 1 1 1 1 0 1 1 1 1 1 1 1 1 1 0 1 1 1] 0.4040809672132554
[1 1 1 1 1 1 1 0 0 0 1 0 1 1 1 1 1 0 0 1 1 1 1 1 0 1 1 1 1 1 1] 0.373422426842704
[1 1 1 1 1 1 1 0 1 1 1 1 1 1 1 1 1 1 0 1 1 1 1 1 1 1 1 0 0 1 1] 0.3997108035529849
[1 0 1 1 1 1 0 0 1 1 1 0 1 1 1 0 1 1 1 1 1 1 1 1 1 1 0 1 1 1 0] 0.2591658891954662
[0 1 1 1 1 1 0 1 1 1 1 1 1 1 0 1 1 1 1 1 1 1 1 0 0 0 1 1 0 1 1] 0.8462125298230782
[1 1 1 0 1 1 1 0 1 1 0 0 0 1 1 1 1 1 1 1 1 1 1 0 1 1 1 0 1 1 1] 0.39468644662617086
[1 1 1 0 1 1 0 1 1 1 1 1 1 1 1 1 1 0 0 1 0 1 1 1 1 1 1 1 1 1 1] 0.39468644662617086
[1 1 1 1 1 0 1 1 1 0 1 1 1 1 0 1 0 1 0 1 1 1 0 0 0 1 1 0 1 0 1] 0.31765676567656764
[0 1 1 0 1 1 1 0 1 0 0 1 1 0 0 1 0 1 1 1 1 1 1 1 1 0 1 0 1 1 0] 0.8565542999056659
[0 0 1 0 0 0 1 1 0 1 1 0 1 1 0 1 0 1 1 1 1 0 0 1 1 1 0 1 0 0 1] 0.8341559136587976
[0 1 1 0 1 0 1 1 1 0 0 1 1 0 1 1 0 1 1 0 1 1 1 1 0 1 1 0 0 0 0] 0.7549183130108674
[0 1 1 1 1 1 1 0 1 0 1 1 0 0 1 1 1 1 1 1 1 0 0 1 1 1 1 1 1 0 1] 0.8856121704309425
[1 1 1 0 1 0 1 0 1 0 0 1 1 1 1 1 0 0 0 1 1 1 0 0 1 0 1 1 1 0 0] 0.39468644662617086
[1 1 1 1 1 0 0 1 1 1 1 0 1 1 1 0 1 1 0 0 0 1 1 1 1 1 0 1 1 1 0] 0.4040809672132554
[1 1 1 1 1 0 1 1 1 0 1 1 1 1 1 1 0 0 0 1 1 1 0 1 1 1 1 0 1 1 1] 0.3997108035529849
[0 0 0 1 1 1 1 0 1 1 1 1 1 1 1 0 1 1 1 1 1 0 1 1 0 0 1 0 1 1 1] 0.8237611028495639
[0 1 1 0 1 0 1 1 1 0 0 1 1 0 1 1 1 0 1 1 1 1 1 1 0 1 1 0 1 0 1] 0.8549960062560683
[1 0 0 1 1 1 0 1 0 1 0 1 1 0 1 0 1 1 1 1 1 1 1 0 0 1 1 0 0 1 0] 0.14130261038497952
[0 1 1 1 0 1 1 1 1 0 1 1 0 0 1 0 0 0 1 1 1 1 1 0 1 1 1 1 1 1 0] 0.793718187837708
[1 1 1 0 1 0 1 1 1 0 1 1 1 0 0 1 1 1 1 0 1 0 1 1 1 1 0 1 0 0 1] 0.1422925822734638
[0 1 0 1 1 1 0 1 1 0 0 1 1 1 1 1 1 0 1 0 0 0 0 1 1 0 0 0 1 1 1] 0.8887987429301478
[0 1 1 1 1 0 1 1 0 0 1 1 1 0 1 1 0 0 1 0 1 1 1 1 1 1 1 1 1 1 0] 0.8531185006335014
[0 1 1 1 0 1 1 1 0 0 1 1 1 1 1 1 1 1 0 0 0 0 1 0 1 1 1 1 1 1 1] 0.8836961450187208
[0 1 1 1 1 1 1 1 1 1 1 0 1 1 1 1 1 0 1 1 1 1 1 1 1 1 1 1 1 1 1] 0.8686454972655265
[1 1 1 1 1 0 0 1 1 1 0 0 0 1 1 1 0 1 1 1 1 0 1 1 1 0 1 0 1 0 1] 0.3243407651824475
[0 1 0 1 1 1 1 1 1 0 1 0 0 1 0 1 0 1 1 1 1 1 1 1 0 1 0 1 1 1 0] 0.8373167115968901
[0 1 1 1 1 1 1 1 1 1 1 1 1 1 1 0 0 0 0 1 0 1 1 1 0 0 1 1 1 1 1] 0.859643435980551
[0 1 1 0 1 1 1 1 1 1 1 1 1 0 0 1 1 1 1 1 1 1 1 1 1 1 1 0 1 1 1] 0.8711775260844387
[0 1 0 0 1 0 1 0 0 1 1 0 0 1 1 1 0 0 1 0 1 0 0 1 0 1 1 1 1 0 0] 0.8194360413794471
[0 0 1 0 1 1 1 1 0 0 1 0 1 1 1 1 1 1 0 0 1 1 0 1 1 1 0 1 1 1 0] 0.8888847500558744
[1 1 0 1 1 1 1 1 1 0 1 1 1 1 1 1 0 0 1 1 1 1 1 1 1 1 1 0 1 1 1] 0.3997108035529849
[0 1 1 1 1 1 1 1 1 1 1 1 1 1 1 1 1 0 1 0 1 1 1 1 1 1 1 1 1 1 1] 0.8866414686321756
[0 1 1 1 1 0 1 1 1 0 1 1 1 0 1 1 0 0 0 1 1 1 1 1 1 1 1 1 1 0 1] 0.8848996635256178
[0 1 0 0 0 1 1 1 1 0 1 1 1 1 1 0 1 0 1 0 1 0 0 1 1 0 0 0 1 1 1] 0.8723912682011448
[1 1 1 1 0 1 1 1 0 1 1 1 1 1 1 1 0 1 1 1 1 1 0 0 1 0 1 1 1 1 1] 0.3887494955520853
[0 1 1 1 1 0 1 1 1 0 1 1 1 0 1 1 0 1 1 1 1 1 1 1 1 1 1 1 1 1 1] 0.8635315198536
[0 1 0 1 1 1 1 1 1 1 1 0 1 1 1 1 0 1 0 0 1 1 1 0 1 0 1 1 0 0 0] 0.7797992120981064
[0 0 0 0 0 1 1 0 1 1 1 1 0 1 1 1 0 1 0 0 1 1 1 1 1 1 1 0 1 1 1] 0.8901798681711541
[0 1 1 1 1 1 1 1 1 0 1 1 0 1 1 1 0 0 1 1 1 1 1 1 1 1 1 1 1 1 0] 0.8585732045060741
[0 1 0 0 0 1 1 1 1 0 1 0 1 1 1 1 1 0 1 1 1 1 0 1 1 1 1 0 1 1 1] 0.8119230596601817
[0 1 1 1 1 1 1 1 0 0 1 1 1 1 1 1 1 0 0 0 1 1 1 1 1 1 0 1 1 1 1] 0.8919106552748748
[0 1 1 1 1 1 1 1 1 1 1 1 0 1 1 1 1 0 1 1 1 0 1 1 1 1 1 1 1 1 1] 0.886497302452571
[0 0 1 0 1 1 0 1 0 0 1 1 0 0 1 0 1 1 0 0 1 0 1 1 0 0 1 1 0 1 0] 0.8402777777777778
[0 1 0 0 0 1 1 1 1 0 1 1 1 1 1 1 1 0 1 0 1 0 0 1 1 1 0 1 1 1 1] 0.8755940097313466
[0 1 1 1 1 1 1 1 1 1 1 1 1 1 1 1 0 0 1 1 1 1 1 1 0 1 1 1 1 1 1] 0.8646279471946566
[0 0 0 1 1 1 1 1 1 1 1 1 1 1 1 1 1 1 1 1 1 0 1 1 1 0 1 0 1 1 1] 0.8378916379765967
[0 1 1 1 0 1 1 1 1 0 1 1 0 0 1 0 1 0 1 1 1 1 1 0 1 1 1 1 1 1 0] 0.8034098939043887
[0 1 0 0 1 1 1 1 1 0 1 0 1 0 1 1 1 0 1 0 1 0 1 1 1 1 1 0 1 1 1] 0.8878952649879815
[0 1 1 1 1 0 1 1 1 1 1 1 1 1 1 1 1 1 1 0 0 1 1 0 1 1 1 1 1 0 1] 0.8465710590823987
[0 0 1 0 1 1 1 1 1 1 0 1 0 0 1 0 0 0 0 1 0 1 1 1 0 1 0 0 0 1 1] 0.8806192821956368
[0 1 0 1 1 1 0 1 0 1 1 0 1 1 1 0 1 0 1 1 1 0 1 1 1 1 0 1 1 1 1] 0.89194988064609
[0 1 1 1 1 1 1 1 1 0 1 1 1 1 1 1 0 0 1 0 1 1 1 1 1 1 1 1 1 1 1] 0.8876193668840995
[0 1 1 1 1 1 1 1 1 0 1 1 1 0 1 1 0 1 1 0 1 0 1 1 1 1 1 1 1 1 1] 0.902466908169309
[0 1 1 1 1 1 1 1 0 0 1 1 1 1 1 1 0 0 1 0 1 0 1 1 1 1 1 1 1 1 0] 0.896407716756597
[0 1 0 1 1 1 1 1 0 1 1 1 1 0 1 1 1 1 1 0 1 0 1 1 1 1 1 1 1 1 1] 0.8954737990862512
[0 1 1 1 1 1 1 1 1 1 0 1 1 1 1 1 0 0 1 0 1 0 1 1 1 1 0 1 1 1 1] 0.8945071036023096
[0 1 0 0 1 1 1 1 1 0 0 0 1 1 1 1 0 0 1 1 1 1 0 1 1 0 1 0 1 1 1] 0.8482938207069115
[0 1 1 0 1 1 0 1 0 1 0 0 1 0 1 0 1 0 1 0 1 0 1 1 0 1 0 0 1 1 1] 0.8907032844683616
[0 1 1 1 1 1 1 1 0 1 0 1 1 1 1 1 0 1 1 0 1 0 1 1 1 1 1 1 1 1 0] 0.8978836686767278
[0 1 1 1 1 1 1 1 0 1 0 1 1 1 1 1 0 1 1 0 1 0 1 1 1 1 1 1 1 1 1] 0.9092930839622299
[0 0 0 0 0 1 1 0 1 1 1 1 0 1 1 1 0 1 1 0 1 1 1 1 1 1 1 0 1 1 1] 0.8865293303921935
[0 1 1 1 1 1 1 1 1 1 1 1 1 1 1 1 1 1 1 0 1 0 1 1 1 1 1 1 1 1 1] 0.8897004364656068
[0 1 1 1 1 1 1 1 0 0 0 1 1 1 1 1 0 1 1 0 1 0 1 1 1 1 1 1 1 1 0] 0.9001251656604329
[0 1 1 1 1 1 1 1 0 1 1 1 1 1 1 1 1 1 1 0 1 0 1 1 1 1 1 1 1 0 1] 0.9010499990805613
[0 1 1 0 1 1 1 1 1 0 0 1 1 1 1 1 0 1 1 1 1 1 1 1 1 1 1 0 1 1 1] 0.8788286787920867
[1 1 1 0 1 1 0 1 1 1 0 0 1 1 1 0 1 0 1 1 1 1 1 1 1 1 0 1 1 1 1] 0.4040809672132554
[0 1 1 1 1 1 1 1 1 1 1 1 1 1 1 1 1 1 1 0 1 0 1 1 1 1 1 1 1 1 0] 0.8947129587612637
[0 1 1 1 1 0 1 1 0 0 0 1 1 1 1 1 0 1 1 0 1 0 1 1 1 1 1 1 1 1 0] 0.8991985260248734
[0 1 1 1 1 0 1 1 1 1 1 1 1 1 1 1 1 1 1 1 1 0 1 1 1 1 1 1 1 1 1] 0.8869899973369837
[0 0 1 0 1 1 0 1 0 1 0 0 1 1 1 1 0 1 0 0 1 1 0 1 1 1 0 1 1 1 0] 0.900404263138552
[0 1 1 1 1 1 1 1 0 1 0 1 1 1 1 1 0 1 1 0 1 1 1 1 1 1 1 1 1 1 1] 0.8969608822324606
[0 1 1 1 1 0 0 1 0 1 0 1 1 0 1 1 0 1 1 1 1 0 1 1 1 1 1 1 1 1 0] 0.879312290733983
[0 1 1 1 1 1 1 1 0 0 1 1 1 1 1 1 0 1 1 0 1 0 1 1 1 1 1 1 1 1 1] 0.9051378153644797
[0 0 0 0 0 1 1 0 0 1 0 1 1 1 1 1 0 1 0 0 1 1 1 1 1 1 1 0 0 1 1] 0.8998757992547955
[0 0 1 0 1 1 1 1 0 0 0 1 1 1 1 1 0 1 0 0 1 1 1 1 1 1 1 1 1 1 1] 0.9147092938958968
[0 1 1 1 1 1 1 1 0 0 0 1 1 1 1 1 0 1 1 0 1 0 1 1 1 1 0 1 1 1 1] 0.9124801896345811
[0 1 1 1 1 1 1 1 0 0 0 1 1 0 1 1 0 1 1 0 1 0 1 1 1 1 1 1 1 1 1] 0.9056472568897999
[0 1 1 1 1 1 1 1 0 1 1 1 1 1 1 1 0 1 1 0 1 0 1 1 1 1 1 1 1 1 1] 0.9010499990805613
[0 1 1 1 1 1 1 1 1 0 0 1 1 0 1 1 0 1 1 0 1 0 1 1 1 1 1 1 1 1 1] 0.901500140221504
[0 1 1 1 1 1 1 1 0 1 1 1 1 1 1 1 1 1 1 1 1 0 1 1 1 1 1 1 1 1 1] 0.8910252238348038
[0 1 1 1 1 1 1 1 0 0 0 1 1 1 1 1 0 1 1 0 1 0 1 1 1 1 1 1 1 1 1] 0.9138109319158972
[0 1 1 1 1 1 1 1 1 0 0 1 1 1 1 1 0 1 1 0 1 0 1 1 1 1 1 1 1 1 1] 0.8968503755054882
[0 0 1 1 1 1 1 1 0 0 0 1 1 1 1 1 0 1 0 0 1 1 1 1 1 1 1 1 1 1 1] 0.9109556006515666
[0 0 1 1 1 1 1 0 0 1 1 1 1 1 1 0 0 0 0 1 0 1 1 0 1 0 0 1 0 1 1] 0.8778030488148719
[0 1 1 0 0 0 1 1 0 0 1 0 1 0 1 1 1 1 0 1 0 0 0 1 1 0 1 1 0 1 1] 0.7725613554575081
[0 0 1 1 0 1 0 0 0 1 0 1 1 0 0 1 0 0 1 0 1 1 0 1 1 0 1 1 1 0 0] 0.8817432749390127
[0 1 1 1 1 1 0 0 1 0 1 0 1 1 0 0 0 0 1 0 0 0 1 1 1 0 0 1 1 0 0] 0.8883582089552239
[0 0 1 1 0 1 0 0 0 1 0 1 1 1 1 1 0 0 1 0 0 0 1 0 1 1 1 0 0 1 0] 0.8945071036023096
[1 1 0 1 1 0 0 0 1 0 0 1 1 0 1 0 0 1 1 1 1 0 1 0 1 0 1 0 0 1 1] 0.1840490797546012
[0 1 0 0 1 0 1 0 1 0 1 0 0 0 0 1 0 0 0 1 1 1 1 0 1 1 0 1 0 1 0] 0.7177948300252927
[1 1 0 0 1 0 1 0 1 1 0 0 1 0 1 1 1 0 0 0 0 1 1 1 0 0 0 1 1 0 1] 0.2426749396759738
[1 0 1 1 0 1 1 0 0 1 1 1 1 1 0 0 1 0 1 0 1 0 1 1 1 1 0 1 1 0 1] 0.09594833921665483
[1 0 1 1 0 0 0 0 0 1 1 0 0 1 1 1 1 1 1 1 1 1 0 1 1 0 1 0 0 1 0] 0.246471489636261
[0 1 1 1 1 1 1 1 0 0 1 1 0 1 1 0 0 0 0 1 0 0 1 1 1 0 0 1 1 1 0] 0.8814400352692328
[0 1 1 1 1 1 1 1 0 0 0 1 1 1 0 1 0 1 0 1 1 1 0 1 1 0 0 0 1 0 1] 0.8845012404624819
[1 1 1 1 0 1 1 1 1 0 0 1 1 0 1 0 1 0 1 1 1 0 0 1 0 0 0 0 0 1 1] 0.16301749689262837
[1 1 1 0 0 1 1 1 0 1 0 0 1 1 0 1 0 1 1 1 1 1 1 1 1 1 0 1 1 1 1] 0.33503011249920034
[1 0 1 0 0 1 1 0 0 0 0 0 1 1 0 0 1 0 0 0 0 0 0 0 1 0 1 0 1 0 1] 0.08781104813796795
[0 1 1 1 1 0 1 1 0 1 0 1 1 1 0 0 0 0 1 0 1 1 0 0 0 0 0 0 1 0 0] 0.8354297080676301
[0 0 0 0 0 0 0 1 0 0 1 0 1 0 0 1 1 1 1 0 1 1 1 0 0 0 1 0 0 1 1] 0.7064531329078947
[0 1 1 0 0 0 1 1 1 1 1 0 1 1 0 0 1 1 1 0 1 1 1 1 1 1 1 1 0 1 1] 0.8620244788368981
[1 0 1 0 0 1 1 0 0 0 1 0 0 0 0 0 0 1 1 0 1 1 1 1 1 1 0 1 0 0 1] 0.018585305499249742
[1 0 0 1 1 0 0 1 1 0 1 0 1 1 0 1 1 0 0 0 1 0 1 1 0 0 0 0 1 0 0] 0.07956680296165321
[0 1 0 0 1 0 1 1 1 0 0 0 0 0 1 1 0 1 1 0 1 0 1 0 1 1 0 1 0 1 1] 0.8605348363113082
[1 0 0 0 0 0 1 0 1 1 1 0 0 0 0 0 1 0 1 0 0 1 0 1 1 1 0 0 1 0 1] 0.018585305499249742
[1 0 1 1 0 0 1 1 1 1 0 1 1 1 1 0 1 0 0 0 1 0 1 1 0 0 0 0 0 1 0] 0.13509273784257636
[0 0 0 0 0 1 0 0 0 1 0 1 0 1 0 1 0 0 1 1 0 1 0 1 0 0 1 1 1 1 1] 0.8464489859838698
[1 0 0 0 1 0 0 0 0 1 0 0 0 0 1 0 1 1 0 1 1 1 0 1 1 0 1 0 0 0 0] 0.1421574960361736
[0 0 1 0 1 0 1 1 0 1 1 0 0 0 0 0 0 0 0 0 0 1 0 1 0 0 0 1 0 0 1] 0.895966460113796
[0 0 1 1 1 1 1 1 0 0 0 1 0 0 0 1 1 1 0 0 1 1 0 0 0 0 0 0 1 0 1] 0.8129880972987283
[1 1 0 0 0 1 1 0 1 0 1 0 1 0 0 0 1 0 0 1 1 0 0 1 0 1 0 0 1 0 1] 0.14145061916671747
[0 0 1 1 1 0 0 1 0 0 0 0 1 0 1 0 1 1 0 1 1 0 1 1 0 0 0 0 1 1 1] 0.853644111344884
[0 0 0 1 0 0 1 1 1 0 0 1 1 1 1 1 1 0 0 1 0 0 0 1 0 1 0 1 0 1 0] 0.8421306244068896
[0 1 0 1 0 0 1 0 1 0 1 0 1 1 0 1 0 1 1 1 1 0 1 1 0 1 0 1 1 1 1] 0.8686399228893585
[0 0 1 0 1 0 0 1 1 1 0 0 1 0 1 0 1 1 1 1 1 0 1 1 1 0 1 0 0 0 0] 0.8570516972995968
[1 1 1 0 1 1 0 1 0 1 1 0 0 1 0 0 0 1 1 0 1 0 1 1 1 1 1 1 1 1 1] 0.24003414252471775
[0 1 1 1 1 1 1 0 0 0 1 0 1 1 1 0 0 0 1 1 1 0 0 0 1 0 1 1 0 1 1] 0.849431390361083
[1 1 1 0 1 0 0 1 1 0 1 1 1 0 1 0 1 0 1 0 0 1 0 0 1 0 0 1 1 1 1] 0.23641242354781586
[1 0 0 0 0 0 0 0 0 0 1 1 0 0 1 0 1 1 1 0 0 0 0 0 1 1 1 1 0 1 1] 0.018585305499249742
[0 1 0 0 0 0 0 0 0 1 1 1 1 0 1 1 0 1 0 0 1 1 1 1 0 0 1 1 1 0 0] 0.6512286378804732
[1 1 0 1 1 1 1 1 1 0 1 0 1 1 1 1 1 1 0 1 0 1 1 1 0 0 1 0 1 1 1] 0.373422426842704
[0 1 1 0 0 0 0 0 0 1 1 0 1 1 0 1 0 0 0 0 0 0 1 0 0 1 0 1 1 1 0] 0.7217262696445101
[1 0 1 0 1 0 1 0 1 1 0 1 0 1 0 0 1 1 1 1 0 0 1 1 1 0 1 0 1 0 1] 0.09594833921665483
[1 1 1 0 0 0 1 1 0 1 1 1 0 1 1 0 0 0 0 1 1 0 0 1 1 0 1 0 1 0 1] 0.3188051293454896
[1 1 0 1 1 1 0 1 0 1 0 1 1 0 1 0 1 0 0 0 1 0 0 1 0 1 1 1 0 1 1] 0.16301749689262837
[0 1 1 0 0 1 1 1 1 1 1 1 1 0 1 1 0 0 1 1 0 1 1 1 0 1 1 0 1 0 0] 0.6888625696363556
[1 0 0 1 1 1 0 1 1 0 0 1 0 1 1 0 0 0 0 0 1 1 0 1 0 1 0 0 0 1 0] 0.21364929108902578
[0 0 1 1 1 0 1 0 0 0 0 0 1 1 1 1 0 1 0 1 1 1 0 1 1 0 1 0 0 1 0] 0.8773748492159228
[1 1 0 0 1 0 0 1 0 1 0 0 1 0 0 1 1 1 1 0 1 0 1 0 0 0 1 1 0 0 1] 0.14145061916671747
[1 1 1 0 0 0 1 0 0 1 1 0 1 1 0 1 1 1 1 0 1 0 1 0 0 1 0 1 1 1 1] 0.22034392305450307
[0 0 0 1 0 1 1 0 0 1 0 1 1 0 0 0 0 0 0 1 1 0 0 1 1 1 0 1 1 0 0] 0.8094123645634161
[1 1 1 1 0 0 1 0 1 1 1 1 1 1 0 1 0 1 1 1 1 0 0 0 1 0 1 1 0 0 0] 0.24003414252471775
[0 1 1 1 0 1 1 0 1 0 1 0 1 0 1 0 1 0 0 1 0 0 0 1 1 0 0 0 1 1 0] 0.8620244788368981
[1 1 0 1 1 0 0 1 1 0 1 1 1 1 1 0 1 1 0 1 1 0 1 0 0 1 0 1 0 0 1] 0.31228892087413807
[1 1 1 0 0 0 0 1 0 1 1 0 1 0 0 1 0 1 0 1 0 0 0 0 1 0 1 0 1 1 0] 0.14169226136705812
[1 0 1 1 0 1 0 1 1 0 1 0 0 0 1 1 1 0 0 1 0 0 0 1 0 0 1 0 0 1 0] 0.018585305499249742
[1 1 1 1 1 0 1 0 0 0 0 1 0 0 0 0 1 0 0 0 0 1 1 0 1 1 1 1 1 1 0] 0.18388634430031586
[0 0 0 1 1 1 1 0 0 0 0 1 0 1 0 0 1 0 1 1 0 1 1 0 1 0 1 0 0 1 1] 0.8739286950830246
[1 0 0 1 0 1 1 1 0 1 0 0 1 0 0 1 1 1 1 0 0 1 1 0 0 1 1 1 0 1 0] 0.018585305499249742
[1 1 1 0 1 0 1 1 1 1 1 1 0 1 0 0 0 1 0 0 1 0 0 1 0 0 0 0 1 0 0] 0.22034392305450307
[0 0 0 0 1 1 1 0 0 0 1 0 0 1 1 0 0 1 0 1 1 1 0 1 0 1 1 1 0 0 0] 0.775135051306573
[0 1 0 0 0 0 1 0 1 0 1 1 0 1 1 0 0 0 0 0 0 1 0 0 1 1 1 1 0 1 0] 0.6442530322064548
[0 0 0 1 0 0 0 1 1 0 0 0 1 1 1 1 1 0 1 0 1 1 0 0 1 1 0 0 0 1 1] 0.8851740715947551
[0 1 0 1 1 0 0 0 0 1 1 1 0 1 0 1 0 0 1 0 0 1 0 1 0 0 1 1 1 0 0] 0.8050333323338632
[0 1 0 0 1 1 1 0 0 0 0 1 1 0 1 1 0 0 0 0 1 1 0 1 0 0 1 1 0 1 0] 0.6721120186697783
[0 0 0 1 0 1 1 1 1 1 1 0 0 0 1 1 1 0 0 1 1 1 0 0 1 0 0 0 0 1 0] 0.839034520590886
[0 1 1 0 0 1 1 1 1 0 0 0 1 1 1 0 0 0 1 0 0 1 0 1 0 0 0 0 1 0 1] 0.6915051021800968
[1 1 1 0 1 1 1 0 1 0 0 0 1 1 1 1 0 0 1 0 0 1 1 0 0 0 0 1 0 1 0] 0.373422426842704
[0 1 0 1 1 0 1 1 1 0 1 0 0 1 0 1 1 1 0 0 0 0 0 1 1 1 0 1 1 0 1] 0.8615716196322559
[1 1 1 0 1 0 1 1 1 0 0 0 0 0 1 1 1 0 0 1 0 1 1 1 0 0 0 0 1 1 1] 0.23641242354781586
[0 0 1 0 1 0 0 1 1 0 0 0 1 1 0 0 1 0 1 0 0 0 1 0 0 0 0 1 0 1 0] 0.7432588788857178
[1 0 0 1 0 1 1 1 1 1 1 0 1 0 0 1 0 1 0 1 1 1 0 1 1 0 0 0 1 0 0] 0.018585305499249742
[0 1 0 0 0 0 1 1 0 0 1 1 1 1 0 1 0 1 0 0 0 0 1 0 0 0 1 1 0 0 1] 0.8058372797300868
[0 0 1 0 1 1 1 0 1 0 0 0 1 0 1 0 0 0 0 0 0 0 0 1 0 0 1 1 1 0 1] 0.8155158880870995
[1 1 1 0 0 0 1 1 1 1 1 0 1 1 1 0 1 1 1 0 1 1 0 1 0 0 1 0 0 1 1] 0.373422426842704
[0 1 1 1 1 0 1 1 0 0 0 0 1 0 1 1 1 0 0 0 1 0 1 1 1 1 1 0 0 1 1] 0.9019730315611567
[1 1 0 0 0 1 1 1 0 0 0 0 0 0 1 0 1 0 0 1 1 1 0 0 0 0 0 0 0 1 1] 0.1907049801348979
[1 0 0 0 0 0 0 0 0 0 1 0 0 1 1 0 1 0 1 1 1 1 0 0 0 0 1 1 1 1 1] 0.19314856257531418
[1 0 0 0 0 1 0 0 1 0 1 0 0 1 1 1 0 1 1 1 0 0 0 1 1 1 1 0 0 0 1] 0.16477399242930307
[0 0 0 1 0 0 0 1 1 1 1 0 1 0 0 0 1 0 0 0 0 0 1 0 0 0 0 1 1 0 1] 0.6215963403851821
[1 1 0 0 0 0 1 0 1 0 0 0 1 0 1 1 0 1 1 1 0 1 0 0 1 1 1 0 1 1 0] 0.2426749396759738
[0 1 1 0 0 1 0 1 0 0 1 0 0 0 1 0 1 1 0 0 0 1 0 1 1 0 0 1 1 0 0] 0.6554149557250203
[1 1 1 0 1 0 1 1 0 0 0 1 1 0 0 1 1 1 1 1 0 0 1 0 1 0 1 0 1 1 1] 0.1422925822734638
[0 1 1 1 0 0 1 1 0 0 0 0 1 0 0 0 1 0 1 0 0 0 1 1 0 0 1 0 1 0 0] 0.879493216412194
[0 0 1 0 0 0 1 0 0 0 1 1 0 1 0 0 1 0 1 1 1 0 0 1 0 1 0 1 1 0 1] 0.6917500132296132
[1 0 0 1 1 1 0 1 0 0 1 1 1 1 0 0 1 1 0 1 0 1 0 1 0 1 0 1 0 1 1] 0.16477399242930307
[1 1 0 0 0 1 0 0 1 0 0 1 1 1 1 1 1 0 0 0 0 0 0 0 1 1 0 1 0 1 0] 0.3245361469611532
[1 1 1 1 0 0 1 1 1 1 0 0 0 1 1 0 0 1 1 0 1 0 1 0 1 1 0 1 1 0 1] 0.3188051293454896
[1 1 0 0 0 0 1 1 1 1 0 1 1 0 1 0 0 1 1 0 0 1 0 1 1 0 0 0 0 0 1] 0.23641242354781586
[0 1 1 0 0 0 0 1 0 1 0 1 0 0 1 0 1 1 1 0 1 1 0 0 0 0 1 0 1 0 1] 0.6444378872823842
[1 1 1 1 1 0 0 1 1 0 0 1 0 1 1 0 1 0 1 0 0 1 0 1 0 0 1 0 0 1 0] 0.373422426842704
[1 0 1 1 1 1 0 0 0 0 1 1 0 0 0 0 0 1 1 0 0 1 0 0 0 1 0 1 0 0 0] 0.018585305499249742
[1 0 0 0 0 1 1 1 1 1 1 0 0 1 1 0 0 0 1 0 0 0 1 1 0 1 0 0 0 0 1] 0.13509273784257636
[0 0 1 0 0 0 1 1 1 0 1 1 0 0 0 0 1 0 0 1 1 1 0 0 0 0 0 0 1 0 0] 0.5838613402026162
[0 1 0 0 0 0 0 1 1 0 1 1 1 0 1 0 1 0 0 1 1 1 0 0 1 1 0 1 1 1 0] 0.6502059932481556
[1 0 1 1 0 0 0 0 0 1 0 1 1 0 0 1 1 0 0 0 1 0 0 1 1 0 1 1 0 0 1] 0.018585305499249742
[1 1 1 1 1 1 0 1 0 0 0 1 1 1 0 1 0 0 0 0 0 0 0 1 0 1 1 0 1 1 1] 0.22697188406694957
[0 1 0 0 0 1 0 0 1 0 0 1 0 1 0 1 0 1 1 1 0 1 1 0 1 1 1 0 0 1 0] 0.6829139306332908
[1 0 1 1 1 0 0 1 1 1 1 0 0 1 0 0 0 1 0 1 1 1 1 0 1 1 0 0 1 1 1] 0.17198485667928612
[0 0 0 1 1 1 1 0 0 1 0 0 1 0 1 1 0 0 0 1 0 0 1 0 1 1 1 0 1 1 0] 0.8653348911148991
[1 0 0 1 0 0 0 0 0 0 1 0 1 1 0 1 0 0 1 0 1 0 0 0 0 1 0 1 1 1 1] 0.0712124969005703
[0 0 1 0 0 1 1 1 1 1 1 1 1 1 0 1 0 0 0 0 0 1 0 1 0 0 0 1 1 1 0] 0.8632865571755715
[0 0 0 0 1 0 0 1 1 0 1 0 0 0 0 0 0 0 1 1 1 1 0 0 0 1 0 0 0 1 1] 0.7847170577593527
[1 1 1 1 1 1 1 0 0 1 1 1 1 1 0 1 1 1 1 1 1 0 1 0 0 1 0 1 1 1 1] 0.22697188406694957
[1 1 0 1 1 1 1 1 1 1 0 1 1 0 0 1 1 1 1 1 0 1 1 1 1 1 1 1 1 1 1] 0.1907049801348979
[1 0 0 1 0 1 1 1 1 1 1 0 0 1 1 1 0 1 1 0 1 0 1 1 1 1 0 0 1 0 1] 0.16477399242930307
[0 0 0 1 1 1 1 0 1 1 0 1 0 1 1 1 0 1 1 1 1 1 1 1 0 1 1 1 1 1 1] 0.8768594455342582
[0 1 1 1 1 0 1 1 1 1 1 1 1 1 1 1 1 0 1 1 1 1 0 1 0 1 0 1 1 1 1] 0.8551936196790622
[1 1 1 0 1 0 1 1 0 0 1 1 1 1 0 1 1 1 1 1 1 0 1 1 1 0 1 1 1 1 1] 0.24003414252471775
[1 1 1 1 1 0 0 1 1 1 1 0 0 1 0 1 1 1 0 1 1 1 1 0 1 1 1 0 1 1 1] 0.33503011249920034
[1 1 1 1 1 1 1 0 1 1 1 1 1 1 1 0 0 1 0 1 0 1 1 1 1 0 1 1 1 1 1] 0.39468644662617086
[0 1 1 1 1 1 0 1 0 1 0 1 1 1 1 0 1 1 1 0 1 1 1 0 0 0 1 0 1 1 1] 0.8159992040197005
[1 1 1 1 1 1 1 1 1 0 1 1 0 1 1 1 0 1 0 0 1 1 0 1 1 1 0 1 0 1 1] 0.39468644662617086
[1 1 1 1 1 0 1 1 1 1 1 1 0 1 1 1 1 1 1 0 1 1 1 1 1 1 1 1 1 0 1] 0.39468644662617086
[1 1 0 1 1 1 1 1 1 1 0 1 1 1 1 1 1 0 0 0 1 1 0 1 1 0 1 1 0 1 1] 0.39468644662617086
[1 0 1 0 0 1 1 0 0 0 1 1 1 1 0 0 1 0 1 1 0 0 0 1 1 1 1 0 1 0 1] 0.08781104813796795
[1 1 1 0 0 1 1 1 1 1 1 1 1 1 1 1 0 0 0 1 0 1 1 1 1 0 0 1 1 1 0] 0.3887494955520853
[0 0 1 1 1 0 0 1 1 1 1 0 1 1 1 1 1 0 1 1 1 0 1 1 0 0 0 1 1 0 1] 0.8385537414294875
[1 1 1 1 1 1 1 1 1 1 0 1 1 1 0 1 1 1 1 1 0 1 1 1 1 0 1 1 1 1 1] 0.33544839640591
[1 1 1 0 0 1 1 0 1 1 1 1 1 1 1 0 1 0 0 1 1 0 0 1 1 1 0 0 1 0 1] 0.3245361469611532
[1 1 1 0 1 1 1 0 1 1 1 1 1 1 1 1 0 1 1 1 0 1 0 1 1 1 1 1 1 1 0] 0.39468644662617086
[1 1 1 1 1 1 0 1 1 0 0 1 1 1 1 1 1 1 1 0 1 0 0 1 1 1 0 1 0 1 0] 0.3243407651824475
[0 1 1 0 1 1 1 1 0 0 1 1 1 1 1 0 0 0 0 1 0 0 1 1 1 0 0 1 1 1 1] 0.8963343440077163
[0 0 1 1 1 1 1 1 1 1 1 1 1 1 1 1 1 1 1 1 1 1 1 1 1 0 1 0 0 0 0] 0.8791407574901074
[1 1 1 0 1 1 1 1 1 1 1 1 1 1 1 1 1 1 1 0 1 1 1 1 0 0 1 1 1 1 1] 0.373422426842704
[1 1 0 1 1 1 1 1 1 0 1 0 1 1 1 0 1 1 0 1 1 1 1 1 0 1 0 1 1 1 1] 0.373422426842704
[1 1 1 0 1 1 1 1 1 0 1 0 0 0 1 1 0 1 0 1 1 1 1 0 1 1 0 1 1 1 0] 0.23641242354781586
[0 0 1 1 1 1 1 1 1 0 0 1 1 1 0 1 1 1 0 0 1 1 0 0 0 1 0 1 1 0 1] 0.7929364971939652
[0 1 0 0 1 1 1 1 1 0 1 0 0 1 0 0 0 1 1 1 1 1 0 0 0 1 0 0 1 1 1] 0.7651168039132329
[1 0 1 1 0 1 1 1 1 0 1 1 0 0 1 0 0 1 1 1 1 1 1 1 1 1 0 1 0 0 1] 0.1419742102328671
[1 1 1 1 0 0 1 1 1 1 1 1 1 1 1 0 0 0 0 1 1 0 0 1 1 0 1 1 1 1 1] 0.3245361469611532
[1 1 1 0 0 0 1 1 1 0 1 1 1 1 0 0 1 0 1 1 1 1 0 1 1 1 1 0 1 1 1] 0.3294121978608642
[0 0 1 1 1 0 1 0 0 0 1 0 1 1 1 1 0 1 0 1 1 1 1 1 1 0 1 1 0 1 1] 0.887641025880202
[0 1 1 1 1 1 1 1 0 1 1 1 1 1 1 1 1 1 1 1 1 0 1 0 1 1 1 1 1 1 1] 0.881357206282388
[1 0 0 0 1 1 1 1 1 0 1 1 0 1 1 1 0 1 1 1 1 1 0 1 1 1 1 0 1 1 1] 0.246471489636261
[0 1 0 1 1 1 0 0 1 1 0 1 0 1 0 1 0 1 1 1 0 1 1 0 1 1 1 0 0 1 0] 0.7969749795435024
[0 1 1 1 0 0 1 1 0 0 0 0 1 0 0 0 1 0 1 0 0 0 1 1 0 0 1 1 1 0 0] 0.8853105365192815
[1 0 1 1 0 1 1 1 1 0 1 1 1 0 1 1 1 0 0 1 0 0 0 1 0 0 1 0 0 1 0] 0.018585305499249742
[1 0 1 1 1 1 0 1 0 1 1 1 1 1 0 1 1 1 1 1 1 1 0 1 1 1 1 1 0 1 1] 0.17198485667928612
[1 0 0 1 0 0 0 1 1 0 1 1 1 1 1 1 1 1 1 0 1 1 0 0 1 1 0 1 0 1 1] 0.246471489636261
[1 1 1 1 1 1 1 1 0 1 0 1 1 1 1 1 0 1 0 0 1 0 0 1 1 1 1 0 1 1 1] 0.3243407651824475
[0 1 1 1 1 1 1 1 0 0 0 0 1 0 0 0 1 0 1 1 1 1 1 1 1 1 1 0 1 1 0] 0.8727004454869618
[1 1 1 1 0 0 1 1 1 1 1 1 1 1 1 0 1 0 0 1 1 0 0 1 1 0 1 1 1 1 1] 0.3245361469611532
[0 1 0 0 1 1 1 1 1 0 0 1 1 0 1 1 0 0 1 0 1 1 1 1 1 0 1 1 0 1 0] 0.8502020405616822
[0 0 1 0 1 1 1 1 1 1 1 1 1 1 1 1 0 0 0 1 0 1 0 1 0 1 1 1 1 1 1] 0.8705823011291988
[1 1 1 1 1 1 1 0 1 1 1 1 0 1 0 1 1 1 1 1 0 1 1 0 1 1 1 0 0 1 1] 0.3300206811984114
[1 1 1 1 1 0 1 1 1 1 0 1 0 1 1 1 1 1 1 1 1 1 1 1 1 1 1 1 1 1 1] 0.39468644662617086
[0 0 1 1 1 0 1 0 0 0 0 0 1 1 1 1 0 1 0 1 1 1 0 1 1 0 1 1 0 1 0] 0.8843457889297789
[1 1 1 1 1 0 1 1 1 1 1 0 0 1 0 1 1 1 0 1 1 1 1 0 1 1 1 0 1 1 1] 0.33503011249920034
[1 1 0 0 0 1 1 0 1 1 0 1 1 1 1 1 1 0 0 0 0 0 0 0 1 1 0 1 0 1 0] 0.3245361469611532
[0 1 1 0 0 0 1 1 0 1 1 1 0 1 0 1 1 0 1 1 1 1 0 1 0 1 0 1 1 1 1] 0.8392224000155637
[0 0 1 1 0 1 1 1 1 1 1 1 0 1 1 1 1 0 1 1 1 1 0 1 1 0 1 0 1 1 1] 0.8586448090597077
[0 1 0 0 1 0 1 0 1 0 1 0 0 0 1 1 0 0 0 1 1 1 1 0 1 1 1 1 0 1 0] 0.6533563480773881
[0 0 0 0 1 1 1 0 0 0 1 0 1 1 1 1 0 1 0 1 1 1 0 1 0 1 1 1 0 0 0] 0.7763623313383973
[1 1 0 1 1 1 0 1 0 1 0 1 1 1 1 0 1 0 1 0 1 0 0 1 1 1 1 1 0 1 1] 0.3243407651824475
[0 0 0 1 0 1 1 1 0 1 1 1 1 0 0 0 0 0 0 1 1 0 0 1 1 1 0 1 1 0 0] 0.797145209991765
[0 1 1 0 1 0 1 1 0 1 1 0 0 0 1 0 0 0 0 1 0 1 0 1 1 0 0 1 0 0 1] 0.6753995168118447
[0 1 0 1 1 0 0 0 1 1 1 1 0 1 0 1 0 0 1 0 0 1 0 1 1 0 1 1 1 0 0] 0.8757840254087754
[0 1 1 1 1 1 1 1 1 0 0 1 1 1 1 1 1 0 1 1 1 1 0 1 1 0 1 1 1 1 1] 0.8838609684261787
[0 0 1 1 1 0 1 0 0 1 0 0 1 1 1 1 0 1 0 1 1 1 0 1 1 0 1 1 0 1 0] 0.8843457889297789
[1 1 1 1 1 1 1 0 1 1 1 1 1 1 0 0 1 0 1 0 1 1 1 1 1 0 1 1 1 0 1] 0.33523965886806223
[1 1 1 0 1 1 1 0 1 1 0 1 1 1 1 1 1 0 1 1 0 1 0 0 1 1 0 1 0 1 0] 0.39468644662617086
[1 0 1 1 1 1 1 0 1 1 1 1 0 1 1 1 1 1 1 1 1 1 1 1 1 1 1 1 1 1 1] 0.24003414252471775
[0 1 1 1 1 1 1 1 0 0 1 1 1 1 0 0 1 0 1 1 1 1 0 1 1 0 1 0 1 1 1] 0.878836681453018
[0 1 0 1 1 0 0 0 0 1 1 1 0 1 0 1 0 0 1 1 0 1 0 1 0 0 1 1 1 0 0] 0.7823045772487423
[0 1 1 1 0 1 1 1 0 0 1 1 1 1 1 0 1 1 0 0 0 1 0 1 1 0 0 1 1 1 1] 0.835552105569571
[0 1 1 0 1 0 1 0 0 0 1 1 0 1 0 1 1 0 1 1 1 0 1 1 1 1 1 1 1 0 1] 0.8871570606264484
[1 0 1 1 1 1 1 1 1 1 1 1 1 1 1 1 1 1 1 0 1 1 0 1 1 1 0 1 1 1 0] 0.2528482690326388
[0 1 1 0 1 1 1 1 1 0 1 1 1 1 1 1 0 0 0 1 1 1 0 1 1 1 1 1 1 1 1] 0.8787481620324046
[0 0 1 1 1 1 1 0 0 0 0 1 0 1 0 0 1 1 1 1 0 1 1 0 1 1 1 0 1 1 1] 0.8718611837413834
[0 1 1 1 1 1 0 1 1 1 1 1 1 1 0 0 1 0 1 0 0 1 1 1 1 1 0 1 1 0 1] 0.8905415128937169
[0 1 1 1 0 0 1 1 0 0 0 0 1 0 0 1 1 0 1 0 1 0 1 1 0 1 1 0 1 1 1] 0.8767537722648716
[0 1 1 0 1 1 1 1 0 0 1 1 1 1 1 0 0 0 1 1 1 1 0 1 1 0 1 1 1 1 1] 0.8464632676473578
[1 1 1 0 1 0 1 1 1 0 1 0 1 0 1 1 1 1 0 1 1 1 1 1 1 0 1 1 1 1 1] 0.24887569034215332
[0 0 0 0 1 1 1 1 1 0 1 0 1 1 1 1 1 1 0 1 1 1 0 1 0 1 1 1 1 1 0] 0.8653634545645913
[1 1 1 1 1 1 1 1 1 1 0 1 1 0 1 1 0 1 0 1 1 1 1 1 1 1 1 1 1 1 1] 0.23641242354781586
[0 1 1 0 1 0 1 0 1 0 1 1 0 1 0 1 1 0 1 1 1 0 1 1 1 1 1 1 1 0 1] 0.8635056850633301
[1 0 1 1 1 1 1 0 1 1 0 1 1 0 0 1 0 0 1 1 1 0 1 1 1 1 0 1 1 0 1] 0.018585305499249742
[0 0 1 0 1 0 1 1 0 1 1 0 1 1 0 0 0 0 0 0 1 1 0 1 1 0 0 1 0 0 1] 0.8973853280925966
[0 0 1 1 1 1 1 1 0 1 1 1 1 1 1 1 0 0 1 1 1 0 1 1 1 0 0 1 1 0 1] 0.8561883904528468
[0 0 1 1 0 1 1 1 0 1 1 1 1 1 1 1 1 0 1 1 1 1 0 1 1 0 1 0 1 1 1] 0.8842634027937227
[0 1 1 1 1 1 1 1 0 1 0 1 1 1 0 1 0 1 1 1 1 1 0 1 1 0 0 0 1 0 1] 0.8709510395835015
[0 1 1 0 0 0 1 1 0 0 1 1 1 0 1 1 1 1 1 1 0 1 0 1 1 0 1 1 0 1 1] 0.6640757505981199
[0 1 0 1 1 1 1 0 1 1 0 1 1 1 1 1 0 0 1 1 1 1 1 1 0 0 1 1 1 1 1] 0.8656497632249006
[0 1 1 1 1 1 1 1 0 0 1 1 0 1 0 1 1 0 1 1 1 1 1 1 1 1 1 1 1 1 1] 0.8888847500558744
[0 1 1 1 1 1 0 1 0 1 0 1 1 1 1 1 0 0 1 0 0 0 1 0 1 1 1 0 0 1 0] 0.8635315198536
[0 1 1 1 1 1 1 1 0 0 1 1 1 1 1 1 0 0 0 1 1 1 1 1 1 0 1 1 1 1 1] 0.8818077995993486
[0 1 1 1 0 1 1 1 0 1 1 1 1 0 1 1 0 0 1 1 1 1 1 1 1 0 1 1 1 0 0] 0.811755985693037
[0 1 1 1 1 1 1 1 0 0 0 0 1 0 1 1 1 0 0 0 1 0 1 1 1 1 1 0 0 1 1] 0.8983718463170518
[0 1 1 1 1 1 1 1 0 0 0 1 1 1 0 1 0 0 0 1 1 1 1 1 1 0 1 1 1 1 1] 0.9019730315611567
[0 1 1 1 1 1 1 1 1 0 1 0 1 1 1 1 0 1 1 1 1 1 1 0 1 0 1 1 1 1 1] 0.8322695539976352
[0 0 1 1 1 1 1 1 0 1 1 1 1 1 1 1 0 1 1 1 1 1 1 1 1 0 1 1 0 1 0] 0.872860183653249
[0 1 1 1 1 1 1 1 0 0 0 1 1 1 0 1 0 1 1 1 1 1 1 1 1 0 1 0 1 0 1] 0.8807323927775846
[0 1 1 1 1 1 1 1 0 1 1 1 1 1 0 1 0 0 1 0 1 1 1 1 1 1 1 1 1 1 1] 0.8989308309313098
[0 1 1 1 1 1 1 1 0 0 0 1 1 1 1 1 0 0 0 1 1 1 1 1 1 0 1 1 1 1 0] 0.8777287456797302
[0 1 1 1 1 1 0 1 1 1 1 1 1 1 0 1 1 0 1 0 0 1 1 1 1 1 1 1 1 0 1] 0.8932220503367205
[0 1 1 1 1 1 1 1 1 0 0 0 1 0 1 1 1 0 0 0 1 0 1 1 1 1 1 0 0 1 1] 0.8950734194331121
[0 1 1 1 1 1 0 0 0 0 0 1 1 1 0 1 0 0 1 0 0 0 1 1 1 0 1 1 1 1 0] 0.902395223332185
[0 0 1 1 1 1 1 1 0 0 0 1 1 1 1 1 0 0 1 0 1 1 1 1 1 0 1 1 0 1 1] 0.9123946669089422
[0 1 1 1 1 1 1 1 0 0 0 1 1 1 0 1 0 0 1 0 1 1 1 1 1 0 1 1 1 1 1] 0.9051378153644797
[0 1 1 1 1 1 1 1 0 0 0 1 1 1 0 1 0 0 1 1 1 1 0 1 1 0 1 0 1 1 1] 0.8873082990301774
[0 1 1 1 1 1 1 1 0 0 0 0 1 1 0 1 0 0 0 0 1 1 0 1 1 0 0 1 0 0 1] 0.9025470907083195
[0 1 1 0 1 1 1 1 1 0 1 1 1 1 1 1 0 0 0 1 1 1 1 1 1 1 1 1 1 1 1] 0.8777526462552726
[0 1 1 1 0 1 0 0 1 1 0 1 1 1 1 1 0 0 1 0 0 0 1 1 1 1 1 0 1 1 0] 0.899205330314785
[0 0 1 1 1 1 1 0 0 0 1 0 1 1 1 1 0 1 0 1 1 1 1 1 1 0 1 1 0 1 1] 0.8822919257865119
[0 1 1 1 1 1 1 1 0 0 0 0 1 1 1 1 1 0 0 0 1 0 1 1 1 1 1 0 1 1 1] 0.9000718377571884
[0 1 1 1 1 1 0 1 0 0 0 1 1 1 1 1 0 0 1 0 0 1 1 0 1 0 1 0 0 1 1] 0.8106789376599163
[0 1 1 1 1 1 1 1 0 0 0 0 1 1 1 1 0 0 1 0 1 1 1 1 1 1 1 1 0 1 1] 0.879585703402149
[1 1 1 1 1 1 1 1 1 0 0 0 1 1 1 1 0 1 1 0 1 1 1 1 1 1 1 1 0 1 1] 0.4040809672132554
[0 1 1 1 1 0 1 1 0 0 0 0 1 1 1 1 0 0 0 0 1 1 1 1 1 1 1 1 0 1 1] 0.8864512303587311
[0 1 1 1 1 1 1 1 0 0 0 0 1 1 0 1 0 0 1 0 1 1 1 1 1 0 1 1 1 0 1] 0.8957980008965005
[0 0 1 1 1 1 1 1 0 0 0 0 1 1 1 1 0 0 0 0 1 1 1 1 1 0 1 1 0 1 1] 0.9191753395501523
[0 1 1 1 0 1 1 1 1 1 1 1 1 1 1 1 1 1 1 1 1 1 1 0 1 1 1 1 1 1 0] 0.7949126241163526
[0 1 1 1 1 1 0 0 0 0 0 0 1 1 1 1 0 0 1 0 0 0 1 1 1 1 1 1 0 1 0] 0.8777910218025848
[0 1 1 1 1 1 1 1 0 0 1 0 1 1 1 1 0 1 0 1 1 1 1 1 1 0 1 1 0 1 1] 0.838796220692873
[0 1 1 1 1 1 1 1 0 0 0 0 1 1 1 1 1 0 0 1 1 0 1 1 1 1 1 0 0 1 1] 0.8960927853644776
[0 1 1 1 1 1 1 1 0 0 0 1 1 1 1 1 0 0 1 0 1 0 1 1 1 0 1 1 0 1 1] 0.913390041964387
[0 1 1 1 1 1 1 1 0 1 0 0 1 1 1 1 1 0 0 1 1 0 1 1 1 1 1 1 1 1 1] 0.8973951598004803
[0 1 1 1 1 1 1 1 0 0 1 0 0 1 0 1 0 0 0 0 1 1 1 1 1 0 1 1 0 1 1] 0.8976973971978324
[0 0 1 1 1 1 1 1 0 1 1 0 1 0 0 0 0 0 0 0 1 0 0 1 1 0 0 1 0 0 1] 0.811705571734236
[0 1 1 1 1 1 1 1 0 0 0 0 1 1 1 1 0 0 0 0 1 1 1 1 1 0 1 1 0 1 1] 0.8958765726880338
[0 1 1 1 1 1 1 1 0 0 0 0 1 1 0 1 0 0 0 0 1 1 1 1 1 0 1 1 0 1 1] 0.9114215939936997
[0 1 1 1 1 0 1 1 0 0 0 0 1 0 0 1 1 0 0 0 1 0 1 1 1 1 1 0 0 1 1] 0.9017001502971471
[0 1 1 1 1 1 1 1 0 0 0 0 1 1 0 1 0 0 1 0 1 1 1 1 1 0 1 1 0 1 1] 0.9032778174755859
[0 1 1 1 1 1 1 1 0 0 0 1 1 1 0 1 0 0 1 0 1 0 1 1 1 0 1 1 0 1 1] 0.8925807095662832
[0 1 1 1 1 1 1 1 0 0 1 1 1 1 1 1 0 1 1 1 1 1 1 1 1 0 1 1 0 1 1] 0.8545319429461825
[0 1 1 1 1 1 1 1 0 0 0 1 1 1 1 1 0 0 1 0 1 1 1 1 1 0 1 1 0 1 1] 0.897953365612312
[0 0 1 1 1 1 1 1 0 0 0 1 1 1 0 1 0 0 1 0 1 1 1 1 1 0 1 1 0 1 1] 0.8819774242189371
[0 1 0 1 1 0 1 1 1 1 1 0 0 0 1 1 1 0 0 0 0 1 0 0 1 1 1 0 0 1 1] 0.7481540621070043
[1 1 0 0 0 0 0 1 1 0 1 1 1 1 1 0 1 1 1 1 1 1 0 1 0 1 1 0 0 1 0] 0.373422426842704
[0 0 0 0 1 0 0 1 1 1 0 0 1 0 1 0 0 1 1 1 0 1 1 0 1 1 1 1 0 1 0] 0.7542389336412059
[0 0 0 0 0 0 0 0 0 1 1 0 0 0 0 0 0 0 1 1 0 1 0 1 0 1 1 0 0 1 1] 0.7717507221767806
[1 1 0 1 0 0 1 1 0 0 1 1 1 0 1 0 1 1 1 1 0 0 0 0 0 0 1 1 1 0 0] 0.16301749689262837
[1 0 0 1 0 0 1 0 0 0 0 1 0 0 0 1 1 1 0 0 0 1 0 0 1 0 0 0 1 0 1] 0.018585305499249742
[0 0 1 1 1 0 1 0 0 0 0 0 1 1 0 1 1 1 1 1 0 0 0 1 0 0 0 1 0 1 0] 0.8545559361117705
[1 1 1 1 0 0 1 0 1 1 1 0 0 1 1 0 1 1 0 1 1 1 0 0 1 1 0 0 0 0 1] 0.3890435909560588
[1 0 1 0 0 0 1 0 0 0 0 1 1 1 1 0 1 1 0 1 0 1 1 1 0 1 0 0 0 0 1] 0.206886335259137
[0 0 1 0 1 1 0 1 1 0 0 0 1 1 0 1 1 0 1 0 0 0 0 1 1 0 0 0 1 0 0] 0.8105365058338003
[1 1 1 0 0 0 1 0 1 1 1 1 1 1 0 1 0 0 1 0 0 1 0 1 1 1 0 0 0 1 1] 0.3294121978608642
[1 1 0 1 1 1 0 0 0 0 1 0 0 1 1 0 1 1 0 1 0 0 0 1 1 0 0 1 1 1 0] 0.3243407651824475
[0 1 0 1 1 1 1 1 1 1 1 1 0 0 1 0 1 0 1 0 0 0 0 0 1 0 0 0 0 0 0] 0.8504761212473648
[1 1 1 1 1 1 1 0 0 1 0 1 1 0 0 0 0 0 0 1 0 1 1 0 1 0 1 1 0 0 1] 0.1907049801348979
[1 1 0 0 1 1 1 1 0 0 0 0 0 0 0 1 0 1 0 0 1 1 1 1 1 1 1 0 0 0 1] 0.18388634430031586
[0 0 0 0 0 1 1 0 0 0 1 0 0 1 1 1 1 0 0 0 0 0 1 0 1 1 0 1 0 0 1] 0.8823935558112774
[0 0 0 1 0 1 1 1 0 0 0 0 0 1 1 0 1 0 1 1 1 0 1 0 0 1 0 0 0 0 0] 0.7997887116068793
[1 0 0 0 1 0 0 0 1 0 1 0 0 1 0 0 1 1 1 0 0 0 0 0 0 0 0 1 1 0 0] 0.07956680296165321
[0 1 1 1 1 1 0 0 0 0 1 0 1 0 0 1 1 0 1 1 1 0 0 0 1 1 1 1 0 0 0] 0.855271040680259
[1 1 0 0 1 0 0 1 0 1 0 0 1 0 0 0 1 0 0 1 1 0 1 0 1 0 0 0 1 0 1] 0.1421574960361736
[0 1 0 0 0 1 0 0 1 0 1 0 1 0 1 1 1 0 1 1 1 0 1 1 1 0 0 1 0 1 0] 0.8107554903223552
[1 1 0 0 0 1 1 1 1 1 1 0 1 0 1 0 1 1 1 1 0 0 0 0 0 0 0 0 0 1 0] 0.16301749689262837
[1 0 0 1 0 1 0 0 0 0 0 0 1 1 0 1 1 1 1 1 0 1 1 1 1 0 0 1 1 0 0] 0.16477399242930307
[0 1 0 0 1 0 1 1 1 0 0 0 1 0 0 0 1 1 1 0 1 0 0 0 0 0 0 0 1 1 0] 0.8336531864329253
[1 0 0 1 1 1 1 1 1 1 1 1 0 0 0 1 0 0 0 1 0 1 1 1 1 1 0 0 0 1 1] 0.018585305499249742
[0 0 0 1 1 0 1 1 0 1 0 0 0 0 0 1 1 0 1 1 0 1 1 0 1 0 0 1 0 0 1] 0.8692419158023185
[0 0 1 0 0 1 1 1 1 0 0 0 1 1 1 1 1 1 1 1 0 0 0 0 1 0 1 0 0 0 1] 0.8055605519438804
[0 1 0 1 1 0 0 1 0 0 1 1 0 1 1 0 1 0 1 1 1 1 1 1 1 1 1 0 0 0 1] 0.846172021544886
[1 0 0 0 0 1 1 1 0 1 1 1 1 0 1 0 0 0 0 1 0 0 1 1 1 1 0 0 0 0 0] 0.018585305499249742
[0 1 0 1 1 1 1 1 0 0 0 0 0 0 0 1 0 1 0 1 1 0 1 1 1 0 0 0 1 1 0] 0.8841835849790698
[0 0 1 0 1 1 0 1 0 1 0 1 1 1 0 1 1 0 0 0 1 0 1 0 0 0 1 0 0 0 0] 0.7244631612179434
[0 0 1 0 0 1 0 1 0 0 0 0 0 0 1 0 0 0 1 0 0 1 1 1 0 0 1 1 0 1 1] 0.8021420293330136
[0 0 1 0 1 1 0 0 1 1 1 1 0 1 0 0 1 0 1 0 1 0 0 1 1 1 0 1 0 0 1] 0.7970738012149412
[0 1 0 1 1 0 0 1 0 0 1 1 1 1 1 0 0 0 1 1 0 0 0 0 0 0 0 0 1 1 0] 0.7490498505590198
[1 1 1 1 0 1 1 1 1 1 1 0 0 1 0 0 1 0 1 1 0 0 0 0 1 1 0 0 0 0 0] 0.24003414252471775
[0 1 0 1 1 0 0 0 0 1 0 0 1 1 0 1 1 1 1 1 1 0 1 1 1 1 0 1 0 0 0] 0.8759852292445827
[0 0 0 0 0 0 1 1 1 1 1 1 0 1 1 0 0 0 0 1 0 1 0 0 0 1 1 1 0 0 0] 0.6708483473464123
[0 0 1 0 0 1 1 0 1 0 1 1 0 0 0 1 0 1 0 1 1 1 1 0 1 0 1 0 1 0 0] 0.8296515315729276
[0 1 0 0 0 0 0 0 1 0 1 0 1 1 1 0 0 0 1 1 1 0 1 0 1 0 0 0 0 0 0] 0.6873806020948156
[0 1 0 0 0 1 0 1 1 0 1 0 0 0 0 0 0 1 1 1 0 1 0 1 0 1 0 1 0 0 0] 0.6248277937924727
[0 1 0 0 1 1 1 1 0 1 0 0 1 1 0 1 0 0 0 0 1 0 0 1 1 1 0 0 0 0 1] 0.895647546104542
[0 1 0 1 1 1 0 1 1 1 0 0 0 0 0 1 1 1 0 1 0 0 1 1 0 1 0 1 1 1 0] 0.8783433180810416
[1 1 1 0 0 0 0 0 1 1 1 0 1 0 1 0 0 0 0 0 1 1 0 0 1 0 1 0 0 0 0] 0.2426749396759738
[0 1 1 0 0 1 1 1 0 1 1 1 0 0 1 0 0 0 0 0 0 1 1 1 1 0 1 1 1 1 1] 0.7864057090369533
[0 1 0 0 0 1 1 1 1 1 0 1 1 1 0 1 1 0 1 0 0 1 0 0 1 0 0 0 1 0 1] 0.8635315198536
[1 0 0 0 0 1 0 0 0 0 0 1 1 0 1 0 0 1 0 0 0 1 0 0 0 0 1 0 1 0 1] 0.14130261038497952
[0 1 1 1 0 1 1 0 0 0 1 1 1 0 1 1 1 1 0 0 1 1 0 0 1 1 1 0 1 0 0] 0.7073598570859744
[1 1 1 0 1 1 0 0 1 0 0 0 1 1 1 0 0 1 1 0 0 1 0 0 0 0 1 0 0 0 0] 0.373422426842704
[1 0 1 1 1 1 1 0 1 1 0 1 1 0 0 0 1 1 0 1 1 0 0 1 1 0 1 0 0 1 1] 0.018585305499249742
[0 1 0 1 1 0 0 0 0 1 0 1 0 0 1 1 1 1 1 1 0 0 0 0 1 0 1 1 0 1 1] 0.8123789938305664
[0 0 0 1 1 0 1 1 1 1 1 0 1 0 1 1 1 0 0 0 1 1 1 1 0 1 0 0 1 0 0] 0.8797854824293174
[1 1 1 0 0 0 0 1 0 1 1 1 0 0 0 0 1 0 1 0 0 0 0 1 0 1 1 1 0 0 1] 0.14145061916671747
[0 0 1 0 0 0 0 0 1 1 0 0 1 1 0 0 1 0 1 0 1 0 1 1 0 1 1 1 1 1 1] 0.7013116310299718
[0 0 0 1 0 1 0 1 0 0 0 1 0 0 1 0 1 1 1 0 0 1 1 0 1 1 0 0 0 1 1] 0.8512881181500344
[1 1 0 0 1 1 1 1 1 1 0 0 0 0 0 1 0 1 1 1 1 1 0 0 1 0 1 1 0 0 0] 0.18388634430031586
[0 0 1 1 1 1 0 0 1 0 0 0 1 1 1 0 0 1 1 0 0 0 0 1 1 1 1 1 0 0 1] 0.8778573012450638
[1 0 1 1 0 0 1 1 1 0 1 0 0 1 0 1 1 0 1 0 1 1 0 0 1 1 1 0 0 0 0] 0.16477399242930307
[0 0 0 0 1 1 0 1 0 1 0 1 1 1 1 1 1 0 0 0 0 0 0 1 1 1 0 0 0 1 1] 0.8653352149058815
[1 1 0 1 0 0 1 1 0 0 0 0 0 0 1 0 1 0 1 1 0 1 0 1 1 1 1 1 1 0 1] 0.23641242354781586
[0 0 1 1 1 0 0 1 0 0 0 0 0 1 0 1 1 0 1 1 1 1 0 1 1 0 0 0 1 0 1] 0.88687558697511
[1 0 1 0 1 0 0 1 1 0 1 0 0 0 0 1 1 0 1 0 1 1 0 1 1 0 1 1 0 1 1] 0.018585305499249742
[0 0 0 0 0 0 1 0 0 1 0 0 1 0 0 0 1 1 0 1 1 1 1 1 0 0 0 1 1 0 1] 0.8795189239882936
[0 1 0 1 1 0 0 0 0 1 1 1 1 0 0 0 0 1 1 1 1 0 0 1 0 1 1 1 0 0 1] 0.8678338482663921
[1 0 0 0 1 1 1 0 1 1 1 0 0 1 0 0 1 0 0 0 0 0 1 1 1 0 1 0 1 1 0] 0.09594833921665483
[1 0 0 0 1 0 0 1 0 0 1 1 0 1 1 0 1 0 0 0 0 1 1 1 1 1 0 0 1 0 0] 0.246471489636261
[1 1 0 0 1 0 0 0 0 0 0 1 0 1 1 0 0 1 0 0 0 1 0 0 0 1 0 1 1 1 1] 0.373422426842704
[1 0 0 1 0 0 1 1 0 1 1 1 0 1 1 0 1 0 0 0 1 1 0 1 0 1 0 1 0 0 0] 0.19314856257531418
[1 0 1 1 1 0 0 1 1 0 0 0 0 0 1 1 0 1 1 1 0 1 0 1 1 1 0 0 1 1 1] 0.1421574960361736
[0 1 0 0 0 0 1 0 0 0 0 1 0 0 0 0 1 0 1 1 1 0 1 0 1 1 0 1 1 0 0] 0.8606380011732913
[1 0 1 0 0 1 0 0 0 0 1 0 1 1 0 1 1 0 1 1 1 0 0 1 1 1 1 1 1 1 0] 0.08781104813796795
[0 0 1 0 1 0 0 0 0 0 0 1 0 1 1 1 1 1 0 1 0 0 1 1 0 0 1 0 0 0 0] 0.8754020205077755
[0 0 0 0 1 1 0 0 0 0 1 1 1 1 1 1 1 0 1 0 1 0 0 1 1 0 0 1 0 1 1] 0.8512074381692456
[1 0 1 1 0 0 0 1 0 0 1 0 0 1 0 0 1 1 1 1 1 1 1 0 0 1 1 1 1 1 0] 0.15748155302732508
[1 1 0 1 0 0 1 1 0 0 1 1 0 1 1 1 0 0 1 1 1 0 0 0 1 1 0 0 0 0 0] 0.3188051293454896
[0 0 1 0 0 0 0 1 1 1 1 1 0 1 0 1 1 1 1 0 0 0 1 0 1 0 0 1 1 1 0] 0.7594579792973686
[0 0 0 1 1 1 1 1 0 0 0 1 0 0 1 0 0 0 0 1 0 1 1 1 1 1 1 0 1 0 0] 0.892960266220494
[0 1 1 1 1 1 0 1 0 1 0 1 0 1 1 1 1 0 0 1 1 0 0 1 1 0 1 0 1 0 0] 0.8910252238348038
[1 1 0 1 0 1 1 1 0 1 1 0 1 0 0 0 0 1 1 0 1 1 1 0 1 0 1 0 0 0 1] 0.17698948507445134
[1 1 0 1 0 1 0 0 1 0 1 0 1 0 0 0 0 1 0 1 1 1 1 0 0 1 1 0 1 1 1] 0.1629523124850228
[0 1 0 0 1 0 1 1 1 1 1 1 0 0 0 1 0 1 1 0 1 1 1 1 1 1 1 0 0 0 0] 0.8523715956204869
[0 1 1 1 0 0 0 0 0 1 1 1 1 1 0 0 1 1 0 0 1 1 1 1 0 1 1 1 1 1 1] 0.8773177831650083
[1 0 1 1 1 0 1 0 0 0 0 1 0 0 0 1 0 0 1 0 1 0 0 0 1 0 0 1 0 0 1] 0.018585305499249742
[1 0 1 0 0 0 0 0 1 1 1 1 0 1 0 1 0 0 1 0 1 0 0 1 0 0 0 1 1 0 0] 0.0712124969005703
[0 0 0 1 0 1 1 1 1 0 0 1 1 1 0 1 1 1 0 0 0 1 0 1 0 0 0 0 0 1 0] 0.8613008012704829
[1 1 0 0 0 1 0 1 0 1 0 0 1 1 0 1 0 1 1 0 1 0 0 1 0 0 0 1 1 1 0] 0.22034392305450307
[0 1 0 1 0 1 0 0 1 0 1 0 1 1 1 0 0 1 0 0 0 1 0 0 1 1 0 1 0 1 1] 0.6569996178143477
[1 0 1 1 1 0 0 1 1 0 1 1 0 0 0 0 0 0 0 0 0 0 0 1 1 1 1 1 0 0 0] 0.018585305499249742
[1 1 0 0 1 0 1 1 0 0 0 0 0 0 0 1 0 1 1 1 1 0 1 0 1 1 0 0 1 1 0] 0.1422925822734638
[0 1 1 1 0 0 1 1 0 0 0 1 1 1 1 0 0 1 1 1 1 1 0 1 1 0 1 1 1 1 1] 0.8483379835680979
[0 1 0 0 1 1 1 1 1 0 0 1 0 1 1 0 1 0 1 0 1 0 0 1 0 0 1 1 0 1 0] 0.8774282503376177
[1 0 0 0 1 1 1 1 1 0 1 0 0 1 0 0 0 0 0 1 1 1 0 1 0 1 0 1 0 0 1] 0.16477399242930307
[0 1 1 0 1 0 1 1 1 1 1 1 1 1 0 1 1 0 1 0 1 0 1 0 1 0 0 1 0 0 0] 0.8741839284275006
[1 0 0 0 0 0 0 1 1 1 1 0 1 1 0 1 0 1 0 1 1 0 1 0 0 0 1 0 0 0 0] 0.0712124969005703
[0 1 0 0 1 1 1 0 1 0 1 1 1 0 1 1 1 1 1 1 1 0 0 0 0 1 0 1 0 1 1] 0.7761154841860392
[1 1 1 1 0 1 0 1 0 0 0 1 0 1 0 0 0 1 1 0 1 0 1 1 0 1 1 0 0 1 0] 0.21364929108902578
[0 0 0 0 1 1 0 1 0 1 0 1 0 0 1 0 0 1 0 0 1 0 0 1 0 1 0 0 0 1 1] 0.8071042360439717
[0 1 1 0 1 0 1 0 1 1 0 1 0 0 0 0 0 0 0 0 0 0 0 0 1 0 0 0 0 0 0] 0.8740641179755606
[1 0 0 0 0 1 1 0 1 0 0 0 1 0 0 0 1 1 1 1 0 1 1 1 0 0 0 0 0 0 0] 0.018585305499249742
[1 1 1 0 1 0 1 0 0 0 1 1 1 1 1 0 1 1 1 1 1 1 1 1 0 1 1 0 1 0 0] 0.373422426842704
[0 0 1 0 1 0 0 0 0 1 1 0 1 1 1 1 1 1 0 1 1 1 1 1 0 0 1 1 0 1 1] 0.8428999796213452
[1 0 0 1 0 1 1 0 0 0 0 1 1 1 0 1 1 1 1 1 0 1 1 1 1 1 0 1 1 0 0] 0.17198485667928612
[0 0 1 1 1 1 1 0 0 0 0 0 1 1 1 1 1 1 1 1 0 0 0 1 0 0 0 1 0 1 0] 0.8700780274954032
[1 0 0 0 1 1 1 1 1 0 1 1 0 1 0 0 1 0 0 1 1 1 0 1 0 1 1 1 0 0 1] 0.16477399242930307
[1 1 0 0 1 0 1 1 0 1 0 1 1 1 1 0 1 1 0 1 1 0 1 1 1 1 0 0 0 0 1] 0.3243407651824475
[1 1 0 0 1 1 0 1 1 1 1 0 1 1 1 1 0 1 0 1 1 0 1 0 1 0 1 0 0 0 0] 0.3243407651824475
[0 0 0 0 0 0 1 0 1 1 0 0 1 0 0 0 1 1 0 1 1 1 1 1 0 1 0 1 1 1 1] 0.8496180861901721
[0 1 0 1 1 1 1 0 1 1 1 1 1 0 1 1 1 1 1 1 1 1 0 0 0 1 1 1 1 1 1] 0.7601950749341281
[0 0 1 0 1 1 0 1 0 1 0 1 0 0 1 0 0 1 1 0 0 1 1 1 0 0 1 1 0 1 1] 0.8653716456898599
[1 1 1 1 0 1 1 1 1 1 1 0 1 1 0 1 1 0 1 1 1 0 1 0 1 1 0 0 0 0 1] 0.246471489636261
[1 1 1 0 1 1 1 1 1 1 0 1 1 0 0 0 0 1 0 1 0 1 0 0 1 1 1 1 1 0 0] 0.1907049801348979
[1 1 1 0 1 1 1 1 1 1 1 1 1 1 0 1 1 0 1 0 1 0 1 0 1 1 0 1 0 0 0] 0.24003414252471775
[0 1 1 0 1 1 1 1 1 1 1 1 1 1 1 0 1 1 1 1 1 0 1 1 1 1 0 0 0 1 1] 0.8800707791352145
[1 1 0 0 1 1 1 0 1 1 0 0 1 0 0 0 1 1 1 1 1 1 1 1 0 0 0 0 0 0 1] 0.1629523124850228
[1 0 1 0 1 1 0 1 1 1 1 0 1 0 1 1 1 0 1 0 1 1 0 1 1 1 1 1 1 1 1] 0.14192781114348574
[1 1 0 0 0 1 0 1 0 1 0 1 1 1 1 1 0 1 1 0 1 1 1 1 1 0 1 1 1 1 1] 0.3887494955520853
[1 1 1 1 1 0 1 0 1 1 1 0 0 1 1 0 1 1 1 1 1 1 0 1 1 1 0 0 0 0 1] 0.3997108035529849
[1 1 1 1 1 1 1 1 1 1 1 1 1 0 1 1 0 1 1 1 1 1 1 1 1 1 1 0 1 0 1] 0.23641242354781586
[1 0 1 1 1 1 0 1 1 0 0 0 1 1 1 0 0 1 1 0 0 1 0 1 1 1 1 1 1 1 1] 0.2591658891954662
[0 0 1 0 1 1 1 1 1 0 1 0 1 1 0 1 1 0 1 0 0 0 1 1 1 0 0 1 1 0 0] 0.8108336773647701
[1 1 1 0 0 0 0 1 1 1 1 1 0 1 1 1 1 1 1 1 1 0 1 1 1 0 0 1 1 1 0] 0.3188051293454896
[1 0 0 0 1 1 1 1 1 1 1 1 1 1 1 1 1 1 1 0 1 1 1 1 1 0 1 0 1 1 0] 0.2528482690326388
[1 1 0 0 1 1 1 1 1 1 0 0 0 0 0 1 0 1 1 1 1 1 1 0 1 0 1 1 0 0 0] 0.18388634430031586
[0 1 0 1 1 1 0 1 1 1 0 0 0 0 0 1 1 1 0 1 0 0 1 1 1 1 0 1 1 1 0] 0.8796951038540718
[0 1 1 1 1 1 1 1 1 1 1 0 0 0 1 1 1 1 1 0 1 1 1 0 1 1 1 0 0 1 1] 0.8125405491730464
[1 1 1 1 1 1 0 1 0 0 1 1 1 0 1 1 1 1 1 1 1 1 0 1 1 1 1 1 0 0 1] 0.23641242354781586
[1 1 1 1 0 1 1 1 1 1 1 1 1 1 1 1 1 1 1 0 1 1 0 1 1 1 1 1 1 1 1] 0.3887494955520853
[0 1 1 1 1 1 1 1 0 1 1 0 1 1 0 1 0 0 1 1 1 1 1 1 1 1 0 1 0 1 1] 0.8757886806667294
[0 1 0 0 0 1 0 0 1 0 1 1 1 0 1 1 1 0 1 1 1 0 1 1 1 1 1 1 0 1 0] 0.847785692164757
[1 1 1 0 0 1 0 0 1 1 1 1 1 1 1 1 1 0 0 0 1 1 0 0 1 1 1 0 0 0 1] 0.3887494955520853
[1 1 0 1 1 1 0 1 0 1 1 1 1 1 1 1 0 1 1 1 1 0 0 1 1 1 1 1 0 0 1] 0.3243407651824475
[1 0 1 1 0 0 1 1 0 0 1 0 0 1 1 1 1 1 1 1 1 1 1 0 1 1 1 1 1 1 0] 0.24003414252471775
[0 1 1 1 0 1 1 1 1 1 0 1 1 1 1 1 1 1 1 1 1 1 1 1 1 0 1 1 1 1 1] 0.8717376186804296
[0 1 0 1 1 0 1 1 1 0 1 1 1 1 1 0 1 1 1 1 0 1 0 1 0 1 0 0 1 1 1] 0.7925191848350867
[1 1 1 1 1 1 1 1 1 1 0 1 1 1 1 1 1 1 1 1 0 1 1 0 1 0 1 1 1 0 1] 0.39468644662617086
[1 1 0 0 0 0 1 0 0 1 1 1 0 0 0 1 1 1 1 1 1 0 1 0 1 1 1 1 1 0 1] 0.14233716697870755
[0 1 1 0 1 0 1 1 1 1 1 1 1 1 0 1 1 0 1 0 1 0 1 0 1 0 1 1 0 0 0] 0.8686399228893585
[1 1 1 1 1 1 0 1 1 0 0 0 1 1 1 0 1 1 1 1 1 1 0 0 0 0 1 1 0 0 1] 0.373422426842704
[0 0 0 0 1 1 1 1 0 1 0 1 1 1 1 1 1 0 0 0 0 1 0 1 1 1 0 0 0 1 1] 0.8995558010541095
[1 1 1 1 0 1 1 1 0 1 1 1 1 1 1 1 1 1 1 1 1 1 1 1 1 1 0 0 0 0 0] 0.3887494955520853
[1 1 0 1 1 1 1 1 0 1 1 1 0 1 1 0 1 0 0 0 1 1 0 1 0 1 1 1 0 0 0] 0.373422426842704
[0 0 0 0 0 1 1 1 1 0 1 0 0 1 1 1 1 0 0 1 0 0 1 1 1 1 0 1 0 1 1] 0.8653924398428038
[0 0 1 0 0 1 1 1 1 1 1 1 1 1 1 1 1 1 1 1 1 0 0 1 1 0 0 1 1 0 1] 0.8060903601787299
[0 1 0 0 1 1 1 1 1 1 0 1 1 1 1 1 1 0 0 0 1 0 0 1 1 1 0 0 0 0 1] 0.8936241268309879
[0 1 1 0 1 0 0 0 0 0 0 1 1 1 1 1 1 1 1 1 0 1 1 1 0 0 1 1 0 1 0] 0.6627179295368142
[1 1 1 1 1 1 1 1 1 1 1 1 1 1 1 1 1 1 1 1 1 1 1 1 1 1 1 1 1 1 1] 0.39468644662617086
[0 0 1 1 1 1 1 0 0 0 0 0 1 1 1 1 1 1 1 1 0 0 0 1 0 1 0 1 0 1 0] 0.8741839284275006
[0 1 1 0 1 1 1 0 1 0 1 1 1 1 1 1 1 0 1 1 1 0 1 1 1 0 0 1 0 1 0] 0.8819596601278976
[0 1 1 0 1 0 1 0 1 1 1 1 0 0 1 0 1 0 0 0 0 1 0 0 1 0 0 0 0 0 0] 0.6554149557250203
[0 0 0 1 0 1 1 1 0 0 1 1 0 1 1 1 1 0 1 1 1 0 1 0 0 1 0 0 0 0 0] 0.7972908399642658
[1 1 1 1 1 1 1 1 1 1 1 1 1 1 1 1 1 1 1 0 0 0 1 0 1 1 1 0 0 0 1] 0.3243407651824475
[0 1 0 1 1 0 1 1 0 0 1 1 0 1 1 1 1 0 1 1 1 1 1 1 1 1 1 0 0 0 1] 0.8607185035620405
[1 0 1 1 1 0 0 1 1 1 0 0 0 1 0 1 1 1 1 1 1 1 1 1 1 1 0 1 1 0 1] 0.17198485667928612
[1 1 0 0 1 1 0 0 0 0 0 1 1 1 1 0 0 1 1 1 1 1 1 1 1 1 1 1 1 1 1] 0.39468644662617086
[1 1 1 0 1 1 1 1 1 1 0 1 1 0 0 0 0 1 0 1 0 1 1 0 1 1 1 1 1 0 0] 0.1907049801348979
[0 1 0 1 1 1 0 1 0 1 0 0 1 1 0 1 1 1 1 1 1 0 1 1 1 1 0 1 0 0 0] 0.8823935558112774
[1 1 1 1 1 1 1 0 1 1 1 1 1 1 1 1 1 1 1 1 1 1 1 1 1 1 1 1 1 0 0] 0.39468644662617086
[0 0 0 1 0 0 1 1 0 1 0 0 1 0 0 0 1 1 0 1 1 1 1 1 0 0 0 1 1 0 1] 0.8750284198560061
[0 1 1 1 1 1 0 1 1 1 1 1 1 1 1 1 1 1 0 1 1 0 1 1 1 1 1 1 1 1 0] 0.8869377594911287
[0 1 1 0 1 1 1 0 1 1 1 1 1 1 1 1 1 0 1 1 1 0 1 1 1 0 0 1 0 0 0] 0.8752450922491791
[1 1 1 1 1 1 1 1 1 1 1 1 1 0 1 1 1 1 1 1 1 0 0 1 1 1 1 1 0 1 1] 0.1840490797546012
[0 1 1 0 1 1 1 1 1 1 1 1 1 1 1 1 1 0 1 0 1 0 1 0 1 1 1 1 0 0 1] 0.8791407574901074
[1 0 0 1 0 1 1 1 0 1 1 0 0 1 1 0 1 0 1 1 1 1 1 0 0 1 0 0 0 0 0] 0.19314856257531418
[0 1 1 1 1 1 1 1 0 0 0 1 1 1 1 1 1 1 1 1 1 0 0 1 1 1 0 1 0 1 1] 0.8969616359782202
[0 1 1 0 1 1 1 1 1 1 0 1 1 1 1 1 1 1 0 0 1 0 0 1 1 1 0 0 1 1 1] 0.8973951598004803
[0 0 0 1 0 1 1 1 1 0 0 1 1 1 0 1 1 1 0 1 1 1 0 1 0 0 0 1 0 1 1] 0.8271171851933403
[0 0 1 1 0 1 1 1 1 1 0 1 1 1 1 1 1 1 0 1 1 1 1 1 0 0 1 1 1 1 1] 0.8759693957216468
[1 0 1 1 0 1 1 1 1 0 1 1 0 1 0 1 1 0 1 0 1 1 0 0 1 1 1 1 1 1 1] 0.16477399242930307
[0 0 1 0 1 1 1 1 1 0 1 1 1 1 0 1 1 1 1 1 1 0 1 1 1 0 0 1 1 0 0] 0.8016597510373443
[0 1 1 1 1 1 1 1 0 1 1 1 1 1 1 1 1 1 1 1 1 1 1 1 1 1 0 0 0 0 1] 0.8450818798965727
[1 1 1 1 1 1 1 1 0 1 1 1 1 0 0 1 0 1 1 1 1 1 1 1 1 1 1 1 1 1 1] 0.1907049801348979
[0 1 0 1 1 1 0 1 1 1 0 0 0 0 0 1 1 1 0 1 0 0 1 1 0 1 0 1 0 1 1] 0.886497302452571
[0 1 1 1 1 1 1 0 0 0 0 0 1 1 0 1 1 1 1 1 1 0 1 1 1 0 0 1 0 1 0] 0.8828913400610187
[0 1 1 1 1 1 1 1 0 1 0 1 1 1 1 1 1 1 1 1 1 0 1 1 1 1 0 1 0 1 1] 0.8988038994261481
[0 0 1 1 1 1 0 1 1 1 0 1 1 1 1 0 0 1 1 0 0 0 0 1 1 1 1 1 0 1 1] 0.8736871553412329
[0 0 1 1 1 1 1 0 0 1 0 0 1 1 1 1 1 1 1 1 0 0 0 1 0 0 0 1 0 1 1] 0.867778027152087
[0 1 1 1 0 1 1 1 0 0 0 1 1 1 1 1 0 1 1 1 1 1 0 1 1 0 1 1 1 1 1] 0.8569239756001801
[0 1 1 0 0 1 1 1 0 1 1 1 0 1 1 1 1 1 0 1 1 0 1 1 1 1 0 1 0 1 1] 0.8888475991843219
[0 1 1 1 1 1 1 1 0 0 0 0 1 1 1 1 1 1 1 1 1 0 1 1 0 1 0 1 0 1 0] 0.8494144109206546
[0 1 0 1 1 0 0 1 0 1 1 1 0 1 1 1 1 0 1 1 1 1 1 1 1 1 1 0 0 0 1] 0.846172021544886
[0 1 1 1 1 1 1 1 0 0 0 1 1 1 1 1 1 1 1 1 1 0 1 1 1 1 1 1 0 1 1] 0.900638976166051
[0 1 1 1 1 1 1 1 0 1 0 1 1 1 1 1 1 1 1 1 1 0 1 1 1 0 0 1 0 1 1] 0.8956303718300997
[0 1 1 1 1 1 0 1 0 1 0 1 0 0 1 1 1 1 0 1 0 0 1 1 0 1 0 1 0 1 1] 0.8716186231836164
[1 1 1 1 1 1 1 1 1 1 0 1 1 1 1 1 1 1 1 1 1 0 1 1 1 1 0 1 1 1 1] 0.3243407651824475
[1 1 0 1 0 1 1 1 1 0 1 0 0 1 1 1 1 1 1 1 1 0 1 0 1 1 0 0 1 1 1] 0.3188051293454896
[0 0 0 0 1 1 1 1 0 1 0 1 1 1 1 1 1 1 0 1 1 1 1 1 1 1 0 1 0 1 1] 0.9074736995908825
[0 0 1 1 0 1 1 1 1 1 1 1 0 0 0 1 1 1 1 1 1 1 1 0 1 0 1 0 1 1 1] 0.8278796433952537
[0 1 1 0 1 1 1 1 1 1 1 1 0 1 0 1 0 1 1 0 1 1 1 1 1 1 1 1 1 0 0] 0.8736972399913071
[0 1 0 1 1 1 1 1 1 1 0 1 1 1 1 1 1 1 0 1 1 0 1 1 1 1 0 1 0 0 1] 0.9038068249557505
[0 1 0 1 1 1 1 1 0 1 1 0 1 1 0 1 1 1 1 1 1 0 1 1 1 1 1 1 0 0 0] 0.8701548541932534
[0 1 1 1 1 0 1 1 0 1 0 1 1 1 0 1 1 0 1 1 1 0 1 1 1 0 0 1 0 0 1] 0.9038891003388804
[0 1 1 1 0 1 0 1 0 1 1 1 1 1 1 0 1 1 0 0 1 1 1 1 1 1 1 1 1 1 1] 0.8720027843886103
[0 1 1 1 1 1 1 0 0 0 0 1 1 1 1 1 1 1 0 1 0 0 0 1 0 1 0 1 0 1 0] 0.843504625670528
[0 1 1 1 1 1 1 1 0 1 0 1 1 1 1 1 1 1 0 1 1 0 1 1 1 1 0 1 0 1 1] 0.9047313758174126
[0 1 1 1 0 1 1 1 0 1 1 1 1 1 1 1 1 1 0 1 1 0 1 1 1 1 0 1 0 1 1] 0.8932220503367205
[0 1 0 0 1 1 1 1 1 1 0 1 1 1 1 1 1 0 0 0 1 0 1 1 1 1 0 0 0 0 1] 0.8991813555571945
[1 1 0 1 1 1 1 1 1 1 0 1 1 0 0 1 1 1 0 1 0 1 1 1 1 1 0 1 1 1 1] 0.1907049801348979
[0 1 0 1 1 1 0 1 0 1 0 0 0 1 0 1 1 1 0 1 1 0 1 1 1 1 0 0 1 1 1] 0.9030152529847286
[0 1 1 1 1 1 1 1 0 1 0 1 1 1 1 1 1 1 0 1 1 0 1 1 1 1 0 1 0 1 0] 0.8857547421105021
[0 1 0 1 1 1 1 1 1 1 1 1 1 1 1 1 1 1 0 1 1 0 1 1 1 1 0 0 1 1 0] 0.88824028571695
[0 1 1 1 1 1 1 1 1 1 0 1 1 1 1 1 1 1 0 1 1 0 1 1 1 1 1 1 1 1 1] 0.890393039527403
[0 1 1 1 1 1 1 1 0 0 0 1 1 1 1 1 1 1 1 1 1 0 1 1 1 1 0 1 1 1 1] 0.902466908169309
[0 1 1 1 1 1 1 1 0 1 0 1 1 1 1 1 1 1 0 1 1 1 1 1 1 1 0 1 0 1 1] 0.8744994077500141
[0 1 0 0 1 1 1 1 0 1 0 1 1 1 1 1 1 0 0 0 1 0 0 1 1 1 0 0 0 0 1] 0.8988038994261481
[1 0 0 1 1 0 1 0 1 1 1 1 1 1 0 0 1 1 0 1 1 1 1 1 1 1 1 1 1 1 1] 0.17198485667928612
[0 1 0 1 1 1 1 1 0 1 0 1 1 1 1 1 1 1 0 1 1 0 0 1 1 1 0 1 0 1 1] 0.9010499990805613
[0 1 1 1 1 1 1 1 1 1 0 1 1 1 1 1 1 1 0 1 1 0 1 1 1 1 0 1 1 1 1] 0.9047064967429247
[0 1 0 1 1 1 1 1 1 1 0 1 1 1 1 1 1 1 0 1 1 0 1 1 1 1 0 1 0 1 1] 0.9070057524570164
[0 1 0 1 1 1 1 1 0 1 0 1 1 1 1 1 1 1 0 1 1 0 1 1 1 1 0 1 0 1 1] 0.9028942683575898
[0 1 0 1 1 1 1 1 0 1 0 1 1 1 1 1 1 1 0 1 1 0 1 1 1 1 0 0 0 1 1] 0.8933651816980126
[0 1 0 1 1 1 1 1 0 1 0 1 1 1 0 1 1 1 0 1 1 0 1 1 1 1 0 1 0 1 1] 0.8997687467177697
[0 1 0 1 1 1 1 1 0 1 0 1 1 1 1 1 1 1 1 1 1 0 1 1 1 1 0 1 0 1 1] 0.8978836686767278
[0 1 0 1 1 1 1 1 0 1 0 1 1 1 1 1 1 1 0 1 1 0 1 1 1 1 0 1 0 0 1] 0.9028942683575898
