0 12 100 0.10080147397512662 [0 0 0 1 0 1 1 0 0 1 0 0 0 0 0 1 0 0 1 0 0 1 1 1 1 0 0 1 1 0 0]
1 12 38 0.10080147397512662 [0 0 0 1 0 1 1 0 0 1 0 0 0 0 0 1 0 0 1 0 0 1 1 1 1 0 0 1 1 0 0]
2 20 20 0.10044419894589052 [0 1 1 1 0 0 0 0 1 0 0 1 1 0 1 1 0 1 1 1 1 0 1 1 1 1 0 1 1 1 1]
3 20 16 0.10044419894589052 [0 1 1 1 0 0 0 0 1 0 0 1 1 0 1 1 0 1 1 1 1 0 1 1 1 1 0 1 1 1 1]
4 23 15 0.09799777632800077 [0 1 1 1 1 0 1 0 1 0 0 1 1 1 1 1 0 1 1 1 1 0 1 1 1 1 0 1 1 1 1]
5 23 10 0.09799777632800077 [0 1 1 1 1 0 1 0 1 0 0 1 1 1 1 1 0 1 1 1 1 0 1 1 1 1 0 1 1 1 1]
6 19 6 0.08889454915944994 [0 0 0 1 0 1 1 0 1 1 0 0 1 1 1 1 1 0 0 0 0 1 1 1 1 1 1 1 1 0 1]
7 19 5 0.08889454915944994 [0 0 0 1 0 1 1 0 1 1 0 0 1 1 1 1 1 0 0 0 0 1 1 1 1 1 1 1 1 0 1]
8 19 4 0.08694765188298181 [0 0 1 1 1 1 1 0 0 1 0 1 1 0 1 1 0 1 0 0 0 1 1 1 1 1 0 1 1 0 1]
9 19 2 0.08694765188298181 [0 0 1 1 1 1 1 0 0 1 0 1 1 0 1 1 0 1 0 0 0 1 1 1 1 1 0 1 1 0 1]
10 19 1 0.08694765188298181 [0 0 1 1 1 1 1 0 0 1 0 1 1 0 1 1 0 1 0 0 0 1 1 1 1 1 0 1 1 0 1]
11 19 1 0.08694765188298181 [0 0 1 1 1 1 1 0 0 1 0 1 1 0 1 1 0 1 0 0 0 1 1 1 1 1 0 1 1 0 1]
12 19 2 0.08694765188298181 [0 0 1 1 1 1 1 0 0 1 0 1 1 0 1 1 0 1 0 0 0 1 1 1 1 1 0 1 1 0 1]
13 19 0 0.08694765188298181 [0 0 1 1 1 1 1 0 0 1 0 1 1 0 1 1 0 1 0 0 0 1 1 1 1 1 0 1 1 0 1]
14 19 2 0.08694765188298181 [0 0 1 1 1 1 1 0 0 1 0 1 1 0 1 1 0 1 0 0 0 1 1 1 1 1 0 1 1 0 1]
15 19 0 0.08694765188298181 [0 0 1 1 1 1 1 0 0 1 0 1 1 0 1 1 0 1 0 0 0 1 1 1 1 1 0 1 1 0 1]
16 17 1 0.0860036323615333 [0 0 0 1 0 1 1 0 0 1 0 0 1 1 1 1 1 0 0 0 0 1 1 1 1 1 0 1 1 0 1]
17 17 0 0.0860036323615333 [0 0 0 1 0 1 1 0 0 1 0 0 1 1 1 1 1 0 0 0 0 1 1 1 1 1 0 1 1 0 1]
18 17 1 0.0860036323615333 [0 0 0 1 0 1 1 0 0 1 0 0 1 1 1 1 1 0 0 0 0 1 1 1 1 1 0 1 1 0 1]
19 17 0 0.0860036323615333 [0 0 0 1 0 1 1 0 0 1 0 0 1 1 1 1 1 0 0 0 0 1 1 1 1 1 0 1 1 0 1]
20 17 1 0.0860036323615333 [0 0 0 1 0 1 1 0 0 1 0 0 1 1 1 1 1 0 0 0 0 1 1 1 1 1 0 1 1 0 1]
21 17 1 0.0860036323615333 [0 0 0 1 0 1 1 0 0 1 0 0 1 1 1 1 1 0 0 0 0 1 1 1 1 1 0 1 1 0 1]
22 17 0 0.0860036323615333 [0 0 0 1 0 1 1 0 0 1 0 0 1 1 1 1 1 0 0 0 0 1 1 1 1 1 0 1 1 0 1]
23 17 0 0.0860036323615333 [0 0 0 1 0 1 1 0 0 1 0 0 1 1 1 1 1 0 0 0 0 1 1 1 1 1 0 1 1 0 1]
24 17 0 0.0860036323615333 [0 0 0 1 0 1 1 0 0 1 0 0 1 1 1 1 1 0 0 0 0 1 1 1 1 1 0 1 1 0 1]
25 17 0 0.0860036323615333 [0 0 0 1 0 1 1 0 0 1 0 0 1 1 1 1 1 0 0 0 0 1 1 1 1 1 0 1 1 0 1]
26 17 0 0.0860036323615333 [0 0 0 1 0 1 1 0 0 1 0 0 1 1 1 1 1 0 0 0 0 1 1 1 1 1 0 1 1 0 1]
27 17 0 0.0860036323615333 [0 0 0 1 0 1 1 0 0 1 0 0 1 1 1 1 1 0 0 0 0 1 1 1 1 1 0 1 1 0 1]
28 17 0 0.0860036323615333 [0 0 0 1 0 1 1 0 0 1 0 0 1 1 1 1 1 0 0 0 0 1 1 1 1 1 0 1 1 0 1]
29 17 0 0.0860036323615333 [0 0 0 1 0 1 1 0 0 1 0 0 1 1 1 1 1 0 0 0 0 1 1 1 1 1 0 1 1 0 1]
30 17 0 0.0860036323615333 [0 0 0 1 0 1 1 0 0 1 0 0 1 1 1 1 1 0 0 0 0 1 1 1 1 1 0 1 1 0 1]
31 17 0 0.0860036323615333 [0 0 0 1 0 1 1 0 0 1 0 0 1 1 1 1 1 0 0 0 0 1 1 1 1 1 0 1 1 0 1]
32 17 0 0.0860036323615333 [0 0 0 1 0 1 1 0 0 1 0 0 1 1 1 1 1 0 0 0 0 1 1 1 1 1 0 1 1 0 1]
33 17 0 0.0860036323615333 [0 0 0 1 0 1 1 0 0 1 0 0 1 1 1 1 1 0 0 0 0 1 1 1 1 1 0 1 1 0 1]
34 17 0 0.0860036323615333 [0 0 0 1 0 1 1 0 0 1 0 0 1 1 1 1 1 0 0 0 0 1 1 1 1 1 0 1 1 0 1]
35 17 0 0.0860036323615333 [0 0 0 1 0 1 1 0 0 1 0 0 1 1 1 1 1 0 0 0 0 1 1 1 1 1 0 1 1 0 1]
36 17 0 0.0860036323615333 [0 0 0 1 0 1 1 0 0 1 0 0 1 1 1 1 1 0 0 0 0 1 1 1 1 1 0 1 1 0 1]
37 17 0 0.0860036323615333 [0 0 0 1 0 1 1 0 0 1 0 0 1 1 1 1 1 0 0 0 0 1 1 1 1 1 0 1 1 0 1]
38 17 0 0.0860036323615333 [0 0 0 1 0 1 1 0 0 1 0 0 1 1 1 1 1 0 0 0 0 1 1 1 1 1 0 1 1 0 1]
39 17 0 0.0860036323615333 [0 0 0 1 0 1 1 0 0 1 0 0 1 1 1 1 1 0 0 0 0 1 1 1 1 1 0 1 1 0 1]
40 17 0 0.0860036323615333 [0 0 0 1 0 1 1 0 0 1 0 0 1 1 1 1 1 0 0 0 0 1 1 1 1 1 0 1 1 0 1]
41 17 0 0.0860036323615333 [0 0 0 1 0 1 1 0 0 1 0 0 1 1 1 1 1 0 0 0 0 1 1 1 1 1 0 1 1 0 1]
42 17 0 0.0860036323615333 [0 0 0 1 0 1 1 0 0 1 0 0 1 1 1 1 1 0 0 0 0 1 1 1 1 1 0 1 1 0 1]
43 17 0 0.0860036323615333 [0 0 0 1 0 1 1 0 0 1 0 0 1 1 1 1 1 0 0 0 0 1 1 1 1 1 0 1 1 0 1]
44 17 0 0.0860036323615333 [0 0 0 1 0 1 1 0 0 1 0 0 1 1 1 1 1 0 0 0 0 1 1 1 1 1 0 1 1 0 1]
45 17 0 0.0860036323615333 [0 0 0 1 0 1 1 0 0 1 0 0 1 1 1 1 1 0 0 0 0 1 1 1 1 1 0 1 1 0 1]
46 17 0 0.0860036323615333 [0 0 0 1 0 1 1 0 0 1 0 0 1 1 1 1 1 0 0 0 0 1 1 1 1 1 0 1 1 0 1]
47 17 0 0.0860036323615333 [0 0 0 1 0 1 1 0 0 1 0 0 1 1 1 1 1 0 0 0 0 1 1 1 1 1 0 1 1 0 1]
48 17 0 0.0860036323615333 [0 0 0 1 0 1 1 0 0 1 0 0 1 1 1 1 1 0 0 0 0 1 1 1 1 1 0 1 1 0 1]
49 17 0 0.0860036323615333 [0 0 0 1 0 1 1 0 0 1 0 0 1 1 1 1 1 0 0 0 0 1 1 1 1 1 0 1 1 0 1]
50 17 0 0.0860036323615333 [0 0 0 1 0 1 1 0 0 1 0 0 1 1 1 1 1 0 0 0 0 1 1 1 1 1 0 1 1 0 1]
51 17 0 0.0860036323615333 [0 0 0 1 0 1 1 0 0 1 0 0 1 1 1 1 1 0 0 0 0 1 1 1 1 1 0 1 1 0 1]
52 17 0 0.0860036323615333 [0 0 0 1 0 1 1 0 0 1 0 0 1 1 1 1 1 0 0 0 0 1 1 1 1 1 0 1 1 0 1]
53 17 0 0.0860036323615333 [0 0 0 1 0 1 1 0 0 1 0 0 1 1 1 1 1 0 0 0 0 1 1 1 1 1 0 1 1 0 1]
54 17 0 0.0860036323615333 [0 0 0 1 0 1 1 0 0 1 0 0 1 1 1 1 1 0 0 0 0 1 1 1 1 1 0 1 1 0 1]
55 17 0 0.0860036323615333 [0 0 0 1 0 1 1 0 0 1 0 0 1 1 1 1 1 0 0 0 0 1 1 1 1 1 0 1 1 0 1]
56 17 0 0.0860036323615333 [0 0 0 1 0 1 1 0 0 1 0 0 1 1 1 1 1 0 0 0 0 1 1 1 1 1 0 1 1 0 1]
57 17 0 0.0860036323615333 [0 0 0 1 0 1 1 0 0 1 0 0 1 1 1 1 1 0 0 0 0 1 1 1 1 1 0 1 1 0 1]
58 17 0 0.0860036323615333 [0 0 0 1 0 1 1 0 0 1 0 0 1 1 1 1 1 0 0 0 0 1 1 1 1 1 0 1 1 0 1]
59 17 0 0.0860036323615333 [0 0 0 1 0 1 1 0 0 1 0 0 1 1 1 1 1 0 0 0 0 1 1 1 1 1 0 1 1 0 1]
60 17 0 0.0860036323615333 [0 0 0 1 0 1 1 0 0 1 0 0 1 1 1 1 1 0 0 0 0 1 1 1 1 1 0 1 1 0 1]
61 17 0 0.0860036323615333 [0 0 0 1 0 1 1 0 0 1 0 0 1 1 1 1 1 0 0 0 0 1 1 1 1 1 0 1 1 0 1]
62 17 0 0.0860036323615333 [0 0 0 1 0 1 1 0 0 1 0 0 1 1 1 1 1 0 0 0 0 1 1 1 1 1 0 1 1 0 1]
63 17 0 0.0860036323615333 [0 0 0 1 0 1 1 0 0 1 0 0 1 1 1 1 1 0 0 0 0 1 1 1 1 1 0 1 1 0 1]
64 17 0 0.0860036323615333 [0 0 0 1 0 1 1 0 0 1 0 0 1 1 1 1 1 0 0 0 0 1 1 1 1 1 0 1 1 0 1]
65 17 0 0.0860036323615333 [0 0 0 1 0 1 1 0 0 1 0 0 1 1 1 1 1 0 0 0 0 1 1 1 1 1 0 1 1 0 1]
66 17 0 0.0860036323615333 [0 0 0 1 0 1 1 0 0 1 0 0 1 1 1 1 1 0 0 0 0 1 1 1 1 1 0 1 1 0 1]
67 17 0 0.0860036323615333 [0 0 0 1 0 1 1 0 0 1 0 0 1 1 1 1 1 0 0 0 0 1 1 1 1 1 0 1 1 0 1]
68 17 0 0.0860036323615333 [0 0 0 1 0 1 1 0 0 1 0 0 1 1 1 1 1 0 0 0 0 1 1 1 1 1 0 1 1 0 1]
69 17 0 0.0860036323615333 [0 0 0 1 0 1 1 0 0 1 0 0 1 1 1 1 1 0 0 0 0 1 1 1 1 1 0 1 1 0 1]
70 17 0 0.0860036323615333 [0 0 0 1 0 1 1 0 0 1 0 0 1 1 1 1 1 0 0 0 0 1 1 1 1 1 0 1 1 0 1]
71 17 0 0.0860036323615333 [0 0 0 1 0 1 1 0 0 1 0 0 1 1 1 1 1 0 0 0 0 1 1 1 1 1 0 1 1 0 1]
72 17 0 0.0860036323615333 [0 0 0 1 0 1 1 0 0 1 0 0 1 1 1 1 1 0 0 0 0 1 1 1 1 1 0 1 1 0 1]
73 17 0 0.0860036323615333 [0 0 0 1 0 1 1 0 0 1 0 0 1 1 1 1 1 0 0 0 0 1 1 1 1 1 0 1 1 0 1]
74 17 0 0.0860036323615333 [0 0 0 1 0 1 1 0 0 1 0 0 1 1 1 1 1 0 0 0 0 1 1 1 1 1 0 1 1 0 1]
75 17 0 0.0860036323615333 [0 0 0 1 0 1 1 0 0 1 0 0 1 1 1 1 1 0 0 0 0 1 1 1 1 1 0 1 1 0 1]
76 17 0 0.0860036323615333 [0 0 0 1 0 1 1 0 0 1 0 0 1 1 1 1 1 0 0 0 0 1 1 1 1 1 0 1 1 0 1]
77 17 0 0.0860036323615333 [0 0 0 1 0 1 1 0 0 1 0 0 1 1 1 1 1 0 0 0 0 1 1 1 1 1 0 1 1 0 1]
78 17 0 0.0860036323615333 [0 0 0 1 0 1 1 0 0 1 0 0 1 1 1 1 1 0 0 0 0 1 1 1 1 1 0 1 1 0 1]
79 17 0 0.0860036323615333 [0 0 0 1 0 1 1 0 0 1 0 0 1 1 1 1 1 0 0 0 0 1 1 1 1 1 0 1 1 0 1]
80 17 0 0.0860036323615333 [0 0 0 1 0 1 1 0 0 1 0 0 1 1 1 1 1 0 0 0 0 1 1 1 1 1 0 1 1 0 1]
81 17 0 0.0860036323615333 [0 0 0 1 0 1 1 0 0 1 0 0 1 1 1 1 1 0 0 0 0 1 1 1 1 1 0 1 1 0 1]
82 17 0 0.0860036323615333 [0 0 0 1 0 1 1 0 0 1 0 0 1 1 1 1 1 0 0 0 0 1 1 1 1 1 0 1 1 0 1]
83 17 0 0.0860036323615333 [0 0 0 1 0 1 1 0 0 1 0 0 1 1 1 1 1 0 0 0 0 1 1 1 1 1 0 1 1 0 1]
84 17 0 0.0860036323615333 [0 0 0 1 0 1 1 0 0 1 0 0 1 1 1 1 1 0 0 0 0 1 1 1 1 1 0 1 1 0 1]
85 17 0 0.0860036323615333 [0 0 0 1 0 1 1 0 0 1 0 0 1 1 1 1 1 0 0 0 0 1 1 1 1 1 0 1 1 0 1]
86 17 0 0.0860036323615333 [0 0 0 1 0 1 1 0 0 1 0 0 1 1 1 1 1 0 0 0 0 1 1 1 1 1 0 1 1 0 1]
87 17 0 0.0860036323615333 [0 0 0 1 0 1 1 0 0 1 0 0 1 1 1 1 1 0 0 0 0 1 1 1 1 1 0 1 1 0 1]
88 17 0 0.0860036323615333 [0 0 0 1 0 1 1 0 0 1 0 0 1 1 1 1 1 0 0 0 0 1 1 1 1 1 0 1 1 0 1]
89 17 0 0.0860036323615333 [0 0 0 1 0 1 1 0 0 1 0 0 1 1 1 1 1 0 0 0 0 1 1 1 1 1 0 1 1 0 1]
90 17 0 0.0860036323615333 [0 0 0 1 0 1 1 0 0 1 0 0 1 1 1 1 1 0 0 0 0 1 1 1 1 1 0 1 1 0 1]
91 17 0 0.0860036323615333 [0 0 0 1 0 1 1 0 0 1 0 0 1 1 1 1 1 0 0 0 0 1 1 1 1 1 0 1 1 0 1]
92 17 0 0.0860036323615333 [0 0 0 1 0 1 1 0 0 1 0 0 1 1 1 1 1 0 0 0 0 1 1 1 1 1 0 1 1 0 1]
93 17 0 0.0860036323615333 [0 0 0 1 0 1 1 0 0 1 0 0 1 1 1 1 1 0 0 0 0 1 1 1 1 1 0 1 1 0 1]
94 17 0 0.0860036323615333 [0 0 0 1 0 1 1 0 0 1 0 0 1 1 1 1 1 0 0 0 0 1 1 1 1 1 0 1 1 0 1]
95 17 0 0.0860036323615333 [0 0 0 1 0 1 1 0 0 1 0 0 1 1 1 1 1 0 0 0 0 1 1 1 1 1 0 1 1 0 1]
96 17 0 0.0860036323615333 [0 0 0 1 0 1 1 0 0 1 0 0 1 1 1 1 1 0 0 0 0 1 1 1 1 1 0 1 1 0 1]
97 17 0 0.0860036323615333 [0 0 0 1 0 1 1 0 0 1 0 0 1 1 1 1 1 0 0 0 0 1 1 1 1 1 0 1 1 0 1]
98 17 0 0.0860036323615333 [0 0 0 1 0 1 1 0 0 1 0 0 1 1 1 1 1 0 0 0 0 1 1 1 1 1 0 1 1 0 1]
99 17 0 0.0860036323615333 [0 0 0 1 0 1 1 0 0 1 0 0 1 1 1 1 1 0 0 0 0 1 1 1 1 1 0 1 1 0 1]
100 17 0 0.0860036323615333 [0 0 0 1 0 1 1 0 0 1 0 0 1 1 1 1 1 0 0 0 0 1 1 1 1 1 0 1 1 0 1]
101 17 0 0.0860036323615333 [0 0 0 1 0 1 1 0 0 1 0 0 1 1 1 1 1 0 0 0 0 1 1 1 1 1 0 1 1 0 1]
102 17 0 0.0860036323615333 [0 0 0 1 0 1 1 0 0 1 0 0 1 1 1 1 1 0 0 0 0 1 1 1 1 1 0 1 1 0 1]
103 17 0 0.0860036323615333 [0 0 0 1 0 1 1 0 0 1 0 0 1 1 1 1 1 0 0 0 0 1 1 1 1 1 0 1 1 0 1]
104 17 0 0.0860036323615333 [0 0 0 1 0 1 1 0 0 1 0 0 1 1 1 1 1 0 0 0 0 1 1 1 1 1 0 1 1 0 1]
105 17 0 0.0860036323615333 [0 0 0 1 0 1 1 0 0 1 0 0 1 1 1 1 1 0 0 0 0 1 1 1 1 1 0 1 1 0 1]
106 17 0 0.0860036323615333 [0 0 0 1 0 1 1 0 0 1 0 0 1 1 1 1 1 0 0 0 0 1 1 1 1 1 0 1 1 0 1]
107 17 0 0.0860036323615333 [0 0 0 1 0 1 1 0 0 1 0 0 1 1 1 1 1 0 0 0 0 1 1 1 1 1 0 1 1 0 1]
108 17 0 0.0860036323615333 [0 0 0 1 0 1 1 0 0 1 0 0 1 1 1 1 1 0 0 0 0 1 1 1 1 1 0 1 1 0 1]
109 17 0 0.0860036323615333 [0 0 0 1 0 1 1 0 0 1 0 0 1 1 1 1 1 0 0 0 0 1 1 1 1 1 0 1 1 0 1]
110 17 0 0.0860036323615333 [0 0 0 1 0 1 1 0 0 1 0 0 1 1 1 1 1 0 0 0 0 1 1 1 1 1 0 1 1 0 1]
111 17 0 0.0860036323615333 [0 0 0 1 0 1 1 0 0 1 0 0 1 1 1 1 1 0 0 0 0 1 1 1 1 1 0 1 1 0 1]
112 17 0 0.0860036323615333 [0 0 0 1 0 1 1 0 0 1 0 0 1 1 1 1 1 0 0 0 0 1 1 1 1 1 0 1 1 0 1]
113 17 0 0.0860036323615333 [0 0 0 1 0 1 1 0 0 1 0 0 1 1 1 1 1 0 0 0 0 1 1 1 1 1 0 1 1 0 1]
114 17 0 0.0860036323615333 [0 0 0 1 0 1 1 0 0 1 0 0 1 1 1 1 1 0 0 0 0 1 1 1 1 1 0 1 1 0 1]
115 17 0 0.0860036323615333 [0 0 0 1 0 1 1 0 0 1 0 0 1 1 1 1 1 0 0 0 0 1 1 1 1 1 0 1 1 0 1]
116 17 0 0.0860036323615333 [0 0 0 1 0 1 1 0 0 1 0 0 1 1 1 1 1 0 0 0 0 1 1 1 1 1 0 1 1 0 1]
117 17 0 0.0860036323615333 [0 0 0 1 0 1 1 0 0 1 0 0 1 1 1 1 1 0 0 0 0 1 1 1 1 1 0 1 1 0 1]
118 17 0 0.0860036323615333 [0 0 0 1 0 1 1 0 0 1 0 0 1 1 1 1 1 0 0 0 0 1 1 1 1 1 0 1 1 0 1]
119 17 0 0.0860036323615333 [0 0 0 1 0 1 1 0 0 1 0 0 1 1 1 1 1 0 0 0 0 1 1 1 1 1 0 1 1 0 1]
120 17 0 0.0860036323615333 [0 0 0 1 0 1 1 0 0 1 0 0 1 1 1 1 1 0 0 0 0 1 1 1 1 1 0 1 1 0 1]
121 17 0 0.0860036323615333 [0 0 0 1 0 1 1 0 0 1 0 0 1 1 1 1 1 0 0 0 0 1 1 1 1 1 0 1 1 0 1]
122 17 0 0.0860036323615333 [0 0 0 1 0 1 1 0 0 1 0 0 1 1 1 1 1 0 0 0 0 1 1 1 1 1 0 1 1 0 1]
123 17 0 0.0860036323615333 [0 0 0 1 0 1 1 0 0 1 0 0 1 1 1 1 1 0 0 0 0 1 1 1 1 1 0 1 1 0 1]
124 17 0 0.0860036323615333 [0 0 0 1 0 1 1 0 0 1 0 0 1 1 1 1 1 0 0 0 0 1 1 1 1 1 0 1 1 0 1]
125 17 0 0.0860036323615333 [0 0 0 1 0 1 1 0 0 1 0 0 1 1 1 1 1 0 0 0 0 1 1 1 1 1 0 1 1 0 1]
126 17 0 0.0860036323615333 [0 0 0 1 0 1 1 0 0 1 0 0 1 1 1 1 1 0 0 0 0 1 1 1 1 1 0 1 1 0 1]
127 17 0 0.0860036323615333 [0 0 0 1 0 1 1 0 0 1 0 0 1 1 1 1 1 0 0 0 0 1 1 1 1 1 0 1 1 0 1]
128 17 0 0.0860036323615333 [0 0 0 1 0 1 1 0 0 1 0 0 1 1 1 1 1 0 0 0 0 1 1 1 1 1 0 1 1 0 1]
129 17 0 0.0860036323615333 [0 0 0 1 0 1 1 0 0 1 0 0 1 1 1 1 1 0 0 0 0 1 1 1 1 1 0 1 1 0 1]
130 17 0 0.0860036323615333 [0 0 0 1 0 1 1 0 0 1 0 0 1 1 1 1 1 0 0 0 0 1 1 1 1 1 0 1 1 0 1]
131 17 0 0.0860036323615333 [0 0 0 1 0 1 1 0 0 1 0 0 1 1 1 1 1 0 0 0 0 1 1 1 1 1 0 1 1 0 1]
132 17 0 0.0860036323615333 [0 0 0 1 0 1 1 0 0 1 0 0 1 1 1 1 1 0 0 0 0 1 1 1 1 1 0 1 1 0 1]
133 17 0 0.0860036323615333 [0 0 0 1 0 1 1 0 0 1 0 0 1 1 1 1 1 0 0 0 0 1 1 1 1 1 0 1 1 0 1]
134 17 0 0.0860036323615333 [0 0 0 1 0 1 1 0 0 1 0 0 1 1 1 1 1 0 0 0 0 1 1 1 1 1 0 1 1 0 1]
135 17 0 0.0860036323615333 [0 0 0 1 0 1 1 0 0 1 0 0 1 1 1 1 1 0 0 0 0 1 1 1 1 1 0 1 1 0 1]
136 17 0 0.0860036323615333 [0 0 0 1 0 1 1 0 0 1 0 0 1 1 1 1 1 0 0 0 0 1 1 1 1 1 0 1 1 0 1]
137 17 0 0.0860036323615333 [0 0 0 1 0 1 1 0 0 1 0 0 1 1 1 1 1 0 0 0 0 1 1 1 1 1 0 1 1 0 1]
138 17 0 0.0860036323615333 [0 0 0 1 0 1 1 0 0 1 0 0 1 1 1 1 1 0 0 0 0 1 1 1 1 1 0 1 1 0 1]
139 17 0 0.0860036323615333 [0 0 0 1 0 1 1 0 0 1 0 0 1 1 1 1 1 0 0 0 0 1 1 1 1 1 0 1 1 0 1]
140 17 0 0.0860036323615333 [0 0 0 1 0 1 1 0 0 1 0 0 1 1 1 1 1 0 0 0 0 1 1 1 1 1 0 1 1 0 1]
141 17 0 0.0860036323615333 [0 0 0 1 0 1 1 0 0 1 0 0 1 1 1 1 1 0 0 0 0 1 1 1 1 1 0 1 1 0 1]
142 17 0 0.0860036323615333 [0 0 0 1 0 1 1 0 0 1 0 0 1 1 1 1 1 0 0 0 0 1 1 1 1 1 0 1 1 0 1]
143 17 0 0.0860036323615333 [0 0 0 1 0 1 1 0 0 1 0 0 1 1 1 1 1 0 0 0 0 1 1 1 1 1 0 1 1 0 1]
144 17 0 0.0860036323615333 [0 0 0 1 0 1 1 0 0 1 0 0 1 1 1 1 1 0 0 0 0 1 1 1 1 1 0 1 1 0 1]
145 17 0 0.0860036323615333 [0 0 0 1 0 1 1 0 0 1 0 0 1 1 1 1 1 0 0 0 0 1 1 1 1 1 0 1 1 0 1]
146 17 0 0.0860036323615333 [0 0 0 1 0 1 1 0 0 1 0 0 1 1 1 1 1 0 0 0 0 1 1 1 1 1 0 1 1 0 1]
147 17 0 0.0860036323615333 [0 0 0 1 0 1 1 0 0 1 0 0 1 1 1 1 1 0 0 0 0 1 1 1 1 1 0 1 1 0 1]
148 17 0 0.0860036323615333 [0 0 0 1 0 1 1 0 0 1 0 0 1 1 1 1 1 0 0 0 0 1 1 1 1 1 0 1 1 0 1]
149 17 0 0.0860036323615333 [0 0 0 1 0 1 1 0 0 1 0 0 1 1 1 1 1 0 0 0 0 1 1 1 1 1 0 1 1 0 1]
150 17 0 0.0860036323615333 [0 0 0 1 0 1 1 0 0 1 0 0 1 1 1 1 1 0 0 0 0 1 1 1 1 1 0 1 1 0 1]
