[0 1 0 1 0 0 1 1 0 1 1 1 1 1 1 0 0 0 1 0 1 1 1 0 0 0 1 0 1 0 1] 0.7218843445676912
[0 0 1 0 1 1 1 1 0 0 1 0 0 0 0 0 1 1 1 1 0 0 1 1 1 0 1 0 0 0 0] 0.8445430102251096
[1 0 1 1 0 1 1 1 1 1 0 0 0 0 0 0 1 1 0 1 1 1 1 0 0 0 1 0 0 1 0] 0.018585305499249742
[0 1 0 1 0 1 0 1 1 1 1 1 1 0 0 0 0 1 0 0 1 1 0 0 1 1 1 0 1 0 0] 0.8119709824664905
[0 0 0 0 1 0 1 0 0 1 0 1 0 0 1 1 0 1 1 0 0 0 1 0 1 0 1 1 0 0 0] 0.8719752124242021
[0 1 1 1 1 1 1 0 1 0 1 1 1 0 0 1 1 1 1 0 1 1 1 0 0 1 0 0 1 0 0] 0.8210873865343334
[0 0 1 1 1 0 0 1 1 1 0 0 1 0 0 1 0 1 1 1 1 1 0 1 1 1 0 1 1 1 0] 0.8719142990218911
[1 1 0 0 0 0 1 1 1 1 0 0 1 0 1 0 1 0 1 0 1 0 1 1 1 1 0 1 1 0 0] 0.17008276793009128
[1 1 0 0 0 1 0 0 0 1 0 1 1 1 1 1 1 1 0 0 0 0 0 0 0 0 0 0 1 0 1] 0.312474767864352
[1 1 1 1 0 0 1 1 1 0 1 0 0 0 0 1 0 1 0 0 0 0 0 1 0 1 0 0 1 1 1] 0.14145061916671747
[0 1 0 1 0 1 0 0 0 1 1 0 0 1 0 0 0 1 1 1 1 0 1 0 0 1 0 1 0 1 0] 0.7369007326164261
[0 1 1 1 0 1 0 0 0 1 1 0 1 1 0 0 0 0 1 1 1 1 0 1 1 1 1 1 0 0 1] 0.8476726697774863
[0 1 0 0 0 0 0 0 1 0 0 1 1 0 0 1 1 1 0 0 0 0 0 1 1 0 0 0 0 1 1] 0.89194988064609
[1 0 0 1 0 0 0 1 1 0 1 0 0 1 0 1 1 0 0 1 0 0 1 1 1 1 0 0 0 1 0] 0.08781104813796795
[1 1 0 1 0 1 0 1 0 1 1 0 0 1 1 1 1 0 1 0 0 1 0 0 1 1 1 0 0 0 1] 0.3890435909560588
[1 0 1 0 0 0 1 0 0 0 0 0 0 1 0 1 1 1 1 1 0 1 1 1 0 1 0 1 0 1 0] 0.15748155302732508
[1 0 0 1 1 1 1 1 0 1 1 0 0 0 0 1 0 1 1 1 1 1 1 1 1 1 1 0 1 1 0] 0.018585305499249742
[0 1 0 0 1 0 1 0 1 1 1 1 0 0 0 1 1 0 0 0 1 1 0 0 0 0 0 0 0 1 1] 0.778319296886152
[1 1 0 1 0 1 0 0 1 0 0 1 1 1 0 1 0 0 1 1 0 1 1 0 0 1 0 1 1 1 1] 0.3174627033933336
[0 0 0 0 1 0 0 0 1 1 0 1 0 1 0 0 1 0 1 0 1 0 0 0 1 1 0 1 0 1 1] 0.7553320617305357
[1 0 0 0 0 1 0 1 1 0 1 0 0 0 0 1 0 1 0 0 1 1 1 1 1 0 1 1 1 0 1] 0.018585305499249742
[1 0 1 0 0 1 0 1 0 0 1 1 1 1 0 1 1 1 1 1 1 0 0 1 1 1 0 1 0 1 0] 0.08781104813796795
[0 0 1 0 0 0 1 0 0 0 1 0 1 1 0 1 1 0 1 1 1 0 1 0 1 1 0 1 0 1 1] 0.7913420274155244
[0 0 0 0 1 0 0 0 1 0 1 0 1 1 1 1 0 0 1 0 0 1 1 0 0 1 1 0 0 0 1] 0.7655008153585777
[0 0 0 0 0 1 0 1 1 0 0 0 1 1 0 0 0 1 0 1 0 0 1 0 1 1 0 0 1 0 0] 0.7960027781521142
[0 0 1 1 0 0 1 1 0 0 1 1 1 1 0 0 1 1 1 1 1 1 0 1 0 0 1 0 1 1 0] 0.8514817753074763
[0 1 0 1 1 0 0 0 0 1 1 0 1 1 0 0 0 1 1 1 0 1 0 1 0 0 1 1 1 1 1] 0.7725613554575081
[1 1 0 1 0 0 0 0 0 1 1 0 0 1 0 0 1 0 0 1 1 0 1 1 1 1 1 1 0 1 1] 0.24003414252471775
[1 0 0 0 0 1 0 1 0 1 0 1 1 1 0 1 0 0 0 0 1 0 1 0 1 0 0 1 1 1 1] 0.08781104813796795
[1 1 1 0 1 0 1 1 1 0 0 0 0 1 1 1 0 1 1 0 0 1 0 0 1 1 1 1 1 1 1] 0.39468644662617086
[0 0 0 1 0 0 1 0 0 0 1 1 0 0 1 0 0 0 0 1 1 1 1 0 1 1 1 0 1 0 0] 0.8496851248642779
[0 0 1 0 0 1 1 1 1 1 1 0 0 0 1 0 1 0 0 0 1 1 1 1 0 0 0 0 0 0 1] 0.8755762108094082
[0 0 0 0 0 1 1 0 1 1 0 1 1 0 0 0 0 0 0 0 1 1 0 0 0 0 0 0 1 1 1] 0.5077131258457375
[1 1 1 0 0 1 0 0 1 0 1 0 0 0 0 1 0 0 1 1 0 0 0 1 1 1 0 0 0 1 1] 0.14202037652794375
[1 0 1 0 1 0 1 1 0 1 0 1 1 0 1 1 0 1 0 1 1 1 0 0 1 0 1 1 1 1 0] 0.1421574960361736
[1 0 0 1 1 1 0 0 0 0 0 0 1 0 1 0 1 0 1 1 0 0 1 1 0 1 1 1 1 1 0] 0.018585305499249742
[1 0 0 1 0 1 1 0 0 1 1 1 1 1 0 1 1 0 1 0 1 0 0 1 0 0 0 1 1 1 1] 0.0712124969005703
[0 1 1 1 0 1 1 1 0 0 0 0 0 1 0 1 0 0 1 0 1 1 0 0 1 1 1 1 0 1 1] 0.8652032558912172
[1 1 1 0 1 0 1 0 1 0 1 0 1 1 1 0 0 1 1 0 0 1 0 1 0 1 1 1 0 0 1] 0.373422426842704
[1 1 0 0 0 0 1 0 0 0 1 0 1 1 1 0 0 1 0 1 0 1 1 0 1 0 0 1 0 1 0] 0.3987953058469208
[1 0 0 1 1 0 1 0 0 0 1 0 0 1 1 0 1 0 0 0 0 1 1 1 0 0 0 0 0 0 1] 0.22034392305450307
[0 1 0 1 0 0 1 1 0 1 0 0 0 1 1 0 0 1 0 1 1 1 0 0 1 0 0 0 1 0 1] 0.6891698119427092
[1 1 1 1 1 1 0 1 1 0 1 0 0 0 1 0 1 0 0 0 1 1 0 0 1 1 1 1 0 0 0] 0.23641242354781586
[1 0 0 1 1 1 1 1 0 0 0 1 0 1 1 1 1 0 0 0 0 0 1 1 0 0 0 0 1 1 0] 0.15748155302732508
[1 1 0 1 1 1 1 0 0 0 1 0 0 0 1 1 0 1 0 1 1 1 0 1 0 0 1 0 0 1 0] 0.23641242354781586
[1 1 0 0 1 0 1 1 0 1 0 1 1 1 0 0 1 1 0 1 0 1 1 0 0 1 0 0 0 1 0] 0.31765676567656764
[1 1 0 1 0 1 0 1 0 1 1 0 1 0 1 1 1 1 1 0 1 0 0 1 0 1 1 0 0 0 0] 0.16301749689262837
[0 1 0 1 1 1 0 0 1 1 0 1 0 0 1 1 1 1 1 0 1 1 1 1 0 0 0 1 0 1 1] 0.8332602317806563
[1 1 1 1 0 1 1 0 0 1 0 0 0 0 0 1 1 1 1 0 0 1 1 1 1 1 0 0 1 0 0] 0.17698948507445134
[1 0 0 1 0 1 1 1 0 0 0 1 0 0 1 1 1 0 1 0 1 1 1 1 0 1 0 1 0 1 0] 0.14130261038497952
[0 1 1 0 1 1 1 0 0 0 0 1 0 0 1 0 0 0 1 0 1 1 1 0 0 0 0 1 1 1 0] 0.6725859910548345
[1 0 0 0 1 0 1 1 0 1 1 0 0 1 1 1 0 0 1 0 0 0 1 0 0 0 1 1 1 0 1] 0.1501053728840445
[1 0 1 0 0 0 1 1 0 1 0 1 0 0 0 1 1 0 0 1 1 1 1 1 0 0 0 0 1 0 0] 0.018585305499249742
[0 0 0 0 0 0 0 0 0 1 1 1 0 0 1 1 1 1 0 0 0 0 0 0 1 1 1 1 1 1 1] 0.8160022755902312
[0 0 0 0 0 1 0 0 1 0 1 0 1 0 1 1 0 0 1 1 0 0 0 1 0 1 0 0 1 0 0] 0.8159066979833157
[1 0 0 1 1 0 1 0 0 0 1 0 0 0 0 1 1 0 0 1 1 0 0 1 1 0 1 1 1 1 1] 0.018585305499249742
[0 1 1 0 1 0 1 1 1 0 1 1 0 1 1 1 1 0 1 0 1 0 1 0 1 0 0 0 1 0 0] 0.8747616682042911
[1 0 0 1 0 0 0 0 1 1 1 1 0 1 1 0 1 0 0 0 1 1 0 1 0 0 1 1 1 0 1] 0.19314856257531418
[1 1 1 1 1 1 1 1 1 0 0 1 0 0 0 0 1 0 1 1 1 0 0 0 0 0 1 0 0 1 1] 0.14145061916671747
[0 0 0 0 0 1 1 0 1 0 0 1 1 0 1 1 1 0 0 1 0 0 0 1 0 1 0 0 0 1 1] 0.7726241505767804
[0 1 1 1 0 1 0 0 1 1 1 1 1 1 1 0 1 0 1 0 0 1 0 1 0 0 1 1 0 1 0] 0.7061534891001042
[0 1 0 0 1 1 1 0 1 0 0 0 0 1 1 1 1 0 1 0 0 1 1 1 0 0 1 1 0 0 0] 0.6982712471137883
[0 0 0 1 1 1 1 0 1 0 0 1 1 0 1 0 0 1 1 0 0 1 0 1 1 0 0 0 1 0 0] 0.873811880484767
[0 0 1 1 0 0 1 0 1 0 0 1 0 1 1 1 1 1 1 0 0 1 1 1 0 0 1 0 0 1 0] 0.8544100790799373
[0 0 1 1 1 0 1 0 0 1 1 1 0 0 1 0 0 0 0 1 0 1 0 1 0 1 0 0 0 0 1] 0.8612121960720972
[1 1 0 1 1 1 0 1 1 0 0 0 1 0 1 0 0 0 1 0 1 1 0 1 1 0 0 0 0 0 0] 0.25501620865732993
[1 1 0 1 0 0 1 0 1 0 1 0 1 1 0 0 1 1 1 1 0 0 1 0 0 1 1 1 0 0 0] 0.22034392305450307
[0 1 1 1 0 0 0 1 1 1 0 0 1 0 0 1 0 1 1 0 0 0 1 0 0 0 0 1 0 1 0] 0.7674020936731034
[1 0 0 0 0 1 0 0 1 0 0 1 0 1 1 1 0 1 0 0 1 0 1 0 1 1 1 0 1 0 0] 0.16477399242930307
[0 1 1 1 0 1 0 0 1 1 1 1 0 1 0 1 0 0 0 1 0 0 0 0 1 0 0 1 1 0 1] 0.8882895829639514
[0 1 0 1 1 1 0 1 0 1 1 0 1 1 1 1 0 1 1 1 0 0 1 0 0 0 1 1 1 0 0] 0.7237564887061438
[0 0 0 1 1 1 1 0 1 1 1 0 0 1 1 1 0 1 0 0 1 1 1 0 1 0 1 0 1 0 0] 0.8838609684261787
[1 1 0 0 0 1 0 1 0 0 0 0 0 0 1 1 0 1 1 0 1 0 1 0 0 0 0 0 0 1 1] 0.16301749689262837
[0 1 0 1 0 0 0 1 0 0 1 1 1 0 1 0 0 1 0 0 1 0 1 1 0 1 0 0 1 0 1] 0.8652032558912172
[0 1 1 1 1 0 1 1 0 1 0 0 1 0 0 0 0 0 0 0 1 0 0 1 1 1 1 1 1 1 0] 0.8817432749390127
[0 1 0 1 1 1 1 1 1 1 1 0 1 0 1 0 1 0 1 0 1 1 0 0 1 0 0 1 0 1 0] 0.7507721573894548
[0 1 1 0 0 1 1 0 1 1 1 1 0 0 0 0 0 0 1 1 1 0 0 0 1 0 0 1 0 0 0] 0.8331284450965619
[0 1 1 1 1 0 1 0 1 0 0 0 0 1 1 0 1 0 1 1 0 0 0 1 0 1 0 1 0 0 0] 0.8479935693498166
[1 0 0 0 0 1 1 1 1 1 1 0 0 0 1 0 0 1 1 1 0 0 0 1 1 1 1 0 1 0 1] 0.018585305499249742
[0 1 0 1 1 1 0 0 0 1 0 1 1 1 0 1 0 1 0 0 1 1 1 0 0 1 0 0 1 0 0] 0.7968780625091091
[0 0 1 0 1 0 0 1 1 0 1 0 0 1 0 1 1 0 0 1 1 1 1 1 0 1 0 1 0 0 0] 0.8869899973369837
[0 0 0 0 1 1 0 1 1 1 1 1 0 0 1 0 0 0 1 0 1 0 0 1 0 0 1 1 1 1 1] 0.77789605808799
[0 0 1 0 0 1 1 1 0 0 1 0 0 0 1 1 0 1 0 1 0 1 0 1 0 0 0 0 1 0 1] 0.7413203347625417
[0 1 1 0 1 0 1 1 1 1 1 1 0 0 0 0 0 0 0 0 1 0 0 1 1 0 1 0 0 0 0] 0.8756774666887558
[1 0 0 0 1 0 1 0 0 0 0 1 0 1 1 0 1 1 0 1 1 1 1 0 0 0 1 1 1 0 0] 0.21364929108902578
[1 1 0 0 0 0 0 1 0 1 0 1 0 0 1 0 0 0 1 0 1 1 1 0 1 1 1 1 0 1 0] 0.2300865563712063
[0 1 1 0 0 0 1 0 1 1 1 1 0 0 1 1 1 0 1 0 1 0 1 0 1 1 1 1 0 0 1] 0.8747784774329777
[0 0 0 0 1 0 1 0 1 0 0 1 1 1 1 0 0 0 0 0 1 0 0 0 1 0 0 1 1 0 1] 0.7865942370291288
[0 0 1 0 0 0 1 1 1 0 0 1 0 0 0 1 0 0 1 1 0 0 0 0 0 1 1 0 0 0 0] 0.484078476667148
[1 1 1 1 1 1 0 1 1 0 0 1 1 0 0 0 1 1 1 1 1 0 0 0 0 1 0 1 0 0 0] 0.14145061916671747
[0 1 1 1 0 0 1 0 1 1 0 1 1 1 1 1 1 0 0 0 1 1 0 1 0 0 0 1 0 1 0] 0.7797992120981064
[1 0 1 1 1 1 1 1 1 1 0 0 1 0 0 0 1 0 1 1 1 1 1 1 0 0 0 0 1 1 0] 0.018585305499249742
[1 0 0 1 0 0 0 0 0 0 1 1 1 1 0 0 0 1 0 1 1 0 0 0 0 0 0 0 1 0 1] 0.0712124969005703
[1 0 1 1 1 1 0 1 1 1 1 0 1 0 1 0 1 1 1 1 0 0 1 1 1 1 1 1 0 1 0] 0.018585305499249742
[0 1 1 0 0 1 0 0 1 1 1 1 0 0 1 1 0 1 0 1 1 1 0 0 0 1 0 0 1 1 1] 0.6465700834265659
[1 1 1 0 0 0 1 0 1 1 0 0 1 1 1 0 1 0 0 1 1 1 1 0 1 0 0 0 1 1 1] 0.3987953058469208
[1 0 0 0 1 0 1 1 1 1 0 0 1 1 0 1 1 0 0 1 0 0 0 0 1 1 1 1 1 0 0] 0.1039816671440848
[1 0 0 0 0 0 0 1 1 1 1 0 1 0 1 0 0 0 1 1 1 0 0 1 0 0 1 1 1 0 1] 0.018585305499249742
[1 1 0 0 0 0 1 0 0 0 0 0 1 0 1 0 0 0 1 0 1 0 0 1 0 0 0 1 0 1 0] 0.16301749689262837
[0 1 1 1 0 0 1 0 0 1 0 1 0 0 0 0 1 0 0 1 1 1 1 0 1 0 0 0 0 1 1] 0.8502020405616822
[0 1 1 1 1 1 1 1 0 1 1 1 1 0 0 0 0 0 0 0 1 0 0 1 1 1 1 1 1 1 0] 0.8771677802874936
[1 1 1 1 1 0 1 0 1 0 1 0 1 1 1 0 0 1 1 0 0 1 0 1 0 1 1 1 0 0 1] 0.373422426842704
[1 0 0 0 1 1 0 1 1 1 1 1 0 0 1 0 0 1 1 0 1 1 0 1 0 1 1 1 1 1 1] 0.14130261038497952
[1 1 1 0 1 1 0 0 1 0 1 1 1 0 1 1 1 1 1 0 1 1 0 1 1 1 1 1 0 1 1] 0.23641242354781586
[0 0 1 1 1 1 1 1 1 1 0 1 0 0 1 1 1 0 1 1 1 0 0 0 1 1 1 1 1 0 0] 0.7921656920687533
[1 1 1 1 1 1 1 1 1 1 1 0 1 0 1 1 1 1 1 1 1 0 0 1 0 1 0 1 1 0 1] 0.16301749689262837
[0 1 1 1 0 1 0 0 1 1 1 1 1 1 0 1 0 1 0 1 1 1 1 0 1 1 1 1 1 1 1] 0.8686746073894241
[1 1 1 0 1 0 1 1 1 1 1 1 0 1 0 1 0 0 1 1 1 1 0 1 1 0 1 1 0 0 0] 0.3300206811984114
[0 1 1 1 0 0 0 1 1 1 1 0 1 0 1 1 0 1 1 0 0 1 1 0 1 0 0 1 0 1 1] 0.6688854686987782
[1 1 1 1 1 1 0 0 0 1 1 0 1 1 1 0 1 0 1 1 1 1 1 1 1 1 1 1 0 0 1] 0.4040809672132554
[1 0 1 1 1 0 1 0 0 0 1 0 1 1 0 1 1 1 1 1 1 1 1 0 1 1 0 1 1 1 1] 0.17198485667928612
[1 0 0 0 0 0 0 1 1 1 1 1 1 0 1 0 0 0 1 1 1 0 0 1 0 0 1 1 1 0 1] 0.018585305499249742
[1 1 1 1 1 1 0 1 1 1 1 1 0 1 1 1 1 0 1 0 1 1 0 1 0 0 1 1 1 0 1] 0.373422426842704
[1 0 1 1 1 0 1 1 0 0 0 1 0 1 1 1 1 1 1 1 1 1 1 0 0 1 1 1 1 0 0] 0.21364929108902578
[1 0 1 1 0 0 1 1 0 1 0 1 1 0 0 1 1 1 1 1 1 1 1 1 1 0 0 0 1 0 1] 0.018585305499249742
[0 1 1 1 1 1 1 1 1 1 1 1 1 1 1 1 1 1 1 1 1 1 1 1 1 0 1 1 0 1 1] 0.8626214566195648
[0 1 1 1 1 0 0 1 1 1 0 1 1 0 1 1 0 1 1 1 1 1 1 1 1 1 0 1 1 1 0] 0.8307372181816397
[1 1 1 1 0 1 1 1 0 1 1 0 1 1 1 1 1 0 1 0 0 1 0 1 1 1 1 0 1 0 1] 0.3987953058469208
[1 0 0 1 1 0 1 0 0 0 1 0 0 0 0 1 1 0 0 1 1 1 0 1 1 0 1 1 1 1 1] 0.018585305499249742
[1 1 0 1 0 0 1 1 1 0 1 1 1 0 1 0 0 1 1 0 1 1 1 1 1 0 0 1 1 1 0] 0.2300865563712063
[1 0 1 1 1 1 1 0 1 1 1 1 1 1 1 1 1 0 1 0 1 1 0 1 0 1 1 1 1 1 1] 0.21364929108902578
[1 1 1 0 1 0 1 1 1 1 1 0 1 1 1 1 0 0 1 0 1 1 1 0 1 1 1 1 1 0 1] 0.4040809672132554
[0 0 1 1 1 1 0 0 1 1 0 1 0 1 0 0 1 0 1 1 1 0 0 1 1 1 0 1 0 1 1] 0.8090034252161148
[1 1 0 1 1 1 0 1 1 0 1 0 1 1 1 1 1 1 1 1 1 1 1 1 0 1 1 1 1 1 0] 0.373422426842704
[1 1 1 1 1 1 1 1 1 0 0 1 1 0 0 1 1 1 1 1 1 0 0 0 0 1 0 1 1 0 0] 0.14145061916671747
[1 0 0 0 1 0 1 1 1 1 0 0 1 1 1 1 1 0 0 1 0 1 0 0 1 1 1 1 1 0 0] 0.2591658891954662
[1 1 1 1 1 1 1 1 1 1 0 1 1 0 1 0 1 0 1 1 1 1 1 1 0 0 1 1 1 1 0] 0.2300865563712063
[1 1 0 1 1 1 1 1 1 1 1 0 1 1 1 1 1 1 1 1 0 1 1 0 0 0 1 1 1 0 0] 0.373422426842704
[1 1 1 1 1 1 1 1 1 1 1 1 0 0 1 1 1 1 1 1 1 1 1 1 1 1 1 1 1 0 1] 0.2365411920271398
[1 1 1 1 1 1 1 1 1 1 1 1 1 0 1 1 0 1 1 1 1 1 1 1 1 1 1 1 1 1 0] 0.23641242354781586
[0 1 1 1 1 1 1 0 1 0 1 1 1 1 1 0 1 0 1 1 1 0 1 1 1 1 1 1 0 1 0] 0.8863744662561783
[0 1 1 0 1 1 1 0 1 0 0 1 1 1 1 1 1 1 0 1 0 0 1 1 0 1 1 1 0 1 1] 0.8855048783903646
[0 1 1 1 1 1 1 1 0 1 1 1 1 0 0 1 1 1 0 0 1 0 1 1 1 1 1 1 1 1 1] 0.8780460171643834
[1 1 0 0 1 1 1 1 0 0 1 0 1 0 1 1 0 1 1 1 1 1 1 0 0 0 1 1 1 1 1] 0.2426749396759738
[0 1 1 1 1 1 1 1 0 1 0 1 0 1 1 0 1 1 0 1 1 1 1 1 1 1 1 1 1 1 1] 0.8919106552748748
[0 1 1 1 1 1 1 1 0 1 1 1 1 1 1 0 1 0 1 1 1 1 1 0 1 0 1 0 1 1 1] 0.8496851248642779
[0 1 1 1 0 1 0 0 1 1 1 1 1 1 1 1 1 1 0 1 1 1 0 1 1 1 0 1 1 0 1] 0.8502024291497976
[0 1 0 1 1 1 1 1 1 0 1 1 1 0 1 0 0 1 1 0 1 1 0 1 1 0 0 0 1 0 0] 0.8396102442300766
[1 1 1 1 1 0 1 1 1 0 0 0 1 1 1 1 0 1 1 0 0 1 0 0 1 1 1 1 1 1 1] 0.4040809672132554
[1 1 1 0 1 0 1 0 1 0 1 0 1 1 1 0 1 1 1 0 0 1 0 1 0 1 1 1 0 0 1] 0.373422426842704
[0 1 1 1 0 1 1 1 1 1 1 1 1 1 1 1 1 1 1 0 1 1 0 1 1 1 1 0 1 0 1] 0.8747650873945543
[0 1 1 1 1 1 1 1 1 1 1 1 1 1 1 1 1 1 1 1 1 1 1 1 1 1 1 1 1 1 1] 0.8695470436236511
[1 1 1 1 1 1 1 1 1 1 1 1 1 0 1 1 1 1 1 1 1 0 0 1 0 1 1 1 1 0 1] 0.16301749689262837
[1 0 1 0 1 0 1 1 0 1 1 1 1 1 1 1 1 1 1 1 1 1 0 1 1 0 1 1 1 1 0] 0.2528482690326388
[1 1 1 1 1 1 1 0 1 0 0 1 1 0 1 1 1 0 1 1 1 1 0 1 1 1 1 1 1 1 1] 0.23641242354781586
[1 1 0 0 0 0 1 0 0 0 1 0 1 1 1 1 0 1 0 1 0 1 1 0 1 0 0 1 0 1 0] 0.3987953058469208
[0 1 1 1 1 1 0 1 1 1 1 1 0 1 1 1 1 1 1 0 1 1 1 1 1 0 0 1 0 1 1] 0.8848595416720964
[0 0 1 1 1 1 1 0 1 1 1 0 0 1 1 1 1 1 1 0 1 1 1 0 1 0 1 0 1 0 0] 0.870041221999029
[0 0 1 1 1 1 0 0 1 1 1 1 1 1 1 0 1 0 1 1 1 1 0 1 1 1 1 1 1 1 1] 0.8712923098879666
[1 0 1 1 1 1 1 1 1 1 1 1 1 0 1 1 1 0 1 1 1 1 0 1 0 1 0 0 0 0 1] 0.14130261038497952
[0 1 1 1 1 1 0 1 1 1 1 0 0 1 0 1 1 1 0 1 1 1 1 1 1 1 1 1 1 1 1] 0.875709552550608
[1 1 1 1 1 1 0 1 1 1 1 1 1 1 1 1 1 0 1 1 1 1 1 1 1 1 1 1 1 1 1] 0.39468644662617086
[0 1 0 1 1 1 1 0 1 1 1 1 1 1 1 1 1 1 1 0 1 0 0 1 1 1 1 1 1 0 1] 0.8704099660464872
[0 1 0 0 1 0 1 0 1 1 0 1 0 0 1 1 0 1 1 0 0 0 1 0 1 0 1 1 1 0 1] 0.8785168947365946
[0 1 1 1 0 0 1 0 1 1 1 1 0 0 1 1 1 0 1 0 1 0 1 0 1 1 1 1 1 0 1] 0.881357206282388
[0 1 1 0 1 0 1 0 1 1 1 1 0 1 1 1 1 0 1 0 1 0 1 0 1 0 0 1 1 1 1] 0.8846931894807822
[1 1 1 1 1 1 1 1 1 1 1 1 1 1 1 1 1 1 1 0 1 1 1 1 1 1 1 1 1 1 1] 0.39468644662617086
[1 1 1 1 1 0 1 1 1 0 1 0 1 1 1 0 1 1 1 0 1 1 0 1 0 1 1 1 1 0 1] 0.373422426842704
[1 1 0 1 1 1 1 1 1 0 1 1 1 0 1 1 0 1 1 0 1 1 1 1 1 1 0 1 1 0 1] 0.23641242354781586
[0 1 1 1 1 1 1 1 1 1 1 1 1 0 0 0 0 0 0 1 1 1 1 1 1 0 1 0 1 1 1] 0.887641025880202
[0 1 1 0 1 0 1 1 1 1 1 0 1 1 0 1 1 0 1 1 1 1 1 1 1 1 0 1 0 1 0] 0.8472548394267104
[0 0 0 1 0 0 1 0 0 1 1 1 1 0 1 1 1 0 1 1 1 1 1 0 1 1 1 1 1 0 1] 0.8664724644452603
[1 1 1 1 0 1 1 1 0 1 1 1 1 1 1 1 0 0 1 1 1 1 0 1 1 1 1 1 1 1 1] 0.3887494955520853
[0 1 1 1 1 0 1 1 1 1 0 1 1 0 0 1 0 1 1 1 1 1 1 1 1 1 0 1 1 1 0] 0.8716277351170315
[0 1 0 1 1 1 1 0 1 1 0 1 1 1 1 1 1 1 1 0 1 1 1 1 1 0 0 1 1 0 1] 0.8888475991843219
[0 0 0 1 1 0 0 1 1 1 1 1 0 1 1 0 1 1 1 0 1 0 1 0 1 1 0 1 1 1 1] 0.8241973178731558
[0 1 1 1 1 1 1 1 1 1 1 1 1 1 1 1 1 1 1 0 1 1 1 1 1 0 1 0 1 1 1] 0.8734766482476723
[0 1 1 1 0 1 1 1 1 0 0 0 0 1 1 1 0 0 1 0 1 1 1 1 1 1 1 1 0 1 1] 0.8785399151309293
[1 1 1 0 1 1 1 0 1 1 1 1 0 0 1 1 1 1 1 1 1 1 1 1 1 0 1 1 1 1 1] 0.2365411920271398
[1 1 0 1 0 1 0 1 1 0 1 0 1 1 0 0 1 1 1 1 0 0 1 1 1 1 0 0 1 0 0] 0.246471489636261
[0 1 1 1 1 1 0 1 1 1 1 1 1 1 1 1 1 1 1 0 1 1 1 1 1 0 0 1 1 1 1] 0.8808095952023988
[0 1 1 1 1 1 1 0 1 1 1 1 0 0 0 0 0 1 0 0 1 0 0 1 1 0 1 0 0 0 0] 0.8741839284275006
[0 1 1 1 0 1 0 0 1 1 1 1 1 1 1 1 1 1 1 0 0 1 1 1 1 0 1 1 0 1 1] 0.8268691348596772
[0 1 1 1 1 0 1 1 1 1 1 1 1 1 1 1 1 1 1 1 1 1 1 1 1 1 0 1 1 1 1] 0.8717357184728551
[0 1 1 1 1 1 1 1 1 0 1 1 1 0 1 1 1 1 1 0 1 1 1 1 1 1 0 0 1 0 0] 0.8577560453322244
[1 1 1 1 1 1 1 1 1 1 1 1 1 1 1 1 1 0 1 0 1 1 0 1 1 1 1 1 1 1 1] 0.39468644662617086
[0 1 1 1 1 1 1 0 1 1 1 1 1 1 1 1 1 1 1 0 1 1 0 1 1 1 1 1 1 0 1] 0.8746920397587291
[0 0 0 1 1 0 0 0 0 1 1 1 0 0 1 1 1 1 0 0 1 0 0 0 1 1 1 1 1 1 1] 0.8244141536269547
[0 1 1 0 1 1 1 1 1 1 1 1 0 1 1 1 1 1 0 1 1 1 1 1 1 1 1 1 1 1 1] 0.8788125978641014
[0 1 1 1 1 0 1 1 1 1 1 0 1 1 0 1 1 0 1 1 1 1 1 1 1 1 0 1 0 1 1] 0.8824105440216653
[0 1 0 1 0 0 0 1 1 0 1 1 1 0 1 1 1 1 0 0 1 0 1 1 1 1 0 0 1 1 1] 0.9004906717190067
[0 1 1 1 1 1 1 1 1 1 1 1 1 1 1 0 0 1 0 1 1 1 1 1 1 0 1 1 1 1 1] 0.8756848507708991
[0 1 1 0 0 0 0 1 1 0 0 1 1 0 1 1 1 1 0 0 1 0 1 1 1 0 0 1 1 1 1] 0.9088231942196796
[0 1 0 0 0 0 1 0 1 0 0 1 1 1 0 1 1 1 0 0 0 0 0 1 1 0 0 0 0 1 1] 0.8841835849790698
[0 1 1 1 1 1 1 1 1 1 1 1 0 1 1 1 1 1 0 0 1 1 1 1 1 1 1 1 1 1 1] 0.8856616360710038
[1 1 1 1 1 1 1 0 1 1 1 1 1 1 0 1 0 0 0 1 0 0 1 1 1 0 0 1 1 0 1] 0.24003414252471775
[0 1 1 1 1 1 1 1 1 1 1 1 1 1 1 1 1 1 0 0 1 1 1 1 1 1 1 1 1 1 1] 0.8856616360710038
[0 1 1 0 1 0 1 1 1 1 1 1 0 1 1 1 1 1 1 0 1 0 1 0 1 0 1 0 1 0 0] 0.8692434288758455
[0 1 0 0 0 0 1 0 1 0 0 1 1 0 0 1 1 1 0 0 0 0 0 1 1 0 0 0 0 1 1] 0.8828913400610187
[0 1 1 1 1 1 1 1 1 1 0 1 1 1 0 1 1 1 0 0 1 1 1 1 1 0 0 1 0 1 1] 0.9014237213383623
[0 1 0 1 1 1 1 1 1 1 0 1 1 1 1 1 1 1 1 0 1 1 1 1 1 0 1 1 1 0 1] 0.8812420214763085
[0 0 0 1 1 1 1 0 1 1 1 1 0 1 1 1 1 1 0 0 1 1 1 0 1 0 1 1 1 1 1] 0.8680571472228589
[0 1 1 1 1 1 1 1 1 1 1 1 1 0 0 0 0 0 0 1 1 1 1 1 1 1 1 0 1 1 1] 0.8888847500558744
[0 1 1 0 1 0 1 1 1 1 1 1 1 0 0 1 1 1 0 0 1 0 0 1 1 0 1 0 0 1 1] 0.8578039931788428
[0 0 1 0 0 1 1 1 1 1 1 1 0 0 1 0 1 0 0 0 1 1 1 1 0 0 0 0 1 0 1] 0.8628727849013111
[0 1 1 1 1 1 1 1 1 1 0 1 1 1 1 1 1 1 0 0 1 1 1 1 1 1 1 1 1 1 1] 0.8944109718259711
[0 1 1 1 1 0 0 1 1 1 1 0 1 1 0 1 1 1 0 0 1 1 1 1 1 0 0 1 0 1 1] 0.8949700935700021
[0 1 1 1 1 1 1 1 1 1 1 1 1 1 0 1 0 1 0 0 1 1 1 1 1 1 0 1 1 1 1] 0.8989308309313098
[0 1 1 0 0 0 0 1 1 0 0 1 1 0 0 1 1 1 0 0 0 0 0 1 1 0 0 1 0 1 1] 0.9020022236719992
[0 1 0 1 0 0 0 0 1 0 0 1 1 0 0 1 1 1 0 0 1 0 1 1 1 0 0 0 1 1 1] 0.8899993014645959
[0 0 1 0 1 0 0 1 1 0 1 1 0 1 0 1 1 0 0 1 1 1 1 1 0 1 1 1 1 0 0] 0.8545160070215593
[0 1 0 0 0 0 0 0 1 0 0 1 1 0 0 1 1 1 0 0 0 0 0 1 1 0 0 1 0 1 1] 0.8906214384399612
[0 1 0 1 1 1 1 0 1 1 0 1 0 1 1 1 1 1 0 0 1 1 1 1 1 0 1 0 1 1 1] 0.8913041460539628
[0 1 1 1 1 1 1 1 0 1 0 1 1 1 0 0 1 1 0 1 1 1 1 1 1 1 1 1 1 1 1] 0.8936004596252571
[0 1 0 1 1 1 1 0 1 1 0 1 1 0 0 1 1 1 0 0 1 1 1 1 1 0 0 0 1 1 1] 0.896740209317249
[0 1 0 0 0 0 0 1 1 0 0 1 1 0 1 1 1 1 0 0 0 0 0 1 1 1 0 0 1 1 1] 0.8968598299573513
[0 1 0 1 0 0 0 1 1 0 0 1 1 0 0 1 1 1 0 0 1 0 1 1 1 0 0 0 0 1 1] 0.8980217305011677
[0 1 0 1 0 0 0 1 1 0 0 1 1 0 0 1 1 1 0 0 1 0 1 1 1 0 0 0 1 1 1] 0.872848090751596
[0 1 1 0 0 0 0 1 1 0 0 1 1 0 0 1 1 1 0 0 1 0 1 1 1 0 0 1 1 1 1] 0.8751959164153097
[0 1 0 0 0 0 0 0 1 0 0 1 1 0 0 1 1 1 0 0 1 0 1 1 1 0 0 0 0 1 1] 0.9053784313366418
[0 1 0 1 1 1 1 0 1 1 0 1 1 0 0 1 1 1 0 0 1 0 1 1 1 0 0 0 1 1 1] 0.8670221916394288
[0 1 1 1 1 0 0 1 1 1 1 1 1 1 0 1 1 1 0 0 1 1 1 1 1 0 0 1 0 1 1] 0.8922640407243595
[0 1 0 0 0 0 0 1 1 0 0 1 1 0 0 1 1 1 0 0 1 0 1 1 1 0 0 0 0 1 1] 0.8899993014645959
[0 1 0 1 0 0 1 1 1 0 1 1 1 1 0 1 1 1 0 0 1 0 1 1 1 0 0 1 0 1 1] 0.8865335434131107
[0 1 0 0 0 0 0 0 1 0 0 1 1 0 0 1 1 1 0 0 1 0 1 1 1 0 0 0 1 1 1] 0.8958510677671269
[0 1 0 0 0 0 0 1 1 0 0 1 1 0 0 1 1 1 0 0 1 0 1 1 1 0 0 0 1 1 1] 0.8736138120760801
[0 1 0 0 0 0 0 1 1 0 1 1 1 0 0 1 1 1 0 0 1 0 1 1 1 0 0 0 1 1 1] 0.8853975506535336
[0 1 1 1 0 0 0 1 1 0 0 1 1 0 1 1 1 1 0 0 1 0 1 1 1 0 0 1 1 1 1] 0.9083842715080741
[0 1 0 0 0 0 0 1 1 0 0 1 1 0 1 1 1 1 0 0 1 0 1 1 1 0 0 0 1 1 1] 0.8988038994261481
[0 1 1 0 0 0 1 1 1 1 0 0 0 1 1 1 1 1 1 1 1 1 0 1 0 0 0 0 0 0 1] 0.6756391794745364
[0 1 1 0 1 0 0 0 0 1 0 0 0 1 1 0 1 1 0 0 0 0 1 1 1 1 1 0 1 0 0] 0.8698619162071729
[1 1 1 0 1 1 1 1 1 0 0 0 0 1 0 0 1 0 0 1 1 0 0 1 0 0 0 0 0 1 1] 0.22034392305450307
[1 0 1 0 0 1 0 1 0 1 1 0 0 1 0 0 1 0 1 0 1 0 0 0 1 1 0 1 1 1 1] 0.08781104813796795
[1 0 0 1 1 1 0 0 1 1 1 0 0 1 1 1 1 1 0 1 1 1 1 1 1 1 0 1 1 0 1] 0.246471489636261
[1 1 1 1 0 0 0 0 0 1 1 0 1 0 0 1 1 1 0 0 0 0 1 0 0 1 1 1 0 1 0] 0.14145061916671747
[0 1 1 1 0 1 0 1 1 1 0 1 1 0 1 1 0 0 1 0 0 0 1 0 0 0 0 0 0 0 1] 0.8343028930621169
[0 0 1 0 0 1 0 1 0 0 0 1 0 1 0 1 1 0 0 0 0 0 1 1 1 0 1 1 0 0 1] 0.832318177982298
[0 0 0 0 0 1 1 1 0 0 0 0 0 0 0 0 0 0 0 1 1 1 0 0 0 1 0 0 0 0 1] 0.6171392027286292
[0 1 1 0 1 0 0 0 0 1 0 1 0 0 0 0 1 0 1 0 1 0 1 0 0 0 0 1 0 1 1] 0.8651478215891839
[0 1 0 1 1 1 1 1 1 0 1 0 1 0 1 0 1 0 0 1 1 0 0 0 1 0 0 1 0 1 0] 0.8585755730177332
[1 1 1 1 1 1 0 1 0 1 0 1 1 0 0 0 0 0 0 1 0 0 1 0 1 1 0 1 0 1 0] 0.1422925822734638
[1 1 1 0 1 1 0 1 0 0 0 1 1 1 0 0 0 0 1 1 1 0 0 1 0 1 0 0 1 1 1] 0.22697188406694957
[0 0 1 0 1 1 0 0 0 0 0 0 0 1 0 1 1 0 0 0 0 0 1 0 0 1 1 1 1 1 0] 0.7738526232968108
[1 0 1 0 1 1 1 1 0 1 1 1 1 0 0 1 0 0 0 1 1 1 1 0 1 1 1 1 1 1 1] 0.018585305499249742
[0 0 1 0 0 1 1 0 0 1 1 1 1 1 1 1 0 0 1 0 1 0 1 1 1 1 1 1 1 0 0] 0.8454628278098336
[1 0 1 1 1 0 1 0 0 0 0 1 1 0 0 1 1 1 0 1 1 0 0 1 1 0 1 1 1 1 0] 0.018585305499249742
[0 0 0 0 0 1 1 0 1 1 1 1 1 0 0 0 1 1 0 1 1 1 1 0 0 1 0 0 1 1 0] 0.6485258462145462
[0 0 1 0 0 1 1 0 0 1 1 1 0 0 1 0 1 0 0 1 0 0 0 0 1 1 1 0 1 1 0] 0.8186554204911932
[0 1 0 0 0 0 0 1 0 1 0 0 0 0 0 0 1 1 1 0 1 1 1 0 0 1 1 1 1 1 0] 0.6364632809645597
[1 0 1 0 0 1 1 0 0 1 0 0 1 0 1 0 0 1 0 1 0 0 1 1 0 0 1 1 0 1 1] 0.018585305499249742
[0 0 1 1 1 0 0 1 1 0 1 0 1 1 0 1 1 1 1 1 0 0 0 0 1 0 1 1 1 1 0] 0.8287416418230937
[1 1 0 0 1 1 1 0 0 1 1 1 0 1 0 1 0 0 1 0 0 0 0 0 1 0 1 1 1 0 1] 0.24003414252471775
[0 0 0 0 0 1 1 1 1 0 1 1 0 1 0 0 0 0 0 0 0 0 0 0 1 1 0 0 0 1 1] 0.7589003078791032
[1 0 0 0 1 1 1 1 1 1 1 1 1 1 1 0 1 1 0 0 1 1 1 0 1 0 0 0 0 1 1] 0.2528482690326388
[0 0 1 0 0 1 0 0 1 1 0 1 1 0 1 0 1 1 1 1 1 0 0 0 0 0 0 1 0 0 1] 0.46173603793466805
[0 0 1 0 0 0 0 0 1 0 0 0 0 1 0 0 1 0 1 1 0 1 0 1 1 0 1 0 1 1 0] 0.8778871344615167
[1 1 1 1 1 1 1 1 0 0 0 1 0 0 1 1 1 0 1 0 1 1 0 0 0 0 1 0 1 0 1] 0.20411589862273957
[1 1 0 0 0 0 0 1 1 1 1 1 0 0 1 1 0 1 0 0 1 0 0 0 0 0 0 0 1 0 0] 0.16301749689262837
[1 1 1 0 0 0 1 0 1 0 0 0 1 0 1 1 1 1 0 0 0 0 0 0 1 1 1 0 0 1 1] 0.17008276793009128
[0 0 1 1 0 1 0 1 0 1 1 0 0 1 0 0 0 1 0 1 1 1 0 0 0 0 1 0 0 1 1] 0.8208164662759552
[0 0 0 0 1 1 0 1 1 1 0 0 1 0 0 1 0 0 1 1 1 1 0 0 1 1 0 1 0 0 1] 0.8346697364242617
[1 0 0 1 0 0 1 1 0 0 1 1 1 1 0 0 1 0 1 1 1 0 1 1 1 0 0 1 0 1 0] 0.08781104813796795
[1 0 1 1 0 0 0 0 1 0 1 1 1 1 1 0 0 0 1 1 1 1 1 1 1 1 0 0 0 0 1] 0.246471489636261
[1 1 1 0 0 1 1 1 1 1 1 0 1 0 0 1 0 1 0 1 1 1 0 1 0 0 0 0 1 0 0] 0.1629523124850228
[0 1 0 0 1 0 1 1 0 0 0 1 0 0 1 1 0 1 1 1 0 0 1 0 1 1 0 0 1 0 0] 0.7773304301384494
[0 0 1 1 1 0 1 1 0 0 0 0 1 1 1 1 0 1 0 1 0 1 1 0 0 0 0 0 1 1 0] 0.7957636881783455
[1 0 1 0 0 1 1 0 1 0 0 1 1 0 0 1 0 1 0 1 0 0 0 1 1 1 0 1 0 0 0] 0.018585305499249742
[1 0 0 1 1 0 1 0 1 0 1 1 1 0 1 1 0 1 1 1 0 0 1 1 0 0 0 0 1 1 0] 0.018585305499249742
[1 0 1 1 0 1 1 1 0 0 1 0 1 0 0 0 1 0 1 1 0 0 1 1 0 0 0 1 1 0 1] 0.018585305499249742
[0 1 1 0 1 0 0 1 0 1 1 0 1 0 0 0 0 1 1 1 0 1 0 1 1 0 1 1 1 0 1] 0.7875760363043179
[0 0 0 1 1 0 0 0 0 1 0 0 1 0 0 1 1 1 0 1 0 0 0 0 0 0 0 0 1 0 0] 0.8231408940571848
[1 1 0 1 1 1 0 1 0 1 1 0 0 1 0 1 0 0 1 0 1 1 1 1 1 1 0 1 0 1 1] 0.33503011249920034
[0 1 1 1 1 0 1 1 0 0 1 1 0 0 1 0 0 1 0 0 1 0 1 1 1 0 1 0 1 1 1] 0.8995558010541095
[1 0 0 1 0 1 1 0 1 0 0 0 0 0 0 1 1 1 1 0 1 0 1 0 1 1 1 0 0 1 0] 0.018585305499249742
[0 0 0 1 1 0 1 1 0 1 0 0 1 1 1 1 1 1 1 1 1 0 1 1 0 1 0 0 0 0 1] 0.8620585311027535
[1 0 0 0 0 1 0 1 0 1 0 1 0 1 0 0 0 1 0 0 1 0 1 0 0 1 0 0 0 0 0] 0.0712124969005703
[0 0 1 1 0 1 1 1 1 1 0 0 0 0 1 0 0 1 1 1 1 0 0 1 0 1 0 0 1 0 1] 0.8082030730854556
[0 1 0 0 0 1 1 1 0 1 0 1 1 0 1 1 1 1 1 1 0 1 1 1 0 1 1 0 1 0 0] 0.6554425137300801
[0 0 1 0 0 0 0 1 1 0 0 1 0 1 1 1 1 1 0 1 0 1 0 1 0 1 1 0 1 1 1] 0.871515795062384
[0 1 0 0 1 1 1 0 0 0 1 0 1 0 0 0 1 0 1 0 0 0 1 0 0 1 1 0 1 1 0] 0.8003557406125409
[0 1 0 0 1 1 0 0 1 0 1 1 1 1 0 0 0 1 0 1 1 0 0 1 0 1 1 1 0 1 1] 0.8645289966247316
[0 1 1 0 0 1 0 1 1 0 1 1 0 0 1 0 1 1 1 1 0 0 1 1 0 0 0 1 0 1 1] 0.7980027649349531
[0 0 1 0 1 0 0 1 1 1 1 0 0 0 0 0 0 0 1 1 0 0 0 0 1 1 0 1 1 1 0] 0.816225148777842
[0 0 1 0 1 0 0 0 0 1 0 0 0 0 1 0 1 0 1 1 1 1 0 1 1 1 1 1 0 0 0] 0.8488504746988418
[0 1 1 1 0 1 1 1 1 0 1 1 0 1 0 1 0 1 1 1 1 1 0 1 1 1 0 0 1 0 1] 0.8692434288758455
[0 1 1 1 0 0 1 0 0 0 0 0 1 1 1 1 0 0 0 1 0 0 0 0 1 1 0 1 0 0 0] 0.6971067790542519
[0 0 1 1 1 1 1 1 0 0 1 1 0 1 1 0 0 0 0 1 0 0 1 1 0 0 1 1 1 0 1] 0.8661793969080055
[1 0 1 0 0 1 1 1 0 0 1 1 1 1 0 1 0 0 1 0 0 0 0 0 0 1 0 0 1 0 1] 0.0712124969005703
[0 1 0 0 1 1 0 0 1 0 0 0 0 0 0 1 1 1 1 1 1 0 1 1 0 1 1 1 1 0 0] 0.8582852065748555
[0 0 0 0 1 0 0 0 0 0 1 1 1 1 1 0 1 1 0 0 1 0 0 1 1 0 0 0 0 1 0] 0.8562082014653078
[1 0 0 0 0 0 1 0 0 0 0 1 0 0 1 0 0 1 1 0 0 0 1 1 1 1 0 1 0 1 1] 0.018585305499249742
[0 1 0 0 0 1 0 1 0 1 0 1 1 0 1 1 1 1 0 1 1 0 1 0 1 1 1 1 0 0 0] 0.7571481483413582
[1 0 0 0 1 0 1 1 0 0 0 0 1 1 0 0 0 0 1 0 1 0 0 1 1 1 0 0 1 0 1] 0.1039816671440848
[0 0 0 0 1 1 1 0 1 0 0 1 0 0 1 0 0 1 1 0 1 1 1 1 0 0 1 0 0 1 1] 0.8760719133860875
[0 1 1 1 1 0 0 0 0 1 0 0 0 1 0 0 1 1 1 0 1 0 0 1 0 1 0 0 0 1 1] 0.8873943300172809
[0 1 1 1 1 1 1 0 1 1 1 0 0 1 1 1 0 1 0 0 1 1 0 1 1 0 1 0 0 0 0] 0.8146004499459867
[1 0 0 1 0 0 1 1 1 0 0 0 0 1 1 0 1 1 1 1 1 0 1 1 1 1 0 0 1 1 1] 0.16477399242930307
[1 1 1 0 0 1 1 0 1 0 0 1 1 1 1 1 0 0 1 0 1 1 1 1 0 1 0 1 1 1 0] 0.373422426842704
[0 1 1 0 1 0 1 0 1 0 0 0 0 0 0 1 0 0 0 1 0 0 1 0 1 1 1 0 0 1 1] 0.8910252238348038
[0 0 1 0 1 0 0 1 0 1 0 1 0 1 0 0 1 0 0 1 0 1 0 1 1 0 1 0 0 1 1] 0.9027328827505142
[0 0 0 0 1 0 1 0 1 0 1 1 1 0 0 0 1 0 0 0 0 0 1 0 0 1 1 0 0 1 0] 0.7255199257733825
[0 1 0 0 1 0 0 0 0 1 0 0 0 1 0 1 0 0 1 1 0 0 0 0 1 0 1 0 1 0 0] 0.8369326213287263
[1 0 0 1 1 0 1 1 1 0 0 1 1 1 1 0 1 1 1 1 0 1 0 1 1 0 0 0 1 0 1] 0.2528482690326388
[1 0 0 0 1 0 0 0 1 0 0 0 0 0 0 1 0 1 1 1 0 0 0 1 1 1 1 1 1 0 0] 0.018585305499249742
[1 0 1 0 1 1 1 1 0 0 0 1 1 0 0 1 1 0 0 1 0 0 0 1 0 0 0 1 0 0 0] 0.018585305499249742
[1 1 0 1 1 1 1 0 0 1 0 1 0 0 1 0 0 1 1 1 1 1 0 0 1 0 0 1 0 1 1] 0.23641242354781586
[0 1 1 1 0 0 1 0 0 1 1 0 0 1 1 0 1 1 1 0 1 1 0 1 0 0 1 1 0 1 1] 0.6921065757524268
[0 0 0 0 0 0 0 0 0 1 0 0 1 1 0 1 0 0 0 1 1 1 0 0 1 1 0 0 0 1 1] 0.8611105775694831
[1 0 0 1 0 1 0 0 0 1 0 1 1 0 0 0 0 0 1 0 0 0 0 1 0 0 0 1 1 0 1] 0.018585305499249742
[1 0 1 0 1 0 1 1 0 0 0 0 0 0 1 1 0 1 0 1 0 1 0 1 1 0 1 1 1 0 1] 0.1421574960361736
[0 1 0 1 1 0 1 0 0 1 0 1 1 0 0 0 0 0 0 1 0 1 1 0 1 0 0 1 0 0 1] 0.837865055387714
[0 1 0 0 1 0 0 1 0 1 1 1 1 0 1 0 0 1 1 1 0 0 1 0 0 1 0 0 0 1 0] 0.6439629895836899
[0 0 1 1 1 0 0 0 0 0 1 1 1 0 0 1 1 1 1 1 1 0 0 1 1 0 0 0 0 0 1] 0.8281201672204097
[1 1 0 1 0 1 0 0 0 0 1 1 0 0 1 1 0 0 0 0 0 0 1 1 1 1 1 1 0 0 0] 0.17008276793009128
[0 1 0 1 0 0 1 1 0 1 1 0 1 1 1 1 1 1 1 1 0 0 1 1 1 1 1 1 1 0 1] 0.8676501300525906
[0 0 0 0 1 1 1 0 0 1 0 1 0 0 0 0 0 0 1 0 0 0 1 0 1 0 0 0 1 1 1] 0.7975258329109735
[0 1 0 1 1 1 1 1 0 1 0 1 1 1 1 0 0 1 0 1 1 0 1 0 0 0 0 0 1 1 1] 0.875709552550608
[0 1 0 1 1 0 1 0 0 0 0 0 0 0 1 0 1 1 0 1 1 0 1 0 0 0 1 1 0 0 1] 0.8084915953921731
[0 1 0 1 1 1 0 1 0 0 1 1 0 0 0 1 0 1 1 1 0 1 1 0 0 0 0 0 0 1 0] 0.6439629895836899
[0 1 1 1 0 1 0 0 0 0 0 0 0 0 1 0 0 1 1 0 0 1 0 0 1 0 1 0 1 1 0] 0.6506540180198365
[0 1 0 1 0 1 1 0 0 0 1 0 0 1 1 1 1 0 1 1 0 0 0 0 1 0 0 0 1 0 1] 0.8193135266276896
[0 0 1 0 0 1 1 1 1 1 1 1 1 1 1 0 0 1 0 1 1 0 1 1 1 0 0 1 0 1 0] 0.8587335127989888
[1 0 1 1 0 1 1 1 0 1 1 1 1 1 1 0 0 0 0 0 0 0 1 1 0 1 0 0 0 0 0] 0.13509273784257636
[1 1 0 1 0 1 0 1 1 1 1 0 1 1 0 1 1 0 1 1 1 0 1 0 1 0 1 0 0 1 0] 0.246471489636261
[1 1 0 0 0 1 1 0 1 0 1 1 0 1 1 0 0 0 1 1 0 0 1 1 0 0 1 1 1 0 1] 0.3068471427762361
[0 0 1 0 0 0 1 0 0 1 1 1 1 1 1 0 1 0 1 0 1 1 1 1 0 0 1 0 0 1 0] 0.8392224000155637
[0 0 0 1 1 0 0 1 0 0 0 1 1 0 0 1 0 0 0 1 0 1 1 1 0 1 1 1 0 0 1] 0.8988043914292433
[1 1 0 0 1 0 1 1 0 1 1 0 0 0 0 1 1 1 0 0 1 0 1 1 0 0 0 0 0 1 1] 0.14145061916671747
[0 0 1 1 1 1 0 0 1 1 0 1 1 0 1 0 0 0 0 0 0 1 1 0 0 1 1 1 1 0 1] 0.8835618363961802
[1 1 1 1 0 1 1 1 1 0 1 1 1 1 1 1 1 1 1 1 0 1 1 1 1 1 1 1 1 1 0] 0.3887494955520853
[1 1 0 1 1 1 1 1 1 1 0 0 1 0 0 1 1 0 1 1 1 1 0 1 1 1 0 1 1 1 1] 0.1907049801348979
[0 0 1 0 0 1 0 1 0 0 0 1 0 1 0 1 1 0 1 0 0 0 1 1 1 0 1 1 0 1 1] 0.8239204656549401
[0 1 1 1 1 1 1 1 1 0 1 1 1 1 0 1 1 1 1 1 1 1 1 0 1 0 1 1 1 1 0] 0.8604425670810734
[1 1 1 0 1 1 1 1 1 1 0 0 0 1 0 1 0 0 1 1 1 0 1 1 1 1 1 1 1 1 1] 0.24003414252471775
[1 0 1 1 1 1 1 1 1 0 1 1 1 1 1 1 1 0 0 1 1 0 1 1 0 0 1 1 1 0 1] 0.15748155302732508
[0 0 1 0 0 0 1 1 0 1 1 1 1 1 1 0 1 1 1 1 1 1 1 1 1 0 1 0 0 1 1] 0.8665790025346369
[1 1 1 0 0 1 1 1 1 1 1 0 1 0 0 1 0 1 0 1 1 1 1 1 0 1 0 1 1 0 0] 0.1629523124850228
[0 1 1 1 1 0 1 0 1 1 1 1 1 0 0 1 1 0 1 0 0 0 1 1 0 1 1 1 1 1 1] 0.8654137210950821
[0 1 0 1 0 1 1 0 0 1 1 1 0 1 1 1 1 0 1 1 0 0 0 0 1 0 0 0 1 0 1] 0.8386465679992956
[0 1 1 1 1 1 1 0 0 1 0 1 1 1 1 0 1 1 1 1 1 0 0 1 0 1 1 0 0 1 1] 0.8687865566711758
[1 0 1 0 1 1 1 1 1 1 1 1 0 1 1 0 1 1 0 0 1 0 1 1 1 1 1 0 1 1 1] 0.16477399242930307
[1 1 0 1 1 1 1 1 1 1 1 0 1 1 1 1 1 1 1 1 1 0 1 1 1 1 0 1 1 1 1] 0.3243407651824475
[1 0 1 1 1 0 1 1 1 0 0 1 0 1 1 1 0 1 1 1 0 1 0 1 1 0 1 1 1 0 1] 0.24003414252471775
[0 0 1 1 1 0 0 1 1 0 1 0 1 1 1 1 1 1 1 1 0 0 0 1 1 0 1 1 1 1 0] 0.8603489710507178
[0 0 1 1 1 0 1 1 0 1 1 1 0 0 1 0 1 0 0 1 0 0 1 1 1 1 1 1 1 1 1] 0.8612433747919852
[1 1 1 1 0 1 1 0 1 1 1 1 0 1 1 1 1 1 0 1 1 0 1 1 1 1 1 1 1 0 0] 0.3188051293454896
[0 0 0 0 1 1 1 0 1 1 1 1 0 1 1 0 0 0 1 1 0 0 1 0 1 0 1 1 1 1 1] 0.8196860415782774
[1 1 1 1 1 1 1 1 0 0 1 1 1 1 0 1 1 1 1 1 0 1 1 1 0 0 1 1 1 1 1] 0.31765676567656764
[0 1 1 0 1 1 0 1 1 1 0 1 1 0 1 1 1 1 1 1 1 1 1 0 1 1 0 1 0 0 1] 0.7854041908557601
[1 1 1 1 1 1 0 1 1 1 1 0 1 1 1 0 0 0 1 1 0 1 0 1 1 1 0 1 1 1 1] 0.4040809672132554
[1 0 0 1 1 1 1 0 1 1 1 1 1 1 1 1 0 1 1 1 1 0 1 1 0 1 1 1 1 1 1] 0.15748155302732508
[0 1 0 1 1 0 1 0 0 1 0 1 1 0 1 0 0 1 1 1 0 1 1 0 1 0 0 1 0 1 1] 0.6906399021022768
[1 1 1 0 1 1 1 1 0 0 1 1 1 0 0 1 1 1 0 1 0 0 1 1 1 1 0 1 0 0 1] 0.1422925822734638
[1 1 0 1 1 1 1 1 0 1 1 1 1 1 0 1 1 0 1 1 1 0 1 1 1 0 0 1 0 1 1] 0.24003414252471775
[1 1 1 0 0 1 1 1 1 1 1 1 1 1 1 0 0 1 0 1 1 1 1 1 1 0 0 1 0 1 0] 0.3887494955520853
[1 1 0 1 1 1 1 1 0 1 1 1 1 1 1 1 1 1 1 1 1 1 1 1 0 1 1 0 1 1 0] 0.373422426842704
[0 0 1 1 1 1 1 1 0 0 1 1 1 0 0 1 1 1 1 1 1 0 1 1 1 0 1 0 0 0 1] 0.8293938124588596
[1 1 1 1 0 0 0 1 1 1 1 1 1 1 1 1 1 1 0 1 0 1 0 1 1 1 1 0 1 1 1] 0.3887494955520853
[1 1 1 0 1 1 1 1 0 1 1 1 0 0 0 1 1 1 0 0 1 0 1 1 0 1 1 1 0 1 1] 0.14145061916671747
[1 0 1 1 0 1 0 0 0 1 0 1 1 0 0 0 1 1 1 0 1 1 0 1 1 1 1 1 1 0 1] 0.018585305499249742
[1 1 1 0 0 1 1 1 1 1 0 0 0 1 1 1 1 1 1 1 1 1 1 1 0 0 1 0 1 0 1] 0.373422426842704
[1 1 1 1 1 1 1 0 0 1 1 0 1 1 1 1 1 1 0 0 1 1 1 0 1 1 1 1 0 1 0] 0.4040809672132554
[1 0 1 1 0 1 1 1 1 1 1 0 1 0 1 1 0 1 1 1 1 0 0 1 0 1 0 0 1 0 1] 0.018585305499249742
[1 0 1 0 1 1 1 1 0 1 1 1 1 1 0 1 0 0 0 1 1 1 1 0 1 1 1 1 1 1 1] 0.17198485667928612
[0 1 1 0 1 0 1 1 0 1 1 0 1 0 1 0 1 1 1 1 0 1 0 1 1 0 1 1 1 0 1] 0.7263829378011902
[0 0 1 0 1 0 0 1 1 1 0 1 0 1 0 0 1 0 1 1 0 1 1 1 1 0 1 0 1 1 1] 0.8693521475902177
[0 1 1 0 1 0 1 0 0 1 0 1 0 1 1 0 1 1 0 0 0 1 1 1 1 1 1 1 1 1 1] 0.8555747544994549
[0 1 1 1 1 1 1 1 0 1 1 0 1 0 0 0 1 0 1 1 0 0 1 0 1 1 1 0 1 1 1] 0.873788249577903
[1 1 1 1 0 1 1 1 1 1 1 1 1 1 1 0 0 1 1 1 1 1 1 1 1 1 1 1 0 1 1] 0.3887494955520853
[0 0 1 1 1 0 0 0 0 1 1 1 1 1 0 1 1 1 1 1 1 1 0 1 1 1 1 1 1 0 1] 0.8667744125775819
[0 0 1 0 1 1 1 1 1 1 1 0 0 0 1 0 0 1 1 1 1 0 1 0 1 1 0 1 1 1 1] 0.8237611028495639
[0 1 1 0 1 1 1 1 0 1 1 1 1 1 1 1 1 1 1 1 1 0 1 0 1 1 1 1 1 1 1] 0.8709510395835015
[0 1 1 1 1 1 1 0 0 1 1 1 1 1 1 0 1 1 1 1 1 0 1 1 1 1 1 1 1 1 1] 0.89194988064609
[1 0 0 0 1 0 1 1 1 0 1 1 1 0 0 0 1 0 1 1 1 0 1 0 1 1 1 0 1 1 0] 0.018585305499249742
[1 1 1 1 1 0 1 0 1 0 1 1 1 1 1 0 1 0 1 1 1 1 1 1 1 1 1 1 0 1 1] 0.39468644662617086
[0 0 1 0 1 1 1 1 1 1 1 1 0 1 1 0 0 0 0 1 0 0 1 1 0 0 1 1 1 0 1] 0.8094751471550033
[1 1 1 1 1 1 0 1 1 1 1 0 1 1 1 0 0 1 1 1 0 1 1 1 1 1 0 1 1 1 1] 0.4040809672132554
[1 1 1 1 1 0 1 0 1 1 0 1 1 1 0 0 0 0 0 1 0 1 1 0 1 0 0 1 1 1 1] 0.33523965886806223
[0 1 0 0 1 0 0 0 0 1 0 0 1 1 0 1 0 0 0 1 1 1 0 0 1 1 0 0 0 1 1] 0.7110288787180402
[1 1 1 0 1 0 0 1 1 1 1 1 0 0 1 1 1 1 0 1 1 0 0 0 0 0 0 1 1 0 1] 0.16301749689262837
[0 1 0 1 0 1 1 0 1 1 1 0 0 1 1 1 1 0 1 1 0 1 0 1 1 0 1 1 1 1 1] 0.8188123167880252
[0 1 0 1 1 0 1 1 0 1 0 1 1 1 1 1 1 1 1 1 1 1 1 1 0 0 1 1 0 0 1] 0.8297722193907555
[1 1 1 1 1 1 1 1 1 0 1 1 1 1 1 1 1 1 1 1 1 1 1 1 1 1 0 1 1 0 1] 0.3997108035529849
[0 0 0 1 1 0 0 1 1 1 1 0 1 1 1 1 1 1 0 1 1 1 0 0 0 1 1 0 1 0 1] 0.8496347521184378
[0 0 1 1 0 1 1 1 1 1 1 1 1 1 1 1 1 1 0 1 1 1 1 0 1 1 1 0 1 1 0] 0.8706862129941246
[0 0 1 1 1 0 0 1 1 1 1 0 1 1 1 1 1 1 1 1 0 0 0 1 1 1 1 1 1 1 1] 0.8694748781196834
[0 1 1 0 1 1 0 0 0 0 0 0 0 1 0 1 1 0 0 0 0 0 1 0 1 1 1 1 1 1 1] 0.8986203810903186
[1 1 1 1 1 1 1 1 0 1 1 0 1 1 1 1 1 1 0 0 1 1 1 0 1 1 1 1 1 1 0] 0.4040809672132554
[1 1 1 1 0 1 0 1 1 1 1 1 1 1 0 1 1 1 1 1 1 0 1 1 1 1 1 0 0 1 0] 0.24003414252471775
[0 1 0 1 1 1 1 1 1 0 1 1 1 0 1 0 1 1 1 1 1 0 0 1 1 0 0 1 1 1 1] 0.863779852428973
[0 1 1 0 1 0 0 1 1 1 1 0 1 0 0 0 0 1 1 1 0 1 0 1 1 0 1 1 1 0 1] 0.8211754815419231
[1 1 1 0 1 1 1 1 1 1 0 1 1 1 0 1 0 0 1 1 1 1 1 0 1 1 1 1 0 1 1] 0.33523965886806223
[1 1 0 1 1 1 1 1 1 1 0 1 1 0 0 1 1 0 1 1 1 1 0 1 1 1 0 1 1 1 1] 0.1907049801348979
[0 0 1 0 1 1 1 1 1 0 1 1 1 1 1 1 1 1 1 0 1 1 1 1 1 1 1 0 0 1 1] 0.8892699383072707
[0 1 1 1 1 1 1 1 1 1 0 1 1 1 1 0 1 1 0 1 1 0 1 0 1 0 1 0 1 1 1] 0.8805963827353975
[0 1 1 1 1 0 1 1 0 1 1 1 1 1 1 0 1 1 1 1 1 1 1 1 1 1 1 0 1 1 1] 0.8665397380078532
[0 1 0 0 1 1 0 0 1 0 0 0 0 0 0 1 1 1 1 1 1 0 1 1 0 1 1 1 1 0 1] 0.859375
[1 0 1 1 1 1 0 1 1 1 1 1 1 1 1 1 1 1 1 1 0 0 1 1 1 1 1 1 1 1 1] 0.16477399242930307
[0 1 0 1 0 1 1 1 1 1 1 0 0 1 1 1 1 0 1 1 0 1 0 1 1 0 1 1 1 1 1] 0.8331737439665449
[0 1 1 1 1 1 1 1 0 1 1 0 1 1 0 0 1 0 1 1 1 0 1 0 1 1 1 0 1 1 1] 0.8683046049710965
[0 1 1 0 1 0 1 0 0 1 0 1 0 0 1 0 1 0 1 0 1 0 1 0 0 0 0 1 0 1 1] 0.8461694738165954
[0 0 1 0 1 1 1 1 1 0 1 1 1 1 1 1 1 1 1 1 1 1 1 1 1 1 1 0 0 1 1] 0.8828497428775196
[0 0 1 0 1 1 1 1 1 0 0 1 0 0 1 0 0 1 1 0 1 1 1 1 0 0 1 0 0 1 1] 0.8696886957433324
[0 1 0 0 1 0 0 0 0 0 1 1 1 1 1 0 1 1 0 0 1 0 0 1 1 1 0 0 0 1 1] 0.8919106552748748
[1 1 0 1 1 0 1 1 1 1 0 1 1 1 1 0 1 1 1 1 0 1 0 1 1 0 0 0 1 0 1] 0.3997108035529849
[1 0 1 1 1 1 1 1 1 1 1 1 0 1 1 0 0 1 1 1 1 0 0 1 0 1 1 0 1 0 1] 0.15748155302732508
[0 1 1 1 0 0 1 0 0 1 0 1 0 1 1 1 1 0 1 1 0 0 0 0 1 1 0 0 1 0 1] 0.8646279471946566
[0 0 1 0 1 1 1 1 1 0 1 1 1 1 1 1 1 1 1 1 1 1 1 1 1 1 1 0 1 1 1] 0.8714922271415189
[0 0 0 1 1 1 1 0 1 1 0 1 0 1 1 0 1 1 1 1 1 1 1 1 1 1 1 0 1 1 1] 0.8780460171643834
[0 1 1 1 1 0 1 1 0 1 1 1 0 1 1 0 1 0 1 1 1 0 1 1 1 1 1 1 1 1 1] 0.8956303718300997
[0 1 1 1 0 1 1 1 0 1 1 1 0 1 1 0 1 1 1 1 1 0 1 1 1 1 1 0 1 1 1] 0.8845012404624819
[1 1 1 1 1 1 1 1 1 0 1 1 1 1 1 0 0 1 1 1 1 1 1 1 1 1 1 1 1 1 1] 0.39468644662617086
[0 1 1 0 1 0 0 1 0 1 1 0 1 0 1 1 1 1 1 1 0 1 0 1 1 0 1 1 1 0 1] 0.7024895135370703
[0 0 1 1 1 0 0 1 1 1 0 0 0 1 1 0 1 1 1 1 1 1 0 1 1 1 1 0 1 1 1] 0.8859665127506983
[0 1 1 1 1 1 0 0 1 1 0 1 0 0 0 1 1 1 1 1 1 0 1 1 0 1 1 1 1 0 1] 0.8717641521543793
[1 1 1 1 1 1 0 0 1 1 0 1 1 0 1 0 0 0 0 0 0 1 1 0 1 1 1 1 1 0 1] 0.23641242354781586
[0 1 1 0 1 0 0 0 0 1 0 1 0 0 0 0 1 0 1 0 1 0 1 1 0 0 1 1 0 1 1] 0.8877423813014469
[0 1 0 1 1 1 1 0 0 0 1 1 1 1 1 1 1 1 1 1 1 0 1 1 0 0 1 1 1 1 1] 0.8838609684261787
[0 1 1 0 1 0 0 0 0 1 0 0 0 1 0 1 1 0 0 0 1 0 1 0 1 1 1 1 1 1 1] 0.8884493744693952
[0 1 1 1 1 0 1 1 0 1 0 0 0 1 1 0 1 1 1 0 1 0 0 1 0 1 0 0 0 1 1] 0.8723385098024349
[0 0 1 0 0 0 0 0 1 0 0 0 0 1 0 0 1 1 1 1 0 1 1 1 1 1 1 0 1 1 0] 0.8822919257865119
[0 1 0 1 1 1 1 1 0 1 0 1 1 1 1 0 0 1 0 1 1 0 1 1 1 0 0 0 1 1 1] 0.900638976166051
[0 1 1 1 1 1 1 1 1 1 0 1 1 1 1 0 1 1 0 1 1 0 1 1 1 1 1 0 1 1 1] 0.9006033106152296
[1 1 1 1 1 1 1 1 1 0 1 1 0 1 1 1 1 1 1 1 1 1 1 1 1 1 0 0 1 0 1] 0.39468644662617086
[0 0 1 0 1 0 1 1 0 1 0 1 0 1 0 0 1 0 0 1 0 1 0 1 1 0 1 0 0 1 1] 0.8953883472673574
[0 1 0 0 1 0 1 0 0 0 1 1 1 1 1 0 1 1 0 0 1 0 1 1 1 1 1 0 0 1 1] 0.900404263138552
[0 0 1 1 1 1 1 1 0 1 1 1 1 1 1 0 1 1 0 1 1 0 1 0 1 1 1 0 1 1 1] 0.8487891518939782
[0 0 1 0 1 0 0 1 1 1 0 1 0 1 0 1 1 1 0 1 0 1 0 1 1 0 1 0 1 1 1] 0.8734834861906501
[0 0 1 1 1 1 1 1 1 0 0 1 0 1 1 0 1 0 0 1 1 0 1 1 0 0 1 0 0 1 1] 0.8094123645634161
[0 1 1 1 1 0 1 1 0 1 0 1 0 1 0 0 1 0 0 1 0 0 1 1 1 1 1 0 0 1 1] 0.9027328827505142
[1 0 1 1 1 1 0 1 0 0 0 1 1 0 1 1 1 1 0 1 1 1 1 1 1 1 1 1 1 1 1] 0.1421574960361736
[0 0 1 0 1 0 1 1 1 0 0 1 0 1 0 0 1 0 1 1 1 1 1 1 1 0 1 0 0 1 1] 0.8496180861901721
[0 1 1 0 1 0 1 1 1 1 0 1 0 1 0 0 1 0 0 1 1 0 1 1 1 0 1 0 1 1 1] 0.8504453090381422
[0 1 1 1 1 1 1 1 0 1 0 1 1 1 0 0 1 0 0 1 1 0 1 1 1 0 1 0 1 1 1] 0.8810370453989577
[0 0 1 1 1 1 1 0 1 1 0 1 1 1 1 0 1 1 1 0 1 1 1 1 0 1 1 1 1 1 1] 0.8806702122652609
[0 1 1 0 1 0 1 1 0 1 0 1 1 0 0 0 0 0 0 1 0 1 1 1 1 1 1 1 1 1 1] 0.8889053603939572
[0 0 1 1 1 0 0 1 0 1 0 1 0 1 0 1 1 0 0 1 0 1 1 1 1 0 1 1 0 1 1] 0.908008618485922
[0 1 1 1 1 0 1 1 1 0 1 1 0 0 1 0 0 1 0 0 1 0 1 1 1 0 1 0 1 1 1] 0.9015538326493283
[0 1 1 1 1 0 1 0 0 1 0 0 1 1 1 1 1 1 1 0 1 0 0 1 0 1 1 1 1 1 1] 0.8800707791352145
[0 1 0 0 1 0 0 0 0 1 0 1 0 1 0 0 1 0 0 0 1 0 0 1 1 1 0 0 0 1 1] 0.9041065747370929
[0 1 1 1 1 0 1 1 0 1 1 1 0 0 0 0 1 0 0 1 0 0 1 1 1 0 1 0 1 1 1] 0.8969984246002597
[0 0 1 0 1 0 0 1 0 1 0 1 0 1 0 0 1 0 0 1 0 1 0 1 1 0 1 0 1 1 1] 0.8865335434131107
[0 1 1 0 1 0 0 1 0 1 0 1 0 1 0 0 1 0 0 1 0 0 0 1 1 0 1 0 0 1 1] 0.9091787703894162
[0 0 1 1 1 0 0 1 0 1 0 1 0 1 0 0 1 0 0 1 0 1 0 1 1 1 1 1 0 1 1] 0.8997687467177697
[0 0 1 1 1 0 0 1 0 1 0 1 1 1 0 0 1 0 0 1 0 1 1 1 1 1 1 0 0 1 1] 0.9094936218502332
[0 0 1 1 1 0 1 1 0 1 0 1 0 1 0 1 1 0 0 1 0 1 1 1 1 0 1 1 0 1 1] 0.8997687467177697
[0 0 1 1 1 0 0 1 0 1 0 1 0 1 0 0 1 0 0 1 0 1 1 1 1 0 1 0 0 1 1] 0.9071335879955404
[1 1 0 0 1 0 1 1 1 1 0 1 0 1 0 0 1 1 0 1 1 0 0 1 1 1 0 1 1 1 1] 0.24003414252471775
[0 0 1 1 1 0 0 1 0 1 0 1 0 1 0 0 1 0 0 1 0 1 1 1 1 1 1 0 0 1 1] 0.9094936218502332
[0 0 1 0 1 0 0 1 0 1 0 1 0 1 0 0 1 0 0 1 0 1 0 1 1 1 1 0 0 1 1] 0.9050700445592391
[0 0 1 0 1 0 0 1 0 1 0 1 0 1 0 0 1 0 0 1 0 1 1 1 1 0 1 0 0 1 1] 0.9091787703894162
[1 0 1 0 0 0 0 0 1 1 0 0 0 1 0 0 1 0 0 0 1 1 1 0 1 0 0 1 0 0 0] 0.16477399242930307
[0 1 0 0 0 0 1 1 0 1 0 1 0 1 1 0 0 0 0 0 0 1 0 1 1 0 0 0 0 1 1] 0.6953015332751603
[0 1 1 0 0 0 0 0 1 1 1 1 0 1 0 1 0 0 1 1 0 1 1 1 1 1 1 0 1 0 0] 0.8081942261147291
[1 0 1 1 1 0 0 1 0 1 0 0 1 0 0 1 0 1 1 0 1 1 0 0 1 0 1 1 1 0 0] 0.027672464334571035
[0 1 0 0 1 0 0 1 1 1 0 1 1 1 0 0 1 1 0 0 0 0 0 1 0 0 0 0 1 1 0] 0.865078262369383
[0 0 1 1 0 1 0 0 1 0 1 0 0 1 0 1 0 1 0 0 1 1 1 0 0 0 1 1 1 0 1] 0.852458378714797
[0 0 0 1 1 1 0 1 0 1 1 0 0 0 0 0 1 1 1 1 0 1 1 0 0 1 0 0 0 1 1] 0.8018037801757817
[0 0 1 1 1 1 0 1 0 0 0 1 1 0 1 0 0 1 0 0 1 1 1 0 0 0 0 1 0 0 0] 0.8407766421647582
[1 1 0 1 1 0 0 1 0 1 1 1 0 0 1 0 1 0 1 0 0 0 1 1 0 1 1 1 0 0 1] 0.16301749689262837
[0 1 0 1 0 1 1 1 0 0 1 1 1 0 0 1 0 1 0 0 1 0 1 1 0 0 0 0 1 1 1] 0.8814958649320852
[1 1 1 1 0 1 1 0 0 0 1 1 1 0 0 1 1 0 1 0 1 0 0 1 1 0 0 0 1 1 1] 0.14202037652794375
[1 0 0 0 1 1 0 1 0 1 1 1 1 0 0 1 1 1 1 0 0 1 0 1 1 0 0 0 0 0 0] 0.018585305499249742
[1 1 1 1 0 1 1 0 0 0 1 0 0 1 1 0 0 0 0 1 0 1 1 1 1 1 1 0 0 0 1] 0.3890435909560588
[1 0 0 0 1 1 1 0 0 1 0 1 0 1 1 0 1 0 0 0 1 0 1 1 0 0 0 1 1 1 1] 0.15748155302732508
[0 0 1 1 1 0 0 1 0 1 1 0 1 1 1 1 1 0 0 1 1 1 0 0 0 0 0 0 0 0 1] 0.8520566885585896
[0 0 0 1 1 0 0 1 0 1 1 1 1 0 1 1 0 1 1 1 0 1 1 0 1 1 0 0 1 0 0] 0.7927935272178858
[0 1 1 1 1 1 1 1 0 1 0 0 1 1 1 0 1 1 0 0 0 1 1 0 1 0 0 0 1 0 1] 0.8061756562628928
[0 0 1 1 0 1 0 1 1 1 1 0 0 1 0 0 1 0 1 0 1 0 0 1 1 0 1 0 0 1 1] 0.8109428183302893
[1 1 1 0 0 1 0 0 0 0 0 0 1 0 0 1 0 1 0 1 1 1 1 0 0 1 0 0 1 0 0] 0.1629523124850228
[0 0 1 1 1 1 0 1 0 1 0 0 0 0 1 1 1 0 0 1 1 0 1 1 1 1 0 1 1 0 0] 0.8560658051171018
[0 0 1 0 1 1 0 1 1 1 0 0 1 1 1 1 0 1 1 0 0 0 1 0 0 1 0 1 0 0 0] 0.8551327832394169
[0 0 1 0 0 1 1 0 0 0 1 1 1 1 1 0 1 0 0 1 0 1 0 0 1 0 1 0 1 1 0] 0.805354602112182
[0 0 0 1 1 1 1 0 0 0 0 1 1 1 0 1 0 1 0 1 0 1 0 1 1 1 0 1 0 1 0] 0.8883582089552239
[0 1 0 1 1 0 0 1 1 1 0 0 1 1 0 0 0 1 1 1 0 0 1 1 1 1 1 1 1 0 0] 0.8837955191267081
[1 0 1 1 0 1 0 0 1 1 1 1 1 1 1 0 1 0 0 0 0 0 1 0 1 0 1 0 1 0 0] 0.16477399242930307
[1 0 1 0 0 0 1 0 0 0 1 1 0 1 1 0 1 1 0 1 1 1 1 1 1 1 1 1 1 0 1] 0.2335347741472908
[1 0 1 0 1 0 0 1 1 1 1 1 1 1 0 1 0 0 1 1 1 0 1 0 1 1 0 1 1 0 1] 0.1039816671440848
[0 0 0 1 0 0 1 0 0 1 0 1 1 0 1 0 1 1 1 1 0 1 1 1 1 0 0 1 0 0 1] 0.8695446503751217
[1 1 0 1 1 1 1 1 1 1 1 0 1 1 1 1 1 0 1 0 1 0 1 0 0 1 0 1 0 1 0] 0.31804258498319016
[1 0 1 1 1 0 0 1 1 1 1 0 1 0 0 1 0 0 1 1 0 0 1 0 1 1 0 1 1 1 1] 0.018585305499249742
[1 1 0 1 0 0 0 0 1 1 0 1 1 1 0 1 1 0 0 0 1 1 0 1 1 1 0 1 0 1 1] 0.3294121978608642
[0 0 0 0 1 0 0 1 1 0 0 1 1 0 0 1 0 1 0 0 1 1 1 0 0 1 1 1 0 0 1] 0.7909166435890336
[0 1 1 0 0 0 0 0 1 0 0 1 1 0 1 1 0 0 0 0 0 1 0 0 1 0 1 0 1 0 1] 0.6538317401542653
[1 0 0 0 1 0 0 0 0 1 1 0 1 0 1 0 1 0 1 0 1 0 1 0 0 1 0 0 1 0 1] 0.018585305499249742
[0 0 0 1 0 0 1 0 1 0 0 0 1 1 1 0 1 0 1 1 0 0 1 1 0 1 0 0 1 1 0] 0.852109663620455
[0 0 1 1 1 1 0 0 0 1 0 1 1 0 1 1 0 1 0 0 1 1 0 0 1 1 0 0 1 0 1] 0.8932553794225785
[0 0 0 0 1 0 1 1 0 0 0 1 0 0 1 0 1 1 1 1 0 0 1 0 0 0 1 0 1 1 1] 0.7673959266494693
[1 1 0 1 1 1 1 1 1 0 1 1 0 0 0 1 0 0 1 0 0 1 0 0 1 0 0 0 0 1 0] 0.18388634430031586
[1 0 0 0 1 0 0 0 0 0 0 0 1 0 1 1 1 0 1 1 1 0 1 1 0 0 0 0 1 1 1] 0.018585305499249742
[0 0 1 0 0 1 1 1 1 0 1 1 1 0 1 1 0 1 1 0 0 1 1 0 0 0 0 1 1 0 1] 0.7754356513522216
[0 0 0 1 0 1 1 0 0 1 0 0 0 0 0 1 0 0 1 0 0 1 1 1 1 0 0 1 1 0 0] 0.8991985260248734
[1 0 1 0 1 1 1 1 1 0 1 1 1 1 1 1 0 0 0 0 0 0 1 0 1 1 0 1 1 1 0] 0.16477399242930307
[0 1 0 0 1 0 0 0 0 0 1 1 1 0 1 1 0 0 0 1 1 1 1 0 0 1 0 1 0 1 1] 0.6422638385693955
[0 0 0 0 1 1 0 0 1 1 0 1 1 0 0 1 0 1 1 1 0 1 1 1 1 1 1 0 0 1 0] 0.8750562031738819
[0 1 1 1 0 0 0 0 0 0 0 1 1 0 1 1 0 1 0 1 1 0 1 1 0 1 0 1 1 0 1] 0.8716186231836164
[1 1 0 0 1 1 1 0 1 0 1 1 1 1 0 1 1 0 1 1 1 0 0 0 0 1 0 1 0 0 1] 0.22697188406694957
[0 1 1 1 1 0 0 0 1 0 0 1 1 1 1 0 0 1 0 0 0 1 0 0 0 0 0 1 0 0 1] 0.684053004717266
[1 0 0 0 1 1 1 0 0 0 1 1 1 1 0 0 0 1 1 1 1 1 1 0 1 1 1 0 1 1 1] 0.17198485667928612
[1 0 0 1 1 0 0 1 0 1 1 0 1 1 1 1 1 1 0 1 0 1 1 0 1 1 1 0 0 1 1] 0.2591658891954662
[0 1 0 0 0 0 1 1 1 1 1 0 0 1 1 1 1 0 1 0 0 0 1 0 0 1 0 1 1 1 1] 0.7796386436762642
[0 0 0 1 1 1 0 0 1 0 1 1 0 1 1 0 1 0 1 0 1 0 1 1 0 1 1 0 0 0 1] 0.8200059475506675
[0 0 0 0 1 1 1 1 0 1 1 0 0 0 1 0 0 0 0 0 1 0 1 0 1 0 0 0 0 0 1] 0.832318177982298
[1 0 0 0 1 1 1 0 1 0 0 1 0 1 1 0 1 0 0 1 0 1 1 1 0 0 0 0 0 0 0] 0.21364929108902578
[1 0 1 1 1 0 0 1 0 1 1 0 1 1 0 0 0 1 0 1 0 0 0 1 1 0 0 1 0 1 0] 0.1039816671440848
[1 0 0 1 1 0 1 0 1 0 1 0 1 0 1 1 1 1 0 1 0 0 0 1 1 0 1 0 1 1 1] 0.018585305499249742
[0 0 1 1 1 1 0 0 0 1 0 0 1 0 0 1 1 1 1 0 1 0 0 0 1 1 1 0 1 0 0] 0.8025061291201309
[1 1 0 1 1 0 0 0 1 0 0 0 0 1 1 0 1 0 1 0 0 0 0 0 0 1 0 1 1 1 0] 0.312474767864352
[0 1 0 0 1 1 0 0 0 0 0 1 1 0 0 0 0 1 0 0 0 0 0 1 0 0 0 0 1 1 0] 0.863604065029019
[0 0 1 0 0 0 0 0 0 1 0 1 0 0 1 1 1 0 0 1 0 1 1 0 1 0 0 0 1 1 1] 0.8453449774946799
[1 0 1 0 0 1 1 0 0 1 0 0 1 0 1 1 1 0 0 1 0 1 0 1 1 1 0 0 1 0 1] 0.14140153878145142
[0 1 0 0 1 1 0 1 0 0 0 0 1 1 1 0 1 1 1 1 0 0 0 0 1 0 0 0 1 0 1] 0.8090009761792144
[1 0 1 0 0 1 0 0 0 1 0 1 1 1 1 0 0 0 1 1 1 1 1 1 0 1 0 1 1 1 0] 0.206886335259137
[0 0 1 0 1 1 0 0 0 1 0 0 0 1 1 0 1 1 1 0 0 1 1 1 0 1 0 0 1 0 0] 0.823843137254902
[1 0 1 1 0 1 0 0 1 1 1 1 0 0 0 1 0 0 1 1 1 1 0 0 1 1 0 1 0 1 1] 0.018585305499249742
[0 1 1 1 1 1 1 1 1 0 0 1 0 1 1 0 1 1 0 0 0 0 1 1 0 0 1 0 1 0 0] 0.8866988174547967
[0 0 1 0 0 0 0 1 1 0 0 0 0 0 0 1 1 1 0 0 1 0 1 0 1 1 1 0 1 1 1] 0.7321689311947568
[0 1 1 1 1 0 1 0 0 1 0 1 0 1 1 0 1 1 0 1 0 1 1 1 1 0 1 1 1 1 0] 0.8280364417015909
[1 0 1 0 0 1 0 1 1 1 1 0 0 1 0 1 1 0 1 1 1 1 1 0 0 1 0 0 0 1 0] 0.15748155302732508
[0 1 0 0 1 1 1 0 0 0 1 0 1 0 1 1 1 1 1 1 0 1 1 1 0 0 1 1 1 0 1] 0.6723689764724178
[0 1 1 1 0 0 0 0 1 1 1 1 0 1 0 1 0 1 0 1 0 0 1 1 0 0 0 0 1 0 0] 0.8635929196773331
[0 0 1 1 1 1 0 0 0 1 0 1 0 1 1 0 1 1 1 0 1 0 0 0 1 1 0 1 1 0 1] 0.8341559136587976
[1 1 1 0 0 1 0 0 1 0 0 0 1 0 0 1 1 1 1 1 1 1 0 0 0 0 1 1 1 1 1] 0.1629523124850228
[0 0 1 1 0 1 0 0 1 0 1 1 1 1 0 1 1 0 1 1 0 0 0 1 1 1 0 1 0 0 0] 0.8420597314248639
[0 0 0 1 1 0 0 1 0 0 0 1 1 0 0 0 1 1 1 0 1 1 0 1 1 0 1 1 1 1 0] 0.8661793969080055
[0 1 1 1 0 1 0 1 0 0 0 0 1 0 0 0 0 1 0 0 0 0 0 1 0 1 1 1 1 1 0] 0.8686931996239424
[0 0 1 0 0 1 1 1 0 1 1 1 1 1 0 0 1 1 1 1 1 0 0 1 1 1 1 1 1 0 0] 0.7943215170375304
[0 0 1 0 0 0 1 1 0 1 0 1 0 1 1 1 0 0 0 0 0 0 1 1 0 1 1 1 0 1 0] 0.8887987429301478
[0 0 0 0 0 0 1 0 1 1 1 0 1 1 0 0 0 1 1 1 0 0 1 1 1 0 0 1 1 0 1] 0.8261853728891649
[0 0 1 1 0 1 0 1 0 0 0 0 1 1 0 0 1 1 1 0 0 0 0 1 0 0 0 0 1 0 0] 0.8325752309067435
[0 0 0 0 0 0 0 0 0 0 1 0 1 0 1 1 0 1 0 0 1 0 0 0 1 0 1 1 1 0 1] 0.8137699241228294
[0 1 0 0 1 1 0 1 0 1 1 0 1 0 0 1 0 0 1 1 0 0 1 1 0 1 1 1 0 0 0] 0.8147839046199702
[0 0 0 0 0 0 1 0 1 0 1 0 1 1 1 1 1 0 0 0 0 1 1 1 1 1 1 0 1 0 1] 0.8934464547722527
[1 0 1 0 0 1 1 1 0 1 0 0 1 0 1 1 1 0 1 0 0 1 0 1 1 1 0 0 0 1 1] 0.14140153878145142
[0 1 0 0 0 1 1 0 0 1 1 1 0 1 1 1 1 0 0 0 0 1 1 0 0 1 0 0 0 0 1] 0.6490594845829567
[1 0 1 1 0 1 0 0 0 0 1 1 0 0 1 1 0 0 1 0 0 1 1 1 0 0 0 0 1 0 0] 0.14130261038497952
[0 0 0 0 1 0 1 0 1 1 0 1 1 0 0 0 0 0 1 0 1 1 0 1 1 1 0 0 1 1 0] 0.8587335127989888
[1 0 1 0 1 1 0 1 1 1 0 1 0 0 1 0 0 0 0 1 1 0 1 1 1 0 0 0 0 1 0] 0.018585305499249742
[0 0 1 1 1 1 0 1 0 0 1 1 1 0 1 0 1 1 0 1 0 0 1 1 0 0 1 1 0 0 0] 0.8778377052042488
[1 0 0 1 1 0 0 0 0 1 0 1 0 0 1 0 0 0 1 1 1 1 0 0 0 0 1 0 0 0 0] 0.14130261038497952
[0 1 1 0 0 0 1 1 0 1 1 0 1 1 0 0 0 1 1 1 1 1 1 1 0 0 0 0 1 0 0] 0.6894562429126619
[0 1 1 0 0 0 1 1 1 1 1 1 1 0 0 1 0 0 1 0 0 0 1 1 0 0 1 0 0 1 0] 0.8767674110540111
[0 1 0 0 1 0 1 0 1 1 0 0 1 1 0 0 0 0 0 1 0 1 0 0 0 0 1 0 0 0 1] 0.6651737979140891
[1 0 1 1 0 0 1 1 1 0 1 0 0 0 0 1 0 0 1 0 1 1 1 0 0 0 1 0 0 1 0] 0.018585305499249742
[0 1 1 1 0 0 0 0 1 0 0 0 0 0 0 0 0 1 0 1 0 0 1 0 1 0 0 0 1 0 1] 0.8848087942930651
[0 1 1 1 1 1 1 0 0 1 0 0 1 1 0 1 1 1 0 1 1 0 1 0 1 0 0 1 0 1 0] 0.8783433180810416
[1 1 0 1 1 0 0 0 0 0 1 0 0 1 0 1 1 1 1 0 1 0 0 0 1 1 0 0 0 0 1] 0.246471489636261
[0 0 1 1 1 0 1 0 1 0 1 0 1 1 0 1 1 0 1 1 0 1 0 0 1 0 0 0 0 0 1] 0.8677522127275419
[0 0 0 1 0 1 0 0 0 0 0 1 0 0 1 0 1 0 1 1 0 0 1 1 0 1 0 1 1 1 1] 0.8570931496919172
[0 0 0 0 0 0 1 1 0 1 0 1 1 0 1 1 1 0 1 1 0 0 0 1 1 0 0 0 1 0 1] 0.8479585008328164
[1 0 1 0 1 1 1 1 1 1 1 0 0 1 1 1 1 1 0 0 0 1 1 1 1 1 1 0 0 1 1] 0.246471489636261
[1 1 1 0 0 1 0 0 1 1 0 1 1 1 1 0 0 1 1 1 1 1 1 1 0 1 0 1 1 1 1] 0.373422426842704
[0 0 0 1 1 1 1 0 1 0 1 1 0 1 1 1 1 1 1 0 1 0 1 1 0 1 1 0 1 0 1] 0.8152529561860509
[0 1 1 1 0 1 1 1 1 1 1 1 0 1 1 1 1 0 1 1 1 1 1 0 0 1 0 1 1 1 1] 0.8169671555586324
[0 1 1 1 0 0 0 0 0 1 1 1 1 1 1 1 0 1 1 1 1 1 1 1 0 1 0 1 1 0 1] 0.7386636485757503
[0 1 1 0 0 0 1 1 1 1 1 1 0 1 1 1 0 1 0 0 0 1 0 1 1 0 1 0 1 1 1] 0.7972067263314204
[1 0 0 0 0 0 0 0 0 0 1 0 1 1 1 1 1 1 0 1 1 0 1 0 1 1 1 1 1 1 1] 0.16477399242930307
[0 1 1 1 1 1 0 1 0 1 0 1 1 1 0 1 0 1 1 1 1 1 1 1 1 1 1 1 1 1 0] 0.8745920569774197
[0 0 0 0 0 1 1 0 1 1 1 0 1 1 1 0 0 1 1 1 0 1 1 1 1 0 0 1 1 0 1] 0.8574170301172157
[0 0 1 1 1 1 1 0 0 0 0 1 1 0 1 1 0 1 0 0 0 1 0 0 1 0 0 0 1 0 0] 0.8747650873945543
[0 1 1 1 1 1 1 1 0 1 0 1 1 1 1 1 1 1 1 1 1 1 1 1 1 0 1 0 1 0 1] 0.8788286787920867
[1 0 1 1 1 0 0 0 1 1 0 1 0 0 1 0 0 0 1 1 1 1 0 0 0 0 1 0 0 0 0] 0.14130261038497952
[0 0 1 0 0 0 0 1 0 1 1 1 1 1 1 1 1 0 0 1 0 1 1 0 1 0 0 1 1 1 1] 0.8582682046415816
[1 1 1 0 1 1 1 1 1 0 1 1 1 1 0 1 1 1 1 1 1 0 0 1 1 1 1 1 0 0 1] 0.24003414252471775
[1 0 1 1 0 1 0 1 1 1 1 1 1 1 1 1 1 0 1 0 1 1 1 1 1 0 1 1 1 0 1] 0.246471489636261
[1 1 1 1 1 0 0 1 1 0 1 0 0 0 1 1 1 1 1 0 1 1 1 1 1 1 1 0 1 1 1] 0.23641242354781586
[1 1 1 1 0 1 1 1 0 1 1 1 1 1 0 1 1 1 1 1 1 1 1 1 1 1 1 1 1 0 1] 0.3294121978608642
[1 1 1 1 1 1 1 0 1 1 1 1 0 1 1 1 1 1 0 1 1 1 1 1 1 1 1 1 1 0 1] 0.39468644662617086
[1 1 1 1 0 0 1 0 1 0 0 1 1 0 0 1 1 1 1 1 1 0 1 1 1 1 1 0 1 1 1] 0.14206631177630102
[1 1 1 1 0 1 0 1 1 0 0 1 1 0 1 0 1 1 0 0 0 1 1 1 1 1 1 1 1 1 0] 0.2300865563712063
[1 0 1 0 0 1 1 1 0 1 1 1 1 1 1 1 1 0 1 0 0 1 0 1 1 1 0 1 0 1 1] 0.246471489636261
[0 1 1 1 1 1 0 1 0 1 0 0 1 1 0 1 1 1 1 1 1 0 1 0 1 1 1 1 1 0 0] 0.8805963827353975
[1 1 1 1 1 1 0 1 0 0 0 0 1 0 0 1 0 1 0 1 1 1 1 0 0 1 0 0 1 0 0] 0.1629523124850228
[1 1 0 1 1 1 1 1 1 0 0 1 1 0 1 0 1 1 1 1 1 1 1 1 0 0 1 0 1 1 1] 0.2300865563712063
[1 0 1 1 1 1 0 1 1 0 1 0 1 1 1 1 1 1 1 1 1 1 1 0 0 0 1 1 1 0 1] 0.22034392305450307
[1 1 1 0 0 1 1 0 1 0 0 0 1 0 1 1 1 1 1 1 1 1 0 0 0 1 1 1 1 1 1] 0.1907049801348979
[1 1 1 1 1 0 1 1 1 1 1 1 0 0 1 0 1 0 1 0 1 1 1 1 0 1 1 1 1 1 1] 0.20411589862273957
[0 1 1 1 0 1 1 1 0 1 1 1 1 0 1 1 1 1 1 0 1 1 1 1 0 1 0 0 1 1 1] 0.7897245334841264
[0 0 1 1 1 1 1 1 1 0 0 1 0 1 1 0 1 0 1 1 1 1 1 1 0 1 1 1 1 1 1] 0.8648169361061717
[1 0 0 1 1 1 1 0 1 1 1 0 1 1 1 1 1 1 1 1 1 1 1 0 1 1 0 0 1 1 1] 0.2591658891954662
[0 1 1 1 1 1 1 1 1 0 1 1 1 0 1 1 0 1 1 0 0 1 1 1 0 0 1 1 1 0 1] 0.838796220692873
[0 1 1 1 1 1 1 1 0 1 1 1 1 1 1 1 1 1 1 1 1 0 1 1 1 0 1 1 1 1 0] 0.8822919257865119
[0 1 1 0 0 1 0 1 1 0 0 1 1 0 1 1 0 1 1 1 1 1 1 0 1 0 1 0 1 1 1] 0.7598948429398257
[1 0 1 1 0 1 1 1 1 1 1 0 0 1 0 1 1 0 1 0 1 1 1 0 1 0 1 0 0 1 1] 0.16477399242930307
[0 1 1 1 1 0 1 1 1 1 1 0 1 1 1 1 1 1 1 1 1 1 1 1 1 1 0 1 0 0 1] 0.8439920507973439
[0 1 0 0 1 1 1 1 1 1 1 1 1 1 0 1 1 1 0 1 0 1 0 0 0 0 1 0 1 0 1] 0.7894429354789115
[1 1 1 1 1 1 1 1 1 1 1 0 1 1 1 1 1 0 1 0 1 0 1 0 0 1 1 1 1 1 1] 0.31804258498319016
[1 1 1 1 1 1 0 1 0 0 1 1 0 1 1 1 1 1 1 0 1 0 0 1 1 1 0 0 1 1 1] 0.3189938968004439
[1 0 1 1 1 1 0 1 0 1 1 1 1 1 1 1 1 1 1 1 0 1 1 0 1 1 0 0 1 1 0] 0.2528482690326388
[1 0 0 1 1 1 0 1 1 1 1 1 1 0 1 1 1 1 1 1 0 1 1 0 1 1 0 0 1 0 1] 0.14206631177630102
[0 1 1 1 0 0 0 0 1 0 0 1 1 0 1 1 0 1 1 1 1 0 1 1 1 1 0 1 1 1 1] 0.8995558010541095
[0 0 1 1 1 1 0 1 0 0 0 1 1 0 1 0 0 1 0 1 1 1 1 0 0 0 0 1 0 0 0] 0.8194536576607132
[0 1 1 1 1 1 1 1 1 1 0 0 1 1 1 0 1 1 0 0 0 1 1 1 1 0 0 0 1 0 1] 0.884783710752373
[0 0 0 1 1 0 1 1 0 0 0 1 1 0 0 0 1 1 1 0 1 1 0 1 1 0 1 1 1 1 0] 0.867778027152087
[0 1 0 0 1 1 1 0 0 1 1 1 0 1 1 1 1 0 1 1 0 1 1 1 1 1 0 1 1 0 1] 0.8157850446008693
[0 0 0 1 1 1 1 0 0 1 0 1 0 0 0 1 0 0 1 0 0 1 1 1 1 0 0 1 1 0 0] 0.8868553268057859
[1 1 1 1 1 1 1 0 1 0 1 1 1 0 1 1 1 1 1 1 1 1 1 1 1 0 1 1 1 0 1] 0.23641242354781586
[1 1 1 1 1 0 1 1 1 1 0 0 1 1 1 1 1 1 1 1 0 1 1 1 1 1 1 1 1 0 1] 0.4040809672132554
[0 1 1 1 1 1 1 1 0 1 0 0 1 1 0 1 1 1 1 1 1 0 1 0 1 1 1 1 1 1 1] 0.8726246847557123
[0 0 0 1 1 1 1 0 0 1 0 1 1 0 1 0 1 1 1 1 0 1 1 1 1 0 0 1 0 0 1] 0.8835564536499115
[0 1 0 1 1 1 1 1 1 1 1 0 0 0 1 1 1 1 1 0 1 1 1 0 0 1 0 0 0 1 1] 0.7028481428008926
[0 1 1 1 1 1 1 1 0 1 0 1 1 1 1 1 1 1 1 1 1 1 1 1 1 0 1 1 1 0 1] 0.8848996635256178
[1 0 1 0 1 0 1 1 1 1 0 1 1 1 1 1 1 0 0 0 1 0 1 1 0 1 1 1 0 1 0] 0.15748155302732508
[1 1 1 1 1 0 0 0 1 0 0 0 0 1 1 0 1 1 1 0 0 0 0 0 1 1 0 1 1 1 0] 0.3243407651824475
[0 1 0 0 1 1 0 0 0 0 1 1 1 0 1 1 0 0 0 1 1 1 1 1 0 1 0 1 1 1 1] 0.729002931305493
[0 0 1 1 1 1 0 1 1 1 0 0 1 1 1 1 0 1 1 0 0 0 1 0 0 1 0 1 0 0 0] 0.8656915084628091
[0 0 1 0 0 1 1 1 0 1 1 1 1 1 1 1 1 1 1 1 0 1 1 1 1 1 1 1 1 0 1] 0.8757556482201333
[0 1 1 0 0 0 1 1 1 1 1 1 1 1 1 1 0 1 0 0 0 1 0 1 1 0 1 0 1 1 1] 0.7984444845350491
[0 1 0 0 0 0 0 1 1 0 1 0 1 0 1 1 1 1 1 0 1 0 0 0 1 0 1 1 1 0 1] 0.805870823647386
[0 1 1 1 1 1 1 1 1 1 0 1 1 1 1 0 1 1 0 0 0 0 1 1 0 1 1 0 1 0 1] 0.8988038994261481
[0 1 0 0 1 1 0 0 1 1 0 1 1 0 0 1 0 1 1 1 0 1 1 1 1 1 1 0 0 1 0] 0.7909063229473258
[0 1 1 1 1 1 0 1 0 1 0 0 0 1 1 1 1 1 0 1 1 0 1 1 1 1 1 1 1 0 0] 0.8879360167042637
[0 1 0 1 1 1 1 0 1 1 1 1 1 1 1 1 1 1 1 1 1 1 1 1 1 0 0 1 1 0 1] 0.8726524991274983
[1 1 1 1 1 1 1 1 1 1 0 0 1 1 0 1 1 1 1 1 1 1 1 0 1 1 1 1 1 1 1] 0.33503011249920034
[0 1 1 1 1 0 1 1 1 1 0 0 1 1 0 0 0 1 1 1 0 0 1 0 1 1 0 1 1 0 1] 0.8856628056628056
[0 0 0 0 0 0 1 1 1 1 1 1 1 1 0 0 1 1 1 1 0 0 1 1 1 0 0 1 1 0 1] 0.7913931817470338
[0 1 0 1 1 1 1 0 0 1 0 1 0 0 1 1 0 1 1 1 1 1 1 1 1 0 0 1 1 0 1] 0.8556088262200232
[0 0 1 1 0 0 1 0 0 1 0 1 1 0 1 0 1 1 1 1 0 1 1 1 1 0 0 1 0 0 1] 0.8808135593220339
[0 0 0 1 1 1 1 1 0 1 0 1 1 0 1 1 1 1 1 1 0 1 1 1 1 0 0 1 0 0 1] 0.8759788779626113
[0 0 1 1 1 1 0 1 1 0 0 1 1 0 1 1 1 1 0 0 0 1 1 1 1 1 1 1 1 0 1] 0.8973951598004803
[0 1 1 1 1 1 1 0 0 1 0 1 1 1 1 1 1 1 0 0 0 1 0 0 1 0 0 0 1 1 0] 0.7602809666738868
[0 1 1 1 0 1 1 1 1 1 1 1 1 1 1 1 1 1 1 1 1 1 1 1 1 1 0 1 1 1 1] 0.8664180449986242
[0 1 0 0 1 1 1 1 1 1 1 0 1 0 1 0 0 1 1 1 1 0 1 0 1 1 0 0 0 1 1] 0.8124877341827569
[0 0 1 1 1 1 0 1 0 1 0 1 1 0 1 1 1 1 1 1 1 1 1 0 1 1 0 1 1 0 1] 0.8787611662384802
[1 1 1 1 1 1 1 0 0 1 0 1 1 1 1 1 0 1 0 1 0 1 1 1 1 1 0 1 0 1 0] 0.3997108035529849
[0 1 1 1 1 0 1 0 1 0 0 1 1 1 1 1 0 1 1 1 1 0 1 1 1 1 0 1 1 1 1] 0.9020022236719992
[0 0 1 1 0 1 0 0 1 1 1 1 1 1 1 1 1 1 1 1 0 1 1 1 1 0 0 1 1 0 1] 0.8771731288812188
[0 0 1 1 1 1 1 0 0 0 0 1 1 0 1 1 0 1 0 0 0 1 0 0 1 0 0 1 1 0 1] 0.8881933479583234
[0 1 1 1 1 1 1 1 1 0 1 0 1 1 0 1 1 1 1 1 1 1 0 1 1 1 0 0 1 1 1] 0.8606380011732913
[0 1 1 1 1 1 1 1 0 1 0 1 1 1 1 1 1 1 1 1 0 0 1 1 1 1 0 1 1 0 1] 0.8941846731049816
[0 1 1 1 1 1 1 0 0 1 0 0 1 1 0 1 1 1 1 1 1 0 1 0 1 1 0 1 0 1 0] 0.8724195409667905
[0 0 1 1 1 1 0 1 0 0 0 0 1 1 0 0 1 1 1 0 0 1 0 1 0 0 0 0 1 0 0] 0.8796827833687314
[0 0 1 0 1 1 0 0 1 1 0 1 1 0 0 1 0 1 1 1 1 1 1 1 1 1 1 0 0 1 1] 0.8758919614634793
[1 1 1 1 0 1 1 1 1 1 1 0 1 1 0 1 0 1 1 1 0 1 1 1 1 0 0 1 1 1 1] 0.33503011249920034
[0 1 1 1 1 1 1 0 0 1 1 1 0 1 1 1 1 1 1 1 0 1 1 1 1 1 0 1 1 0 1] 0.8421419849991278
[0 1 1 1 1 1 0 1 1 1 1 1 1 1 1 1 1 1 0 1 1 1 1 0 0 1 0 1 0 0 0] 0.7318331661172424
[0 1 1 1 0 1 1 1 0 0 1 1 1 1 0 1 1 1 0 0 1 0 1 1 0 0 0 0 1 1 1] 0.8759693957216468
[0 0 1 1 1 1 1 0 0 1 0 1 1 1 1 1 1 1 1 1 0 1 1 1 1 1 0 1 0 0 1] 0.8922640407243595
[1 1 0 1 1 1 1 1 1 1 1 1 1 0 0 0 0 1 1 1 1 1 0 1 1 1 1 1 1 1 0] 0.1907049801348979
[1 1 1 1 1 1 1 0 0 1 1 1 1 1 1 1 1 1 1 1 1 1 1 1 1 0 1 1 1 1 1] 0.39468644662617086
[0 0 1 1 1 1 1 0 1 1 0 1 1 1 1 1 1 1 1 1 0 1 1 1 1 1 0 1 0 0 1] 0.89194988064609
[0 1 1 1 1 1 1 1 0 1 0 0 1 1 1 1 1 1 0 1 1 0 1 1 1 1 1 1 1 0 0] 0.8754020205077755
[0 1 0 1 1 1 1 0 1 1 1 1 1 1 1 1 1 1 1 1 1 1 1 1 1 1 0 1 1 0 1] 0.8736843097160841
[0 1 0 1 1 1 1 0 0 0 0 1 1 0 0 1 0 1 0 0 0 0 1 1 0 0 0 0 1 1 1] 0.90019057790217
[0 1 1 1 1 1 1 1 1 1 0 1 1 1 1 1 1 1 0 1 0 0 1 1 0 1 1 0 1 0 1] 0.8923242570926019
[1 1 1 1 1 1 1 1 1 1 1 1 1 1 1 1 1 1 1 1 1 1 1 1 1 0 1 1 1 1 1] 0.39468644662617086
[0 0 1 1 1 1 1 1 0 0 1 1 1 0 1 0 1 1 0 1 0 0 1 1 0 0 1 1 0 0 1] 0.8633129447010361
[0 1 0 1 1 1 1 0 0 1 0 1 0 0 1 1 1 1 1 1 1 1 1 1 1 0 0 1 1 0 1] 0.856683524801554
[0 0 1 1 1 1 1 0 0 1 0 1 1 1 1 1 1 1 1 1 0 1 1 1 1 1 0 1 1 0 1] 0.8951121435214963
[1 0 0 1 1 0 1 1 0 0 1 1 1 0 1 0 1 1 1 0 1 1 1 1 1 0 1 1 1 1 0] 0.1421574960361736
[0 1 1 1 0 0 0 1 1 1 1 1 1 0 1 1 1 1 1 1 1 1 1 1 1 1 1 1 1 1 1] 0.8436414715071081
[0 0 0 1 0 1 1 0 1 1 0 0 1 1 1 1 1 0 0 0 0 1 1 1 1 1 1 1 1 0 1] 0.9111054508405501
[0 0 1 1 1 1 1 0 0 1 0 1 1 0 1 0 1 1 0 1 0 1 1 1 1 0 0 1 0 0 1] 0.900404263138552
[0 0 0 1 1 1 1 0 0 0 0 1 1 1 1 1 1 1 0 1 0 1 1 1 1 1 0 1 1 0 1] 0.8991985260248734
[0 0 1 1 1 1 1 0 0 1 1 1 1 1 1 1 1 1 0 1 0 1 1 1 1 1 0 1 1 0 1] 0.8879360167042637
[1 1 0 1 0 1 1 1 1 1 1 1 1 0 0 1 1 1 1 1 1 0 1 1 1 0 1 0 1 1 1] 0.14206631177630102
[0 0 1 1 1 1 1 0 0 1 0 1 1 1 1 1 1 1 0 1 1 1 1 1 1 1 0 1 1 0 1] 0.9029054023041263
[0 0 1 1 1 1 1 0 0 1 0 1 1 1 1 1 1 1 0 1 0 1 1 1 1 1 0 1 1 0 1] 0.9001251656604329
[0 0 1 1 1 1 1 0 0 1 0 1 1 1 0 1 1 1 1 1 1 1 1 1 1 1 0 1 1 1 0] 0.8836310417292105
[0 1 1 1 1 1 1 1 0 1 0 1 1 1 1 1 1 1 1 1 0 0 1 1 1 1 1 1 1 1 1] 0.8960377960327109
[0 1 1 1 1 1 1 1 1 1 1 1 1 1 1 0 1 1 1 1 0 0 1 1 0 1 1 1 1 1 1] 0.8848087942930651
[0 0 1 1 1 1 1 0 0 1 0 1 1 0 1 1 0 1 0 0 0 1 1 1 1 1 0 1 1 0 1] 0.9130523481170182
[0 0 1 1 1 1 0 0 0 1 0 1 1 0 1 1 0 1 0 1 1 1 1 1 1 1 0 1 1 0 1] 0.900638976166051
[0 1 1 1 1 1 1 0 0 1 0 1 1 1 1 1 1 1 1 1 1 1 1 1 1 1 0 1 1 0 1] 0.8726524991274983
[0 1 1 1 1 0 0 1 1 1 0 1 0 0 1 0 1 1 0 1 0 0 1 0 1 1 1 0 1 0 1] 0.8879360167042637
[0 1 1 1 1 1 1 1 0 1 0 1 1 1 1 1 1 1 0 1 0 0 1 1 1 1 0 1 1 0 1] 0.8982700748773561
[0 1 1 1 1 1 1 0 0 1 0 1 1 1 0 1 1 1 1 0 0 1 1 1 1 1 0 0 1 1 1] 0.8947647919908752
[0 0 1 1 1 1 1 0 1 1 0 1 1 1 1 1 1 1 0 0 0 1 1 1 1 1 1 1 1 0 1] 0.9006033106152296
[0 0 1 1 1 1 1 0 0 1 0 1 1 0 1 1 1 1 0 1 0 1 1 1 1 1 0 1 1 0 1] 0.904897184290583
[0 0 1 1 1 1 1 0 0 1 0 1 1 0 1 1 0 1 0 1 0 1 1 1 1 1 0 1 1 0 1] 0.9030072741106746
[0 0 1 1 1 1 1 0 0 1 0 1 1 1 1 1 1 1 0 0 0 1 1 1 1 1 0 1 1 0 1] 0.9069840733348253
[0 0 0 1 0 1 1 0 0 1 0 0 1 1 1 1 1 0 0 0 0 1 1 1 1 1 1 1 1 0 1] 0.9055071297253295
[0 0 0 1 1 1 1 0 0 1 0 1 1 1 1 1 1 1 0 0 0 1 1 1 1 1 0 1 1 0 1] 0.9082982972940931
[0 0 0 1 0 1 1 0 0 1 0 0 1 1 1 1 1 0 0 0 0 1 1 1 1 1 0 1 1 0 1] 0.9139963676384667
[0 0 0 1 0 1 1 0 1 1 0 0 1 1 1 1 1 0 0 1 0 1 1 1 1 1 1 1 1 0 1] 0.8997223335037091
[0 0 1 1 1 1 1 0 0 1 0 1 1 0 1 1 1 1 0 0 0 1 1 1 1 1 0 1 1 0 1] 0.9077183427526218
[0 0 0 1 1 1 1 0 0 1 0 1 1 0 1 1 0 1 0 0 0 1 1 1 1 1 0 1 1 0 1] 0.9077183427526218
[0 0 0 1 1 1 1 0 0 0 1 1 1 0 1 0 0 0 1 1 1 1 0 0 0 1 1 0 0 1 1] 0.814630334501273
[0 1 0 0 1 0 1 0 0 1 0 0 1 0 1 0 0 1 0 0 1 0 0 1 0 0 1 1 0 0 1] 0.8077269182314476
[1 1 0 1 1 0 0 0 0 0 1 0 0 0 0 0 1 0 0 1 1 0 0 1 0 0 1 0 0 0 0] 0.14145061916671747
[0 1 1 1 0 0 1 1 0 0 1 0 0 1 1 0 0 1 0 0 1 1 1 1 0 0 1 1 0 0 0] 0.6866872997298745
[0 1 1 1 1 1 0 1 0 1 1 0 1 1 1 1 1 0 0 1 0 1 0 1 1 1 0 0 0 0 0] 0.7331540953066452
[1 1 0 0 1 1 1 0 0 0 0 0 1 1 0 1 1 1 0 0 1 0 1 0 1 0 1 1 0 0 1] 0.246471489636261
[1 1 0 0 1 1 0 1 1 1 0 0 1 0 1 0 0 0 0 1 1 0 0 1 1 0 0 1 0 0 0] 0.1770654902972992
[0 1 1 1 1 0 1 0 1 0 0 1 0 0 0 1 1 0 0 1 1 1 1 1 0 0 0 0 0 1 0] 0.8628621397612349
[0 0 0 1 1 0 0 0 1 0 0 1 1 0 0 1 1 0 0 1 0 1 1 0 0 0 1 0 0 1 1] 0.8526668319310168
[0 1 0 0 0 0 1 1 1 1 0 0 1 0 0 0 1 1 0 0 1 1 0 0 1 1 1 0 0 1 0] 0.6753995168118447
[0 0 1 0 0 0 1 0 0 0 1 1 0 0 0 0 0 0 0 0 1 1 0 0 0 1 0 0 1 0 0] 0.7368107302533531
[1 1 1 1 1 1 0 1 1 0 1 0 0 0 1 1 0 0 1 0 1 0 0 0 0 1 0 0 0 0 1] 0.16301749689262837
[1 1 1 1 0 0 0 1 0 1 0 1 0 1 1 1 1 1 0 0 0 1 0 0 1 0 1 0 1 1 1] 0.3890435909560588
[1 0 0 1 1 1 0 0 0 0 1 0 1 1 1 1 0 1 1 1 1 1 1 1 1 1 0 0 1 1 1] 0.2591658891954662
[1 0 0 1 0 0 0 0 1 0 0 0 1 0 1 1 0 1 0 0 1 0 0 0 1 1 1 0 0 0 0] 0.018585305499249742
[1 0 1 1 0 0 1 1 1 0 1 0 0 1 0 0 0 0 0 1 0 1 1 1 1 0 1 1 0 1 1] 0.16477399242930307
[1 0 1 0 1 1 1 0 0 1 1 0 0 0 0 0 0 1 1 1 0 0 0 0 1 1 0 1 0 1 0] 0.018585305499249742
[1 0 1 0 0 1 1 0 1 1 1 0 0 1 0 0 0 0 0 1 1 1 0 0 0 0 0 0 1 0 0] 0.15748155302732508
[0 0 0 1 0 1 0 1 1 1 0 0 0 0 1 0 0 0 1 0 1 0 1 0 1 0 0 0 0 1 0] 0.8325752309067435
[0 1 0 0 1 0 0 1 1 1 1 0 1 0 1 0 0 0 1 1 0 0 0 0 1 0 0 1 0 0 1] 0.7661885214078281
[0 1 1 0 1 1 1 0 0 0 1 1 0 1 1 1 0 1 1 1 0 0 0 0 0 0 1 1 0 1 0] 0.6513383507100278
[1 1 1 1 0 0 1 0 1 0 0 0 0 1 1 0 0 1 1 0 1 0 0 0 0 0 0 1 1 1 1] 0.306667927740471
[1 0 0 1 1 1 0 1 0 0 1 0 1 0 1 0 1 0 1 0 1 0 0 1 0 0 0 1 1 0 1] 0.018585305499249742
[1 1 0 0 1 0 0 0 1 1 0 0 0 0 0 1 1 0 0 0 0 1 0 0 0 1 1 0 1 1 0] 0.1629523124850228
[1 0 1 0 1 0 0 0 1 0 0 0 0 1 1 0 0 0 1 1 0 1 0 1 0 1 0 1 1 0 1] 0.21364929108902578
[1 0 1 0 0 1 0 0 1 1 0 1 0 1 1 1 0 0 1 0 1 1 1 0 0 1 1 1 1 1 1] 0.19314856257531418
[0 1 0 0 0 1 1 1 1 1 1 0 0 0 1 1 1 1 1 0 1 0 1 0 0 1 1 1 0 1 0] 0.661460492973969
[0 0 1 1 0 1 0 1 1 1 1 1 1 0 1 1 1 1 1 0 0 0 0 0 0 0 1 0 1 0 0] 0.7678432006030746
[0 1 0 1 0 1 0 1 0 1 0 1 1 1 1 1 1 1 1 1 1 0 1 0 0 0 0 0 0 1 0] 0.7260560662314295
[0 1 1 0 1 0 1 0 0 0 0 1 0 1 1 0 0 1 1 1 0 1 0 1 1 0 1 1 0 1 1] 0.7534298720870205
[1 1 1 0 0 1 1 0 1 1 1 1 1 0 1 1 0 0 0 1 0 1 0 0 0 1 1 1 1 1 0] 0.19744749041378123
[1 0 0 0 1 0 1 1 1 1 0 0 1 0 1 1 0 0 1 0 0 1 0 1 1 1 1 1 1 0 0] 0.14188117749454532
[0 1 0 1 0 0 1 0 0 1 1 0 0 1 0 1 0 1 1 0 0 1 0 0 1 0 0 0 0 0 0] 0.6370651732442466
[1 1 0 1 1 1 0 0 0 1 0 1 1 0 0 1 0 0 0 1 0 0 1 1 0 1 0 1 1 1 0] 0.14145061916671747
[1 1 1 1 1 1 0 1 0 0 1 0 0 0 1 0 1 1 1 0 0 1 0 0 0 1 1 0 0 1 0] 0.23641242354781586
[0 1 0 1 0 0 1 1 1 0 0 1 0 0 0 1 1 0 1 1 1 0 1 0 1 1 1 1 0 1 1] 0.8529084594272947
[1 0 1 0 0 1 0 1 1 1 0 0 0 0 1 0 0 0 1 1 0 0 1 0 0 1 1 0 0 0 1] 0.018585305499249742
[0 0 0 1 1 1 1 0 1 0 1 1 0 0 1 0 0 1 0 0 1 0 0 0 1 1 0 0 0 1 1] 0.8116182572614108
[1 0 0 1 1 1 1 0 0 1 0 1 1 1 0 1 1 0 0 1 0 1 0 0 1 1 1 0 0 1 1] 0.17198485667928612
[0 0 1 1 1 1 0 1 0 1 0 0 0 1 0 1 0 1 1 1 1 0 0 1 0 1 0 1 1 0 1] 0.803265306122449
[1 0 0 1 1 0 1 1 1 1 1 1 0 1 1 0 0 1 0 0 1 1 0 0 0 1 1 1 0 1 0] 0.21364929108902578
[1 0 0 1 0 0 0 0 0 0 1 1 0 1 0 0 0 0 0 1 0 1 0 0 1 1 0 0 1 1 0] 0.16477399242930307
[0 0 1 1 0 0 0 1 1 1 1 1 1 0 1 1 0 1 1 1 1 1 1 0 1 0 1 1 1 0 0] 0.8451686650290634
[1 0 0 1 1 0 0 1 1 0 0 0 0 0 0 0 0 1 1 1 0 1 1 0 0 0 1 0 1 1 1] 0.018585305499249742
[1 1 1 0 0 0 0 1 0 1 1 0 1 1 1 0 1 0 0 1 1 1 0 0 1 0 0 1 0 1 1] 0.3987953058469208
[0 1 0 1 0 0 1 1 1 0 1 0 1 1 0 0 0 0 0 0 0 1 0 1 1 0 1 0 1 0 1] 0.8788125978641014
[1 1 1 0 0 1 1 0 1 1 0 0 0 0 0 0 1 0 1 1 0 0 1 1 0 1 0 0 1 1 1] 0.14145061916671747
[1 0 0 0 1 0 1 1 1 0 0 0 0 1 1 1 1 1 1 0 1 1 1 0 0 0 1 0 0 0 0] 0.21364929108902578
[1 0 1 0 0 0 1 0 1 0 0 0 0 1 1 0 0 0 0 1 1 0 1 1 1 0 0 1 0 0 0] 0.16477399242930307
[0 1 1 1 0 1 0 0 0 1 1 1 0 0 0 0 1 1 1 1 0 0 0 1 0 0 1 0 1 1 1] 0.8583516636904904
[0 0 1 1 1 1 0 0 0 1 0 0 1 0 1 0 1 0 0 1 0 0 0 1 1 0 1 0 0 1 1] 0.8761942581063
[0 1 0 1 1 1 1 1 1 1 0 1 1 0 1 0 1 0 0 0 0 1 1 0 0 0 1 1 0 1 0] 0.7355555555555555
[1 0 0 1 0 0 0 0 1 0 0 1 1 1 0 0 0 0 1 1 0 1 0 1 0 1 0 0 0 1 0] 0.15748155302732508
[0 1 0 0 1 0 0 0 0 0 1 0 0 0 0 1 0 0 1 0 0 1 1 1 0 0 0 1 0 1 1] 0.6606646808795474
[1 1 1 1 1 0 1 1 0 0 0 1 1 1 1 0 0 1 0 1 1 0 1 1 0 0 0 0 0 0 0] 0.31228892087413807
[1 0 1 0 1 1 0 0 1 1 1 1 1 0 1 1 0 0 1 1 0 0 1 1 1 0 0 1 0 0 0] 0.018585305499249742
[1 0 0 1 1 0 1 1 1 0 0 0 0 1 0 1 0 1 1 0 0 0 1 1 0 0 1 0 1 1 1] 0.07956680296165321
[0 0 1 1 0 0 0 0 0 0 1 0 0 1 0 1 0 1 1 0 1 0 1 0 1 0 1 0 0 0 0] 0.8553730007017205
[1 1 0 0 1 1 1 0 1 1 0 0 0 1 1 1 1 1 0 1 0 1 1 0 0 1 0 1 1 0 0] 0.373422426842704
[0 1 0 1 1 0 1 0 1 1 1 0 1 0 0 1 1 0 0 1 1 0 0 0 1 0 0 1 1 1 1] 0.8478295933878481
[1 0 0 0 1 1 0 1 1 0 0 0 0 1 0 0 0 0 0 0 1 0 1 1 0 1 1 1 0 1 0] 0.07956680296165321
[1 0 1 1 0 1 0 0 0 1 0 0 0 0 1 0 1 1 1 1 1 0 0 0 0 0 1 1 0 1 0] 0.018585305499249742
[1 0 0 1 0 0 0 1 1 0 1 1 1 1 1 1 1 0 0 1 1 1 0 0 1 1 0 1 1 1 1] 0.246471489636261
[0 1 1 0 1 1 1 0 0 0 0 0 0 1 1 0 1 0 1 1 1 0 0 1 0 0 1 1 0 0 0] 0.8359272527945811
[0 1 0 1 1 0 0 1 0 1 1 0 0 0 0 1 0 1 1 0 1 1 0 1 1 0 1 1 0 1 1] 0.8526484812938089
[1 0 0 1 0 1 1 0 0 1 1 1 1 0 0 0 1 1 1 1 1 1 0 0 0 0 1 1 1 0 0] 0.018585305499249742
[0 1 0 0 0 0 1 0 0 1 1 0 1 0 1 0 1 0 1 0 0 0 0 0 1 0 1 0 1 1 0] 0.6486251629321581
[1 0 1 1 0 1 1 1 0 0 0 1 1 0 1 1 0 1 1 1 0 0 1 0 1 0 1 1 1 0 1] 0.018585305499249742
[1 0 1 1 1 1 0 0 1 1 1 1 0 1 1 1 0 0 0 1 0 1 0 1 1 1 0 0 0 0 0] 0.246471489636261
[0 1 1 1 1 0 1 1 1 1 0 1 0 0 0 0 1 1 1 0 1 1 0 1 0 0 0 0 1 1 0] 0.8646410289438156
[0 1 0 0 1 0 1 1 0 0 1 1 0 1 0 1 0 0 1 1 1 0 1 0 0 0 1 0 0 0 1] 0.8361814617532325
[1 1 1 0 1 1 0 0 0 1 1 0 0 1 1 0 0 1 0 0 0 1 0 1 0 0 1 0 0 0 1] 0.373422426842704
[0 0 0 0 0 0 0 0 0 1 1 1 1 1 0 0 1 1 1 0 0 0 0 1 1 0 1 1 0 0 0] 0.8446186218296146
[1 0 1 1 1 1 0 1 0 0 1 1 1 0 1 1 1 1 1 0 0 0 0 1 1 0 0 0 1 1 1] 0.018585305499249742
[1 0 0 0 1 1 1 1 0 0 0 0 0 1 1 1 0 1 1 1 0 1 0 0 0 0 0 0 1 0 0] 0.21364929108902578
[0 1 1 0 1 1 1 0 1 1 0 1 0 0 1 1 1 0 1 1 0 1 0 0 1 1 1 0 0 0 0] 0.6825521620804355
[1 0 0 0 1 0 0 0 1 1 0 1 1 0 1 1 0 1 1 1 0 1 1 1 1 0 1 1 0 0 1] 0.1421574960361736
[1 0 0 1 1 0 0 1 0 1 0 1 0 1 1 1 1 0 0 0 0 1 0 0 1 0 1 1 0 0 1] 0.246471489636261
[1 1 1 0 0 1 0 0 1 0 0 1 1 0 1 1 1 0 0 1 1 0 1 1 0 1 0 1 1 0 0] 0.16301749689262837
[1 0 1 1 0 1 1 0 1 0 0 0 0 1 1 0 0 1 0 0 0 1 1 0 1 0 1 1 1 1 0] 0.24003414252471775
[1 1 1 1 0 0 1 0 1 1 0 0 1 1 1 0 1 0 0 0 0 0 0 0 1 0 0 0 0 1 1] 0.3243407651824475
[1 0 1 1 0 0 0 0 0 1 0 1 0 1 1 1 1 0 0 1 1 1 1 1 1 1 1 0 1 0 0] 0.2335347741472908
[1 1 0 1 1 1 1 1 1 1 0 1 0 0 1 0 1 0 0 1 1 1 1 1 1 1 1 0 0 1 0] 0.2365411920271398
[1 0 0 1 1 0 0 1 1 0 1 1 0 1 1 0 0 0 1 1 1 1 1 0 1 1 0 1 1 1 1] 0.246471489636261
[0 1 0 1 1 1 0 1 1 1 0 1 1 1 0 1 0 1 0 0 1 0 0 1 0 1 0 1 1 0 0] 0.8644886690440584
[1 0 1 1 1 0 0 1 1 1 1 0 0 1 1 1 1 0 0 1 0 1 1 1 0 1 1 1 0 0 0] 0.21364929108902578
[1 1 1 1 0 0 1 0 1 1 0 1 1 1 1 1 1 0 1 1 0 0 0 0 1 0 1 1 1 1 1] 0.3245361469611532
[1 0 0 0 1 1 1 1 1 1 0 0 0 1 0 1 0 0 1 1 0 0 1 0 1 1 0 0 1 0 1] 0.09594833921665483
[0 1 0 1 1 1 0 1 1 1 1 0 0 0 0 1 1 0 0 0 0 0 1 1 0 0 0 0 1 1 1] 0.8859665127506983
[1 0 1 1 1 0 0 0 0 0 0 0 0 0 1 0 0 1 0 1 0 0 0 0 1 0 0 1 1 0 0] 0.018585305499249742
[0 0 1 1 0 0 0 1 0 1 1 0 0 0 0 0 0 0 1 0 1 1 0 1 0 0 0 0 1 0 1] 0.8832894607187601
[1 1 1 0 0 1 0 1 1 0 1 1 0 1 1 0 0 1 0 0 1 1 0 1 1 1 0 1 1 0 1] 0.3890435909560588
[1 0 0 0 0 1 1 1 0 1 0 0 1 1 1 0 1 1 0 1 0 1 0 0 0 1 0 1 0 0 1] 0.19314856257531418
[1 0 1 1 1 0 0 1 1 1 0 1 1 0 1 0 0 0 0 1 0 1 1 1 0 1 1 0 1 0 0] 0.14130261038497952
[0 0 1 1 0 0 1 0 0 1 1 0 1 1 0 0 0 1 1 0 0 1 0 0 0 1 1 1 0 0 1] 0.8117057679649068
[1 0 0 1 1 0 0 1 0 1 1 1 0 1 0 1 0 0 0 0 0 0 1 1 0 0 0 1 1 0 1] 0.07956680296165321
[0 1 0 1 0 1 0 1 0 1 1 1 1 0 0 0 0 1 1 0 0 1 1 1 1 0 0 0 1 1 0] 0.7897245334841264
[0 0 0 0 1 1 1 1 0 1 0 1 1 0 1 0 1 1 0 0 0 1 0 0 1 0 0 1 1 1 1] 0.8814400352692328
[1 1 1 1 1 1 0 0 0 0 1 1 0 1 1 0 0 1 0 1 0 1 0 1 1 1 0 1 0 0 1] 0.39468644662617086
[0 0 0 0 0 0 0 0 0 1 0 0 0 0 1 0 1 1 1 1 1 1 0 1 1 0 1 0 1 0 0] 0.8033263361860165
[1 0 0 1 1 1 1 1 1 1 1 1 1 0 1 1 1 1 1 0 0 1 0 1 1 1 1 1 1 0 1] 0.1421574960361736
[0 1 0 1 1 1 1 1 1 1 1 1 1 1 0 1 0 1 0 0 1 0 0 1 0 1 0 1 1 1 0] 0.8589462712207928
[0 1 0 0 1 0 1 1 0 0 1 1 0 1 0 1 0 0 1 1 1 1 1 0 0 0 1 1 0 0 1] 0.7841548686527364
[0 1 1 1 1 1 1 0 1 1 0 1 1 1 1 1 1 1 1 1 1 1 1 1 1 1 1 0 0 1 1] 0.8727520024180142
[0 1 1 1 1 1 1 1 1 1 1 1 1 1 1 1 1 1 0 1 0 1 1 0 0 0 1 1 0 1 0] 0.7179357776000086
[1 1 1 1 1 1 1 1 1 0 1 1 1 1 0 1 1 0 0 0 0 1 0 1 1 1 1 1 1 0 1] 0.33523965886806223
[1 1 1 0 1 0 0 1 1 1 1 0 0 1 0 1 1 0 0 1 1 1 0 0 0 1 1 1 1 1 1] 0.31765676567656764
[1 0 1 1 1 0 1 1 1 1 1 1 1 0 1 1 0 1 1 0 1 1 0 1 1 0 0 1 1 0 1] 0.14211201770807577
[1 1 1 1 1 1 1 1 1 1 1 0 0 1 1 1 0 1 1 0 0 1 1 1 1 0 1 1 0 0 1] 0.39468644662617086
[1 1 1 1 1 0 1 1 0 0 0 1 1 1 1 1 1 1 1 1 1 1 1 1 0 1 0 0 1 1 0] 0.373422426842704
[1 0 1 1 1 1 1 1 1 1 1 1 1 1 1 1 0 1 1 1 0 1 1 1 1 0 1 1 1 1 1] 0.2528482690326388
[1 0 0 0 1 1 1 1 1 1 0 0 1 1 1 1 1 1 1 1 1 0 1 1 1 1 0 0 1 0 1] 0.15748155302732508
[1 1 1 1 0 1 0 1 0 1 1 0 0 1 1 1 1 1 1 1 1 1 1 0 1 1 1 1 1 1 0] 0.3890435909560588
[1 1 1 0 1 1 0 0 1 0 0 1 1 1 1 1 1 0 0 1 1 0 1 1 1 1 1 1 1 1 0] 0.3243407651824475
[1 1 1 1 0 1 1 0 1 1 0 1 1 1 1 1 1 1 1 1 1 1 1 0 1 1 1 1 1 1 1] 0.3887494955520853
[1 1 0 1 1 1 0 1 0 1 1 1 1 1 1 0 0 0 0 1 1 1 0 1 1 1 1 1 1 0 0] 0.3997108035529849
[0 0 1 1 0 1 1 0 0 1 1 0 1 1 1 0 0 1 1 0 0 1 1 0 1 1 1 1 1 1 1] 0.8673118004537724
[0 1 0 1 1 0 1 1 1 0 0 1 0 0 0 1 1 0 1 1 1 1 1 0 1 1 1 1 0 1 1] 0.8800507721599323
[1 1 1 1 1 1 1 1 1 1 1 1 1 1 1 0 0 0 0 1 1 1 0 0 1 1 0 1 0 1 1] 0.39468644662617086
[0 1 1 1 1 1 1 1 0 1 1 0 1 1 1 0 1 1 0 0 1 1 1 1 1 0 1 1 1 0 1] 0.877492050260152
[1 1 0 0 0 1 1 1 0 1 0 0 1 1 1 1 1 1 0 1 1 1 0 1 0 1 0 1 1 1 1] 0.373422426842704
[1 1 1 1 1 1 1 1 0 1 1 0 1 1 1 1 1 0 1 1 0 1 0 1 1 1 0 1 0 0 0] 0.4040809672132554
[1 1 1 1 1 1 0 1 1 1 1 1 1 0 1 1 0 1 0 1 0 1 1 1 0 1 1 1 1 1 0] 0.2300865563712063
[0 1 0 0 1 1 1 1 1 1 1 0 1 1 1 1 1 1 1 0 1 0 1 0 1 1 1 1 1 1 1] 0.8806025621121666
[1 1 0 1 1 1 1 1 1 0 1 0 0 1 1 1 1 1 1 1 1 1 0 0 1 0 0 0 1 1 0] 0.39468644662617086
[1 1 0 1 1 0 0 1 1 1 0 1 0 1 1 1 1 0 0 0 0 1 1 0 1 1 1 1 1 1 1] 0.39468644662617086
[0 1 1 0 0 1 1 1 1 0 1 1 1 1 0 0 0 1 0 0 1 1 1 0 0 1 1 0 1 0 1] 0.8201011952629029
[0 1 1 1 1 0 1 1 1 1 1 1 0 0 0 0 1 1 1 0 1 1 0 1 1 0 0 1 1 1 1] 0.8853105365192815
[1 0 1 1 1 1 1 0 1 1 1 1 1 1 1 1 0 0 1 1 0 1 1 1 1 0 1 1 0 1 1] 0.2528482690326388
[0 1 0 0 1 1 1 1 0 1 1 0 1 1 1 0 1 1 1 1 1 0 1 1 1 0 1 1 1 1 1] 0.8663027997361805
[1 1 1 1 1 0 1 1 1 1 1 1 1 1 1 1 1 1 0 1 0 1 1 1 0 1 1 1 0 1 1] 0.373422426842704
[1 1 1 1 1 1 1 1 1 1 1 0 1 1 1 1 1 1 1 1 1 1 1 1 1 1 0 0 0 0 1] 0.4040809672132554
[0 1 0 0 1 1 1 1 0 1 0 1 1 1 1 0 1 1 1 0 1 1 0 1 1 0 1 1 0 1 1] 0.8491145218417945
[1 0 1 1 1 0 1 1 0 1 1 1 1 0 1 1 0 1 0 1 0 1 1 1 1 1 0 1 1 1 1] 0.1421574960361736
[1 1 1 1 1 1 1 1 0 0 1 0 0 0 1 0 1 1 1 0 0 1 0 0 0 1 1 0 0 1 1] 0.23641242354781586
[1 0 1 0 1 0 1 0 1 1 1 1 1 0 1 1 0 1 1 1 0 1 1 1 1 0 1 1 0 0 1] 0.1421574960361736
[1 1 0 1 1 1 0 1 0 1 1 0 1 1 1 0 1 1 1 1 1 1 0 1 0 0 0 1 1 0 1] 0.373422426842704
[0 1 0 1 0 1 1 1 0 1 1 1 1 1 1 1 1 1 1 1 1 0 1 0 1 0 0 1 0 1 1] 0.8545247603063449
[1 1 0 1 1 1 0 0 1 0 1 1 1 1 0 1 1 1 0 1 0 1 1 0 1 1 1 0 0 1 1] 0.33523965886806223
[1 1 0 1 1 1 1 1 1 1 0 1 1 1 1 1 1 0 0 0 0 1 1 1 0 0 1 1 1 1 1] 0.373422426842704
[0 1 1 1 0 0 0 0 0 0 1 0 0 1 1 1 1 1 1 0 1 0 1 0 1 0 1 1 1 0 1] 0.8674623413311593
[1 1 1 1 0 0 1 1 1 0 1 0 0 1 0 1 1 0 0 1 0 1 1 1 1 1 1 1 0 1 1] 0.32375001158898953
[1 1 1 1 1 1 1 1 0 1 1 0 1 1 1 1 1 1 1 1 1 1 1 1 1 1 0 1 1 1 0] 0.4040809672132554
[0 1 1 1 1 1 1 1 1 1 1 1 1 1 1 1 1 1 1 1 1 1 1 1 1 1 1 1 0 1 1] 0.8656497632249006
[1 1 1 1 1 1 1 0 1 1 1 1 1 0 1 1 1 1 1 0 1 1 1 1 1 1 0 0 0 1 1] 0.23641242354781586
[1 1 1 1 1 1 1 0 1 1 0 1 1 1 1 1 1 0 1 1 0 1 1 0 1 1 1 1 1 1 1] 0.39468644662617086
[0 1 1 1 0 1 0 1 1 1 1 1 1 1 0 0 1 1 1 1 1 0 1 1 1 1 1 0 1 1 1] 0.8659116799571132
[0 1 0 1 1 1 1 1 1 1 0 0 1 0 0 0 1 1 1 0 1 1 0 0 1 1 1 1 0 1 1] 0.8594547324114205
[0 0 1 1 0 0 0 1 0 1 1 0 0 0 0 0 0 0 1 0 1 1 0 1 0 1 0 0 1 1 1] 0.8914984914203893
[1 0 1 1 1 0 0 1 0 1 0 1 0 1 1 1 1 0 0 0 0 1 1 0 1 0 1 1 0 0 1] 0.246471489636261
[0 1 0 0 1 1 0 1 0 1 1 0 1 1 1 0 1 1 1 0 1 0 1 0 1 0 1 1 1 1 1] 0.862263852470411
[1 0 0 1 1 1 1 1 1 0 1 0 1 1 1 1 1 1 1 0 1 1 1 0 1 0 1 0 0 0 0] 0.2591658891954662
[1 1 1 1 0 1 1 1 0 1 0 1 1 1 1 1 1 1 0 0 1 1 0 0 1 0 1 1 1 1 1] 0.3887494955520853
[1 0 0 1 1 1 1 1 0 1 0 1 1 0 1 1 1 1 0 0 1 1 1 1 1 1 0 1 1 1 1] 0.1421574960361736
[0 1 1 1 1 1 1 1 1 1 1 1 1 1 1 1 1 1 0 1 1 1 1 1 1 0 1 1 1 0 1] 0.8756848507708991
[1 1 0 1 1 1 1 1 1 1 1 1 1 1 1 0 0 0 0 1 1 1 0 1 1 1 1 1 1 1 0] 0.39468644662617086
[1 1 1 1 1 1 0 1 0 1 1 0 1 1 1 0 1 1 1 1 1 1 0 1 1 0 0 1 0 0 1] 0.4040809672132554
[0 1 1 1 1 1 1 1 0 0 1 1 1 1 1 1 1 1 1 1 0 0 1 0 0 0 1 1 0 1 0] 0.7747634331968641
[1 1 1 0 1 1 0 0 1 1 0 1 0 1 1 1 0 1 1 1 1 1 1 0 1 1 1 1 1 1 1] 0.39468644662617086
[1 1 1 1 1 1 1 1 1 1 1 1 1 1 1 0 1 1 0 0 1 1 1 0 0 1 1 0 1 0 1] 0.373422426842704
[0 0 0 1 1 1 1 1 0 1 1 1 1 0 1 0 1 0 1 1 1 1 1 0 0 1 1 0 0 1 1] 0.8413230194195235
[1 0 1 0 0 0 1 0 1 0 0 0 0 1 1 0 0 0 1 1 1 0 1 1 1 1 0 1 0 0 0] 0.16477399242930307
[1 0 1 1 1 1 0 0 1 1 0 1 0 1 1 0 0 0 1 1 1 1 0 1 1 1 1 1 1 0 1] 0.246471489636261
[1 1 0 0 1 1 1 0 1 1 0 1 1 1 1 1 1 1 1 1 1 0 1 0 1 0 1 1 0 0 1] 0.3243407651824475
[1 1 0 1 1 1 1 1 1 0 1 0 1 1 0 1 1 1 0 0 1 1 1 1 1 0 1 1 1 0 1] 0.34060469674421984
[0 1 0 0 1 1 1 1 0 0 1 1 1 1 1 1 1 1 1 1 1 1 1 1 1 1 1 1 0 1 1] 0.8234643874081495
[1 1 0 1 1 1 1 1 1 0 1 1 0 1 1 1 1 1 1 1 1 1 1 0 1 1 1 1 1 1 1] 0.39468644662617086
[0 1 0 1 1 1 1 1 1 1 1 1 1 1 0 1 0 1 0 0 1 0 1 1 0 1 0 1 1 1 0] 0.8754060171024348
[0 1 1 1 1 0 0 1 0 1 1 0 0 0 1 0 1 0 1 0 1 1 1 1 0 1 0 0 1 1 1] 0.7872090669904876
[0 1 1 1 1 1 1 0 1 0 0 1 1 0 1 1 1 0 0 1 1 1 1 1 0 0 0 0 0 1 0] 0.815295278616661
[0 1 0 1 1 0 1 1 1 0 0 1 0 0 0 1 1 0 1 1 1 1 1 1 1 1 1 1 0 1 1] 0.8932553794225785
[1 1 1 0 1 1 1 0 1 0 1 1 1 1 1 1 0 0 1 1 1 1 0 1 1 1 1 1 1 0 1] 0.39468644662617086
[0 1 0 1 1 1 0 1 0 1 1 0 1 1 1 0 1 1 1 0 1 0 1 1 1 0 1 1 1 1 1] 0.8887832389475401
[0 1 0 1 1 1 1 1 1 1 1 1 1 1 1 1 1 1 1 0 1 0 1 0 1 1 1 1 1 1 1] 0.8714922271415189
[0 0 1 1 1 1 1 1 0 1 0 0 0 1 0 1 0 1 1 1 1 1 1 1 0 0 1 1 1 0 1] 0.8758919614634793
[0 1 0 0 1 1 1 0 1 1 1 1 1 1 1 1 1 1 1 0 1 1 1 0 1 0 1 1 1 0 1] 0.8425401104522334
[0 1 0 1 1 1 1 1 1 1 0 1 1 1 1 1 1 1 1 1 1 1 1 1 1 1 1 1 0 1 1] 0.8746920397587291
[0 1 1 1 1 1 1 1 1 1 1 1 1 1 1 1 1 1 0 1 0 1 1 1 0 0 1 1 0 1 1] 0.8326620678881257
[0 1 0 1 1 1 1 1 1 1 1 1 1 1 1 1 1 1 1 0 1 0 1 0 1 0 1 1 1 1 1] 0.8732885001447508
[0 0 1 1 1 1 1 1 0 1 0 0 1 1 0 1 0 1 1 1 1 0 1 1 0 1 0 1 1 0 1] 0.8155158880870995
[1 0 1 1 1 1 1 1 1 1 0 1 1 1 1 1 1 1 1 1 1 1 1 1 1 1 1 1 1 1 1] 0.2528482690326388
[0 1 1 1 0 1 1 1 0 1 1 0 1 1 1 1 0 1 1 0 0 1 1 0 1 1 1 1 1 1 1] 0.7331540953066452
[0 1 0 1 1 1 1 1 1 1 1 1 1 1 0 1 0 1 0 0 1 0 1 1 0 1 1 1 1 1 1] 0.8529084594272947
[0 0 1 1 1 0 1 1 1 1 1 1 1 1 1 1 0 1 1 1 1 1 1 0 1 0 1 1 1 0 0] 0.8741253109084448
[0 1 0 1 1 0 1 1 0 1 1 1 1 1 1 1 0 0 1 1 1 1 1 0 0 0 1 0 0 0 1] 0.7345751921314809
[0 1 0 1 1 0 1 1 1 0 0 1 0 0 0 1 1 1 1 1 1 1 1 1 1 1 1 1 0 1 1] 0.8866988174547967
[1 1 1 1 1 1 1 1 1 1 1 1 1 1 0 1 1 1 1 1 1 1 0 1 0 1 1 1 1 1 1] 0.31765676567656764
[0 1 1 0 1 1 1 1 0 0 0 1 1 1 1 0 0 1 1 1 0 1 0 1 1 0 1 1 1 1 1] 0.8234643874081495
[0 0 1 1 1 1 0 1 1 1 0 0 1 1 0 1 1 1 1 1 1 0 1 1 0 1 0 1 1 0 1] 0.7766282225237449
[0 0 0 1 0 1 0 1 1 1 0 1 0 0 1 0 0 0 1 0 1 0 1 0 1 0 1 1 0 1 0] 0.8078752791247873
[1 1 1 1 1 1 1 1 1 1 1 1 1 0 0 1 1 1 1 1 1 0 1 0 1 1 1 1 0 1 1] 0.1422925822734638
[0 0 1 1 0 0 0 1 0 1 1 0 0 1 0 0 0 0 1 0 1 1 0 1 0 1 0 0 1 1 1] 0.8897832932714704
[0 1 1 1 1 1 1 1 1 1 1 0 1 1 1 1 1 1 0 0 1 1 1 1 1 0 1 1 1 0 1] 0.8869070843319771
[1 0 1 1 0 0 0 1 0 1 1 0 0 1 0 1 0 0 1 0 1 1 0 1 0 0 0 0 1 0 1] 0.15748155302732508
[0 1 1 1 1 1 1 1 0 1 1 0 1 0 0 1 1 1 1 1 1 1 1 1 1 1 1 0 1 1 1] 0.862593520981229
[0 1 1 1 1 0 1 1 1 0 0 1 0 0 0 1 1 0 1 1 1 1 1 1 1 1 1 1 0 1 1] 0.8913913007121653
[0 0 1 1 1 1 0 1 0 1 1 0 1 1 0 1 0 1 1 1 1 0 1 1 1 1 1 1 1 0 1] 0.841929920250011
[1 0 1 1 1 1 1 1 1 1 1 1 1 1 1 1 0 1 1 1 1 1 1 1 1 1 1 1 1 1 0] 0.2528482690326388
[0 1 1 1 1 0 1 1 1 1 1 0 0 1 0 1 1 0 0 1 1 1 1 1 0 1 1 1 1 1 1] 0.8771731288812188
[0 1 0 1 0 0 1 0 1 0 1 1 0 1 1 1 1 1 1 0 1 0 1 0 1 0 1 1 1 0 1] 0.887641025880202
[0 1 1 1 0 0 1 1 1 1 1 0 1 1 0 0 0 0 0 0 0 1 0 1 1 1 1 0 1 1 1] 0.8858843221127023
[1 1 0 1 1 1 1 1 1 0 0 1 0 1 1 1 1 1 1 1 1 1 1 1 1 1 1 1 0 1 1] 0.39468644662617086
[0 1 1 1 1 1 1 1 1 1 1 1 1 1 0 1 1 1 0 0 1 0 1 1 0 1 0 1 1 1 0] 0.8745224801645607
[0 1 0 1 1 1 1 1 1 1 1 0 1 1 1 1 1 1 1 0 1 1 1 1 1 1 1 1 1 1 1] 0.8788286787920867
[1 1 1 1 0 1 0 1 0 1 1 0 1 0 1 1 1 0 1 0 1 1 1 1 1 0 1 0 1 0 1] 0.2426749396759738
[0 1 0 1 1 1 1 1 1 0 1 0 1 1 0 1 1 1 1 0 1 1 1 1 1 1 1 1 1 1 1] 0.8785418423941982
[0 1 0 1 1 1 1 1 1 1 1 0 1 1 0 0 1 1 1 0 1 1 1 1 1 1 1 1 1 1 1] 0.8763395135227079
[0 1 0 1 1 1 1 1 1 1 1 1 1 1 0 1 1 1 1 0 1 1 1 1 1 1 1 1 1 1 1] 0.8936004596252571
[0 1 0 1 1 0 1 1 1 1 0 1 0 0 0 1 1 0 1 1 1 1 1 1 1 1 1 1 0 1 1] 0.8941846731049816
[0 1 0 1 1 1 1 1 1 1 1 1 1 1 0 1 0 1 1 0 1 1 1 1 1 0 1 1 1 1 0] 0.8733093153940472
[0 1 0 1 1 1 1 1 1 1 1 0 0 0 0 1 1 0 1 0 1 1 1 1 1 1 1 1 1 1 1] 0.8848087942930651
[0 1 1 1 1 1 1 1 1 1 1 0 1 1 0 1 1 1 1 1 1 1 1 1 1 1 1 1 1 1 1] 0.8703829669833084
[0 1 0 1 1 1 0 1 1 1 1 0 0 0 0 1 1 1 1 0 0 0 1 1 1 0 0 0 1 1 1] 0.8897004364656068
[0 1 1 1 1 1 1 1 1 1 1 1 1 1 0 1 1 1 1 1 1 1 1 1 1 1 1 1 0 1 1] 0.8810061664326272
[0 1 1 1 1 1 1 1 0 1 1 0 1 1 1 0 1 1 1 0 1 1 1 1 1 1 1 1 1 0 1] 0.8692415252635957
[0 1 0 1 1 1 1 1 1 1 1 0 1 1 1 1 1 1 1 0 1 0 1 0 1 1 1 1 1 1 1] 0.8810775728274058
[0 1 0 1 1 1 1 1 1 0 0 1 1 0 0 1 1 0 1 1 1 1 1 1 1 1 1 1 0 1 1] 0.8913913007121653
[0 1 0 1 1 0 1 1 1 1 1 0 0 0 0 1 1 0 1 0 1 1 1 1 1 1 1 1 1 1 1] 0.8838609684261787
[0 1 1 1 1 0 1 1 1 1 1 0 0 0 0 1 1 0 1 0 1 1 1 1 1 1 1 1 1 1 1] 0.8829112589113715
[0 1 0 1 1 0 1 1 1 0 1 0 0 0 0 1 1 0 1 0 1 1 1 1 1 1 1 1 1 1 1] 0.8838609684261787
[0 1 0 1 1 1 1 1 1 1 0 1 1 0 0 1 1 1 1 1 1 1 1 1 1 1 1 1 0 1 1] 0.8854387819043968
[0 1 1 1 1 0 1 1 0 1 1 1 1 1 0 1 1 0 1 1 1 1 1 1 1 1 1 0 1 1 1] 0.8850785340314136
[0 1 0 1 1 1 1 1 1 1 1 0 1 1 1 1 1 1 1 0 1 0 1 1 1 1 1 1 1 1 1] 0.885598494987973
[0 1 0 1 1 0 1 1 1 0 0 0 0 0 0 1 1 0 1 1 1 1 1 1 1 1 1 1 0 1 1] 0.8785418423941982
[0 1 0 1 0 0 0 1 0 1 1 1 0 0 0 0 1 0 0 0 0 1 1 1 1 0 1 1 0 0 0] 0.8074025890192611
[0 1 1 0 0 1 0 0 0 0 0 1 0 0 0 0 1 1 1 1 1 1 1 0 1 0 1 1 0 1 1] 0.7661885214078281
[1 0 0 1 1 0 0 0 0 1 1 1 0 0 1 0 1 0 0 1 1 0 1 1 0 1 1 0 0 1 0] 0.018585305499249742
[0 1 0 1 1 0 1 1 1 0 1 1 0 1 0 1 1 0 1 1 0 1 1 1 1 0 0 0 1 1 1] 0.8773748492159228
[0 1 0 0 1 1 0 1 0 0 1 1 1 0 1 1 1 1 1 1 1 0 0 0 0 1 0 0 1 1 1] 0.7687543482468392
[0 1 1 1 1 1 0 1 1 0 0 1 1 0 0 0 0 0 1 0 1 0 1 0 1 1 1 0 0 1 1] 0.8653348911148991
[0 1 1 1 1 0 0 0 0 0 0 1 1 1 0 0 0 0 1 1 0 0 1 1 0 1 1 0 0 1 0] 0.8802781170722542
[0 0 1 1 0 0 1 0 1 0 1 1 1 0 0 1 0 0 0 1 0 1 1 0 0 1 1 1 1 0 0] 0.8451874663929217
[0 0 1 1 0 1 0 0 1 0 1 1 1 1 1 1 1 0 1 0 0 1 1 0 0 0 1 0 1 1 1] 0.8572255115619757
[1 1 0 1 0 0 0 0 0 1 0 0 0 1 0 1 1 0 1 1 0 1 1 1 0 0 0 0 0 0 0] 0.3174627033933336
[1 1 1 0 1 1 1 0 0 0 0 1 1 0 0 0 0 0 1 1 1 1 1 0 0 1 0 0 1 0 0] 0.1629523124850228
[0 1 1 0 0 0 0 0 1 0 1 1 1 1 1 0 1 1 0 1 1 1 1 1 1 0 0 0 1 0 1] 0.799336018013771
[1 0 1 0 1 0 1 0 1 0 0 0 0 0 0 1 0 1 1 1 1 0 1 0 1 1 0 0 0 0 0] 0.018585305499249742
[0 1 0 1 0 1 1 0 0 0 0 1 0 1 0 1 0 0 1 0 0 1 1 1 1 1 1 1 0 0 0] 0.8546328779956218
[0 0 1 1 0 0 0 0 1 1 1 1 0 0 0 0 1 1 0 0 1 0 1 0 1 0 1 0 0 0 0] 0.7717874149116359
[0 0 0 0 0 0 1 0 0 1 0 0 0 1 1 0 0 1 1 1 1 0 1 0 1 0 1 1 0 0 0] 0.8302133238943701
[1 1 1 1 0 0 1 1 0 0 1 0 1 0 0 0 0 1 1 1 0 0 1 1 1 1 1 0 0 1 0] 0.14173985126806588
[1 0 0 1 0 1 0 1 0 0 1 0 1 1 0 1 0 0 0 0 0 1 0 0 1 0 1 0 0 1 1] 0.16477399242930307
[0 1 0 1 1 1 1 0 1 1 0 0 1 0 0 0 0 1 1 0 0 1 0 0 1 1 1 0 0 0 1] 0.809667673716012
[1 0 1 0 1 1 1 1 1 0 0 0 0 0 0 0 1 0 1 1 1 0 1 1 1 0 0 1 0 1 0] 0.018585305499249742
[1 0 1 1 0 0 1 0 0 1 0 0 1 0 1 1 1 0 0 1 1 1 0 0 1 0 0 1 1 0 1] 0.14140153878145142
[0 1 0 0 0 1 1 0 1 1 0 1 1 0 1 0 0 0 0 0 1 1 1 1 1 0 1 1 0 1 0] 0.7932131495227996
[1 0 1 0 0 0 1 1 1 1 0 0 0 0 1 0 0 1 0 1 0 0 1 1 1 1 1 0 0 0 0] 0.018585305499249742
[1 0 0 0 0 0 1 1 0 0 0 1 1 1 1 0 0 0 0 1 1 0 1 1 1 0 1 1 1 0 1] 0.16477399242930307
[1 1 0 1 0 0 0 1 0 0 0 1 1 0 1 1 1 1 1 0 1 0 0 0 0 1 0 1 0 0 1] 0.16301749689262837
[0 0 0 1 0 1 0 0 1 0 1 0 0 0 1 1 1 0 1 1 1 1 1 1 1 1 1 0 0 0 1] 0.875709552550608
[0 0 0 1 0 1 1 0 0 0 0 1 1 1 1 1 1 1 0 0 1 1 1 1 0 0 1 1 0 1 1] 0.8891704317853649
[0 1 0 0 0 1 1 0 0 1 1 0 0 1 0 1 0 1 0 0 1 0 0 0 1 0 0 1 1 1 0] 0.8524869034041483
[1 1 1 1 0 0 1 1 0 1 0 1 1 1 0 1 0 0 0 0 1 1 0 0 0 0 1 1 1 1 1] 0.3174627033933336
[0 0 1 1 1 0 1 0 1 1 1 0 0 1 0 1 0 1 1 0 0 0 0 1 0 0 1 0 1 1 0] 0.8396118496311783
[1 0 1 1 1 0 1 1 1 0 1 0 1 0 0 0 0 0 0 1 1 1 0 1 1 0 0 1 1 1 1] 0.027672464334571035
[0 1 0 0 0 0 1 0 1 1 1 0 1 0 1 0 1 1 1 0 1 1 0 1 1 1 1 0 0 1 1] 0.6906399021022768
[1 1 1 0 1 1 1 1 1 1 0 0 1 0 1 1 1 1 0 0 0 1 0 1 0 0 1 0 1 0 1] 0.2426749396759738
[0 0 0 1 0 0 0 1 0 0 1 1 0 1 0 0 1 0 1 1 0 0 1 1 1 1 1 0 0 0 1] 0.841929920250011
[0 0 0 0 0 0 1 0 0 0 0 0 0 1 0 0 1 1 0 0 0 1 0 1 0 0 1 1 0 0 1] 0.89248004299501
[0 0 0 1 0 1 0 1 1 1 0 0 0 1 0 0 0 1 0 1 1 1 1 0 1 0 0 0 0 1 1] 0.8860244423761394
[1 0 0 0 1 1 0 1 1 0 0 1 1 1 1 1 1 1 1 0 0 1 1 0 0 0 0 1 1 1 0] 0.21364929108902578
[1 1 0 0 0 0 0 1 0 1 1 0 0 1 0 0 1 1 1 1 1 1 1 0 0 1 1 0 1 0 0] 0.3174627033933336
[0 1 0 0 1 0 0 0 1 1 0 0 1 1 0 0 0 1 1 0 0 0 1 0 0 1 0 0 0 1 1] 0.8241351888667993
[0 1 0 1 0 0 1 1 0 1 1 0 1 1 1 0 0 1 1 1 1 1 0 1 1 0 1 1 1 0 0] 0.722233539546902
[0 1 0 0 1 0 1 0 1 0 1 1 1 1 0 1 0 0 1 0 0 1 1 1 1 1 0 0 0 0 0] 0.8372884808450581
[0 0 1 0 1 1 1 0 1 0 1 0 1 1 1 1 0 1 1 0 0 0 0 1 1 0 1 1 1 0 1] 0.8554244289373902
[1 0 0 0 1 1 1 0 1 1 1 1 0 0 0 1 0 0 0 1 0 0 1 1 1 1 0 0 1 1 0] 0.018585305499249742
[1 0 0 1 1 0 1 0 1 1 1 1 1 0 1 0 1 0 1 0 0 0 0 0 0 0 1 0 0 1 0] 0.018585305499249742
[1 1 1 1 1 0 1 1 0 1 1 0 1 0 1 0 0 1 1 1 0 0 1 0 1 1 0 0 1 0 0] 0.1770654902972992
[0 1 1 0 1 1 0 1 1 0 0 0 1 0 1 0 1 1 1 0 0 1 1 0 1 0 1 1 1 1 0] 0.702985799902813
[0 1 1 1 1 1 0 0 0 1 1 1 0 0 0 1 1 1 0 0 1 1 1 0 0 1 1 1 0 0 0] 0.7666900045302912
[1 1 0 0 0 1 0 0 0 0 0 1 0 1 1 1 1 1 1 0 1 1 1 1 0 1 1 0 0 1 1] 0.373422426842704
[1 0 0 0 0 0 1 0 1 0 1 0 0 0 0 1 1 0 1 0 1 1 0 1 1 0 0 0 1 1 1] 0.018585305499249742
[0 1 1 1 0 1 0 1 0 1 0 1 1 0 1 1 0 1 1 1 0 1 0 0 1 1 0 0 1 0 1] 0.672769872055296
[0 1 0 0 1 0 0 0 1 1 0 0 0 0 0 0 1 1 0 0 1 1 0 0 0 0 1 0 1 1 1] 0.7318892707750513
[0 1 1 1 0 1 0 0 0 1 0 1 0 0 0 0 0 0 0 1 1 1 0 1 0 1 0 0 1 1 0] 0.7831698424079696
[1 0 1 1 1 0 0 0 0 1 1 0 1 0 0 0 0 0 1 1 0 0 1 0 0 1 0 0 0 0 0] 0.018585305499249742
[0 1 1 1 0 1 0 0 1 1 1 1 1 0 1 1 0 1 0 1 1 1 0 0 0 1 0 1 1 1 1] 0.6701396263959846
[0 1 1 1 0 0 1 1 0 1 1 1 0 1 0 0 1 0 0 0 1 0 1 0 1 1 1 1 0 0 0] 0.8787611662384802
[1 0 0 1 1 0 0 0 1 1 1 0 1 0 0 1 1 0 1 1 1 1 0 0 0 0 1 0 0 1 0] 0.018585305499249742
[0 1 1 1 0 0 0 1 0 0 0 1 1 1 1 1 0 1 0 1 1 1 0 1 0 0 0 1 1 1 1] 0.7692939919454261
[0 1 1 1 1 0 0 0 0 1 0 1 1 0 1 1 0 0 1 1 0 1 0 0 0 1 1 1 1 1 1] 0.6799187207350472
[0 1 0 0 1 1 1 1 1 1 0 0 0 1 0 1 0 1 0 0 1 1 1 0 1 1 0 1 0 0 1] 0.8827106701648267
[0 1 1 0 0 0 0 0 0 0 0 1 0 0 1 0 0 1 0 0 0 1 0 0 1 1 0 0 0 1 1] 0.6420047732696897
[0 1 1 1 0 0 0 0 0 1 1 0 1 1 0 0 0 1 0 0 0 1 0 1 0 0 1 0 1 0 1] 0.7276129718234982
[1 1 1 0 1 1 1 1 0 0 1 1 0 0 0 0 0 1 1 1 1 1 0 0 1 1 1 0 1 0 1] 0.18388634430031586
[0 1 0 0 1 1 1 0 0 1 0 1 1 0 0 1 0 1 1 0 0 0 1 0 0 0 0 0 1 0 1] 0.8531618954416189
[0 0 1 1 1 0 0 0 0 1 1 0 0 1 0 1 1 0 0 1 0 0 0 0 1 0 1 0 1 0 0] 0.8385537414294875
[0 0 0 1 1 0 1 1 1 0 0 0 0 1 0 0 1 0 1 0 1 1 0 0 0 1 0 1 1 0 1] 0.7848554725048456
[1 1 1 0 1 0 1 0 1 0 1 0 0 0 1 0 1 1 0 0 1 1 0 1 1 1 1 1 1 0 1] 0.23641242354781586
[1 1 0 0 1 1 1 0 1 1 1 0 1 1 0 1 1 1 1 0 0 0 1 0 1 1 0 0 0 0 0] 0.246471489636261
[1 1 0 0 0 0 1 1 1 1 0 0 1 1 0 0 1 1 0 0 0 1 1 1 1 0 1 1 0 0 1] 0.33503011249920034
[0 0 0 0 0 0 0 0 1 0 1 0 1 0 0 0 0 0 1 0 0 1 1 0 1 1 0 1 0 1 1] 0.8622197661899635
[1 1 1 0 1 0 0 1 1 0 1 1 1 1 0 1 1 1 1 0 0 0 0 1 0 1 0 0 0 0 1] 0.22697188406694957
[0 0 1 1 1 1 1 1 1 1 0 1 0 1 0 0 0 1 1 0 0 1 0 1 1 1 1 0 0 1 1] 0.8751959164153097
[1 1 0 1 1 1 0 1 1 1 0 1 1 0 0 1 0 0 1 0 1 1 1 0 0 1 1 0 0 0 0] 0.1629523124850228
[0 0 0 0 0 1 1 1 0 1 1 0 0 1 0 1 0 1 0 1 1 1 1 1 1 0 0 0 1 0 1] 0.8923948633397579
[1 0 1 0 0 0 1 1 0 1 0 1 0 1 0 1 0 0 1 1 1 0 1 1 1 0 1 0 0 0 1] 0.08781104813796795
[1 1 1 1 1 1 1 0 0 1 1 0 0 0 0 1 0 1 0 0 0 1 1 1 0 1 0 1 0 1 0] 0.1629523124850228
[0 1 1 0 0 1 1 1 1 1 1 1 1 1 0 0 0 1 0 1 0 0 0 0 1 1 0 1 1 0 0] 0.8711775260844387
[1 0 1 1 1 0 1 1 1 1 0 1 1 1 0 1 0 0 1 0 0 1 1 0 0 0 1 0 1 0 1] 0.16477399242930307
[1 1 0 0 1 1 1 1 1 0 1 1 0 0 0 1 0 1 0 1 0 1 0 1 0 1 0 1 1 0 1] 0.1629523124850228
[0 0 0 0 1 1 0 1 1 1 1 1 1 0 1 1 0 1 1 1 0 1 0 0 0 1 0 1 1 1 0] 0.716956619047879
[1 1 1 1 0 1 1 1 1 1 1 0 1 1 1 1 0 1 1 0 0 1 1 1 1 1 1 0 0 1 0] 0.3987953058469208
[1 0 1 0 0 1 1 0 1 0 1 1 0 0 0 0 1 0 1 1 1 1 0 0 1 0 1 1 0 0 0] 0.018585305499249742
[0 0 0 1 0 0 0 1 1 0 1 0 1 1 1 1 1 0 1 0 0 0 1 1 1 0 0 1 1 1 1] 0.8603541185527328
[0 0 1 0 0 1 1 1 0 1 0 0 0 1 1 1 0 1 1 0 1 0 1 1 1 1 0 1 1 1 1] 0.8627947581496191
[0 1 1 1 1 0 0 1 0 1 1 0 1 1 1 0 1 1 0 0 0 1 1 0 0 1 0 0 1 0 0] 0.660142180358624
[1 0 0 1 0 0 0 0 0 1 1 0 1 0 1 0 0 1 1 0 1 1 1 1 0 1 0 1 1 1 0] 0.14130261038497952
[1 0 0 0 1 0 0 1 1 0 1 1 0 1 0 0 0 1 0 1 0 1 0 1 1 1 0 1 1 1 0] 0.17198485667928612
[0 1 0 1 1 1 1 0 0 0 0 1 1 1 1 1 0 1 0 1 1 1 1 0 1 1 0 0 0 0 1] 0.7972067263314204
[1 0 0 1 1 1 0 1 1 0 0 0 1 0 0 0 1 0 1 0 1 0 0 0 1 0 0 1 1 0 0] 0.018585305499249742
[1 1 1 0 0 0 0 0 0 1 1 0 0 0 1 1 1 0 1 1 0 0 0 1 0 0 1 0 0 1 1] 0.16301749689262837
[1 1 0 0 0 0 0 0 1 0 1 0 0 0 1 0 1 0 1 1 1 0 1 0 1 0 1 0 0 0 1] 0.17008276793009128
[1 0 1 0 0 0 0 0 1 1 0 0 1 1 1 0 0 0 0 0 1 0 1 1 0 0 0 1 0 1 1] 0.14264320907209893
[1 1 0 1 1 0 0 1 1 0 0 1 0 0 1 1 1 0 1 1 0 0 1 0 1 1 1 0 0 1 0] 0.18412984879510405
[0 0 0 0 1 0 1 1 0 1 1 1 1 0 1 0 1 0 0 1 1 1 0 1 0 1 1 0 1 1 1] 0.866610309534385
[0 0 1 0 1 1 1 0 1 1 1 0 0 1 1 0 1 0 1 0 0 1 0 1 0 1 0 0 1 0 0] 0.8551936196790622
[0 0 1 0 1 0 0 0 0 1 1 1 0 1 0 0 1 0 0 0 0 1 0 0 0 1 1 1 0 0 1] 0.8562492760338237
[0 0 1 0 1 1 0 1 0 1 1 1 0 0 0 0 0 0 0 1 0 0 0 1 1 0 0 1 0 0 0] 0.8603489710507178
[1 1 0 1 1 1 1 1 0 1 0 0 1 1 1 1 1 0 1 1 1 1 1 1 1 1 0 0 0 0 0] 0.4040809672132554
[0 1 1 0 0 0 1 0 0 0 1 0 1 0 1 0 0 1 1 0 0 1 0 0 1 0 1 1 1 1 0] 0.6416567645561025
[1 1 0 1 1 1 0 1 1 0 1 1 1 0 0 0 1 1 0 1 1 1 0 1 0 1 0 1 0 1 0] 0.1629523124850228
[1 0 1 0 1 0 0 1 0 1 0 1 1 1 1 1 1 1 0 0 0 0 0 0 1 1 0 0 0 0 0] 0.16477399242930307
[1 1 1 0 1 0 1 0 1 0 1 0 1 1 1 0 1 1 1 1 1 1 1 1 1 1 1 1 1 0 1] 0.4040809672132554
[0 1 1 0 1 0 1 1 1 0 1 1 1 1 1 1 0 1 1 0 1 1 1 1 1 1 0 1 0 1 1] 0.8528034583734718
[1 1 0 1 1 1 0 0 1 1 1 1 1 1 0 0 0 1 1 0 1 1 1 1 1 1 1 0 0 0 1] 0.33523965886806223
[1 0 1 0 1 1 0 1 1 1 1 1 1 0 1 1 1 0 1 1 0 1 0 1 1 0 1 1 1 0 0] 0.1421574960361736
[1 1 1 0 1 1 1 0 0 1 0 1 1 0 1 1 0 1 1 0 1 1 1 1 1 0 1 0 1 1 1] 0.23641242354781586
[0 1 1 0 0 1 0 0 0 1 0 1 0 1 0 1 1 1 1 1 1 1 1 1 1 0 1 1 0 1 1] 0.8577560453322244
[0 0 1 1 1 1 1 1 1 1 1 1 0 1 1 1 1 1 1 1 1 1 1 1 1 1 1 0 1 0 1] 0.8892699383072707
[0 1 1 0 0 1 1 1 0 1 1 1 0 1 1 0 1 1 0 1 1 1 0 0 1 1 1 0 1 1 1] 0.7345751921314809
[1 0 1 1 1 1 0 1 1 0 1 1 1 1 1 1 1 1 1 0 0 1 1 1 0 0 0 1 1 1 0] 0.21364929108902578
[1 1 0 1 1 1 1 1 1 1 1 1 1 1 1 1 1 0 1 1 0 0 1 0 1 1 1 0 1 1 0] 0.3243407651824475
[1 1 1 1 1 1 0 1 1 1 1 1 1 1 1 1 1 1 1 1 1 1 0 1 1 0 1 0 1 1 0] 0.3997108035529849
[1 1 0 1 0 1 1 1 1 1 1 1 1 0 1 0 0 0 0 0 1 1 1 1 1 0 1 1 0 1 1] 0.2300865563712063
[0 1 1 1 1 1 1 1 0 1 1 1 0 0 0 0 1 1 0 0 0 1 1 1 1 1 1 1 0 1 0] 0.864472126178184
[0 1 1 0 1 0 1 1 1 1 0 0 1 0 0 0 1 1 0 0 1 1 0 0 0 1 1 1 1 1 1] 0.8377738624550375
[0 1 1 1 0 1 1 1 0 1 1 1 0 1 1 0 1 1 0 1 1 0 1 1 1 1 1 1 1 1 0] 0.8781342591066036
[1 1 1 0 1 1 1 0 1 1 0 1 1 1 1 1 1 1 1 1 1 1 1 0 1 1 1 1 1 1 1] 0.39468644662617086
[0 1 0 1 0 1 1 0 1 1 0 1 1 1 0 1 1 1 1 0 0 1 1 1 1 1 1 1 0 1 1] 0.8958738647365266
[1 1 0 1 1 1 0 1 1 1 0 1 1 1 1 1 1 0 1 0 1 1 1 1 0 1 1 1 0 0 0] 0.373422426842704
[1 0 1 1 1 1 1 1 1 1 1 1 1 1 1 1 1 1 1 0 0 1 1 0 0 0 1 1 1 1 1] 0.21364929108902578
[0 1 1 1 0 1 1 1 1 1 1 0 1 1 1 0 1 1 0 0 1 1 1 1 1 0 1 1 1 1 1] 0.8764421025984802
[1 1 1 0 1 0 1 1 1 1 1 1 0 1 0 1 1 1 0 1 1 1 1 1 1 1 0 1 1 1 1] 0.3300206811984114
[1 1 1 0 1 1 1 1 1 1 1 0 1 0 1 1 1 1 0 0 0 1 0 1 0 0 1 0 1 0 1] 0.2426749396759738
[1 0 1 0 0 0 1 0 1 1 1 0 1 1 1 1 1 0 1 0 1 1 1 1 1 0 0 1 1 1 1] 0.2528482690326388
[0 0 1 1 0 1 1 1 1 1 0 0 0 1 1 1 0 1 1 1 1 1 1 1 1 1 0 1 1 1 1] 0.8873943300172809
[0 0 1 1 1 1 1 1 0 1 1 1 1 1 1 0 1 0 1 1 1 1 0 1 1 1 1 1 1 1 1] 0.8759693957216468
[1 1 1 1 1 0 0 1 1 1 1 1 1 1 0 1 1 1 1 0 1 1 1 1 1 1 0 0 0 1 1] 0.33523965886806223
[1 1 1 1 0 1 1 1 0 1 1 1 0 1 0 1 1 1 1 1 1 1 1 1 1 1 1 1 0 0 1] 0.32375001158898953
[0 1 1 1 0 1 1 1 1 1 1 0 0 1 0 1 0 1 0 1 1 1 0 0 1 0 1 1 1 1 0] 0.8215589776154945
[0 1 1 1 1 1 1 0 1 1 1 1 1 0 0 1 1 1 0 1 1 1 1 0 1 1 1 1 0 1 0] 0.8496851248642779
[0 1 0 0 1 1 1 1 1 1 0 0 1 1 0 1 0 1 1 0 1 1 1 0 1 1 0 1 0 0 1] 0.8664180449986242
[0 1 0 0 1 1 0 1 0 0 1 1 1 1 1 1 1 1 1 1 1 0 1 1 0 1 1 0 1 1 1] 0.8624122172509269
[0 1 1 1 0 0 1 0 1 1 1 0 1 0 1 1 1 0 1 1 1 1 1 0 1 1 0 1 0 1 1] 0.7305042330014376
[0 1 1 1 0 1 0 0 1 1 0 1 0 1 1 0 0 0 0 1 1 1 0 1 0 1 0 0 1 1 0] 0.7639442385523113
[1 1 1 1 1 0 1 1 1 0 1 1 1 0 0 1 1 0 0 1 0 1 1 1 0 1 1 1 1 1 1] 0.1629523124850228
[1 0 0 1 1 0 1 1 1 1 1 1 0 0 1 1 1 0 0 1 1 1 1 1 1 1 1 0 1 1 1] 0.1422925822734638
[1 1 1 1 1 1 1 1 1 1 1 0 1 1 1 1 1 1 1 1 1 1 1 1 1 1 1 1 1 1 1] 0.4040809672132554
[0 0 1 1 0 1 1 1 1 1 1 0 0 1 0 1 1 1 0 1 1 1 1 1 1 0 0 0 1 0 1] 0.8726246847557123
[1 1 1 1 1 0 0 0 0 1 0 0 0 1 0 1 1 0 1 1 0 1 1 1 0 0 1 0 0 0 0] 0.31765676567656764
[1 0 1 1 1 1 0 1 1 1 0 1 1 1 1 1 1 1 1 0 0 1 1 0 0 0 1 1 1 1 1] 0.21364929108902578
[0 1 1 1 1 1 1 0 1 1 1 1 1 1 1 1 0 1 0 1 1 1 1 1 1 1 1 1 1 0 1] 0.8848996635256178
[1 1 1 1 0 0 1 1 1 1 0 1 1 1 0 0 1 1 0 0 0 1 1 1 1 0 1 1 0 0 1] 0.3294121978608642
[0 1 1 1 1 1 1 1 1 1 1 0 1 0 1 1 1 1 1 0 0 1 1 1 1 0 1 1 1 1 1] 0.8574867689485851
[1 1 1 1 0 0 1 1 1 1 0 0 0 1 1 1 1 1 1 1 1 1 1 1 1 1 1 1 0 0 1] 0.3890435909560588
[1 0 1 1 1 1 1 1 1 1 1 1 1 1 1 1 1 1 1 1 1 1 1 0 1 1 0 1 1 1 0] 0.2528482690326388
[1 1 1 0 1 1 1 1 1 1 1 1 1 1 1 1 1 1 1 1 1 1 1 1 1 1 1 1 0 1 1] 0.39468644662617086
[1 1 0 0 1 1 1 1 1 1 1 1 0 1 0 1 0 1 1 1 1 1 1 1 1 1 0 1 1 0 1] 0.3300206811984114
[0 1 1 1 1 1 0 1 1 1 0 1 1 0 0 0 1 1 1 0 1 0 1 0 1 1 1 0 0 1 1] 0.8644886690440584
[0 1 1 1 1 1 1 0 0 1 0 1 1 1 1 1 1 1 1 1 1 1 1 1 0 1 1 1 1 1 1] 0.8556088262200232
[0 1 1 1 1 1 1 0 1 1 1 1 0 0 1 1 1 1 1 0 1 1 1 1 0 1 1 1 0 1 1] 0.8410290237467019
[0 1 1 1 1 1 1 1 1 1 1 1 0 1 1 1 1 1 1 1 1 1 1 1 1 1 1 1 1 0 1] 0.8717016502400091
[0 1 1 1 1 1 1 0 1 0 1 1 1 1 0 1 0 1 1 0 0 1 1 1 1 1 1 0 1 1 0] 0.8757886806667294
[1 1 1 1 1 1 0 1 1 1 1 1 1 1 0 1 1 1 1 0 1 1 1 1 1 1 0 0 0 1 1] 0.33523965886806223
[1 1 1 1 1 1 1 1 1 1 1 1 0 1 1 1 0 1 0 1 1 1 1 0 1 1 1 1 1 1 0] 0.39468644662617086
[0 0 1 0 1 1 1 0 1 0 1 0 1 1 1 1 1 1 1 0 0 1 0 1 1 0 1 1 1 1 1] 0.8782088763981365
[1 1 1 1 1 1 1 1 1 1 0 0 1 1 1 1 0 1 1 1 1 1 1 1 1 1 1 1 1 1 1] 0.4040809672132554
[0 1 1 1 1 1 1 0 1 1 1 1 1 0 0 1 1 1 0 1 1 1 1 0 1 1 1 1 1 1 0] 0.8514648399705871
[0 0 0 0 0 1 1 1 0 1 1 0 0 1 0 1 0 1 1 1 1 1 1 1 1 1 0 0 1 0 1] 0.8764941746103797
[0 1 1 1 1 1 0 1 1 1 1 1 0 1 1 1 1 1 1 1 1 1 0 1 0 1 1 0 1 1 1] 0.8373167115968901
[0 0 1 1 1 1 1 1 1 1 1 1 0 1 1 0 1 1 1 0 0 1 1 1 1 1 1 1 1 1 1] 0.8892699383072707
[0 1 1 1 1 0 1 1 1 1 0 1 1 1 0 0 1 1 1 1 0 1 1 1 1 1 1 1 0 1 1] 0.887445605076549
[1 1 1 1 1 1 1 1 1 1 1 0 1 1 1 1 1 1 1 1 1 1 1 1 1 1 1 1 0 0 1] 0.4040809672132554
[0 1 0 1 1 1 1 0 0 0 0 1 1 1 1 1 1 1 0 1 1 1 1 1 0 1 1 1 0 1 1] 0.8320422535211267
[0 1 1 1 1 1 1 1 1 1 1 1 1 1 1 1 1 1 1 1 1 1 1 1 1 1 1 0 1 1 1] 0.8675703461143053
[0 1 0 0 1 0 1 0 1 1 1 0 1 1 1 1 0 1 1 0 0 1 1 1 0 1 0 1 0 1 1] 0.6765136408579461
[1 1 1 0 1 1 1 0 1 1 1 0 1 1 0 1 1 1 1 0 1 1 1 1 1 1 1 1 0 0 1] 0.34060469674421984
[0 1 1 1 1 1 1 1 1 1 1 0 1 1 1 1 1 1 1 0 1 1 1 1 1 0 1 1 1 1 1] 0.8788072257483005
[0 1 1 1 1 1 1 1 1 1 1 1 1 1 1 1 1 1 1 1 1 1 0 1 1 1 1 1 1 1 1] 0.8645012731520185
[0 0 1 1 1 1 1 1 1 1 1 1 1 1 1 1 1 1 1 1 1 1 1 1 1 1 1 0 1 1 1] 0.8846979023206573
[0 1 1 0 1 0 1 1 1 0 1 1 1 1 1 1 1 1 1 0 1 1 1 1 1 1 1 1 0 1 1] 0.8732797005844434
[0 1 0 1 0 1 1 1 1 0 1 0 1 1 1 1 1 1 1 1 1 1 1 1 1 1 1 0 1 1 1] 0.8402706022264247
[1 1 1 1 1 1 1 1 1 1 1 1 1 1 1 1 1 1 1 1 1 1 0 1 1 1 1 1 1 1 1] 0.39468644662617086
[1 1 1 1 1 1 1 1 1 1 0 0 1 1 0 1 0 1 1 1 1 1 1 0 1 1 1 1 1 0 1] 0.34060469674421984
[0 1 1 1 0 1 1 1 0 1 1 1 0 1 1 0 1 1 1 1 1 0 1 1 1 1 1 1 1 1 1] 0.8895198640817371
[0 1 1 1 1 1 1 1 1 1 1 0 1 1 1 1 1 1 1 0 1 1 1 1 1 1 1 1 1 1 1] 0.8778030488148719
[0 1 1 1 0 1 1 1 1 1 1 0 0 1 0 1 1 1 0 1 1 1 0 1 1 0 1 1 1 1 1] 0.8668792119279891
[1 1 1 1 1 1 1 1 1 1 1 1 1 1 0 1 1 1 1 1 0 1 1 1 1 0 0 0 1 1 1] 0.33523965886806223
[0 0 1 1 1 1 1 1 1 1 0 1 0 1 0 1 0 1 1 0 0 1 0 1 1 1 1 0 1 1 1] 0.8750284198560061
[0 0 0 0 0 1 1 1 1 1 1 0 0 1 0 1 0 1 1 1 1 1 1 1 1 0 0 0 1 1 1] 0.8641809513760326
[0 1 1 1 1 1 1 1 1 1 1 1 1 1 1 1 1 1 0 1 1 1 1 1 1 1 1 1 1 1 1] 0.8755762108094082
[0 1 1 1 0 1 1 1 1 1 1 1 1 1 1 1 1 1 1 1 1 1 1 1 1 1 1 1 1 1 1] 0.8635315198536
[0 0 1 1 1 1 1 1 1 1 1 1 0 1 0 1 1 1 1 1 1 1 1 1 1 0 0 0 1 0 1] 0.8595023791502553
[0 1 1 1 1 1 1 1 1 1 1 0 1 1 1 0 1 1 0 0 1 1 1 1 1 1 1 1 1 1 1] 0.8859071651380418
[0 1 1 1 0 1 1 1 1 1 1 1 1 1 0 1 1 1 1 1 1 1 1 1 1 1 1 1 0 1 1] 0.8733093153940472
[0 1 1 0 1 1 1 1 1 0 1 1 1 1 1 1 1 1 1 0 1 1 1 1 1 1 1 1 0 1 1] 0.8724025545863868
[0 0 1 1 1 1 1 1 1 1 0 1 1 1 0 1 1 1 1 0 1 1 1 1 1 0 1 1 0 1 1] 0.8653924398428038
[1 1 1 1 1 1 0 1 0 1 1 1 1 1 1 0 0 1 1 1 0 0 1 1 1 1 1 0 0 1 1] 0.3243407651824475
[0 0 1 1 1 1 1 1 1 1 0 1 1 1 0 0 1 1 1 0 0 1 1 1 1 1 1 1 0 1 1] 0.8776138574585844
[0 0 1 0 1 0 1 1 1 1 0 1 0 1 0 0 1 1 0 0 1 1 1 1 0 1 1 1 1 0 1] 0.8176370945313882
[0 0 1 1 1 1 1 1 1 1 0 1 0 1 0 1 1 1 1 0 0 1 0 1 1 1 1 0 1 1 1] 0.8676353978580914
[0 0 1 1 1 1 1 1 1 1 1 1 1 1 1 1 1 1 1 1 1 1 1 1 1 1 1 1 1 1 1] 0.8768594455342582
[0 0 1 1 0 1 1 1 1 1 1 1 0 1 1 0 1 1 1 0 0 1 1 1 1 1 1 1 1 1 1] 0.8982700748773561
[0 0 0 1 0 1 1 0 1 1 0 1 0 1 0 1 1 1 1 0 0 1 1 1 1 1 1 1 0 1 1] 0.8791540358205298
[0 0 0 1 0 1 1 0 0 0 0 0 0 1 0 0 1 1 1 0 0 1 1 1 1 1 1 1 0 0 1] 0.8938016988760712
[0 1 1 1 0 1 1 0 1 1 1 1 1 1 0 1 1 1 1 0 0 1 1 1 1 1 1 1 1 1 1] 0.8807332567570735
[0 1 0 0 0 0 1 0 0 0 0 0 1 1 0 0 1 1 0 0 0 1 0 1 0 0 1 1 0 0 1] 0.6507488310104136
[0 0 1 1 1 0 1 1 1 1 0 1 1 1 0 0 1 1 1 0 0 1 1 1 1 1 1 1 0 1 1] 0.8834608510458641
[0 1 1 1 1 1 1 0 1 1 0 1 1 1 0 1 1 1 1 0 0 1 1 1 1 1 1 1 0 1 1] 0.8934464547722527
[0 0 0 1 0 1 1 0 1 1 0 1 0 1 0 0 1 1 1 0 0 1 1 1 1 1 1 1 0 0 1] 0.8824109650812141
[0 0 0 1 0 1 1 0 1 1 0 0 0 1 0 0 1 1 0 0 0 1 1 1 1 0 1 1 0 0 1] 0.8932608251823531
[0 0 0 1 0 1 1 0 1 1 0 0 0 1 0 0 1 1 1 0 0 1 1 1 1 1 1 1 0 0 1] 0.892151442363534
[0 0 1 1 1 1 1 0 1 1 0 1 0 1 0 0 1 1 1 1 0 1 1 1 1 1 1 0 0 0 1] 0.8821625075765763
[0 0 0 1 0 1 1 0 1 1 0 1 0 1 0 1 1 1 1 0 0 1 1 1 1 1 1 1 0 0 1] 0.8824109650812141
[0 0 0 1 0 1 1 0 1 1 0 1 1 1 0 1 1 1 1 0 0 1 1 1 1 0 1 1 0 1 1] 0.8824109650812141
[1 1 0 0 1 1 1 0 1 0 1 0 0 1 0 0 1 1 0 0 0 1 0 1 1 1 1 1 1 1 1] 0.33544839640591
