0 14 100 0.09726711724948578 [0 0 1 0 1 0 0 1 0 1 0 1 0 1 0 0 1 0 0 1 0 1 0 1 1 0 1 0 0 1 1]
1 14 39 0.09726711724948578 [0 0 1 0 1 0 0 1 0 1 0 1 0 1 0 0 1 0 0 1 0 1 0 1 1 0 1 0 0 1 1]
2 14 26 0.09726711724948578 [0 0 1 0 1 0 0 1 0 1 0 1 0 1 0 0 1 0 0 1 0 1 0 1 1 0 1 0 0 1 1]
3 14 12 0.09726711724948578 [0 0 1 0 1 0 0 1 0 1 0 1 0 1 0 0 1 0 0 1 0 1 0 1 1 0 1 0 0 1 1]
4 14 12 0.09726711724948578 [0 0 1 0 1 0 0 1 0 1 0 1 0 1 0 0 1 0 0 1 0 1 0 1 1 0 1 0 0 1 1]
5 14 7 0.09726711724948578 [0 0 1 0 1 0 0 1 0 1 0 1 0 1 0 0 1 0 0 1 0 1 0 1 1 0 1 0 0 1 1]
6 14 3 0.09726711724948578 [0 0 1 0 1 0 0 1 0 1 0 1 0 1 0 0 1 0 0 1 0 1 0 1 1 0 1 0 0 1 1]
7 14 3 0.09726711724948578 [0 0 1 0 1 0 0 1 0 1 0 1 0 1 0 0 1 0 0 1 0 1 0 1 1 0 1 0 0 1 1]
8 14 4 0.09726711724948578 [0 0 1 0 1 0 0 1 0 1 0 1 0 1 0 0 1 0 0 1 0 1 0 1 1 0 1 0 0 1 1]
9 18 3 0.09199138151407804 [0 0 1 1 1 0 0 1 0 1 0 1 0 1 0 1 1 0 0 1 0 1 1 1 1 0 1 1 0 1 1]
10 18 3 0.09199138151407804 [0 0 1 1 1 0 0 1 0 1 0 1 0 1 0 1 1 0 0 1 0 1 1 1 1 0 1 1 0 1 1]
11 14 3 0.09082122961058381 [0 1 1 0 1 0 0 1 0 1 0 1 0 1 0 0 1 0 0 1 0 0 0 1 1 0 1 0 0 1 1]
12 14 0 0.09082122961058381 [0 1 1 0 1 0 0 1 0 1 0 1 0 1 0 0 1 0 0 1 0 0 0 1 1 0 1 0 0 1 1]
13 18 1 0.09050637814976681 [0 0 1 1 1 0 0 1 0 1 0 1 1 1 0 0 1 0 0 1 0 1 1 1 1 1 1 0 0 1 1]
14 18 2 0.09050637814976681 [0 0 1 1 1 0 0 1 0 1 0 1 1 1 0 0 1 0 0 1 0 1 1 1 1 1 1 0 0 1 1]
15 18 1 0.09050637814976681 [0 0 1 1 1 0 0 1 0 1 0 1 1 1 0 0 1 0 0 1 0 1 1 1 1 1 1 0 0 1 1]
16 18 1 0.09050637814976681 [0 0 1 1 1 0 0 1 0 1 0 1 1 1 0 0 1 0 0 1 0 1 1 1 1 1 1 0 0 1 1]
17 18 0 0.09050637814976681 [0 0 1 1 1 0 0 1 0 1 0 1 1 1 0 0 1 0 0 1 0 1 1 1 1 1 1 0 0 1 1]
18 18 0 0.09050637814976681 [0 0 1 1 1 0 0 1 0 1 0 1 1 1 0 0 1 0 0 1 0 1 1 1 1 1 1 0 0 1 1]
19 18 1 0.09050637814976681 [0 0 1 1 1 0 0 1 0 1 0 1 1 1 0 0 1 0 0 1 0 1 1 1 1 1 1 0 0 1 1]
20 18 0 0.09050637814976681 [0 0 1 1 1 0 0 1 0 1 0 1 1 1 0 0 1 0 0 1 0 1 1 1 1 1 1 0 0 1 1]
21 18 0 0.09050637814976681 [0 0 1 1 1 0 0 1 0 1 0 1 1 1 0 0 1 0 0 1 0 1 1 1 1 1 1 0 0 1 1]
22 18 1 0.09050637814976681 [0 0 1 1 1 0 0 1 0 1 0 1 1 1 0 0 1 0 0 1 0 1 1 1 1 1 1 0 0 1 1]
23 18 0 0.09050637814976681 [0 0 1 1 1 0 0 1 0 1 0 1 1 1 0 0 1 0 0 1 0 1 1 1 1 1 1 0 0 1 1]
24 18 0 0.09050637814976681 [0 0 1 1 1 0 0 1 0 1 0 1 1 1 0 0 1 0 0 1 0 1 1 1 1 1 1 0 0 1 1]
25 18 0 0.09050637814976681 [0 0 1 1 1 0 0 1 0 1 0 1 1 1 0 0 1 0 0 1 0 1 1 1 1 1 1 0 0 1 1]
26 18 0 0.09050637814976681 [0 0 1 1 1 0 0 1 0 1 0 1 1 1 0 0 1 0 0 1 0 1 1 1 1 1 1 0 0 1 1]
27 18 0 0.09050637814976681 [0 0 1 1 1 0 0 1 0 1 0 1 1 1 0 0 1 0 0 1 0 1 1 1 1 1 1 0 0 1 1]
28 18 0 0.09050637814976681 [0 0 1 1 1 0 0 1 0 1 0 1 1 1 0 0 1 0 0 1 0 1 1 1 1 1 1 0 0 1 1]
29 18 0 0.09050637814976681 [0 0 1 1 1 0 0 1 0 1 0 1 1 1 0 0 1 0 0 1 0 1 1 1 1 1 1 0 0 1 1]
30 18 0 0.09050637814976681 [0 0 1 1 1 0 0 1 0 1 0 1 1 1 0 0 1 0 0 1 0 1 1 1 1 1 1 0 0 1 1]
31 18 0 0.09050637814976681 [0 0 1 1 1 0 0 1 0 1 0 1 1 1 0 0 1 0 0 1 0 1 1 1 1 1 1 0 0 1 1]
32 18 0 0.09050637814976681 [0 0 1 1 1 0 0 1 0 1 0 1 1 1 0 0 1 0 0 1 0 1 1 1 1 1 1 0 0 1 1]
33 18 0 0.09050637814976681 [0 0 1 1 1 0 0 1 0 1 0 1 1 1 0 0 1 0 0 1 0 1 1 1 1 1 1 0 0 1 1]
34 18 0 0.09050637814976681 [0 0 1 1 1 0 0 1 0 1 0 1 1 1 0 0 1 0 0 1 0 1 1 1 1 1 1 0 0 1 1]
35 18 0 0.09050637814976681 [0 0 1 1 1 0 0 1 0 1 0 1 1 1 0 0 1 0 0 1 0 1 1 1 1 1 1 0 0 1 1]
36 18 0 0.09050637814976681 [0 0 1 1 1 0 0 1 0 1 0 1 1 1 0 0 1 0 0 1 0 1 1 1 1 1 1 0 0 1 1]
37 18 0 0.09050637814976681 [0 0 1 1 1 0 0 1 0 1 0 1 1 1 0 0 1 0 0 1 0 1 1 1 1 1 1 0 0 1 1]
38 18 0 0.09050637814976681 [0 0 1 1 1 0 0 1 0 1 0 1 1 1 0 0 1 0 0 1 0 1 1 1 1 1 1 0 0 1 1]
39 18 0 0.09050637814976681 [0 0 1 1 1 0 0 1 0 1 0 1 1 1 0 0 1 0 0 1 0 1 1 1 1 1 1 0 0 1 1]
40 18 0 0.09050637814976681 [0 0 1 1 1 0 0 1 0 1 0 1 1 1 0 0 1 0 0 1 0 1 1 1 1 1 1 0 0 1 1]
41 18 0 0.09050637814976681 [0 0 1 1 1 0 0 1 0 1 0 1 1 1 0 0 1 0 0 1 0 1 1 1 1 1 1 0 0 1 1]
42 18 0 0.09050637814976681 [0 0 1 1 1 0 0 1 0 1 0 1 1 1 0 0 1 0 0 1 0 1 1 1 1 1 1 0 0 1 1]
43 18 0 0.09050637814976681 [0 0 1 1 1 0 0 1 0 1 0 1 1 1 0 0 1 0 0 1 0 1 1 1 1 1 1 0 0 1 1]
44 18 0 0.09050637814976681 [0 0 1 1 1 0 0 1 0 1 0 1 1 1 0 0 1 0 0 1 0 1 1 1 1 1 1 0 0 1 1]
45 18 0 0.09050637814976681 [0 0 1 1 1 0 0 1 0 1 0 1 1 1 0 0 1 0 0 1 0 1 1 1 1 1 1 0 0 1 1]
46 18 0 0.09050637814976681 [0 0 1 1 1 0 0 1 0 1 0 1 1 1 0 0 1 0 0 1 0 1 1 1 1 1 1 0 0 1 1]
47 18 0 0.09050637814976681 [0 0 1 1 1 0 0 1 0 1 0 1 1 1 0 0 1 0 0 1 0 1 1 1 1 1 1 0 0 1 1]
48 18 0 0.09050637814976681 [0 0 1 1 1 0 0 1 0 1 0 1 1 1 0 0 1 0 0 1 0 1 1 1 1 1 1 0 0 1 1]
49 18 0 0.09050637814976681 [0 0 1 1 1 0 0 1 0 1 0 1 1 1 0 0 1 0 0 1 0 1 1 1 1 1 1 0 0 1 1]
50 18 0 0.09050637814976681 [0 0 1 1 1 0 0 1 0 1 0 1 1 1 0 0 1 0 0 1 0 1 1 1 1 1 1 0 0 1 1]
51 18 0 0.09050637814976681 [0 0 1 1 1 0 0 1 0 1 0 1 1 1 0 0 1 0 0 1 0 1 1 1 1 1 1 0 0 1 1]
52 18 0 0.09050637814976681 [0 0 1 1 1 0 0 1 0 1 0 1 1 1 0 0 1 0 0 1 0 1 1 1 1 1 1 0 0 1 1]
53 18 0 0.09050637814976681 [0 0 1 1 1 0 0 1 0 1 0 1 1 1 0 0 1 0 0 1 0 1 1 1 1 1 1 0 0 1 1]
54 18 0 0.09050637814976681 [0 0 1 1 1 0 0 1 0 1 0 1 1 1 0 0 1 0 0 1 0 1 1 1 1 1 1 0 0 1 1]
55 18 0 0.09050637814976681 [0 0 1 1 1 0 0 1 0 1 0 1 1 1 0 0 1 0 0 1 0 1 1 1 1 1 1 0 0 1 1]
56 18 0 0.09050637814976681 [0 0 1 1 1 0 0 1 0 1 0 1 1 1 0 0 1 0 0 1 0 1 1 1 1 1 1 0 0 1 1]
57 18 0 0.09050637814976681 [0 0 1 1 1 0 0 1 0 1 0 1 1 1 0 0 1 0 0 1 0 1 1 1 1 1 1 0 0 1 1]
58 18 0 0.09050637814976681 [0 0 1 1 1 0 0 1 0 1 0 1 1 1 0 0 1 0 0 1 0 1 1 1 1 1 1 0 0 1 1]
59 18 0 0.09050637814976681 [0 0 1 1 1 0 0 1 0 1 0 1 1 1 0 0 1 0 0 1 0 1 1 1 1 1 1 0 0 1 1]
60 18 0 0.09050637814976681 [0 0 1 1 1 0 0 1 0 1 0 1 1 1 0 0 1 0 0 1 0 1 1 1 1 1 1 0 0 1 1]
61 18 0 0.09050637814976681 [0 0 1 1 1 0 0 1 0 1 0 1 1 1 0 0 1 0 0 1 0 1 1 1 1 1 1 0 0 1 1]
62 18 0 0.09050637814976681 [0 0 1 1 1 0 0 1 0 1 0 1 1 1 0 0 1 0 0 1 0 1 1 1 1 1 1 0 0 1 1]
63 18 0 0.09050637814976681 [0 0 1 1 1 0 0 1 0 1 0 1 1 1 0 0 1 0 0 1 0 1 1 1 1 1 1 0 0 1 1]
64 18 0 0.09050637814976681 [0 0 1 1 1 0 0 1 0 1 0 1 1 1 0 0 1 0 0 1 0 1 1 1 1 1 1 0 0 1 1]
65 18 0 0.09050637814976681 [0 0 1 1 1 0 0 1 0 1 0 1 1 1 0 0 1 0 0 1 0 1 1 1 1 1 1 0 0 1 1]
66 18 0 0.09050637814976681 [0 0 1 1 1 0 0 1 0 1 0 1 1 1 0 0 1 0 0 1 0 1 1 1 1 1 1 0 0 1 1]
67 18 0 0.09050637814976681 [0 0 1 1 1 0 0 1 0 1 0 1 1 1 0 0 1 0 0 1 0 1 1 1 1 1 1 0 0 1 1]
68 18 0 0.09050637814976681 [0 0 1 1 1 0 0 1 0 1 0 1 1 1 0 0 1 0 0 1 0 1 1 1 1 1 1 0 0 1 1]
69 18 0 0.09050637814976681 [0 0 1 1 1 0 0 1 0 1 0 1 1 1 0 0 1 0 0 1 0 1 1 1 1 1 1 0 0 1 1]
70 18 0 0.09050637814976681 [0 0 1 1 1 0 0 1 0 1 0 1 1 1 0 0 1 0 0 1 0 1 1 1 1 1 1 0 0 1 1]
71 18 0 0.09050637814976681 [0 0 1 1 1 0 0 1 0 1 0 1 1 1 0 0 1 0 0 1 0 1 1 1 1 1 1 0 0 1 1]
72 18 0 0.09050637814976681 [0 0 1 1 1 0 0 1 0 1 0 1 1 1 0 0 1 0 0 1 0 1 1 1 1 1 1 0 0 1 1]
73 18 0 0.09050637814976681 [0 0 1 1 1 0 0 1 0 1 0 1 1 1 0 0 1 0 0 1 0 1 1 1 1 1 1 0 0 1 1]
74 18 0 0.09050637814976681 [0 0 1 1 1 0 0 1 0 1 0 1 1 1 0 0 1 0 0 1 0 1 1 1 1 1 1 0 0 1 1]
75 18 0 0.09050637814976681 [0 0 1 1 1 0 0 1 0 1 0 1 1 1 0 0 1 0 0 1 0 1 1 1 1 1 1 0 0 1 1]
76 18 0 0.09050637814976681 [0 0 1 1 1 0 0 1 0 1 0 1 1 1 0 0 1 0 0 1 0 1 1 1 1 1 1 0 0 1 1]
77 18 0 0.09050637814976681 [0 0 1 1 1 0 0 1 0 1 0 1 1 1 0 0 1 0 0 1 0 1 1 1 1 1 1 0 0 1 1]
78 18 0 0.09050637814976681 [0 0 1 1 1 0 0 1 0 1 0 1 1 1 0 0 1 0 0 1 0 1 1 1 1 1 1 0 0 1 1]
79 18 0 0.09050637814976681 [0 0 1 1 1 0 0 1 0 1 0 1 1 1 0 0 1 0 0 1 0 1 1 1 1 1 1 0 0 1 1]
80 18 0 0.09050637814976681 [0 0 1 1 1 0 0 1 0 1 0 1 1 1 0 0 1 0 0 1 0 1 1 1 1 1 1 0 0 1 1]
81 18 0 0.09050637814976681 [0 0 1 1 1 0 0 1 0 1 0 1 1 1 0 0 1 0 0 1 0 1 1 1 1 1 1 0 0 1 1]
82 18 0 0.09050637814976681 [0 0 1 1 1 0 0 1 0 1 0 1 1 1 0 0 1 0 0 1 0 1 1 1 1 1 1 0 0 1 1]
83 18 0 0.09050637814976681 [0 0 1 1 1 0 0 1 0 1 0 1 1 1 0 0 1 0 0 1 0 1 1 1 1 1 1 0 0 1 1]
84 18 0 0.09050637814976681 [0 0 1 1 1 0 0 1 0 1 0 1 1 1 0 0 1 0 0 1 0 1 1 1 1 1 1 0 0 1 1]
85 18 0 0.09050637814976681 [0 0 1 1 1 0 0 1 0 1 0 1 1 1 0 0 1 0 0 1 0 1 1 1 1 1 1 0 0 1 1]
86 18 0 0.09050637814976681 [0 0 1 1 1 0 0 1 0 1 0 1 1 1 0 0 1 0 0 1 0 1 1 1 1 1 1 0 0 1 1]
87 18 0 0.09050637814976681 [0 0 1 1 1 0 0 1 0 1 0 1 1 1 0 0 1 0 0 1 0 1 1 1 1 1 1 0 0 1 1]
88 18 0 0.09050637814976681 [0 0 1 1 1 0 0 1 0 1 0 1 1 1 0 0 1 0 0 1 0 1 1 1 1 1 1 0 0 1 1]
89 18 0 0.09050637814976681 [0 0 1 1 1 0 0 1 0 1 0 1 1 1 0 0 1 0 0 1 0 1 1 1 1 1 1 0 0 1 1]
90 18 0 0.09050637814976681 [0 0 1 1 1 0 0 1 0 1 0 1 1 1 0 0 1 0 0 1 0 1 1 1 1 1 1 0 0 1 1]
91 18 0 0.09050637814976681 [0 0 1 1 1 0 0 1 0 1 0 1 1 1 0 0 1 0 0 1 0 1 1 1 1 1 1 0 0 1 1]
92 18 0 0.09050637814976681 [0 0 1 1 1 0 0 1 0 1 0 1 1 1 0 0 1 0 0 1 0 1 1 1 1 1 1 0 0 1 1]
93 18 0 0.09050637814976681 [0 0 1 1 1 0 0 1 0 1 0 1 1 1 0 0 1 0 0 1 0 1 1 1 1 1 1 0 0 1 1]
94 18 0 0.09050637814976681 [0 0 1 1 1 0 0 1 0 1 0 1 1 1 0 0 1 0 0 1 0 1 1 1 1 1 1 0 0 1 1]
95 18 0 0.09050637814976681 [0 0 1 1 1 0 0 1 0 1 0 1 1 1 0 0 1 0 0 1 0 1 1 1 1 1 1 0 0 1 1]
96 18 0 0.09050637814976681 [0 0 1 1 1 0 0 1 0 1 0 1 1 1 0 0 1 0 0 1 0 1 1 1 1 1 1 0 0 1 1]
97 18 0 0.09050637814976681 [0 0 1 1 1 0 0 1 0 1 0 1 1 1 0 0 1 0 0 1 0 1 1 1 1 1 1 0 0 1 1]
98 18 0 0.09050637814976681 [0 0 1 1 1 0 0 1 0 1 0 1 1 1 0 0 1 0 0 1 0 1 1 1 1 1 1 0 0 1 1]
99 18 0 0.09050637814976681 [0 0 1 1 1 0 0 1 0 1 0 1 1 1 0 0 1 0 0 1 0 1 1 1 1 1 1 0 0 1 1]
100 18 0 0.09050637814976681 [0 0 1 1 1 0 0 1 0 1 0 1 1 1 0 0 1 0 0 1 0 1 1 1 1 1 1 0 0 1 1]
101 18 0 0.09050637814976681 [0 0 1 1 1 0 0 1 0 1 0 1 1 1 0 0 1 0 0 1 0 1 1 1 1 1 1 0 0 1 1]
102 18 0 0.09050637814976681 [0 0 1 1 1 0 0 1 0 1 0 1 1 1 0 0 1 0 0 1 0 1 1 1 1 1 1 0 0 1 1]
103 18 0 0.09050637814976681 [0 0 1 1 1 0 0 1 0 1 0 1 1 1 0 0 1 0 0 1 0 1 1 1 1 1 1 0 0 1 1]
104 18 0 0.09050637814976681 [0 0 1 1 1 0 0 1 0 1 0 1 1 1 0 0 1 0 0 1 0 1 1 1 1 1 1 0 0 1 1]
105 18 0 0.09050637814976681 [0 0 1 1 1 0 0 1 0 1 0 1 1 1 0 0 1 0 0 1 0 1 1 1 1 1 1 0 0 1 1]
106 18 0 0.09050637814976681 [0 0 1 1 1 0 0 1 0 1 0 1 1 1 0 0 1 0 0 1 0 1 1 1 1 1 1 0 0 1 1]
107 18 0 0.09050637814976681 [0 0 1 1 1 0 0 1 0 1 0 1 1 1 0 0 1 0 0 1 0 1 1 1 1 1 1 0 0 1 1]
108 18 0 0.09050637814976681 [0 0 1 1 1 0 0 1 0 1 0 1 1 1 0 0 1 0 0 1 0 1 1 1 1 1 1 0 0 1 1]
109 18 0 0.09050637814976681 [0 0 1 1 1 0 0 1 0 1 0 1 1 1 0 0 1 0 0 1 0 1 1 1 1 1 1 0 0 1 1]
110 18 0 0.09050637814976681 [0 0 1 1 1 0 0 1 0 1 0 1 1 1 0 0 1 0 0 1 0 1 1 1 1 1 1 0 0 1 1]
111 18 0 0.09050637814976681 [0 0 1 1 1 0 0 1 0 1 0 1 1 1 0 0 1 0 0 1 0 1 1 1 1 1 1 0 0 1 1]
112 18 0 0.09050637814976681 [0 0 1 1 1 0 0 1 0 1 0 1 1 1 0 0 1 0 0 1 0 1 1 1 1 1 1 0 0 1 1]
113 18 0 0.09050637814976681 [0 0 1 1 1 0 0 1 0 1 0 1 1 1 0 0 1 0 0 1 0 1 1 1 1 1 1 0 0 1 1]
114 18 0 0.09050637814976681 [0 0 1 1 1 0 0 1 0 1 0 1 1 1 0 0 1 0 0 1 0 1 1 1 1 1 1 0 0 1 1]
115 18 0 0.09050637814976681 [0 0 1 1 1 0 0 1 0 1 0 1 1 1 0 0 1 0 0 1 0 1 1 1 1 1 1 0 0 1 1]
116 18 0 0.09050637814976681 [0 0 1 1 1 0 0 1 0 1 0 1 1 1 0 0 1 0 0 1 0 1 1 1 1 1 1 0 0 1 1]
117 18 0 0.09050637814976681 [0 0 1 1 1 0 0 1 0 1 0 1 1 1 0 0 1 0 0 1 0 1 1 1 1 1 1 0 0 1 1]
118 18 0 0.09050637814976681 [0 0 1 1 1 0 0 1 0 1 0 1 1 1 0 0 1 0 0 1 0 1 1 1 1 1 1 0 0 1 1]
119 18 0 0.09050637814976681 [0 0 1 1 1 0 0 1 0 1 0 1 1 1 0 0 1 0 0 1 0 1 1 1 1 1 1 0 0 1 1]
120 18 0 0.09050637814976681 [0 0 1 1 1 0 0 1 0 1 0 1 1 1 0 0 1 0 0 1 0 1 1 1 1 1 1 0 0 1 1]
121 18 0 0.09050637814976681 [0 0 1 1 1 0 0 1 0 1 0 1 1 1 0 0 1 0 0 1 0 1 1 1 1 1 1 0 0 1 1]
122 18 0 0.09050637814976681 [0 0 1 1 1 0 0 1 0 1 0 1 1 1 0 0 1 0 0 1 0 1 1 1 1 1 1 0 0 1 1]
123 18 0 0.09050637814976681 [0 0 1 1 1 0 0 1 0 1 0 1 1 1 0 0 1 0 0 1 0 1 1 1 1 1 1 0 0 1 1]
124 18 0 0.09050637814976681 [0 0 1 1 1 0 0 1 0 1 0 1 1 1 0 0 1 0 0 1 0 1 1 1 1 1 1 0 0 1 1]
125 18 0 0.09050637814976681 [0 0 1 1 1 0 0 1 0 1 0 1 1 1 0 0 1 0 0 1 0 1 1 1 1 1 1 0 0 1 1]
126 18 0 0.09050637814976681 [0 0 1 1 1 0 0 1 0 1 0 1 1 1 0 0 1 0 0 1 0 1 1 1 1 1 1 0 0 1 1]
127 18 0 0.09050637814976681 [0 0 1 1 1 0 0 1 0 1 0 1 1 1 0 0 1 0 0 1 0 1 1 1 1 1 1 0 0 1 1]
128 18 0 0.09050637814976681 [0 0 1 1 1 0 0 1 0 1 0 1 1 1 0 0 1 0 0 1 0 1 1 1 1 1 1 0 0 1 1]
129 18 0 0.09050637814976681 [0 0 1 1 1 0 0 1 0 1 0 1 1 1 0 0 1 0 0 1 0 1 1 1 1 1 1 0 0 1 1]
130 18 0 0.09050637814976681 [0 0 1 1 1 0 0 1 0 1 0 1 1 1 0 0 1 0 0 1 0 1 1 1 1 1 1 0 0 1 1]
131 18 0 0.09050637814976681 [0 0 1 1 1 0 0 1 0 1 0 1 1 1 0 0 1 0 0 1 0 1 1 1 1 1 1 0 0 1 1]
132 18 0 0.09050637814976681 [0 0 1 1 1 0 0 1 0 1 0 1 1 1 0 0 1 0 0 1 0 1 1 1 1 1 1 0 0 1 1]
133 18 0 0.09050637814976681 [0 0 1 1 1 0 0 1 0 1 0 1 1 1 0 0 1 0 0 1 0 1 1 1 1 1 1 0 0 1 1]
134 18 0 0.09050637814976681 [0 0 1 1 1 0 0 1 0 1 0 1 1 1 0 0 1 0 0 1 0 1 1 1 1 1 1 0 0 1 1]
135 18 0 0.09050637814976681 [0 0 1 1 1 0 0 1 0 1 0 1 1 1 0 0 1 0 0 1 0 1 1 1 1 1 1 0 0 1 1]
136 18 0 0.09050637814976681 [0 0 1 1 1 0 0 1 0 1 0 1 1 1 0 0 1 0 0 1 0 1 1 1 1 1 1 0 0 1 1]
137 18 0 0.09050637814976681 [0 0 1 1 1 0 0 1 0 1 0 1 1 1 0 0 1 0 0 1 0 1 1 1 1 1 1 0 0 1 1]
138 18 0 0.09050637814976681 [0 0 1 1 1 0 0 1 0 1 0 1 1 1 0 0 1 0 0 1 0 1 1 1 1 1 1 0 0 1 1]
139 18 0 0.09050637814976681 [0 0 1 1 1 0 0 1 0 1 0 1 1 1 0 0 1 0 0 1 0 1 1 1 1 1 1 0 0 1 1]
140 18 0 0.09050637814976681 [0 0 1 1 1 0 0 1 0 1 0 1 1 1 0 0 1 0 0 1 0 1 1 1 1 1 1 0 0 1 1]
141 18 0 0.09050637814976681 [0 0 1 1 1 0 0 1 0 1 0 1 1 1 0 0 1 0 0 1 0 1 1 1 1 1 1 0 0 1 1]
142 18 0 0.09050637814976681 [0 0 1 1 1 0 0 1 0 1 0 1 1 1 0 0 1 0 0 1 0 1 1 1 1 1 1 0 0 1 1]
143 18 0 0.09050637814976681 [0 0 1 1 1 0 0 1 0 1 0 1 1 1 0 0 1 0 0 1 0 1 1 1 1 1 1 0 0 1 1]
144 18 0 0.09050637814976681 [0 0 1 1 1 0 0 1 0 1 0 1 1 1 0 0 1 0 0 1 0 1 1 1 1 1 1 0 0 1 1]
145 18 0 0.09050637814976681 [0 0 1 1 1 0 0 1 0 1 0 1 1 1 0 0 1 0 0 1 0 1 1 1 1 1 1 0 0 1 1]
146 18 0 0.09050637814976681 [0 0 1 1 1 0 0 1 0 1 0 1 1 1 0 0 1 0 0 1 0 1 1 1 1 1 1 0 0 1 1]
147 18 0 0.09050637814976681 [0 0 1 1 1 0 0 1 0 1 0 1 1 1 0 0 1 0 0 1 0 1 1 1 1 1 1 0 0 1 1]
148 18 0 0.09050637814976681 [0 0 1 1 1 0 0 1 0 1 0 1 1 1 0 0 1 0 0 1 0 1 1 1 1 1 1 0 0 1 1]
149 18 0 0.09050637814976681 [0 0 1 1 1 0 0 1 0 1 0 1 1 1 0 0 1 0 0 1 0 1 1 1 1 1 1 0 0 1 1]
150 18 0 0.09050637814976681 [0 0 1 1 1 0 0 1 0 1 0 1 1 1 0 0 1 0 0 1 0 1 1 1 1 1 1 0 0 1 1]
