0 14 100 0.10439804531319408 [0 1 1 1 0 0 1 1 1 0 1 0 1 1 0 0 0 0 0 0 1 0 0 1 1 1 0 0 0 1 0]
1 14 43 0.10439804531319408 [0 1 1 1 0 0 1 1 1 0 1 0 1 1 0 0 0 0 0 0 1 0 0 1 1 1 0 0 0 1 0]
2 14 18 0.10439804531319408 [0 1 1 1 0 0 1 1 1 0 1 0 1 1 0 0 0 0 0 0 1 0 0 1 1 1 0 0 0 1 0]
3 14 15 0.10439804531319408 [0 1 1 1 0 0 1 1 1 0 1 0 1 1 0 0 0 0 0 0 1 0 0 1 1 1 0 0 0 1 0]
4 14 16 0.10439804531319408 [0 1 1 1 0 0 1 1 1 0 1 0 1 1 0 0 0 0 0 0 1 0 0 1 1 1 0 0 0 1 0]
5 14 7 0.10439804531319408 [0 1 1 1 0 0 1 1 1 0 1 0 1 1 0 0 0 0 0 0 1 0 0 1 1 1 0 0 0 1 0]
6 14 11 0.10439804531319408 [0 1 1 1 0 0 1 1 1 0 1 0 1 1 0 0 0 0 0 0 1 0 0 1 1 1 0 0 0 1 0]
7 14 5 0.10439804531319408 [0 1 1 1 0 0 1 1 1 0 1 0 1 1 0 0 0 0 0 0 1 0 0 1 1 1 0 0 0 1 0]
8 13 5 0.10012420074520445 [0 1 1 1 0 0 1 1 1 0 1 0 1 1 0 0 0 0 0 0 0 0 0 1 1 1 0 0 0 1 0]
9 13 3 0.10012420074520445 [0 1 1 1 0 0 1 1 1 0 1 0 1 1 0 0 0 0 0 0 0 0 0 1 1 1 0 0 0 1 0]
10 13 6 0.10012420074520445 [0 1 1 1 0 0 1 1 1 0 1 0 1 1 0 0 0 0 0 0 0 0 0 1 1 1 0 0 0 1 0]
11 13 2 0.10012420074520445 [0 1 1 1 0 0 1 1 1 0 1 0 1 1 0 0 0 0 0 0 0 0 0 1 1 1 0 0 0 1 0]
12 15 3 0.09070691603777015 [0 1 1 1 0 0 1 1 1 0 1 0 1 1 0 0 0 0 0 0 1 0 1 1 1 1 0 0 0 1 0]
13 15 1 0.09070691603777015 [0 1 1 1 0 0 1 1 1 0 1 0 1 1 0 0 0 0 0 0 1 0 1 1 1 1 0 0 0 1 0]
14 15 0 0.09070691603777015 [0 1 1 1 0 0 1 1 1 0 1 0 1 1 0 0 0 0 0 0 1 0 1 1 1 1 0 0 0 1 0]
15 15 1 0.09070691603777015 [0 1 1 1 0 0 1 1 1 0 1 0 1 1 0 0 0 0 0 0 1 0 1 1 1 1 0 0 0 1 0]
16 15 0 0.09070691603777015 [0 1 1 1 0 0 1 1 1 0 1 0 1 1 0 0 0 0 0 0 1 0 1 1 1 1 0 0 0 1 0]
17 15 0 0.09070691603777015 [0 1 1 1 0 0 1 1 1 0 1 0 1 1 0 0 0 0 0 0 1 0 1 1 1 1 0 0 0 1 0]
18 15 0 0.09070691603777015 [0 1 1 1 0 0 1 1 1 0 1 0 1 1 0 0 0 0 0 0 1 0 1 1 1 1 0 0 0 1 0]
19 15 0 0.09070691603777015 [0 1 1 1 0 0 1 1 1 0 1 0 1 1 0 0 0 0 0 0 1 0 1 1 1 1 0 0 0 1 0]
20 15 0 0.09070691603777015 [0 1 1 1 0 0 1 1 1 0 1 0 1 1 0 0 0 0 0 0 1 0 1 1 1 1 0 0 0 1 0]
21 15 0 0.09070691603777015 [0 1 1 1 0 0 1 1 1 0 1 0 1 1 0 0 0 0 0 0 1 0 1 1 1 1 0 0 0 1 0]
22 15 0 0.09070691603777015 [0 1 1 1 0 0 1 1 1 0 1 0 1 1 0 0 0 0 0 0 1 0 1 1 1 1 0 0 0 1 0]
23 15 0 0.09070691603777015 [0 1 1 1 0 0 1 1 1 0 1 0 1 1 0 0 0 0 0 0 1 0 1 1 1 1 0 0 0 1 0]
24 15 0 0.09070691603777015 [0 1 1 1 0 0 1 1 1 0 1 0 1 1 0 0 0 0 0 0 1 0 1 1 1 1 0 0 0 1 0]
25 15 0 0.09070691603777015 [0 1 1 1 0 0 1 1 1 0 1 0 1 1 0 0 0 0 0 0 1 0 1 1 1 1 0 0 0 1 0]
26 15 0 0.09070691603777015 [0 1 1 1 0 0 1 1 1 0 1 0 1 1 0 0 0 0 0 0 1 0 1 1 1 1 0 0 0 1 0]
27 15 0 0.09070691603777015 [0 1 1 1 0 0 1 1 1 0 1 0 1 1 0 0 0 0 0 0 1 0 1 1 1 1 0 0 0 1 0]
28 15 0 0.09070691603777015 [0 1 1 1 0 0 1 1 1 0 1 0 1 1 0 0 0 0 0 0 1 0 1 1 1 1 0 0 0 1 0]
29 15 0 0.09070691603777015 [0 1 1 1 0 0 1 1 1 0 1 0 1 1 0 0 0 0 0 0 1 0 1 1 1 1 0 0 0 1 0]
30 15 0 0.09070691603777015 [0 1 1 1 0 0 1 1 1 0 1 0 1 1 0 0 0 0 0 0 1 0 1 1 1 1 0 0 0 1 0]
31 15 0 0.09070691603777015 [0 1 1 1 0 0 1 1 1 0 1 0 1 1 0 0 0 0 0 0 1 0 1 1 1 1 0 0 0 1 0]
32 15 0 0.09070691603777015 [0 1 1 1 0 0 1 1 1 0 1 0 1 1 0 0 0 0 0 0 1 0 1 1 1 1 0 0 0 1 0]
33 15 0 0.09070691603777015 [0 1 1 1 0 0 1 1 1 0 1 0 1 1 0 0 0 0 0 0 1 0 1 1 1 1 0 0 0 1 0]
34 15 0 0.09070691603777015 [0 1 1 1 0 0 1 1 1 0 1 0 1 1 0 0 0 0 0 0 1 0 1 1 1 1 0 0 0 1 0]
35 15 0 0.09070691603777015 [0 1 1 1 0 0 1 1 1 0 1 0 1 1 0 0 0 0 0 0 1 0 1 1 1 1 0 0 0 1 0]
36 15 0 0.09070691603777015 [0 1 1 1 0 0 1 1 1 0 1 0 1 1 0 0 0 0 0 0 1 0 1 1 1 1 0 0 0 1 0]
37 15 0 0.09070691603777015 [0 1 1 1 0 0 1 1 1 0 1 0 1 1 0 0 0 0 0 0 1 0 1 1 1 1 0 0 0 1 0]
38 15 0 0.09070691603777015 [0 1 1 1 0 0 1 1 1 0 1 0 1 1 0 0 0 0 0 0 1 0 1 1 1 1 0 0 0 1 0]
39 15 0 0.09070691603777015 [0 1 1 1 0 0 1 1 1 0 1 0 1 1 0 0 0 0 0 0 1 0 1 1 1 1 0 0 0 1 0]
40 15 0 0.09070691603777015 [0 1 1 1 0 0 1 1 1 0 1 0 1 1 0 0 0 0 0 0 1 0 1 1 1 1 0 0 0 1 0]
41 15 0 0.09070691603777015 [0 1 1 1 0 0 1 1 1 0 1 0 1 1 0 0 0 0 0 0 1 0 1 1 1 1 0 0 0 1 0]
42 15 0 0.09070691603777015 [0 1 1 1 0 0 1 1 1 0 1 0 1 1 0 0 0 0 0 0 1 0 1 1 1 1 0 0 0 1 0]
43 15 0 0.09070691603777015 [0 1 1 1 0 0 1 1 1 0 1 0 1 1 0 0 0 0 0 0 1 0 1 1 1 1 0 0 0 1 0]
44 15 0 0.09070691603777015 [0 1 1 1 0 0 1 1 1 0 1 0 1 1 0 0 0 0 0 0 1 0 1 1 1 1 0 0 0 1 0]
45 15 0 0.09070691603777015 [0 1 1 1 0 0 1 1 1 0 1 0 1 1 0 0 0 0 0 0 1 0 1 1 1 1 0 0 0 1 0]
46 15 0 0.09070691603777015 [0 1 1 1 0 0 1 1 1 0 1 0 1 1 0 0 0 0 0 0 1 0 1 1 1 1 0 0 0 1 0]
47 15 0 0.09070691603777015 [0 1 1 1 0 0 1 1 1 0 1 0 1 1 0 0 0 0 0 0 1 0 1 1 1 1 0 0 0 1 0]
48 15 0 0.09070691603777015 [0 1 1 1 0 0 1 1 1 0 1 0 1 1 0 0 0 0 0 0 1 0 1 1 1 1 0 0 0 1 0]
49 15 0 0.09070691603777015 [0 1 1 1 0 0 1 1 1 0 1 0 1 1 0 0 0 0 0 0 1 0 1 1 1 1 0 0 0 1 0]
50 15 0 0.09070691603777015 [0 1 1 1 0 0 1 1 1 0 1 0 1 1 0 0 0 0 0 0 1 0 1 1 1 1 0 0 0 1 0]
51 15 0 0.09070691603777015 [0 1 1 1 0 0 1 1 1 0 1 0 1 1 0 0 0 0 0 0 1 0 1 1 1 1 0 0 0 1 0]
52 15 0 0.09070691603777015 [0 1 1 1 0 0 1 1 1 0 1 0 1 1 0 0 0 0 0 0 1 0 1 1 1 1 0 0 0 1 0]
53 15 0 0.09070691603777015 [0 1 1 1 0 0 1 1 1 0 1 0 1 1 0 0 0 0 0 0 1 0 1 1 1 1 0 0 0 1 0]
54 15 0 0.09070691603777015 [0 1 1 1 0 0 1 1 1 0 1 0 1 1 0 0 0 0 0 0 1 0 1 1 1 1 0 0 0 1 0]
55 15 0 0.09070691603777015 [0 1 1 1 0 0 1 1 1 0 1 0 1 1 0 0 0 0 0 0 1 0 1 1 1 1 0 0 0 1 0]
56 15 0 0.09070691603777015 [0 1 1 1 0 0 1 1 1 0 1 0 1 1 0 0 0 0 0 0 1 0 1 1 1 1 0 0 0 1 0]
57 15 0 0.09070691603777015 [0 1 1 1 0 0 1 1 1 0 1 0 1 1 0 0 0 0 0 0 1 0 1 1 1 1 0 0 0 1 0]
58 15 0 0.09070691603777015 [0 1 1 1 0 0 1 1 1 0 1 0 1 1 0 0 0 0 0 0 1 0 1 1 1 1 0 0 0 1 0]
59 15 0 0.09070691603777015 [0 1 1 1 0 0 1 1 1 0 1 0 1 1 0 0 0 0 0 0 1 0 1 1 1 1 0 0 0 1 0]
60 15 0 0.09070691603777015 [0 1 1 1 0 0 1 1 1 0 1 0 1 1 0 0 0 0 0 0 1 0 1 1 1 1 0 0 0 1 0]
61 15 0 0.09070691603777015 [0 1 1 1 0 0 1 1 1 0 1 0 1 1 0 0 0 0 0 0 1 0 1 1 1 1 0 0 0 1 0]
62 15 0 0.09070691603777015 [0 1 1 1 0 0 1 1 1 0 1 0 1 1 0 0 0 0 0 0 1 0 1 1 1 1 0 0 0 1 0]
63 15 0 0.09070691603777015 [0 1 1 1 0 0 1 1 1 0 1 0 1 1 0 0 0 0 0 0 1 0 1 1 1 1 0 0 0 1 0]
64 15 0 0.09070691603777015 [0 1 1 1 0 0 1 1 1 0 1 0 1 1 0 0 0 0 0 0 1 0 1 1 1 1 0 0 0 1 0]
65 15 0 0.09070691603777015 [0 1 1 1 0 0 1 1 1 0 1 0 1 1 0 0 0 0 0 0 1 0 1 1 1 1 0 0 0 1 0]
66 15 0 0.09070691603777015 [0 1 1 1 0 0 1 1 1 0 1 0 1 1 0 0 0 0 0 0 1 0 1 1 1 1 0 0 0 1 0]
67 15 0 0.09070691603777015 [0 1 1 1 0 0 1 1 1 0 1 0 1 1 0 0 0 0 0 0 1 0 1 1 1 1 0 0 0 1 0]
68 15 0 0.09070691603777015 [0 1 1 1 0 0 1 1 1 0 1 0 1 1 0 0 0 0 0 0 1 0 1 1 1 1 0 0 0 1 0]
69 15 0 0.09070691603777015 [0 1 1 1 0 0 1 1 1 0 1 0 1 1 0 0 0 0 0 0 1 0 1 1 1 1 0 0 0 1 0]
70 15 0 0.09070691603777015 [0 1 1 1 0 0 1 1 1 0 1 0 1 1 0 0 0 0 0 0 1 0 1 1 1 1 0 0 0 1 0]
71 15 0 0.09070691603777015 [0 1 1 1 0 0 1 1 1 0 1 0 1 1 0 0 0 0 0 0 1 0 1 1 1 1 0 0 0 1 0]
72 15 0 0.09070691603777015 [0 1 1 1 0 0 1 1 1 0 1 0 1 1 0 0 0 0 0 0 1 0 1 1 1 1 0 0 0 1 0]
73 15 0 0.09070691603777015 [0 1 1 1 0 0 1 1 1 0 1 0 1 1 0 0 0 0 0 0 1 0 1 1 1 1 0 0 0 1 0]
74 15 0 0.09070691603777015 [0 1 1 1 0 0 1 1 1 0 1 0 1 1 0 0 0 0 0 0 1 0 1 1 1 1 0 0 0 1 0]
75 15 0 0.09070691603777015 [0 1 1 1 0 0 1 1 1 0 1 0 1 1 0 0 0 0 0 0 1 0 1 1 1 1 0 0 0 1 0]
76 15 0 0.09070691603777015 [0 1 1 1 0 0 1 1 1 0 1 0 1 1 0 0 0 0 0 0 1 0 1 1 1 1 0 0 0 1 0]
77 15 0 0.09070691603777015 [0 1 1 1 0 0 1 1 1 0 1 0 1 1 0 0 0 0 0 0 1 0 1 1 1 1 0 0 0 1 0]
78 15 0 0.09070691603777015 [0 1 1 1 0 0 1 1 1 0 1 0 1 1 0 0 0 0 0 0 1 0 1 1 1 1 0 0 0 1 0]
79 15 0 0.09070691603777015 [0 1 1 1 0 0 1 1 1 0 1 0 1 1 0 0 0 0 0 0 1 0 1 1 1 1 0 0 0 1 0]
80 15 0 0.09070691603777015 [0 1 1 1 0 0 1 1 1 0 1 0 1 1 0 0 0 0 0 0 1 0 1 1 1 1 0 0 0 1 0]
81 15 0 0.09070691603777015 [0 1 1 1 0 0 1 1 1 0 1 0 1 1 0 0 0 0 0 0 1 0 1 1 1 1 0 0 0 1 0]
82 15 0 0.09070691603777015 [0 1 1 1 0 0 1 1 1 0 1 0 1 1 0 0 0 0 0 0 1 0 1 1 1 1 0 0 0 1 0]
83 15 0 0.09070691603777015 [0 1 1 1 0 0 1 1 1 0 1 0 1 1 0 0 0 0 0 0 1 0 1 1 1 1 0 0 0 1 0]
84 15 0 0.09070691603777015 [0 1 1 1 0 0 1 1 1 0 1 0 1 1 0 0 0 0 0 0 1 0 1 1 1 1 0 0 0 1 0]
85 15 0 0.09070691603777015 [0 1 1 1 0 0 1 1 1 0 1 0 1 1 0 0 0 0 0 0 1 0 1 1 1 1 0 0 0 1 0]
86 15 0 0.09070691603777015 [0 1 1 1 0 0 1 1 1 0 1 0 1 1 0 0 0 0 0 0 1 0 1 1 1 1 0 0 0 1 0]
87 15 0 0.09070691603777015 [0 1 1 1 0 0 1 1 1 0 1 0 1 1 0 0 0 0 0 0 1 0 1 1 1 1 0 0 0 1 0]
88 15 0 0.09070691603777015 [0 1 1 1 0 0 1 1 1 0 1 0 1 1 0 0 0 0 0 0 1 0 1 1 1 1 0 0 0 1 0]
89 15 0 0.09070691603777015 [0 1 1 1 0 0 1 1 1 0 1 0 1 1 0 0 0 0 0 0 1 0 1 1 1 1 0 0 0 1 0]
90 15 0 0.09070691603777015 [0 1 1 1 0 0 1 1 1 0 1 0 1 1 0 0 0 0 0 0 1 0 1 1 1 1 0 0 0 1 0]
91 15 0 0.09070691603777015 [0 1 1 1 0 0 1 1 1 0 1 0 1 1 0 0 0 0 0 0 1 0 1 1 1 1 0 0 0 1 0]
92 15 0 0.09070691603777015 [0 1 1 1 0 0 1 1 1 0 1 0 1 1 0 0 0 0 0 0 1 0 1 1 1 1 0 0 0 1 0]
93 15 0 0.09070691603777015 [0 1 1 1 0 0 1 1 1 0 1 0 1 1 0 0 0 0 0 0 1 0 1 1 1 1 0 0 0 1 0]
94 15 0 0.09070691603777015 [0 1 1 1 0 0 1 1 1 0 1 0 1 1 0 0 0 0 0 0 1 0 1 1 1 1 0 0 0 1 0]
95 15 0 0.09070691603777015 [0 1 1 1 0 0 1 1 1 0 1 0 1 1 0 0 0 0 0 0 1 0 1 1 1 1 0 0 0 1 0]
96 15 0 0.09070691603777015 [0 1 1 1 0 0 1 1 1 0 1 0 1 1 0 0 0 0 0 0 1 0 1 1 1 1 0 0 0 1 0]
97 15 0 0.09070691603777015 [0 1 1 1 0 0 1 1 1 0 1 0 1 1 0 0 0 0 0 0 1 0 1 1 1 1 0 0 0 1 0]
98 15 0 0.09070691603777015 [0 1 1 1 0 0 1 1 1 0 1 0 1 1 0 0 0 0 0 0 1 0 1 1 1 1 0 0 0 1 0]
99 15 0 0.09070691603777015 [0 1 1 1 0 0 1 1 1 0 1 0 1 1 0 0 0 0 0 0 1 0 1 1 1 1 0 0 0 1 0]
100 15 0 0.09070691603777015 [0 1 1 1 0 0 1 1 1 0 1 0 1 1 0 0 0 0 0 0 1 0 1 1 1 1 0 0 0 1 0]
101 15 0 0.09070691603777015 [0 1 1 1 0 0 1 1 1 0 1 0 1 1 0 0 0 0 0 0 1 0 1 1 1 1 0 0 0 1 0]
102 15 0 0.09070691603777015 [0 1 1 1 0 0 1 1 1 0 1 0 1 1 0 0 0 0 0 0 1 0 1 1 1 1 0 0 0 1 0]
103 15 0 0.09070691603777015 [0 1 1 1 0 0 1 1 1 0 1 0 1 1 0 0 0 0 0 0 1 0 1 1 1 1 0 0 0 1 0]
104 15 0 0.09070691603777015 [0 1 1 1 0 0 1 1 1 0 1 0 1 1 0 0 0 0 0 0 1 0 1 1 1 1 0 0 0 1 0]
105 15 0 0.09070691603777015 [0 1 1 1 0 0 1 1 1 0 1 0 1 1 0 0 0 0 0 0 1 0 1 1 1 1 0 0 0 1 0]
106 15 0 0.09070691603777015 [0 1 1 1 0 0 1 1 1 0 1 0 1 1 0 0 0 0 0 0 1 0 1 1 1 1 0 0 0 1 0]
107 15 0 0.09070691603777015 [0 1 1 1 0 0 1 1 1 0 1 0 1 1 0 0 0 0 0 0 1 0 1 1 1 1 0 0 0 1 0]
108 15 0 0.09070691603777015 [0 1 1 1 0 0 1 1 1 0 1 0 1 1 0 0 0 0 0 0 1 0 1 1 1 1 0 0 0 1 0]
109 15 0 0.09070691603777015 [0 1 1 1 0 0 1 1 1 0 1 0 1 1 0 0 0 0 0 0 1 0 1 1 1 1 0 0 0 1 0]
110 15 0 0.09070691603777015 [0 1 1 1 0 0 1 1 1 0 1 0 1 1 0 0 0 0 0 0 1 0 1 1 1 1 0 0 0 1 0]
111 15 0 0.09070691603777015 [0 1 1 1 0 0 1 1 1 0 1 0 1 1 0 0 0 0 0 0 1 0 1 1 1 1 0 0 0 1 0]
112 15 0 0.09070691603777015 [0 1 1 1 0 0 1 1 1 0 1 0 1 1 0 0 0 0 0 0 1 0 1 1 1 1 0 0 0 1 0]
113 15 0 0.09070691603777015 [0 1 1 1 0 0 1 1 1 0 1 0 1 1 0 0 0 0 0 0 1 0 1 1 1 1 0 0 0 1 0]
114 15 0 0.09070691603777015 [0 1 1 1 0 0 1 1 1 0 1 0 1 1 0 0 0 0 0 0 1 0 1 1 1 1 0 0 0 1 0]
115 15 0 0.09070691603777015 [0 1 1 1 0 0 1 1 1 0 1 0 1 1 0 0 0 0 0 0 1 0 1 1 1 1 0 0 0 1 0]
116 15 0 0.09070691603777015 [0 1 1 1 0 0 1 1 1 0 1 0 1 1 0 0 0 0 0 0 1 0 1 1 1 1 0 0 0 1 0]
117 15 0 0.09070691603777015 [0 1 1 1 0 0 1 1 1 0 1 0 1 1 0 0 0 0 0 0 1 0 1 1 1 1 0 0 0 1 0]
118 15 0 0.09070691603777015 [0 1 1 1 0 0 1 1 1 0 1 0 1 1 0 0 0 0 0 0 1 0 1 1 1 1 0 0 0 1 0]
119 15 0 0.09070691603777015 [0 1 1 1 0 0 1 1 1 0 1 0 1 1 0 0 0 0 0 0 1 0 1 1 1 1 0 0 0 1 0]
120 15 0 0.09070691603777015 [0 1 1 1 0 0 1 1 1 0 1 0 1 1 0 0 0 0 0 0 1 0 1 1 1 1 0 0 0 1 0]
121 15 0 0.09070691603777015 [0 1 1 1 0 0 1 1 1 0 1 0 1 1 0 0 0 0 0 0 1 0 1 1 1 1 0 0 0 1 0]
122 15 0 0.09070691603777015 [0 1 1 1 0 0 1 1 1 0 1 0 1 1 0 0 0 0 0 0 1 0 1 1 1 1 0 0 0 1 0]
123 15 0 0.09070691603777015 [0 1 1 1 0 0 1 1 1 0 1 0 1 1 0 0 0 0 0 0 1 0 1 1 1 1 0 0 0 1 0]
124 15 0 0.09070691603777015 [0 1 1 1 0 0 1 1 1 0 1 0 1 1 0 0 0 0 0 0 1 0 1 1 1 1 0 0 0 1 0]
125 15 0 0.09070691603777015 [0 1 1 1 0 0 1 1 1 0 1 0 1 1 0 0 0 0 0 0 1 0 1 1 1 1 0 0 0 1 0]
126 15 0 0.09070691603777015 [0 1 1 1 0 0 1 1 1 0 1 0 1 1 0 0 0 0 0 0 1 0 1 1 1 1 0 0 0 1 0]
127 15 0 0.09070691603777015 [0 1 1 1 0 0 1 1 1 0 1 0 1 1 0 0 0 0 0 0 1 0 1 1 1 1 0 0 0 1 0]
128 15 0 0.09070691603777015 [0 1 1 1 0 0 1 1 1 0 1 0 1 1 0 0 0 0 0 0 1 0 1 1 1 1 0 0 0 1 0]
129 15 0 0.09070691603777015 [0 1 1 1 0 0 1 1 1 0 1 0 1 1 0 0 0 0 0 0 1 0 1 1 1 1 0 0 0 1 0]
130 15 0 0.09070691603777015 [0 1 1 1 0 0 1 1 1 0 1 0 1 1 0 0 0 0 0 0 1 0 1 1 1 1 0 0 0 1 0]
131 15 0 0.09070691603777015 [0 1 1 1 0 0 1 1 1 0 1 0 1 1 0 0 0 0 0 0 1 0 1 1 1 1 0 0 0 1 0]
132 15 0 0.09070691603777015 [0 1 1 1 0 0 1 1 1 0 1 0 1 1 0 0 0 0 0 0 1 0 1 1 1 1 0 0 0 1 0]
133 15 0 0.09070691603777015 [0 1 1 1 0 0 1 1 1 0 1 0 1 1 0 0 0 0 0 0 1 0 1 1 1 1 0 0 0 1 0]
134 15 0 0.09070691603777015 [0 1 1 1 0 0 1 1 1 0 1 0 1 1 0 0 0 0 0 0 1 0 1 1 1 1 0 0 0 1 0]
135 15 0 0.09070691603777015 [0 1 1 1 0 0 1 1 1 0 1 0 1 1 0 0 0 0 0 0 1 0 1 1 1 1 0 0 0 1 0]
136 15 0 0.09070691603777015 [0 1 1 1 0 0 1 1 1 0 1 0 1 1 0 0 0 0 0 0 1 0 1 1 1 1 0 0 0 1 0]
137 15 0 0.09070691603777015 [0 1 1 1 0 0 1 1 1 0 1 0 1 1 0 0 0 0 0 0 1 0 1 1 1 1 0 0 0 1 0]
138 15 0 0.09070691603777015 [0 1 1 1 0 0 1 1 1 0 1 0 1 1 0 0 0 0 0 0 1 0 1 1 1 1 0 0 0 1 0]
139 15 0 0.09070691603777015 [0 1 1 1 0 0 1 1 1 0 1 0 1 1 0 0 0 0 0 0 1 0 1 1 1 1 0 0 0 1 0]
140 15 0 0.09070691603777015 [0 1 1 1 0 0 1 1 1 0 1 0 1 1 0 0 0 0 0 0 1 0 1 1 1 1 0 0 0 1 0]
141 15 0 0.09070691603777015 [0 1 1 1 0 0 1 1 1 0 1 0 1 1 0 0 0 0 0 0 1 0 1 1 1 1 0 0 0 1 0]
142 15 0 0.09070691603777015 [0 1 1 1 0 0 1 1 1 0 1 0 1 1 0 0 0 0 0 0 1 0 1 1 1 1 0 0 0 1 0]
143 15 0 0.09070691603777015 [0 1 1 1 0 0 1 1 1 0 1 0 1 1 0 0 0 0 0 0 1 0 1 1 1 1 0 0 0 1 0]
144 15 0 0.09070691603777015 [0 1 1 1 0 0 1 1 1 0 1 0 1 1 0 0 0 0 0 0 1 0 1 1 1 1 0 0 0 1 0]
145 15 0 0.09070691603777015 [0 1 1 1 0 0 1 1 1 0 1 0 1 1 0 0 0 0 0 0 1 0 1 1 1 1 0 0 0 1 0]
146 15 0 0.09070691603777015 [0 1 1 1 0 0 1 1 1 0 1 0 1 1 0 0 0 0 0 0 1 0 1 1 1 1 0 0 0 1 0]
147 15 0 0.09070691603777015 [0 1 1 1 0 0 1 1 1 0 1 0 1 1 0 0 0 0 0 0 1 0 1 1 1 1 0 0 0 1 0]
148 15 0 0.09070691603777015 [0 1 1 1 0 0 1 1 1 0 1 0 1 1 0 0 0 0 0 0 1 0 1 1 1 1 0 0 0 1 0]
149 15 0 0.09070691603777015 [0 1 1 1 0 0 1 1 1 0 1 0 1 1 0 0 0 0 0 0 1 0 1 1 1 1 0 0 0 1 0]
150 15 0 0.09070691603777015 [0 1 1 1 0 0 1 1 1 0 1 0 1 1 0 0 0 0 0 0 1 0 1 1 1 1 0 0 0 1 0]
