0 11 100 0.08476599593036394 [0 0 0 0 0 1 1 1 0 1 0 0 1 1 0 0 0 0 0 0 0 1 1 1 0 1 0 0 1 0 0]
1 11 35 0.08476599593036394 [0 0 0 0 0 1 1 1 0 1 0 0 1 1 0 0 0 0 0 0 0 1 1 1 0 1 0 0 1 0 0]
2 11 20 0.08476599593036394 [0 0 0 0 0 1 1 1 0 1 0 0 1 1 0 0 0 0 0 0 0 1 1 1 0 1 0 0 1 0 0]
3 16 12 0.0839155463305884 [0 0 0 0 0 0 0 1 1 1 0 1 1 1 1 0 0 1 0 0 1 1 1 1 1 1 0 1 0 0 1]
4 16 9 0.0839155463305884 [0 0 0 0 0 0 0 1 1 1 0 1 1 1 1 0 0 1 0 0 1 1 1 1 1 1 0 1 0 0 1]
5 16 7 0.0839155463305884 [0 0 0 0 0 0 0 1 1 1 0 1 1 1 1 0 0 1 0 0 1 1 1 1 1 1 0 1 0 0 1]
6 16 3 0.0839155463305884 [0 0 0 0 0 0 0 1 1 1 0 1 1 1 1 0 0 1 0 0 1 1 1 1 1 1 0 1 0 0 1]
7 16 4 0.0839155463305884 [0 0 0 0 0 0 0 1 1 1 0 1 1 1 1 0 0 1 0 0 1 1 1 1 1 1 0 1 0 0 1]
8 16 8 0.0839155463305884 [0 0 0 0 0 0 0 1 1 1 0 1 1 1 1 0 0 1 0 0 1 1 1 1 1 1 0 1 0 0 1]
9 16 0 0.0839155463305884 [0 0 0 0 0 0 0 1 1 1 0 1 1 1 1 0 0 1 0 0 1 1 1 1 1 1 0 1 0 0 1]
10 16 5 0.0839155463305884 [0 0 0 0 0 0 0 1 1 1 0 1 1 1 1 0 0 1 0 0 1 1 1 1 1 1 0 1 0 0 1]
11 16 3 0.0839155463305884 [0 0 0 0 0 0 0 1 1 1 0 1 1 1 1 0 0 1 0 0 1 1 1 1 1 1 0 1 0 0 1]
12 16 3 0.0839155463305884 [0 0 0 0 0 0 0 1 1 1 0 1 1 1 1 0 0 1 0 0 1 1 1 1 1 1 0 1 0 0 1]
13 16 0 0.0839155463305884 [0 0 0 0 0 0 0 1 1 1 0 1 1 1 1 0 0 1 0 0 1 1 1 1 1 1 0 1 0 0 1]
14 16 2 0.0839155463305884 [0 0 0 0 0 0 0 1 1 1 0 1 1 1 1 0 0 1 0 0 1 1 1 1 1 1 0 1 0 0 1]
15 16 0 0.0839155463305884 [0 0 0 0 0 0 0 1 1 1 0 1 1 1 1 0 0 1 0 0 1 1 1 1 1 1 0 1 0 0 1]
16 16 0 0.0839155463305884 [0 0 0 0 0 0 0 1 1 1 0 1 1 1 1 0 0 1 0 0 1 1 1 1 1 1 0 1 0 0 1]
17 16 0 0.0839155463305884 [0 0 0 0 0 0 0 1 1 1 0 1 1 1 1 0 0 1 0 0 1 1 1 1 1 1 0 1 0 0 1]
18 16 0 0.0839155463305884 [0 0 0 0 0 0 0 1 1 1 0 1 1 1 1 0 0 1 0 0 1 1 1 1 1 1 0 1 0 0 1]
19 16 0 0.0839155463305884 [0 0 0 0 0 0 0 1 1 1 0 1 1 1 1 0 0 1 0 0 1 1 1 1 1 1 0 1 0 0 1]
20 16 0 0.0839155463305884 [0 0 0 0 0 0 0 1 1 1 0 1 1 1 1 0 0 1 0 0 1 1 1 1 1 1 0 1 0 0 1]
21 16 0 0.0839155463305884 [0 0 0 0 0 0 0 1 1 1 0 1 1 1 1 0 0 1 0 0 1 1 1 1 1 1 0 1 0 0 1]
22 16 0 0.0839155463305884 [0 0 0 0 0 0 0 1 1 1 0 1 1 1 1 0 0 1 0 0 1 1 1 1 1 1 0 1 0 0 1]
23 16 0 0.0839155463305884 [0 0 0 0 0 0 0 1 1 1 0 1 1 1 1 0 0 1 0 0 1 1 1 1 1 1 0 1 0 0 1]
24 16 0 0.0839155463305884 [0 0 0 0 0 0 0 1 1 1 0 1 1 1 1 0 0 1 0 0 1 1 1 1 1 1 0 1 0 0 1]
25 16 0 0.0839155463305884 [0 0 0 0 0 0 0 1 1 1 0 1 1 1 1 0 0 1 0 0 1 1 1 1 1 1 0 1 0 0 1]
26 16 0 0.0839155463305884 [0 0 0 0 0 0 0 1 1 1 0 1 1 1 1 0 0 1 0 0 1 1 1 1 1 1 0 1 0 0 1]
27 16 0 0.0839155463305884 [0 0 0 0 0 0 0 1 1 1 0 1 1 1 1 0 0 1 0 0 1 1 1 1 1 1 0 1 0 0 1]
28 16 0 0.0839155463305884 [0 0 0 0 0 0 0 1 1 1 0 1 1 1 1 0 0 1 0 0 1 1 1 1 1 1 0 1 0 0 1]
29 16 0 0.0839155463305884 [0 0 0 0 0 0 0 1 1 1 0 1 1 1 1 0 0 1 0 0 1 1 1 1 1 1 0 1 0 0 1]
30 16 0 0.0839155463305884 [0 0 0 0 0 0 0 1 1 1 0 1 1 1 1 0 0 1 0 0 1 1 1 1 1 1 0 1 0 0 1]
31 16 0 0.0839155463305884 [0 0 0 0 0 0 0 1 1 1 0 1 1 1 1 0 0 1 0 0 1 1 1 1 1 1 0 1 0 0 1]
32 16 0 0.0839155463305884 [0 0 0 0 0 0 0 1 1 1 0 1 1 1 1 0 0 1 0 0 1 1 1 1 1 1 0 1 0 0 1]
33 16 0 0.0839155463305884 [0 0 0 0 0 0 0 1 1 1 0 1 1 1 1 0 0 1 0 0 1 1 1 1 1 1 0 1 0 0 1]
34 16 0 0.0839155463305884 [0 0 0 0 0 0 0 1 1 1 0 1 1 1 1 0 0 1 0 0 1 1 1 1 1 1 0 1 0 0 1]
35 16 0 0.0839155463305884 [0 0 0 0 0 0 0 1 1 1 0 1 1 1 1 0 0 1 0 0 1 1 1 1 1 1 0 1 0 0 1]
36 16 0 0.0839155463305884 [0 0 0 0 0 0 0 1 1 1 0 1 1 1 1 0 0 1 0 0 1 1 1 1 1 1 0 1 0 0 1]
37 16 0 0.0839155463305884 [0 0 0 0 0 0 0 1 1 1 0 1 1 1 1 0 0 1 0 0 1 1 1 1 1 1 0 1 0 0 1]
38 16 0 0.0839155463305884 [0 0 0 0 0 0 0 1 1 1 0 1 1 1 1 0 0 1 0 0 1 1 1 1 1 1 0 1 0 0 1]
39 16 0 0.0839155463305884 [0 0 0 0 0 0 0 1 1 1 0 1 1 1 1 0 0 1 0 0 1 1 1 1 1 1 0 1 0 0 1]
40 16 0 0.0839155463305884 [0 0 0 0 0 0 0 1 1 1 0 1 1 1 1 0 0 1 0 0 1 1 1 1 1 1 0 1 0 0 1]
41 16 0 0.0839155463305884 [0 0 0 0 0 0 0 1 1 1 0 1 1 1 1 0 0 1 0 0 1 1 1 1 1 1 0 1 0 0 1]
42 16 0 0.0839155463305884 [0 0 0 0 0 0 0 1 1 1 0 1 1 1 1 0 0 1 0 0 1 1 1 1 1 1 0 1 0 0 1]
43 16 0 0.0839155463305884 [0 0 0 0 0 0 0 1 1 1 0 1 1 1 1 0 0 1 0 0 1 1 1 1 1 1 0 1 0 0 1]
44 16 0 0.0839155463305884 [0 0 0 0 0 0 0 1 1 1 0 1 1 1 1 0 0 1 0 0 1 1 1 1 1 1 0 1 0 0 1]
45 16 0 0.0839155463305884 [0 0 0 0 0 0 0 1 1 1 0 1 1 1 1 0 0 1 0 0 1 1 1 1 1 1 0 1 0 0 1]
46 16 0 0.0839155463305884 [0 0 0 0 0 0 0 1 1 1 0 1 1 1 1 0 0 1 0 0 1 1 1 1 1 1 0 1 0 0 1]
47 16 0 0.0839155463305884 [0 0 0 0 0 0 0 1 1 1 0 1 1 1 1 0 0 1 0 0 1 1 1 1 1 1 0 1 0 0 1]
48 16 0 0.0839155463305884 [0 0 0 0 0 0 0 1 1 1 0 1 1 1 1 0 0 1 0 0 1 1 1 1 1 1 0 1 0 0 1]
49 16 0 0.0839155463305884 [0 0 0 0 0 0 0 1 1 1 0 1 1 1 1 0 0 1 0 0 1 1 1 1 1 1 0 1 0 0 1]
50 16 0 0.0839155463305884 [0 0 0 0 0 0 0 1 1 1 0 1 1 1 1 0 0 1 0 0 1 1 1 1 1 1 0 1 0 0 1]
51 16 0 0.0839155463305884 [0 0 0 0 0 0 0 1 1 1 0 1 1 1 1 0 0 1 0 0 1 1 1 1 1 1 0 1 0 0 1]
52 16 0 0.0839155463305884 [0 0 0 0 0 0 0 1 1 1 0 1 1 1 1 0 0 1 0 0 1 1 1 1 1 1 0 1 0 0 1]
53 16 0 0.0839155463305884 [0 0 0 0 0 0 0 1 1 1 0 1 1 1 1 0 0 1 0 0 1 1 1 1 1 1 0 1 0 0 1]
54 16 0 0.0839155463305884 [0 0 0 0 0 0 0 1 1 1 0 1 1 1 1 0 0 1 0 0 1 1 1 1 1 1 0 1 0 0 1]
55 16 0 0.0839155463305884 [0 0 0 0 0 0 0 1 1 1 0 1 1 1 1 0 0 1 0 0 1 1 1 1 1 1 0 1 0 0 1]
56 16 0 0.0839155463305884 [0 0 0 0 0 0 0 1 1 1 0 1 1 1 1 0 0 1 0 0 1 1 1 1 1 1 0 1 0 0 1]
57 16 0 0.0839155463305884 [0 0 0 0 0 0 0 1 1 1 0 1 1 1 1 0 0 1 0 0 1 1 1 1 1 1 0 1 0 0 1]
58 16 0 0.0839155463305884 [0 0 0 0 0 0 0 1 1 1 0 1 1 1 1 0 0 1 0 0 1 1 1 1 1 1 0 1 0 0 1]
59 16 0 0.0839155463305884 [0 0 0 0 0 0 0 1 1 1 0 1 1 1 1 0 0 1 0 0 1 1 1 1 1 1 0 1 0 0 1]
60 16 0 0.0839155463305884 [0 0 0 0 0 0 0 1 1 1 0 1 1 1 1 0 0 1 0 0 1 1 1 1 1 1 0 1 0 0 1]
61 16 0 0.0839155463305884 [0 0 0 0 0 0 0 1 1 1 0 1 1 1 1 0 0 1 0 0 1 1 1 1 1 1 0 1 0 0 1]
62 16 0 0.0839155463305884 [0 0 0 0 0 0 0 1 1 1 0 1 1 1 1 0 0 1 0 0 1 1 1 1 1 1 0 1 0 0 1]
63 16 0 0.0839155463305884 [0 0 0 0 0 0 0 1 1 1 0 1 1 1 1 0 0 1 0 0 1 1 1 1 1 1 0 1 0 0 1]
64 16 0 0.0839155463305884 [0 0 0 0 0 0 0 1 1 1 0 1 1 1 1 0 0 1 0 0 1 1 1 1 1 1 0 1 0 0 1]
65 16 0 0.0839155463305884 [0 0 0 0 0 0 0 1 1 1 0 1 1 1 1 0 0 1 0 0 1 1 1 1 1 1 0 1 0 0 1]
66 16 0 0.0839155463305884 [0 0 0 0 0 0 0 1 1 1 0 1 1 1 1 0 0 1 0 0 1 1 1 1 1 1 0 1 0 0 1]
67 16 0 0.0839155463305884 [0 0 0 0 0 0 0 1 1 1 0 1 1 1 1 0 0 1 0 0 1 1 1 1 1 1 0 1 0 0 1]
68 16 0 0.0839155463305884 [0 0 0 0 0 0 0 1 1 1 0 1 1 1 1 0 0 1 0 0 1 1 1 1 1 1 0 1 0 0 1]
69 16 0 0.0839155463305884 [0 0 0 0 0 0 0 1 1 1 0 1 1 1 1 0 0 1 0 0 1 1 1 1 1 1 0 1 0 0 1]
70 16 0 0.0839155463305884 [0 0 0 0 0 0 0 1 1 1 0 1 1 1 1 0 0 1 0 0 1 1 1 1 1 1 0 1 0 0 1]
71 16 0 0.0839155463305884 [0 0 0 0 0 0 0 1 1 1 0 1 1 1 1 0 0 1 0 0 1 1 1 1 1 1 0 1 0 0 1]
72 16 0 0.0839155463305884 [0 0 0 0 0 0 0 1 1 1 0 1 1 1 1 0 0 1 0 0 1 1 1 1 1 1 0 1 0 0 1]
73 16 0 0.0839155463305884 [0 0 0 0 0 0 0 1 1 1 0 1 1 1 1 0 0 1 0 0 1 1 1 1 1 1 0 1 0 0 1]
74 16 0 0.0839155463305884 [0 0 0 0 0 0 0 1 1 1 0 1 1 1 1 0 0 1 0 0 1 1 1 1 1 1 0 1 0 0 1]
75 16 0 0.0839155463305884 [0 0 0 0 0 0 0 1 1 1 0 1 1 1 1 0 0 1 0 0 1 1 1 1 1 1 0 1 0 0 1]
76 16 0 0.0839155463305884 [0 0 0 0 0 0 0 1 1 1 0 1 1 1 1 0 0 1 0 0 1 1 1 1 1 1 0 1 0 0 1]
77 16 0 0.0839155463305884 [0 0 0 0 0 0 0 1 1 1 0 1 1 1 1 0 0 1 0 0 1 1 1 1 1 1 0 1 0 0 1]
78 16 0 0.0839155463305884 [0 0 0 0 0 0 0 1 1 1 0 1 1 1 1 0 0 1 0 0 1 1 1 1 1 1 0 1 0 0 1]
79 16 0 0.0839155463305884 [0 0 0 0 0 0 0 1 1 1 0 1 1 1 1 0 0 1 0 0 1 1 1 1 1 1 0 1 0 0 1]
80 16 0 0.0839155463305884 [0 0 0 0 0 0 0 1 1 1 0 1 1 1 1 0 0 1 0 0 1 1 1 1 1 1 0 1 0 0 1]
81 16 0 0.0839155463305884 [0 0 0 0 0 0 0 1 1 1 0 1 1 1 1 0 0 1 0 0 1 1 1 1 1 1 0 1 0 0 1]
82 16 0 0.0839155463305884 [0 0 0 0 0 0 0 1 1 1 0 1 1 1 1 0 0 1 0 0 1 1 1 1 1 1 0 1 0 0 1]
83 16 0 0.0839155463305884 [0 0 0 0 0 0 0 1 1 1 0 1 1 1 1 0 0 1 0 0 1 1 1 1 1 1 0 1 0 0 1]
84 16 0 0.0839155463305884 [0 0 0 0 0 0 0 1 1 1 0 1 1 1 1 0 0 1 0 0 1 1 1 1 1 1 0 1 0 0 1]
85 16 0 0.0839155463305884 [0 0 0 0 0 0 0 1 1 1 0 1 1 1 1 0 0 1 0 0 1 1 1 1 1 1 0 1 0 0 1]
86 16 0 0.0839155463305884 [0 0 0 0 0 0 0 1 1 1 0 1 1 1 1 0 0 1 0 0 1 1 1 1 1 1 0 1 0 0 1]
87 16 0 0.0839155463305884 [0 0 0 0 0 0 0 1 1 1 0 1 1 1 1 0 0 1 0 0 1 1 1 1 1 1 0 1 0 0 1]
88 16 0 0.0839155463305884 [0 0 0 0 0 0 0 1 1 1 0 1 1 1 1 0 0 1 0 0 1 1 1 1 1 1 0 1 0 0 1]
89 16 0 0.0839155463305884 [0 0 0 0 0 0 0 1 1 1 0 1 1 1 1 0 0 1 0 0 1 1 1 1 1 1 0 1 0 0 1]
90 16 0 0.0839155463305884 [0 0 0 0 0 0 0 1 1 1 0 1 1 1 1 0 0 1 0 0 1 1 1 1 1 1 0 1 0 0 1]
91 16 0 0.0839155463305884 [0 0 0 0 0 0 0 1 1 1 0 1 1 1 1 0 0 1 0 0 1 1 1 1 1 1 0 1 0 0 1]
92 16 0 0.0839155463305884 [0 0 0 0 0 0 0 1 1 1 0 1 1 1 1 0 0 1 0 0 1 1 1 1 1 1 0 1 0 0 1]
93 16 0 0.0839155463305884 [0 0 0 0 0 0 0 1 1 1 0 1 1 1 1 0 0 1 0 0 1 1 1 1 1 1 0 1 0 0 1]
94 16 0 0.0839155463305884 [0 0 0 0 0 0 0 1 1 1 0 1 1 1 1 0 0 1 0 0 1 1 1 1 1 1 0 1 0 0 1]
95 16 0 0.0839155463305884 [0 0 0 0 0 0 0 1 1 1 0 1 1 1 1 0 0 1 0 0 1 1 1 1 1 1 0 1 0 0 1]
96 16 0 0.0839155463305884 [0 0 0 0 0 0 0 1 1 1 0 1 1 1 1 0 0 1 0 0 1 1 1 1 1 1 0 1 0 0 1]
97 16 0 0.0839155463305884 [0 0 0 0 0 0 0 1 1 1 0 1 1 1 1 0 0 1 0 0 1 1 1 1 1 1 0 1 0 0 1]
98 16 0 0.0839155463305884 [0 0 0 0 0 0 0 1 1 1 0 1 1 1 1 0 0 1 0 0 1 1 1 1 1 1 0 1 0 0 1]
99 16 0 0.0839155463305884 [0 0 0 0 0 0 0 1 1 1 0 1 1 1 1 0 0 1 0 0 1 1 1 1 1 1 0 1 0 0 1]
100 16 0 0.0839155463305884 [0 0 0 0 0 0 0 1 1 1 0 1 1 1 1 0 0 1 0 0 1 1 1 1 1 1 0 1 0 0 1]
101 16 0 0.0839155463305884 [0 0 0 0 0 0 0 1 1 1 0 1 1 1 1 0 0 1 0 0 1 1 1 1 1 1 0 1 0 0 1]
102 16 0 0.0839155463305884 [0 0 0 0 0 0 0 1 1 1 0 1 1 1 1 0 0 1 0 0 1 1 1 1 1 1 0 1 0 0 1]
103 16 0 0.0839155463305884 [0 0 0 0 0 0 0 1 1 1 0 1 1 1 1 0 0 1 0 0 1 1 1 1 1 1 0 1 0 0 1]
104 16 0 0.0839155463305884 [0 0 0 0 0 0 0 1 1 1 0 1 1 1 1 0 0 1 0 0 1 1 1 1 1 1 0 1 0 0 1]
105 16 0 0.0839155463305884 [0 0 0 0 0 0 0 1 1 1 0 1 1 1 1 0 0 1 0 0 1 1 1 1 1 1 0 1 0 0 1]
106 16 0 0.0839155463305884 [0 0 0 0 0 0 0 1 1 1 0 1 1 1 1 0 0 1 0 0 1 1 1 1 1 1 0 1 0 0 1]
107 16 0 0.0839155463305884 [0 0 0 0 0 0 0 1 1 1 0 1 1 1 1 0 0 1 0 0 1 1 1 1 1 1 0 1 0 0 1]
108 16 0 0.0839155463305884 [0 0 0 0 0 0 0 1 1 1 0 1 1 1 1 0 0 1 0 0 1 1 1 1 1 1 0 1 0 0 1]
109 16 0 0.0839155463305884 [0 0 0 0 0 0 0 1 1 1 0 1 1 1 1 0 0 1 0 0 1 1 1 1 1 1 0 1 0 0 1]
110 16 0 0.0839155463305884 [0 0 0 0 0 0 0 1 1 1 0 1 1 1 1 0 0 1 0 0 1 1 1 1 1 1 0 1 0 0 1]
111 16 0 0.0839155463305884 [0 0 0 0 0 0 0 1 1 1 0 1 1 1 1 0 0 1 0 0 1 1 1 1 1 1 0 1 0 0 1]
112 16 0 0.0839155463305884 [0 0 0 0 0 0 0 1 1 1 0 1 1 1 1 0 0 1 0 0 1 1 1 1 1 1 0 1 0 0 1]
113 16 0 0.0839155463305884 [0 0 0 0 0 0 0 1 1 1 0 1 1 1 1 0 0 1 0 0 1 1 1 1 1 1 0 1 0 0 1]
114 16 0 0.0839155463305884 [0 0 0 0 0 0 0 1 1 1 0 1 1 1 1 0 0 1 0 0 1 1 1 1 1 1 0 1 0 0 1]
115 16 0 0.0839155463305884 [0 0 0 0 0 0 0 1 1 1 0 1 1 1 1 0 0 1 0 0 1 1 1 1 1 1 0 1 0 0 1]
116 16 0 0.0839155463305884 [0 0 0 0 0 0 0 1 1 1 0 1 1 1 1 0 0 1 0 0 1 1 1 1 1 1 0 1 0 0 1]
117 16 0 0.0839155463305884 [0 0 0 0 0 0 0 1 1 1 0 1 1 1 1 0 0 1 0 0 1 1 1 1 1 1 0 1 0 0 1]
118 16 0 0.0839155463305884 [0 0 0 0 0 0 0 1 1 1 0 1 1 1 1 0 0 1 0 0 1 1 1 1 1 1 0 1 0 0 1]
119 16 0 0.0839155463305884 [0 0 0 0 0 0 0 1 1 1 0 1 1 1 1 0 0 1 0 0 1 1 1 1 1 1 0 1 0 0 1]
120 16 0 0.0839155463305884 [0 0 0 0 0 0 0 1 1 1 0 1 1 1 1 0 0 1 0 0 1 1 1 1 1 1 0 1 0 0 1]
121 16 0 0.0839155463305884 [0 0 0 0 0 0 0 1 1 1 0 1 1 1 1 0 0 1 0 0 1 1 1 1 1 1 0 1 0 0 1]
122 16 0 0.0839155463305884 [0 0 0 0 0 0 0 1 1 1 0 1 1 1 1 0 0 1 0 0 1 1 1 1 1 1 0 1 0 0 1]
123 16 0 0.0839155463305884 [0 0 0 0 0 0 0 1 1 1 0 1 1 1 1 0 0 1 0 0 1 1 1 1 1 1 0 1 0 0 1]
124 16 0 0.0839155463305884 [0 0 0 0 0 0 0 1 1 1 0 1 1 1 1 0 0 1 0 0 1 1 1 1 1 1 0 1 0 0 1]
125 16 0 0.0839155463305884 [0 0 0 0 0 0 0 1 1 1 0 1 1 1 1 0 0 1 0 0 1 1 1 1 1 1 0 1 0 0 1]
126 16 0 0.0839155463305884 [0 0 0 0 0 0 0 1 1 1 0 1 1 1 1 0 0 1 0 0 1 1 1 1 1 1 0 1 0 0 1]
127 16 0 0.0839155463305884 [0 0 0 0 0 0 0 1 1 1 0 1 1 1 1 0 0 1 0 0 1 1 1 1 1 1 0 1 0 0 1]
128 16 0 0.0839155463305884 [0 0 0 0 0 0 0 1 1 1 0 1 1 1 1 0 0 1 0 0 1 1 1 1 1 1 0 1 0 0 1]
129 16 0 0.0839155463305884 [0 0 0 0 0 0 0 1 1 1 0 1 1 1 1 0 0 1 0 0 1 1 1 1 1 1 0 1 0 0 1]
130 16 0 0.0839155463305884 [0 0 0 0 0 0 0 1 1 1 0 1 1 1 1 0 0 1 0 0 1 1 1 1 1 1 0 1 0 0 1]
131 16 0 0.0839155463305884 [0 0 0 0 0 0 0 1 1 1 0 1 1 1 1 0 0 1 0 0 1 1 1 1 1 1 0 1 0 0 1]
132 16 0 0.0839155463305884 [0 0 0 0 0 0 0 1 1 1 0 1 1 1 1 0 0 1 0 0 1 1 1 1 1 1 0 1 0 0 1]
133 16 0 0.0839155463305884 [0 0 0 0 0 0 0 1 1 1 0 1 1 1 1 0 0 1 0 0 1 1 1 1 1 1 0 1 0 0 1]
134 16 0 0.0839155463305884 [0 0 0 0 0 0 0 1 1 1 0 1 1 1 1 0 0 1 0 0 1 1 1 1 1 1 0 1 0 0 1]
135 16 0 0.0839155463305884 [0 0 0 0 0 0 0 1 1 1 0 1 1 1 1 0 0 1 0 0 1 1 1 1 1 1 0 1 0 0 1]
136 16 0 0.0839155463305884 [0 0 0 0 0 0 0 1 1 1 0 1 1 1 1 0 0 1 0 0 1 1 1 1 1 1 0 1 0 0 1]
137 16 0 0.0839155463305884 [0 0 0 0 0 0 0 1 1 1 0 1 1 1 1 0 0 1 0 0 1 1 1 1 1 1 0 1 0 0 1]
138 16 0 0.0839155463305884 [0 0 0 0 0 0 0 1 1 1 0 1 1 1 1 0 0 1 0 0 1 1 1 1 1 1 0 1 0 0 1]
139 16 0 0.0839155463305884 [0 0 0 0 0 0 0 1 1 1 0 1 1 1 1 0 0 1 0 0 1 1 1 1 1 1 0 1 0 0 1]
140 16 0 0.0839155463305884 [0 0 0 0 0 0 0 1 1 1 0 1 1 1 1 0 0 1 0 0 1 1 1 1 1 1 0 1 0 0 1]
141 16 0 0.0839155463305884 [0 0 0 0 0 0 0 1 1 1 0 1 1 1 1 0 0 1 0 0 1 1 1 1 1 1 0 1 0 0 1]
142 16 0 0.0839155463305884 [0 0 0 0 0 0 0 1 1 1 0 1 1 1 1 0 0 1 0 0 1 1 1 1 1 1 0 1 0 0 1]
143 16 0 0.0839155463305884 [0 0 0 0 0 0 0 1 1 1 0 1 1 1 1 0 0 1 0 0 1 1 1 1 1 1 0 1 0 0 1]
144 16 0 0.0839155463305884 [0 0 0 0 0 0 0 1 1 1 0 1 1 1 1 0 0 1 0 0 1 1 1 1 1 1 0 1 0 0 1]
145 16 0 0.0839155463305884 [0 0 0 0 0 0 0 1 1 1 0 1 1 1 1 0 0 1 0 0 1 1 1 1 1 1 0 1 0 0 1]
146 16 0 0.0839155463305884 [0 0 0 0 0 0 0 1 1 1 0 1 1 1 1 0 0 1 0 0 1 1 1 1 1 1 0 1 0 0 1]
147 16 0 0.0839155463305884 [0 0 0 0 0 0 0 1 1 1 0 1 1 1 1 0 0 1 0 0 1 1 1 1 1 1 0 1 0 0 1]
148 16 0 0.0839155463305884 [0 0 0 0 0 0 0 1 1 1 0 1 1 1 1 0 0 1 0 0 1 1 1 1 1 1 0 1 0 0 1]
149 16 0 0.0839155463305884 [0 0 0 0 0 0 0 1 1 1 0 1 1 1 1 0 0 1 0 0 1 1 1 1 1 1 0 1 0 0 1]
150 16 0 0.0839155463305884 [0 0 0 0 0 0 0 1 1 1 0 1 1 1 1 0 0 1 0 0 1 1 1 1 1 1 0 1 0 0 1]
