[1 1 0 0 1 1 1 0 1 0 0 0 0 1 0 1 0 1 0 0 1 0 0 0 1 1 0 1 0 0 0] 0.24003414252471775
[1 0 0 1 0 1 1 1 0 0 0 0 1 0 0 0 0 1 1 1 0 0 0 1 1 0 1 0 0 1 0] 0.018585305499249742
[1 1 0 0 1 0 0 0 1 0 1 0 1 1 1 1 1 1 1 0 0 0 1 1 0 0 0 0 0 1 1] 0.31804258498319016
[0 0 0 0 1 1 1 0 1 1 0 0 0 0 0 0 1 0 1 1 0 0 0 1 1 1 1 1 1 1 0] 0.8086751918158569
[0 1 0 0 0 1 1 0 0 0 1 1 1 1 0 0 1 1 0 1 1 0 1 1 0 0 1 1 1 0 1] 0.8669696926246158
[0 1 0 0 1 0 0 1 1 1 1 0 0 0 1 1 0 0 1 0 1 0 1 0 0 1 1 1 0 0 0] 0.7147827112447667
[1 0 1 1 0 0 1 1 0 1 1 0 0 1 0 0 0 1 1 0 1 0 1 0 0 0 1 1 0 0 1] 0.0712124969005703
[0 0 0 0 0 0 0 0 1 1 1 1 0 1 1 0 0 0 0 0 1 1 0 0 1 1 1 0 0 1 0] 0.8186486176893922
[1 0 1 0 0 0 0 0 1 0 1 1 0 1 1 0 1 0 1 0 0 0 1 0 0 0 0 1 1 0 1] 0.11971715178424601
[0 0 1 1 0 0 1 0 0 1 0 1 0 1 0 1 0 0 1 1 1 1 1 0 1 0 0 1 0 0 1] 0.8853975506535336
[0 0 1 0 0 0 1 1 0 1 1 0 0 1 1 0 0 0 0 0 1 0 0 0 0 0 0 1 1 0 1] 0.6212728542243141
[1 1 1 0 1 1 0 1 0 1 0 0 1 0 0 0 0 1 1 0 0 1 1 1 0 0 0 1 0 0 0] 0.1629523124850228
[0 0 0 1 0 0 1 0 1 1 1 0 1 1 1 1 1 1 0 1 1 0 1 1 1 0 1 0 1 1 1] 0.8454106989839637
[1 0 1 0 0 0 0 1 1 1 1 0 0 1 1 1 1 1 1 0 0 0 1 0 1 0 1 0 1 1 0] 0.16477399242930307
[1 0 1 0 0 1 0 1 1 0 1 1 1 1 0 0 0 1 0 1 0 1 1 0 1 0 0 0 0 1 1] 0.17198485667928612
[0 1 1 1 0 0 1 0 1 0 1 0 0 0 1 1 1 1 0 0 0 1 0 1 0 0 0 0 0 0 1] 0.6591013168623159
[1 0 1 0 1 1 0 1 0 0 1 1 0 0 1 0 0 1 1 0 0 1 0 0 0 0 1 0 0 1 1] 0.14130261038497952
[0 0 0 0 0 1 1 0 1 1 1 0 0 1 0 0 0 1 1 1 0 0 0 0 1 1 0 0 0 1 1] 0.7775463356572012
[0 1 0 0 1 0 1 0 1 0 0 0 0 0 0 1 0 1 0 1 1 1 1 0 0 1 1 1 0 0 0] 0.6444378872823842
[0 1 1 1 0 0 1 1 1 0 1 0 1 1 0 0 0 0 0 0 1 0 0 1 1 1 0 0 0 1 0] 0.8956019546868059
[0 0 0 0 0 0 0 0 0 0 1 0 0 1 1 0 1 0 0 0 0 1 1 0 1 0 1 1 0 0 1] 0.7535702803331223
[0 0 0 1 1 1 0 0 1 1 1 1 0 1 0 0 1 0 1 1 0 1 1 1 1 0 0 0 0 0 1] 0.8745224801645607
[1 0 1 0 1 0 1 1 0 1 1 0 1 1 1 0 1 1 1 0 1 0 1 0 1 1 1 1 0 0 0] 0.15748155302732508
[0 1 0 1 0 0 1 1 0 1 0 1 1 0 1 0 1 0 1 0 1 0 1 1 1 0 0 0 1 0 0] 0.8884130958919413
[0 0 0 1 0 1 1 0 1 0 1 0 1 1 1 1 1 1 0 1 0 1 0 0 1 1 0 0 1 0 1] 0.8452881619937695
[1 0 0 0 1 0 1 0 1 1 0 1 0 0 1 0 0 0 0 1 0 1 0 1 1 0 1 1 1 0 0] 0.1422925822734638
[0 0 1 1 0 1 1 0 0 1 0 1 0 1 0 1 1 0 0 1 1 1 1 1 1 0 1 1 1 0 1] 0.8678632805041054
[0 0 0 0 0 0 0 1 1 0 1 0 0 0 0 0 1 1 1 1 0 0 0 1 0 1 1 0 1 1 0] 0.7273885640173837
[0 0 0 0 1 0 0 0 0 1 1 0 0 0 0 0 0 1 1 0 0 1 0 0 1 1 1 0 1 1 0] 0.7816270882409034
[0 0 1 1 0 1 1 0 0 0 0 1 0 0 1 1 1 1 1 1 1 0 0 0 0 0 0 0 1 1 0] 0.7476707817110775
[1 1 1 1 0 1 1 1 1 1 1 0 1 1 0 0 1 0 1 1 1 1 1 1 1 1 0 1 0 1 0] 0.33503011249920034
[0 1 1 1 0 0 1 0 1 1 1 0 1 1 1 1 0 0 0 1 0 0 0 1 1 1 0 0 0 1 0] 0.826349424835316
[1 1 1 1 1 1 0 1 0 1 0 1 1 0 1 0 1 0 1 0 1 0 1 0 1 0 0 0 1 0 0] 0.1840490797546012
[1 1 1 1 1 0 1 0 0 1 0 0 0 0 0 1 1 0 1 0 1 0 1 0 0 0 0 0 0 1 1] 0.14145061916671747
[1 1 0 1 1 1 1 0 0 0 0 1 0 0 0 1 0 0 0 0 1 1 0 0 1 1 1 1 1 1 1] 0.18388634430031586
[1 0 0 0 0 0 1 1 0 1 0 1 1 1 1 1 1 0 1 0 0 0 0 0 1 0 0 1 1 0 0] 0.16477399242930307
[0 1 1 0 0 1 0 0 1 0 1 1 1 1 0 0 0 1 1 0 0 1 1 1 0 1 1 0 1 0 1] 0.7957636881783455
[1 0 0 0 1 1 1 1 0 0 1 1 0 1 1 0 1 0 1 1 1 1 1 1 0 0 1 1 1 0 1] 0.21364929108902578
[1 1 0 1 1 0 1 1 1 0 1 1 0 1 0 0 1 1 0 0 1 0 1 0 1 1 1 0 1 0 1] 0.24003414252471775
[0 1 0 1 0 0 1 0 0 1 1 1 1 0 0 1 0 1 1 0 0 1 0 1 1 1 1 0 1 1 1] 0.8229051601704277
[0 1 1 1 1 0 0 0 0 0 1 0 0 0 1 1 1 1 1 1 0 1 0 0 0 0 1 1 1 0 1] 0.6507488310104136
[1 0 1 1 1 1 1 0 0 0 0 1 1 0 0 1 0 1 0 0 0 1 1 0 0 1 1 1 1 1 0] 0.018585305499249742
[1 1 1 0 0 1 0 1 1 0 1 1 0 1 1 1 1 1 0 0 0 0 0 1 1 0 0 1 0 1 1] 0.3188051293454896
[0 1 0 1 0 0 1 1 0 0 1 1 0 0 0 0 1 1 0 0 0 0 0 1 0 1 1 0 1 1 1] 0.8627993163968739
[1 0 0 1 0 0 0 0 1 0 0 1 0 0 0 0 0 0 1 0 0 0 0 0 1 0 1 0 1 1 1] 0.018585305499249742
[0 0 1 1 0 1 1 0 0 1 0 0 0 1 1 0 0 1 1 0 1 0 0 0 0 1 0 1 1 0 0] 0.8245709123757906
[1 0 1 0 1 1 1 1 1 0 1 1 0 0 1 1 0 1 1 1 0 1 0 1 1 0 0 0 0 0 0] 0.1422925822734638
[0 1 1 0 1 0 1 1 0 0 0 0 1 0 1 0 0 0 0 1 1 1 1 1 1 0 0 0 1 1 0] 0.7562218455333862
[1 0 1 1 0 1 0 1 1 0 1 1 1 1 1 1 0 1 0 0 1 1 0 1 0 0 0 0 1 0 1] 0.206886335259137
[0 1 0 0 1 0 0 0 1 1 0 1 1 1 1 1 0 1 0 0 0 0 0 0 1 0 1 0 0 0 1] 0.847785692164757
[1 1 0 0 0 0 0 0 0 1 1 1 0 0 1 1 1 1 1 0 1 0 1 1 0 1 0 0 0 0 0] 0.16301749689262837
[1 1 1 1 1 1 1 0 1 0 1 1 0 0 0 0 0 0 0 1 0 1 0 1 0 1 0 0 1 0 0] 0.1629523124850228
[1 1 0 0 1 1 1 0 0 1 1 0 1 1 0 0 1 0 0 1 0 1 1 1 0 0 0 1 1 1 1] 0.3233522901793609
[1 1 1 1 1 1 0 1 1 0 1 0 0 1 0 0 1 1 0 0 0 0 1 1 0 1 1 1 1 0 1] 0.22034392305450307
[1 1 1 0 0 0 0 1 1 1 1 0 0 0 0 1 0 1 0 0 0 1 0 0 0 0 0 0 0 0 1] 0.1629523124850228
[0 1 1 0 1 0 1 1 1 1 0 0 0 1 1 0 1 0 0 1 1 1 1 1 0 0 1 1 1 1 0] 0.8157850446008693
[1 0 1 0 0 0 1 1 1 0 0 1 0 1 1 0 1 1 1 1 1 0 1 1 0 0 1 0 1 1 0] 0.11971715178424601
[0 0 0 1 1 0 1 0 0 0 0 0 0 0 1 0 1 1 1 1 1 0 1 0 0 1 1 0 1 0 1] 0.8058544190196821
[1 1 1 0 1 0 0 0 0 1 1 0 0 1 1 1 0 1 1 1 1 1 1 0 0 0 0 1 1 0 1] 0.373422426842704
[1 1 0 1 1 1 1 0 0 0 0 0 0 0 0 0 1 0 1 0 0 0 1 0 0 1 0 1 1 1 0] 0.14145061916671747
[0 1 0 0 0 0 1 0 1 1 0 1 1 1 0 1 0 1 0 0 1 1 0 1 1 1 0 1 0 0 0] 0.8274956646124605
[0 1 1 0 1 0 0 0 1 0 0 0 1 0 1 0 0 0 1 1 0 1 0 1 0 0 1 1 0 0 0] 0.639060182211891
[0 0 1 1 0 0 0 0 1 1 1 1 0 1 0 1 1 1 0 0 0 1 0 0 1 1 1 1 1 1 0] 0.8687841943838929
[0 1 0 1 1 0 1 0 1 0 1 0 0 1 1 1 0 0 0 1 0 1 0 1 0 1 1 1 0 1 1] 0.7373049300575498
[0 1 1 0 1 0 1 0 0 0 1 1 1 0 1 0 0 0 1 0 0 1 0 1 1 0 0 1 0 1 1] 0.7149609005757497
[0 0 0 1 1 0 0 1 1 0 0 0 1 0 0 0 1 0 1 0 1 1 1 1 0 1 1 1 1 0 0] 0.8537371915174262
[1 1 1 0 0 0 0 0 0 0 1 1 0 1 0 0 1 0 0 0 1 1 0 0 1 1 0 0 1 0 1] 0.32375001158898953
[1 1 0 1 1 1 1 0 1 0 0 0 1 1 1 1 1 1 0 0 0 1 0 0 1 0 0 1 0 0 0] 0.4040809672132554
[0 0 1 1 0 0 1 0 1 1 1 0 0 1 1 0 1 1 0 1 1 0 0 0 0 0 1 1 1 0 0] 0.7714753642114728
[1 1 1 0 0 0 0 0 0 0 0 1 0 1 0 1 0 1 1 0 1 1 0 0 1 0 0 1 1 1 1] 0.32375001158898953
[0 1 0 1 1 1 1 1 1 1 1 1 0 1 1 0 1 0 1 0 0 1 0 0 0 0 0 0 0 1 1] 0.7521624043852518
[0 1 0 1 1 1 0 1 0 0 0 0 1 1 0 1 1 1 0 1 0 0 0 1 1 1 1 1 1 1 1] 0.8836310417292105
[1 0 0 1 0 1 1 1 1 0 0 1 1 1 0 0 0 1 1 1 1 0 1 0 1 0 1 0 1 0 0] 0.08781104813796795
[0 0 0 1 0 1 0 1 0 1 0 1 0 0 0 0 0 1 0 1 0 1 0 1 1 0 0 1 1 1 0] 0.8791407574901074
[1 1 1 1 1 1 0 1 0 1 1 1 1 0 0 1 0 0 0 0 1 0 1 0 0 0 1 1 1 0 1] 0.14145061916671747
[1 0 0 1 1 1 0 0 0 1 1 0 1 0 1 0 0 0 0 0 0 0 0 1 1 1 1 1 0 1 1] 0.018585305499249742
[0 1 0 1 1 0 1 1 0 1 0 1 1 0 1 0 0 0 1 1 1 0 1 1 0 1 0 0 0 0 1] 0.8614283933212494
[0 0 0 1 0 1 1 0 0 1 0 1 1 0 1 0 0 0 1 1 0 0 0 0 0 0 1 0 0 0 0] 0.792569918198059
[1 0 0 1 1 1 1 1 1 0 0 0 0 0 0 1 1 1 0 1 1 0 1 1 1 1 0 0 0 0 1] 0.018585305499249742
[0 1 1 0 1 1 1 0 0 0 0 0 1 1 1 1 0 1 1 1 0 1 0 0 0 1 0 0 1 0 1] 0.6454521287125913
[1 0 1 1 0 1 1 0 1 0 1 0 1 0 0 1 1 0 1 1 1 0 1 0 1 0 1 1 1 0 1] 0.018585305499249742
[1 0 0 0 0 1 1 0 0 0 1 1 1 1 1 0 1 1 1 0 1 0 0 0 1 0 1 0 0 1 0] 0.16477399242930307
[1 1 1 1 0 0 0 0 1 1 1 1 1 0 0 1 0 1 0 0 0 1 1 0 0 0 1 1 1 0 1] 0.1629523124850228
[1 0 1 1 0 1 1 1 1 1 0 0 1 1 1 1 0 1 0 1 0 0 0 1 1 0 1 1 1 1 1] 0.16477399242930307
[0 0 1 1 0 0 0 0 0 0 1 0 1 0 1 1 0 0 1 1 1 0 0 0 0 0 1 1 1 0 1] 0.7549239536427111
[1 1 1 1 0 1 0 0 1 1 0 1 1 0 1 0 0 0 0 0 1 1 0 1 1 1 0 1 1 1 0] 0.2300865563712063
[0 1 0 0 1 1 1 1 0 0 1 0 0 1 0 0 0 1 0 1 0 0 1 1 1 0 1 0 1 1 0] 0.8775996339639908
[1 1 1 1 1 0 1 1 1 0 0 1 1 1 1 1 1 1 1 1 0 1 1 0 0 0 0 1 0 0 1] 0.373422426842704
[1 1 0 0 1 1 1 1 1 1 0 0 0 1 0 1 0 1 1 0 0 1 0 0 0 0 1 0 1 0 1] 0.31765676567656764
[0 1 0 1 0 1 1 0 0 0 1 1 0 0 1 0 1 1 1 0 0 1 1 0 0 1 0 0 0 1 0] 0.6364632809645597
[1 1 0 0 0 1 1 0 1 0 0 1 0 0 0 1 0 0 1 1 1 1 0 0 0 0 0 0 1 1 1] 0.1629523124850228
[0 1 0 1 1 0 1 1 0 0 1 0 0 1 1 0 1 0 0 0 0 0 1 1 0 1 0 1 1 0 0] 0.8687882704808989
[0 1 0 0 0 1 1 1 0 0 1 1 0 0 1 1 0 0 0 1 1 1 0 0 0 1 0 1 0 0 0] 0.6422638385693955
[0 1 0 1 1 1 1 1 1 1 1 0 0 0 0 0 0 0 0 1 0 0 1 0 1 1 0 1 1 1 0] 0.8750562031738819
[0 0 1 0 0 0 0 0 0 0 1 0 0 1 1 0 1 1 0 0 1 1 0 0 1 0 1 1 1 0 0] 0.7697874452071789
[1 0 1 0 0 1 0 1 0 0 1 1 0 0 0 0 0 1 0 0 0 0 1 0 1 0 1 1 1 1 0] 0.018585305499249742
[1 1 1 1 0 1 0 1 1 0 1 1 1 1 1 1 1 0 0 1 0 1 1 0 1 1 1 0 1 1 1] 0.3887494955520853
[1 1 1 0 1 1 0 1 0 0 1 0 0 0 0 1 1 0 0 1 1 0 1 1 1 1 0 0 1 1 1] 0.1422925822734638
[0 0 1 0 1 1 1 0 1 1 1 1 0 1 0 1 1 0 0 1 0 0 1 1 1 0 0 1 1 0 0] 0.8050681260460197
[0 1 0 1 1 0 0 0 1 1 1 0 0 1 0 1 1 1 0 1 0 0 1 1 0 1 1 1 1 1 1] 0.8814958649320852
[1 0 1 1 0 1 1 1 1 1 1 0 1 1 1 1 0 1 0 1 0 0 0 1 1 0 1 1 1 1 1] 0.16477399242930307
[0 1 1 1 1 0 1 1 1 0 1 0 1 1 1 1 1 1 1 1 1 1 1 1 1 1 1 0 1 1 0] 0.8289394036329276
[1 1 0 1 1 0 1 0 1 1 1 0 0 1 1 1 0 1 1 1 0 1 1 0 1 1 0 1 1 1 1] 0.39468644662617086
[1 1 0 0 1 0 1 1 0 1 1 1 1 1 1 1 1 1 1 0 1 0 1 0 1 1 0 1 1 0 1] 0.3243407651824475
[1 1 0 0 1 0 1 1 1 0 1 0 1 1 1 1 1 1 1 0 1 0 1 1 1 1 1 1 0 1 1] 0.3243407651824475
[0 1 1 1 0 0 1 1 1 1 1 0 1 0 1 1 1 1 1 0 1 1 0 1 0 0 1 0 1 0 1] 0.7738275846108749
[1 0 1 1 0 1 1 1 1 1 1 1 0 1 1 0 1 0 0 0 1 1 1 0 1 1 1 1 1 1 1] 0.2335347741472908
[1 1 1 1 1 1 1 0 1 1 1 0 1 0 1 1 1 1 1 1 1 1 1 0 1 0 1 0 0 1 1] 0.24887569034215332
[1 1 1 1 1 1 1 1 1 0 0 1 1 1 1 1 1 1 1 1 0 0 0 1 1 1 1 1 1 1 1] 0.3243407651824475
[0 0 1 1 0 1 1 0 1 1 1 1 0 1 1 1 0 0 1 1 1 1 1 0 1 1 0 1 0 0 1] 0.876933384921721
[0 1 0 1 1 1 1 0 1 1 1 1 1 1 0 1 1 0 1 1 0 1 1 1 1 1 0 1 0 1 1] 0.873605930380435
[1 1 0 1 0 1 1 0 1 0 1 1 1 1 1 1 1 1 0 1 1 1 1 0 1 1 1 0 1 0 1] 0.3887494955520853
[1 0 1 1 0 1 0 1 1 1 1 0 1 1 1 1 1 1 1 0 0 1 1 0 1 0 1 0 1 1 1] 0.2528482690326388
[0 1 0 1 1 1 1 0 1 1 1 1 1 1 0 1 1 1 0 1 1 1 1 1 0 0 1 1 1 0 1] 0.8742781742597295
[0 1 1 1 1 0 1 0 1 1 1 0 1 1 1 1 0 1 0 1 0 1 0 1 1 1 1 1 0 1 0] 0.7427023266110754
[1 0 0 1 0 1 1 1 1 1 0 1 0 0 0 0 0 1 0 1 0 1 0 1 1 1 0 1 1 1 1] 0.018585305499249742
[1 1 0 1 1 1 1 0 1 1 1 0 0 1 0 1 0 1 1 1 0 1 0 0 1 1 0 0 0 1 1] 0.33503011249920034
[1 1 1 1 1 1 1 0 0 0 0 1 1 1 1 1 0 1 1 0 1 1 1 0 0 1 1 1 1 1 1] 0.373422426842704
[0 1 0 1 1 1 1 1 1 0 1 1 0 1 1 1 1 1 0 1 1 1 1 1 1 1 0 1 1 0 1] 0.8787481620324046
[1 1 1 1 1 1 0 1 1 1 1 1 0 1 0 1 1 1 0 0 1 1 1 1 1 1 1 1 1 0 1] 0.3300206811984114
[1 0 1 1 1 1 0 1 1 0 1 1 0 1 1 0 1 1 1 1 0 1 0 1 0 0 1 0 1 1 1] 0.21364929108902578
[1 1 0 1 1 0 1 0 0 1 1 1 0 1 1 1 1 1 1 1 1 1 1 1 0 1 0 1 1 1 1] 0.373422426842704
[1 1 0 0 1 0 1 1 1 1 0 1 1 1 1 0 1 1 1 1 0 1 0 1 1 1 1 1 1 0 0] 0.39468644662617086
[1 1 1 1 1 1 1 1 1 0 0 1 1 1 1 1 1 1 1 1 0 1 1 0 0 1 1 1 0 1 1] 0.373422426842704
[0 1 0 1 1 1 1 1 1 1 1 1 1 0 1 1 0 0 1 1 1 1 1 1 0 1 0 0 1 0 1] 0.8524219580647324
[0 1 1 1 1 1 1 1 0 1 1 1 1 1 1 1 1 1 1 1 0 1 1 1 1 1 1 1 1 1 1] 0.8534528683115524
[1 0 1 1 1 1 1 1 0 1 1 1 1 1 1 0 1 1 1 0 1 0 1 0 1 1 1 1 1 0 0] 0.16477399242930307
[1 1 1 0 1 1 1 1 1 1 0 0 0 1 1 1 1 1 1 1 1 1 0 1 1 1 1 0 1 1 1] 0.39468644662617086
[1 1 1 0 1 1 0 1 1 1 1 1 1 1 1 1 1 1 1 1 0 0 1 1 1 1 0 1 0 1 1] 0.3243407651824475
[1 0 1 1 0 1 1 1 1 1 0 1 1 1 0 0 0 1 1 1 1 0 1 1 1 0 1 0 1 0 0] 0.09594833921665483
[1 1 1 1 1 1 1 1 1 1 1 0 0 0 1 1 0 1 1 1 1 1 1 1 0 1 0 0 1 1 1] 0.23641242354781586
[1 1 0 1 1 0 0 0 1 1 0 1 1 1 1 1 0 1 0 0 1 0 1 0 1 0 1 0 0 0 1] 0.3243407651824475
[1 1 1 0 1 0 1 1 0 1 0 1 1 1 1 0 1 1 0 1 1 1 1 1 1 1 1 1 1 1 0] 0.39468644662617086
[1 1 1 1 0 1 0 0 1 0 1 1 1 1 1 0 0 1 1 1 0 1 1 1 0 1 1 1 1 1 1] 0.373422426842704
[0 1 1 1 1 1 1 0 1 1 1 1 0 1 0 1 0 1 0 1 0 1 1 1 0 1 0 1 1 1 1] 0.8716960274380305
[0 1 0 0 0 1 1 1 0 1 1 1 1 0 1 1 0 1 0 1 1 1 0 1 1 1 0 1 0 0 1] 0.693569844789357
[1 1 0 0 0 0 1 0 1 1 0 1 1 1 0 1 0 1 0 0 1 1 0 1 1 1 1 1 1 0 0] 0.3294121978608642
[1 0 1 0 1 1 1 1 0 1 1 0 0 1 1 0 0 0 1 0 1 0 0 0 1 1 1 1 1 1 1] 0.15748155302732508
[1 0 0 0 0 1 1 0 0 0 1 1 1 1 1 0 1 1 1 0 1 0 0 0 1 0 1 0 0 1 1] 0.16477399242930307
[1 0 0 1 1 0 1 0 0 1 1 0 0 0 0 1 1 1 1 1 0 1 1 0 1 1 1 0 1 1 1] 0.018585305499249742
[1 0 1 1 1 0 1 1 1 1 0 1 1 1 1 1 1 1 1 1 1 0 1 1 0 0 1 0 1 1 1] 0.15748155302732508
[0 1 0 1 0 0 1 0 1 1 1 0 1 1 1 1 1 1 0 1 1 1 1 1 1 0 1 0 1 1 1] 0.8343028930621169
[1 1 1 1 1 1 1 0 0 1 0 1 0 1 1 1 1 1 1 1 1 1 1 1 1 0 1 1 1 1 1] 0.39468644662617086
[0 1 1 1 1 1 1 0 1 1 1 1 0 1 0 1 0 1 0 1 0 1 1 1 0 1 1 1 1 1 1] 0.8747784774329777
[1 1 1 0 0 0 1 1 1 1 1 1 0 1 1 0 0 0 0 0 1 1 0 1 1 1 1 1 0 1 0] 0.3890435909560588
[0 1 1 0 0 1 0 0 1 0 1 1 1 1 1 0 0 1 1 0 0 1 1 1 0 1 1 0 1 0 1] 0.7094444474476583
[0 1 0 1 1 1 1 0 1 1 1 1 1 0 1 1 0 0 1 1 0 0 0 0 0 1 1 0 0 0 0] 0.7636782090176796
[0 1 0 1 1 1 1 0 1 1 1 1 1 1 0 1 0 0 1 1 0 1 0 1 1 1 0 1 0 1 1] 0.8717376186804296
[1 1 1 1 0 1 0 1 1 1 1 1 0 1 1 1 1 1 1 1 1 0 1 1 1 0 0 1 1 1 1] 0.3188051293454896
[1 1 0 1 0 1 1 1 1 1 1 1 0 1 1 1 1 1 1 1 0 1 1 1 1 1 1 1 1 1 1] 0.3890435909560588
[0 0 1 1 1 1 1 0 1 1 1 1 0 1 1 1 0 0 1 1 1 1 1 0 1 1 0 1 1 0 1] 0.8787920228995034
[1 1 0 1 0 1 1 1 1 1 0 1 0 0 0 0 0 1 0 1 0 1 0 1 1 0 0 1 1 1 0] 0.17698948507445134
[0 1 0 1 1 1 1 1 1 1 1 1 1 1 1 0 1 1 1 1 0 1 1 1 0 1 0 1 1 1 1] 0.8325250201874372
[0 1 0 0 1 1 1 1 1 1 1 1 1 1 1 1 1 1 0 1 1 1 1 1 1 1 1 0 1 1 1] 0.8675751438369484
[0 1 1 1 1 1 1 1 1 1 1 1 1 1 1 1 1 1 1 0 1 1 0 1 1 0 1 0 1 1 1] 0.8734766482476723
[0 1 1 1 0 1 1 1 0 1 0 0 1 1 1 0 1 1 1 0 1 0 1 0 0 1 0 1 1 0 0] 0.8255883412897843
[0 0 0 1 0 0 1 1 1 1 1 0 0 1 1 1 1 1 1 1 0 0 0 1 1 1 1 0 1 1 1] 0.8512224921023553
[0 1 1 1 1 0 1 1 0 0 0 0 1 0 1 1 1 0 0 1 1 1 1 1 1 0 1 0 1 1 0] 0.8376763646978691
[1 1 1 1 1 1 1 1 1 0 0 1 1 1 1 1 1 1 1 1 0 1 1 1 1 1 1 1 0 1 1] 0.39468644662617086
[0 1 1 0 0 0 1 1 1 1 1 1 1 1 1 1 0 1 0 0 1 1 0 1 1 1 0 1 1 0 1] 0.8441282373866643
[0 0 1 1 0 1 1 1 0 1 1 1 1 1 0 1 1 0 0 1 1 1 1 1 1 1 1 1 1 0 1] 0.8660742909913919
[0 1 1 1 1 1 1 1 1 1 1 1 0 1 1 0 1 1 1 0 1 1 0 0 1 1 0 0 1 1 1] 0.8583362072268843
[0 1 1 0 1 0 1 1 0 1 0 0 1 0 1 0 0 0 0 1 1 1 1 1 1 0 0 0 1 1 0] 0.757556143557666
[0 1 1 0 1 1 1 1 1 0 1 1 1 1 1 1 0 1 1 0 0 1 1 1 0 1 1 1 1 0 1] 0.8164700870366427
[1 1 1 1 1 1 1 1 1 0 1 0 1 1 1 1 1 1 1 1 1 1 1 1 1 1 1 0 1 1 1] 0.4040809672132554
[0 1 1 1 0 1 1 1 0 1 0 1 1 1 1 0 1 1 1 0 1 0 1 0 0 1 0 1 1 0 0] 0.8553378686987668
[0 1 0 1 1 0 1 1 1 0 1 1 0 1 1 0 1 1 0 1 0 1 0 1 0 1 1 0 1 1 1] 0.8090598684276402
[0 1 1 0 1 0 1 0 1 1 1 1 1 1 1 1 1 1 1 0 0 0 0 0 1 0 1 1 1 1 1] 0.8668792119279891
[1 1 1 0 1 1 0 1 1 1 1 1 1 1 1 1 1 1 0 1 1 1 1 1 1 0 0 1 1 1 1] 0.39468644662617086
[0 1 0 1 1 1 1 0 1 1 1 1 1 1 0 0 0 0 0 1 0 1 1 1 1 1 0 1 1 1 1] 0.887445605076549
[0 0 0 1 0 0 0 0 1 1 1 1 1 1 1 0 0 0 0 1 1 1 0 0 1 1 1 1 1 1 1] 0.8669696926246158
[1 1 0 1 1 1 1 1 1 1 1 1 1 1 1 0 1 1 1 1 1 1 1 1 0 1 0 1 1 1 1] 0.373422426842704
[0 1 1 1 1 0 1 0 1 1 1 1 1 1 0 1 0 1 0 1 0 1 1 1 1 1 1 1 1 1 1] 0.8856616360710038
[0 1 1 0 1 0 1 0 1 0 0 0 1 0 1 0 0 0 1 1 0 1 1 1 0 0 1 1 1 0 0] 0.6885346379690586
[0 1 0 1 1 1 1 1 1 0 1 1 1 1 1 0 1 1 0 1 0 1 1 1 1 1 1 1 1 1 1] 0.8727210945353463
[0 1 0 1 0 0 1 0 1 1 1 1 1 1 1 1 1 1 0 1 1 1 1 1 1 1 1 1 1 1 1] 0.8652032558912172
[0 1 1 1 1 0 1 1 0 1 0 1 1 0 1 0 0 0 1 1 1 0 1 1 0 1 0 0 0 0 1] 0.8726178250808058
[0 0 1 1 0 1 1 1 1 1 1 1 0 1 0 1 1 1 0 1 1 1 1 1 1 1 1 1 1 1 1] 0.8529084594272947
[0 0 0 1 0 1 0 1 0 1 1 1 0 1 0 0 0 1 0 1 0 1 1 1 1 0 0 1 1 1 0] 0.8835618363961802
[0 1 0 1 0 0 1 0 1 1 1 1 1 1 0 1 0 1 0 1 1 1 0 1 1 1 1 1 1 1 1] 0.8846798634557282
[0 1 1 1 1 1 1 0 0 1 0 1 0 1 1 1 1 1 1 1 1 1 1 1 1 0 1 1 1 1 1] 0.8798321452992255
[0 1 0 1 1 1 0 0 1 1 1 1 1 1 0 0 1 0 1 1 0 1 1 1 1 0 0 0 0 0 1] 0.8757886806667294
[0 1 1 1 1 1 1 1 1 1 1 1 0 1 1 0 1 1 1 0 1 1 1 0 1 1 1 0 1 1 1] 0.8626214566195648
[0 1 1 1 1 0 1 1 0 0 1 1 0 1 0 1 1 1 0 0 0 1 0 1 1 1 1 0 1 1 1] 0.8836961450187208
[0 1 1 1 1 1 1 0 1 1 1 1 0 1 0 1 1 1 0 1 0 1 1 1 1 1 1 1 1 1 1] 0.878344536707526
[0 1 0 1 1 0 0 0 1 1 1 0 0 1 0 1 1 1 0 1 0 1 1 1 1 1 1 1 1 1 1] 0.8757417595335496
[0 1 0 1 0 1 1 1 1 1 0 1 1 1 1 0 1 0 1 0 1 1 1 1 1 1 0 0 1 1 0] 0.8655022456690667
[0 1 1 1 0 1 1 1 0 1 0 0 1 1 1 0 1 1 1 1 1 0 1 0 0 1 0 1 1 0 0] 0.8079427606720797
[0 1 1 1 1 1 1 0 1 1 1 1 0 1 0 1 1 1 0 1 0 1 1 1 1 1 0 1 1 1 1] 0.8804675946574023
[0 1 1 1 1 1 1 1 0 0 1 1 1 0 1 1 1 0 0 1 1 1 1 1 1 1 1 1 1 1 1] 0.8808496701445749
[0 1 0 1 1 1 1 0 1 1 1 1 1 1 0 1 1 1 1 1 0 1 1 1 1 1 0 1 1 1 1] 0.8703910349248558
[1 0 0 0 1 0 1 0 0 1 1 1 1 1 0 0 0 1 1 0 1 1 1 0 1 1 1 1 1 1 1] 0.17198485667928612
[0 1 0 1 1 0 1 1 0 0 1 1 0 1 0 1 1 1 0 0 0 1 1 1 1 1 0 1 1 1 1] 0.8938961410899551
[0 0 1 1 1 1 1 0 1 1 1 1 0 1 0 1 0 0 0 1 1 1 1 1 1 1 0 1 1 0 1] 0.8612433747919852
[0 1 1 1 0 0 1 1 1 0 1 1 1 1 0 0 0 0 0 0 1 0 0 1 1 1 0 0 0 1 0] 0.8836310417292105
[0 1 0 1 1 1 1 0 1 1 1 1 1 1 0 1 1 1 0 1 1 1 1 1 0 1 1 1 1 0 1] 0.8752450922491791
[0 1 0 1 1 1 1 0 1 1 1 1 1 1 1 1 1 1 1 1 1 1 1 1 1 1 0 1 1 1 1] 0.8696970271140837
[0 1 0 1 1 1 1 0 1 1 1 1 1 1 0 1 1 1 0 1 1 1 1 1 1 1 0 1 1 0 1] 0.8850785340314136
[0 0 1 1 0 1 1 1 0 1 1 1 1 1 0 1 1 1 0 1 1 1 1 1 1 1 1 1 1 0 1] 0.8684946411017476
[0 1 0 1 1 0 0 0 1 1 1 1 0 1 0 1 1 1 0 1 0 0 1 1 0 1 1 1 1 1 1] 0.8791838735833758
[0 1 0 1 1 1 1 0 1 1 1 1 0 1 0 1 1 1 0 1 1 1 1 1 1 1 0 1 1 0 1] 0.8850785340314136
[0 1 1 1 1 0 1 1 0 1 1 1 0 1 0 1 1 1 0 0 0 1 0 1 1 1 1 0 1 1 1] 0.8837982772473326
[0 1 0 1 1 1 1 1 1 1 1 1 1 1 0 0 1 1 1 1 0 1 1 1 1 1 1 1 1 1 1] 0.8752450922491791
[0 1 0 1 1 1 1 0 1 1 1 1 1 1 0 0 1 1 0 1 0 1 1 1 1 1 0 1 1 1 1] 0.8804675946574023
[0 1 1 1 0 1 1 0 1 1 1 1 0 1 0 1 1 0 0 1 1 1 1 1 1 1 0 1 1 1 1] 0.8932220503367205
[0 1 1 1 1 1 1 1 1 1 1 1 0 1 0 1 1 1 0 1 0 1 1 1 1 1 1 0 1 1 0] 0.8645012731520185
[0 0 0 1 1 1 0 0 1 1 1 1 0 1 0 0 1 0 1 1 1 1 1 1 1 0 0 0 0 0 1] 0.8628784059536672
[0 1 0 1 1 1 1 0 1 1 1 1 0 1 0 1 1 1 1 1 0 1 1 1 1 1 0 1 1 1 1] 0.8703910349248558
[0 1 0 1 1 1 1 0 1 1 1 1 0 1 0 1 1 1 0 1 0 1 1 1 1 1 1 1 1 1 1] 0.878344536707526
[0 1 0 1 1 1 1 0 1 1 1 1 0 0 0 0 0 0 0 1 0 0 1 0 1 1 0 1 1 1 0] 0.8724195409667905
[0 1 0 1 1 0 0 0 1 1 1 0 1 1 0 1 1 1 0 1 0 0 1 1 0 1 1 1 1 1 1] 0.885598494987973
[0 1 1 1 1 1 1 0 1 1 1 1 0 1 0 1 1 1 0 1 0 1 1 1 0 1 1 1 1 1 1] 0.8717016502400091
[0 1 0 1 1 1 0 1 1 0 0 1 1 1 1 1 1 1 1 1 1 0 0 1 1 1 1 1 1 1 1] 0.8789224979485584
[0 1 0 1 1 0 1 0 1 1 1 1 1 1 0 1 1 1 0 1 0 1 1 1 1 1 1 1 1 1 1] 0.8833791266657618
[0 1 0 1 1 1 1 0 1 1 1 1 1 1 0 1 1 1 0 1 1 1 1 1 1 1 0 1 1 1 1] 0.8860329142771748
[0 1 0 1 1 0 1 0 1 1 1 1 1 1 0 1 1 1 0 1 1 1 1 1 1 1 0 1 1 1 1] 0.8850785340314136
[0 1 0 1 1 1 1 1 1 1 1 1 1 1 0 1 1 1 0 1 1 1 1 1 1 1 1 1 1 1 1] 0.887641025880202
[0 1 0 0 1 1 1 1 0 0 1 0 0 1 0 1 1 1 0 1 0 1 1 1 1 1 1 1 1 1 1] 0.8547905771721921
[0 1 0 1 1 0 1 1 1 0 1 0 1 1 0 0 0 1 0 1 0 0 1 1 1 1 0 0 1 1 0] 0.8806025621121666
[0 1 1 1 0 0 1 1 1 0 1 0 1 1 0 0 0 0 0 0 0 0 0 1 1 1 0 0 0 1 0] 0.8998757992547955
[0 1 1 1 1 1 1 0 1 1 1 1 1 1 0 1 0 1 0 1 0 1 1 1 1 1 1 1 1 1 1] 0.8804675946574023
[0 1 0 1 1 1 1 0 1 1 1 1 1 1 0 1 0 0 0 1 1 1 1 1 1 1 0 1 1 1 1] 0.892960266220494
[0 1 1 1 1 0 1 0 1 1 1 1 0 1 0 1 0 0 0 1 1 1 1 1 1 1 0 1 1 1 1] 0.8951324365552628
[0 1 0 1 1 0 1 1 1 1 1 1 0 1 0 1 1 1 0 1 0 1 1 1 1 1 0 1 1 1 1] 0.8824105440216653
[0 1 1 1 1 1 1 0 1 1 1 1 1 1 0 1 0 0 0 1 1 1 1 1 1 1 0 1 1 1 1] 0.896740209317249
[0 1 1 1 1 0 1 0 1 1 1 1 1 1 0 1 0 0 0 1 1 1 1 1 1 1 0 1 1 1 1] 0.8951324365552628
[0 1 0 1 1 0 1 0 1 1 1 1 1 1 0 1 0 1 0 1 1 1 1 1 1 1 1 1 1 1 1] 0.8869854066360616
[0 1 1 1 1 0 1 1 1 1 1 1 0 1 0 1 1 1 0 1 0 1 1 1 1 1 0 1 1 1 1] 0.8824105440216653
[0 1 0 1 1 0 1 1 1 0 1 1 1 1 0 1 0 1 0 1 1 0 1 1 1 1 0 1 1 1 1] 0.8769014843273742
[0 1 0 1 1 0 1 1 1 0 1 1 1 1 0 1 1 1 0 0 0 0 1 1 1 1 0 1 1 1 1] 0.8889096131607415
[0 1 0 1 0 0 1 1 1 0 1 1 1 1 1 0 1 0 0 0 1 0 1 1 1 1 0 1 1 0 1] 0.8938016988760712
[0 1 1 1 0 0 1 1 1 0 1 0 1 1 0 0 0 0 0 0 1 0 1 1 1 1 0 0 0 1 0] 0.9092930839622299
[0 1 0 1 0 0 1 1 1 0 1 0 1 1 0 0 0 0 0 0 1 0 0 1 1 1 0 0 0 1 0] 0.885598494987973
[0 1 1 1 1 0 1 1 1 0 1 1 1 1 0 1 0 1 0 0 0 1 1 1 1 1 0 1 1 1 1] 0.894606484048649
[0 1 1 1 0 0 1 0 1 1 1 1 1 1 0 1 0 0 0 1 1 1 1 1 1 1 0 1 1 1 1] 0.8895693833264406
[1 1 1 1 0 1 1 1 1 1 1 0 1 1 1 0 0 1 0 0 1 1 1 1 1 1 0 1 0 1 1] 0.3987953058469208
[1 0 0 0 1 1 1 0 1 1 0 0 0 1 1 0 0 0 1 1 0 0 1 0 0 0 0 0 1 1 0] 0.15748155302732508
[0 1 0 0 1 1 1 1 0 0 0 1 1 0 1 1 1 0 1 1 1 0 1 0 0 0 1 0 1 0 1] 0.8287728295410896
[0 0 0 1 0 1 0 0 1 0 0 0 1 1 0 0 0 0 1 0 0 1 0 1 0 1 1 0 0 1 1] 0.8821625075765763
[0 1 0 1 1 1 1 1 0 0 1 0 0 1 0 0 1 1 0 0 0 1 0 1 1 0 1 0 0 1 1] 0.8581808434767209
[0 1 0 1 1 0 0 0 0 0 1 1 0 0 0 1 0 1 1 0 0 0 0 0 1 0 1 0 1 1 1] 0.8744626455828046
[1 1 0 1 0 1 1 0 0 0 0 1 1 1 1 0 0 0 1 1 0 1 1 0 1 1 0 0 0 0 1] 0.3887494955520853
[0 1 0 0 1 0 0 1 0 1 1 0 1 0 1 1 0 0 1 0 1 0 1 0 1 1 0 0 0 1 1] 0.8005610800791523
[1 0 0 1 1 0 1 1 0 0 1 1 1 0 0 1 0 1 1 0 0 1 0 0 0 1 0 0 1 1 1] 0.018585305499249742
[0 1 1 0 1 1 1 1 1 0 0 1 1 0 0 1 0 0 0 0 1 0 1 0 0 1 1 1 0 1 1] 0.8028936073741646
[0 1 1 1 1 1 1 1 1 0 1 1 0 0 0 1 1 0 1 1 0 1 1 1 0 0 1 0 1 1 1] 0.8645012731520185
[0 0 1 0 1 0 1 1 1 0 0 1 1 0 1 1 1 1 1 1 0 0 0 0 1 0 1 1 0 0 1] 0.8379918642526332
[1 0 1 1 1 1 0 1 1 1 1 1 0 1 0 0 1 0 0 1 0 0 1 0 0 0 1 0 1 0 1] 0.07956680296165321
[0 0 1 1 0 1 0 1 0 0 1 0 1 0 0 0 0 1 1 1 0 1 0 0 1 0 0 0 1 0 0] 0.7975442604226156
[1 1 1 1 1 1 0 1 0 0 1 0 1 0 0 0 1 0 0 0 1 0 0 1 1 0 1 0 1 1 0] 0.1421574960361736
[0 0 1 1 1 1 0 0 0 1 1 0 0 0 0 1 0 1 0 0 0 0 1 0 1 0 1 0 0 0 0] 0.8570516972995968
[1 1 1 0 0 0 0 0 0 0 0 0 0 0 0 1 1 0 0 0 1 0 1 1 0 0 0 0 0 1 1] 0.14145061916671747
[0 0 0 1 1 0 0 0 1 1 1 0 1 0 0 0 0 0 0 0 1 1 0 1 0 0 0 0 0 0 0] 0.859681174650155
[0 1 1 0 0 1 1 1 1 1 1 1 0 1 1 0 0 1 1 1 1 0 0 0 1 1 1 1 0 0 0] 0.7998127569503806
[1 1 1 0 0 0 0 1 0 1 0 0 1 0 1 1 1 0 0 0 1 0 1 0 0 0 0 0 0 0 1] 0.16301749689262837
[0 0 0 0 1 0 0 1 1 0 1 1 0 0 0 1 0 0 0 0 0 1 0 1 0 1 1 1 1 1 1] 0.8361460950936513
[0 0 1 1 0 0 0 0 1 0 0 1 0 1 0 0 1 0 0 0 1 0 1 1 1 0 1 1 0 0 1] 0.8065257118355095
[0 0 0 0 1 1 0 1 0 0 0 0 1 0 1 1 0 1 0 1 1 1 1 0 0 0 1 1 0 0 1] 0.7642622641311531
[1 1 0 0 0 0 1 1 1 0 0 0 0 0 0 0 0 0 0 0 1 1 0 1 1 1 1 1 1 1 1] 0.17698948507445134
[0 0 0 0 1 1 0 0 1 0 1 1 0 1 1 1 0 1 1 1 0 1 1 0 1 1 0 0 1 1 0] 0.8061943032916661
[0 0 0 1 0 0 1 1 0 1 0 0 1 1 1 1 1 1 0 0 0 1 1 0 1 1 0 1 0 0 0] 0.8027954484365201
[0 1 0 0 0 0 1 0 1 0 1 0 1 1 0 0 1 0 1 1 0 1 1 0 1 0 1 1 1 1 1] 0.7928439384602953
[0 1 1 1 1 0 0 1 1 0 1 1 1 1 0 0 0 1 1 1 0 1 0 0 0 0 0 1 1 0 0] 0.7290138900871366
[0 0 1 1 0 1 0 1 1 0 1 0 1 0 1 0 1 0 1 1 1 0 1 0 0 1 0 1 1 0 0] 0.7357973798735306
[1 1 0 1 1 1 0 1 1 1 1 1 0 1 1 0 1 1 1 1 1 1 1 1 1 0 0 1 0 1 1] 0.39468644662617086
[0 1 1 0 0 0 1 1 1 1 0 1 0 1 0 1 0 0 1 0 0 0 1 1 1 0 1 0 1 0 1] 0.8850091322062473
[0 1 1 1 0 0 0 0 1 0 1 0 0 1 1 0 1 1 1 1 0 0 0 1 1 1 1 0 0 0 0] 0.787288113926316
[1 0 1 1 0 1 1 0 1 1 0 1 0 0 0 0 0 0 0 1 1 0 0 0 0 0 0 0 1 0 0] 0.018585305499249742
[0 1 0 1 0 1 1 0 1 1 0 0 1 1 0 1 1 0 1 0 1 0 1 0 0 1 0 1 0 0 1] 0.8611938359690354
[1 0 0 1 0 1 1 1 0 0 0 1 1 0 1 0 1 1 1 0 1 0 1 0 0 1 1 0 1 0 0] 0.018585305499249742
[1 0 1 1 0 0 1 0 0 0 0 1 1 1 1 0 0 0 0 0 1 1 1 1 0 0 1 1 0 1 1] 0.206886335259137
[0 1 1 1 0 1 0 0 0 1 0 1 0 0 0 1 1 1 0 0 1 0 1 0 1 1 0 1 0 1 0] 0.8855048783903646
[1 0 1 1 0 0 0 1 0 1 0 0 0 1 1 1 1 0 0 0 1 0 0 0 1 0 1 0 1 0 1] 0.16477399242930307
[0 0 0 0 1 0 0 1 0 1 1 0 1 0 0 0 1 0 0 1 1 0 0 0 0 1 0 0 0 0 0] 0.7048054919908466
[0 1 1 0 1 0 0 0 0 0 0 1 1 0 1 0 0 1 0 1 1 1 1 0 0 0 1 0 1 0 0] 0.6470405459609399
[0 1 1 1 0 0 0 0 0 0 0 1 0 0 0 0 0 0 0 0 1 1 0 1 0 1 0 1 0 1 1] 0.8259566868040171
[0 0 1 1 0 1 0 0 0 0 1 1 0 1 0 1 1 0 1 0 0 0 0 0 1 1 0 1 1 1 1] 0.7917849755914578
[0 1 1 1 0 0 0 0 1 0 1 1 1 0 1 1 0 1 0 1 1 0 1 1 0 1 1 1 0 0 1] 0.8583362072268843
[1 0 0 1 1 1 1 1 0 1 1 1 0 1 0 0 1 0 0 0 0 1 0 0 0 1 0 0 1 0 0] 0.16477399242930307
[1 0 0 1 1 1 0 1 0 1 0 0 1 0 1 1 1 0 0 1 1 1 1 1 0 1 1 0 1 0 1] 0.14130261038497952
[0 0 1 1 0 0 1 1 0 1 0 1 0 0 1 0 1 1 0 0 0 1 0 1 1 0 1 1 1 0 0] 0.8949700935700021
[1 1 1 1 1 1 1 0 1 0 0 1 0 1 1 1 0 1 0 0 1 1 1 0 1 0 0 0 0 1 1] 0.39468644662617086
[0 0 0 0 1 1 1 0 1 0 1 1 1 0 0 0 0 1 1 1 1 1 1 0 0 1 0 1 0 0 1] 0.8027590194742169
[0 1 0 1 1 0 0 0 1 0 0 0 0 1 0 0 0 0 1 1 0 0 0 0 1 1 1 1 1 1 1] 0.8700378724721911
[1 0 1 1 0 1 0 1 1 1 1 0 1 0 0 0 1 0 1 1 0 1 1 1 1 1 0 0 1 0 1] 0.018585305499249742
[1 1 1 0 1 0 0 1 0 1 0 0 0 1 1 0 0 0 1 0 1 1 1 1 0 1 1 1 1 0 1] 0.373422426842704
[0 1 0 0 1 1 0 1 1 0 1 0 1 0 0 1 0 0 1 0 0 0 0 0 1 1 0 1 0 1 0] 0.8412449192211183
[1 0 0 0 1 0 1 1 0 0 0 0 0 1 0 1 1 0 0 1 0 1 0 0 0 1 0 0 1 1 1] 0.16477399242930307
[0 0 1 0 1 0 0 1 0 0 1 0 0 0 1 1 1 1 0 0 0 0 1 1 1 1 0 0 0 0 1] 0.8956019546868059
[1 1 0 0 1 0 1 0 0 0 1 1 0 1 0 0 1 1 1 1 1 0 1 0 1 1 0 0 0 1 1] 0.24003414252471775
[1 0 0 1 1 1 1 0 0 1 1 0 1 0 1 0 1 0 1 0 1 0 1 0 1 1 0 1 0 1 1] 0.018585305499249742
[0 1 1 0 0 0 1 1 1 1 1 0 0 1 0 1 0 0 1 0 1 1 1 1 1 1 1 0 1 1 0] 0.8528034583734718
[0 1 1 1 1 0 0 0 0 0 0 0 1 1 1 0 1 0 0 1 0 1 0 0 1 1 1 0 1 1 0] 0.6866872997298745
[0 1 0 1 0 0 1 1 0 0 1 1 0 0 0 0 0 1 0 1 1 1 1 0 1 0 0 1 1 0 0] 0.7679934176694435
[1 0 1 1 1 1 0 1 1 1 0 0 1 0 0 0 0 1 0 0 0 0 1 1 0 0 1 1 0 1 1] 0.018585305499249742
[1 0 1 0 1 1 0 1 1 0 0 1 1 1 1 0 1 1 1 1 1 0 0 1 1 1 0 0 1 0 1] 0.16477399242930307
[1 0 1 1 0 0 1 0 0 1 0 0 0 0 1 0 0 1 1 1 0 1 1 0 0 1 0 0 0 0 1] 0.14130261038497952
[0 0 0 1 1 1 1 0 0 1 1 1 1 1 1 0 0 0 1 0 0 1 1 0 0 0 1 0 1 1 1] 0.8724972059631376
[0 1 1 0 1 1 0 0 0 0 0 1 0 0 0 0 1 1 1 0 0 0 1 1 1 1 1 1 0 1 1] 0.9088231942196796
[0 1 0 0 0 0 0 1 1 1 1 0 1 0 0 0 1 1 0 1 0 1 0 1 1 0 0 1 1 1 1] 0.7584481905109298
[0 1 0 1 1 1 1 0 0 0 0 0 0 0 1 1 1 0 1 0 0 0 0 0 0 1 0 0 1 0 0] 0.7332057203153916
[0 1 1 0 0 0 1 1 1 1 1 1 0 0 1 0 1 1 0 0 0 1 1 1 1 0 1 0 1 1 0] 0.7549183130108674
[0 1 0 1 0 1 1 0 0 1 1 1 0 1 1 0 1 0 0 0 1 1 1 1 1 0 0 1 0 1 1] 0.8622919949089912
[0 1 0 1 0 0 1 0 1 0 1 1 1 1 0 0 1 1 0 1 0 0 1 1 1 1 1 1 0 0 0] 0.8866988174547967
[0 1 0 0 0 0 0 1 0 0 1 1 1 0 1 0 1 1 1 0 1 0 1 0 1 1 0 1 0 0 1] 0.7692563115460045
[1 1 0 1 1 0 0 1 0 0 0 0 0 0 0 0 1 1 1 0 0 0 1 1 1 0 0 0 1 0 0] 0.1422925822734638
[0 0 1 0 0 1 1 0 1 1 0 1 1 0 1 0 1 1 0 0 0 0 1 1 0 1 0 1 1 0 1] 0.7694226332889081
[0 1 1 1 0 0 1 1 0 1 1 0 0 1 1 0 0 0 1 0 0 1 1 0 0 0 0 0 1 1 1] 0.6575342465753425
[0 0 1 0 1 0 0 0 1 0 1 1 1 0 0 0 1 1 0 1 0 0 0 0 1 0 0 1 0 0 0] 0.8329895267398684
[1 0 0 1 0 0 1 1 1 0 1 0 0 1 1 1 0 1 1 1 0 0 1 1 0 0 0 0 1 1 0] 0.13509273784257636
[0 0 1 1 1 1 0 1 0 1 0 1 0 0 1 1 0 1 1 0 0 0 0 1 0 1 1 0 0 0 0] 0.8721728757657413
[1 0 0 1 0 1 0 0 1 1 0 1 0 0 0 1 0 1 0 0 0 1 0 0 0 1 0 0 1 1 0] 0.018585305499249742
[1 1 1 1 1 1 0 1 1 1 1 0 1 1 0 0 0 0 0 1 1 1 0 1 0 1 1 0 1 0 0] 0.3233522901793609
[1 0 1 0 0 0 0 0 0 0 0 0 1 0 1 1 0 0 0 0 0 0 1 0 0 1 1 0 0 1 0] 0.018585305499249742
[1 1 0 1 1 0 1 1 1 0 1 0 1 1 0 1 0 0 1 0 1 0 1 1 0 1 0 0 0 0 1] 0.22034392305450307
[0 0 1 0 1 1 0 0 1 0 0 0 1 0 1 0 0 0 0 1 0 1 0 0 1 0 0 0 0 1 0] 0.7560758604542261
[1 0 0 1 0 1 1 0 1 1 1 0 1 0 1 1 0 0 1 0 0 1 1 0 0 0 0 1 1 0 1] 0.14130261038497952
[1 1 0 1 0 0 0 0 0 0 1 0 0 1 0 1 1 1 1 0 0 1 1 1 1 0 0 1 1 0 1] 0.32375001158898953
[1 1 1 1 0 0 1 1 1 0 0 1 0 0 0 1 1 0 0 0 0 1 1 0 1 1 1 0 1 0 0] 0.17698948507445134
[1 0 0 1 1 1 1 0 0 0 1 0 0 1 1 1 1 0 1 0 0 1 1 1 0 0 1 0 1 1 1] 0.21364929108902578
[1 1 0 1 1 0 0 0 0 0 0 1 0 0 0 1 1 1 1 1 0 1 1 1 1 0 0 0 1 0 0] 0.18388634430031586
[1 1 0 0 0 1 0 0 0 1 0 0 1 0 1 1 0 1 1 0 0 1 0 0 0 1 0 0 1 0 0] 0.1907049801348979
[1 1 1 1 0 1 1 0 0 1 1 0 1 0 1 0 1 0 1 0 0 0 0 0 0 0 0 1 1 1 0] 0.16301749689262837
[0 0 0 0 0 1 1 1 0 0 0 1 1 1 1 0 0 1 0 0 1 0 1 0 0 1 0 1 0 1 0] 0.6514111365369947
[1 0 1 0 1 1 0 1 0 1 0 1 1 1 0 0 1 1 1 1 0 1 1 0 0 0 1 1 0 1 0] 0.16477399242930307
[1 1 0 0 1 1 1 1 1 1 1 0 1 1 0 0 1 1 0 1 0 1 1 1 1 1 0 1 1 0 1] 0.34613686534216337
[0 1 0 0 0 1 1 0 0 1 0 0 0 0 0 0 0 0 0 1 1 0 0 1 0 1 0 0 1 1 1] 0.8605606073005069
[1 1 0 1 0 0 0 1 0 1 1 0 1 0 1 1 1 0 0 1 0 1 1 1 1 0 1 0 1 0 1] 0.2426749396759738
[1 0 0 0 0 1 1 1 0 1 1 0 1 1 1 0 1 0 1 1 0 1 1 0 1 1 0 0 0 0 0] 0.2528482690326388
[0 1 0 0 1 1 0 0 1 1 1 0 1 1 1 1 1 0 1 0 0 1 0 1 1 1 1 1 0 0 1] 0.7808729270525994
[0 1 1 0 0 0 1 0 0 0 1 0 0 0 0 0 0 0 0 1 1 1 0 0 1 0 1 0 0 0 1] 0.6396646772062509
[0 1 1 0 1 1 1 1 1 1 1 1 0 0 0 1 1 1 1 0 0 1 1 1 1 1 1 1 0 1 1] 0.8747650873945543
[0 1 0 1 1 1 0 0 0 0 1 1 0 0 1 1 0 1 0 1 0 0 1 1 1 1 1 1 0 1 1] 0.8798321452992255
[0 0 1 0 0 0 0 1 1 1 0 0 1 0 1 1 1 1 1 0 1 0 1 1 0 1 1 0 0 0 1] 0.7748937324771638
[1 0 1 0 0 0 0 0 0 1 0 0 1 1 0 1 1 1 1 0 1 1 1 1 0 1 0 0 0 0 0] 0.15748155302732508
[0 0 1 0 1 1 1 1 0 0 1 0 1 1 1 1 1 0 0 0 0 1 0 0 1 0 1 1 1 0 1] 0.878344536707526
[0 1 1 0 0 1 1 0 1 1 0 0 0 0 1 0 0 0 0 1 1 1 0 1 1 1 0 0 1 1 1] 0.7844294647438014
[1 1 1 1 1 1 1 1 1 1 1 1 0 1 1 1 1 1 1 1 1 1 1 1 1 1 1 1 0 1 1] 0.39468644662617086
[0 1 1 0 0 0 0 1 1 1 1 0 1 0 1 0 1 1 0 1 0 1 0 1 1 0 0 1 1 1 1] 0.6772846503219222
[1 1 1 1 0 1 0 1 1 1 0 1 0 1 1 1 1 1 1 1 1 0 1 0 1 1 1 1 1 1 1] 0.3130278962546782
[1 0 1 1 1 1 0 1 1 1 0 1 1 0 0 0 0 1 1 0 0 0 1 1 1 1 1 1 1 1 1] 0.018585305499249742
[1 1 0 1 0 1 0 1 1 0 1 0 0 1 1 1 1 1 1 0 0 1 1 1 1 1 1 1 1 0 1] 0.3890435909560588
[0 1 1 1 1 1 1 1 0 1 1 1 0 0 0 0 1 1 1 0 0 0 1 1 1 1 1 1 1 1 1] 0.8910880038691196
[1 1 1 1 1 1 0 1 1 1 1 0 1 1 0 1 1 0 0 1 1 1 1 1 0 1 1 0 1 1 0] 0.3233522901793609
[1 1 1 1 1 1 1 1 1 0 1 0 0 0 0 1 0 0 1 0 0 0 1 1 1 1 1 1 0 1 1] 0.1422925822734638
[1 1 1 1 1 1 1 1 1 1 1 0 1 1 1 0 1 0 1 0 1 1 0 0 1 0 0 1 1 1 1] 0.4040809672132554
[1 0 0 1 1 1 1 0 1 1 1 0 1 0 1 1 1 0 1 1 1 0 1 1 1 1 0 1 1 1 1] 0.018585305499249742
[1 1 1 1 1 0 0 0 0 1 0 1 0 0 0 0 1 1 1 1 1 1 1 1 0 1 1 1 0 1 1] 0.1629523124850228
[0 0 1 0 1 1 0 1 1 1 1 1 0 0 1 1 1 1 0 0 1 1 1 1 1 1 0 1 1 1 1] 0.8992821004322141
[0 1 1 1 1 1 0 1 0 0 1 1 0 0 1 1 0 1 0 1 0 1 1 1 1 1 1 1 0 1 1] 0.7968780625091091
[0 0 0 1 1 1 1 1 0 0 0 0 1 0 1 1 0 1 1 1 1 1 1 0 0 1 1 1 0 0 1] 0.831177064965427
[0 1 1 1 1 1 1 1 1 1 1 1 1 0 0 1 1 1 1 1 0 1 1 1 0 0 1 0 1 1 1] 0.8544866573812128
[1 0 1 1 0 1 1 1 1 1 1 0 1 0 1 1 1 0 1 1 1 0 1 1 0 1 1 1 1 1 0] 0.018585305499249742
[1 0 0 1 1 0 1 1 0 0 1 1 1 0 0 1 0 1 1 0 0 1 0 0 0 1 1 0 1 1 1] 0.018585305499249742
[0 1 0 0 1 1 0 0 1 1 1 0 1 1 1 1 1 0 1 0 0 1 1 1 1 1 1 1 0 0 1] 0.785947282047126
[1 1 1 1 1 1 0 1 1 1 1 1 1 1 1 1 1 1 0 1 1 0 1 1 1 1 1 1 0 0 1] 0.3243407651824475
[0 1 1 1 1 0 1 1 0 0 1 1 1 1 1 0 1 1 0 1 1 1 1 0 1 1 1 1 1 1 0] 0.7993794826335723
[1 0 0 1 1 1 1 1 1 0 0 1 1 0 1 0 1 1 1 0 1 1 1 0 1 1 1 1 1 0 1] 0.1421574960361736
[1 1 0 1 1 1 0 1 1 0 0 1 0 0 0 1 1 1 1 1 0 1 1 1 1 1 0 1 1 1 1] 0.18388634430031586
[1 1 0 0 1 0 1 1 1 1 1 1 1 0 1 1 0 1 1 0 1 1 1 1 1 1 1 1 0 1 1] 0.23641242354781586
[1 1 1 1 0 1 0 1 1 1 0 1 1 1 1 0 1 0 1 0 0 1 0 1 0 1 1 0 1 1 1] 0.373422426842704
[0 1 1 1 1 1 1 1 1 1 1 1 1 1 1 0 1 1 0 1 1 1 1 1 1 1 1 1 0 1 1] 0.8808483741835802
[0 0 1 0 1 1 1 1 1 1 1 1 1 1 1 1 1 1 1 1 1 1 1 0 1 0 1 1 1 0 1] 0.8669696926246158
[0 0 1 1 1 1 1 0 1 1 1 1 1 1 1 0 0 0 1 1 0 1 1 0 0 0 1 1 1 1 1] 0.866610309534385
[1 1 0 1 1 1 1 0 0 1 1 0 1 1 1 1 1 1 1 1 0 1 1 1 0 0 1 0 1 1 1] 0.373422426842704
[0 0 1 0 1 1 0 1 1 1 1 1 1 0 0 1 1 0 1 1 1 1 1 1 0 1 1 1 1 1 1] 0.824703956288983
[1 1 0 1 1 1 1 1 0 1 1 0 0 1 1 0 1 1 1 0 1 1 0 1 1 0 1 0 1 1 1] 0.39468644662617086
[0 1 1 1 1 0 1 1 1 0 1 1 1 1 0 0 0 1 1 1 0 1 1 1 1 0 0 1 1 0 1] 0.8705324096042517
[1 0 1 1 0 1 1 0 0 0 1 1 1 1 1 0 0 0 1 0 1 1 1 1 0 0 1 1 1 1 1] 0.206886335259137
[1 1 1 1 1 0 0 1 0 1 1 1 0 0 1 1 0 1 1 1 1 0 1 0 1 1 1 0 1 1 1] 0.18412984879510405
[0 1 1 0 0 1 1 1 1 1 1 1 0 1 1 0 1 1 1 1 1 0 1 0 1 1 1 1 0 1 0] 0.8208851040067011
[1 1 0 1 1 1 0 1 0 0 0 0 0 0 0 1 1 1 1 0 0 0 1 1 1 1 0 1 1 0 1] 0.1422925822734638
[1 1 1 1 1 1 1 1 1 1 1 1 0 1 0 1 1 1 1 1 1 1 0 0 1 1 0 1 1 1 0] 0.3300206811984114
[1 0 1 1 1 0 1 1 0 0 0 1 1 1 0 1 1 1 0 1 1 1 1 1 0 1 1 0 1 1 1] 0.16477399242930307
[1 1 1 0 1 0 1 1 1 1 0 0 1 0 1 1 1 1 1 0 1 0 1 1 1 1 1 1 1 0 1] 0.1770654902972992
[1 1 0 1 0 1 0 1 1 1 1 0 1 1 1 1 1 1 0 1 1 1 1 1 1 0 1 0 1 0 1] 0.3987953058469208
[0 1 0 1 1 0 1 1 1 0 0 1 1 1 1 0 0 1 1 1 0 0 0 0 1 1 1 1 1 1 1] 0.8678124985084457
[0 1 1 1 1 1 1 1 1 0 1 1 0 0 0 1 1 0 1 1 0 1 1 1 1 0 1 0 1 1 1] 0.8740641179755606
[1 1 1 1 1 0 0 1 0 1 0 1 1 1 1 0 1 1 1 1 1 1 1 1 0 1 1 1 0 1 1] 0.373422426842704
[0 0 1 0 1 0 0 1 0 0 1 1 0 0 1 1 1 1 0 0 0 1 1 1 1 1 0 0 0 0 1] 0.8804815454248519
[1 1 1 1 1 1 1 1 1 0 1 1 1 1 1 1 1 1 1 1 1 1 1 1 1 1 1 1 1 1 1] 0.39468644662617086
[1 0 1 1 1 1 0 1 1 0 1 1 1 1 1 1 1 1 1 0 0 1 1 1 1 1 1 1 1 1 1] 0.2528482690326388
[1 1 1 1 1 1 0 1 1 1 1 1 0 0 1 1 1 1 1 1 1 0 0 1 0 1 1 0 1 0 0] 0.16301749689262837
[0 1 1 1 1 1 1 1 1 1 1 0 1 1 1 0 1 1 1 1 1 1 0 1 1 1 1 1 1 0 1] 0.8614597062250492
[0 1 1 1 1 1 0 1 1 0 1 1 1 0 1 1 0 1 0 1 1 0 1 1 0 1 1 1 0 0 1] 0.8860329142771748
[1 1 1 1 1 1 1 1 1 1 1 1 1 1 0 1 0 0 0 1 1 1 1 1 0 1 1 1 1 1 0] 0.31765676567656764
[0 1 1 0 1 1 1 1 1 0 1 1 0 1 0 1 0 1 1 1 0 1 0 1 0 1 1 1 1 1 1] 0.839034520590886
[0 1 0 1 1 1 0 1 1 0 1 1 1 0 0 1 1 1 1 1 0 1 1 1 1 1 0 1 0 1 1] 0.8624966606877076
[0 0 1 0 1 1 0 1 1 1 1 1 0 0 1 1 1 1 1 0 1 1 1 1 1 1 0 1 1 1 1] 0.8965459872635013
[1 1 0 1 1 1 0 1 1 0 1 1 1 0 1 1 1 1 1 0 0 0 0 0 1 1 1 1 1 1 1] 0.1840490797546012
[0 0 1 0 1 0 0 1 1 0 1 1 1 1 0 0 1 1 0 1 0 1 0 0 1 0 0 1 0 0 1] 0.8833509228640445
[0 1 1 1 0 1 1 0 1 1 0 1 1 1 0 1 1 0 1 0 1 0 1 0 0 1 0 1 0 0 1] 0.8229495664768954
[0 0 1 1 1 1 1 0 0 1 1 0 1 1 0 1 1 1 0 1 0 1 1 1 1 0 1 0 1 0 1] 0.8878952649879815
[0 1 0 0 1 1 0 1 1 1 1 1 1 1 0 0 1 1 1 1 1 1 1 1 1 1 0 1 1 1 1] 0.8752450922491791
[0 1 0 1 0 1 1 0 1 1 1 1 1 0 0 0 1 1 1 1 1 1 1 1 1 1 0 1 1 1 1] 0.867647408548911
[1 0 1 1 1 1 1 1 1 1 1 0 1 1 1 1 1 0 1 1 1 1 1 1 1 1 1 1 1 1 1] 0.2591658891954662
[0 1 1 1 1 1 0 1 0 0 1 1 1 0 1 1 0 1 0 1 1 1 1 1 1 1 1 1 0 1 1] 0.8344060056668258
[0 1 1 1 1 1 1 1 1 0 1 1 1 1 0 1 0 0 0 0 1 0 1 0 1 1 1 1 0 1 1] 0.867778027152087
[0 1 1 1 1 0 1 1 1 0 1 1 1 1 0 0 1 1 1 1 0 1 1 1 1 0 0 1 1 0 1] 0.866327611377754
[0 0 1 1 1 1 0 1 0 1 0 1 1 0 1 1 0 1 0 1 1 1 1 0 0 1 1 1 0 0 1] 0.862593520981229
[0 1 1 1 1 1 0 1 1 1 1 1 0 0 1 1 1 1 0 0 1 1 1 1 1 1 0 1 1 1 1] 0.8848595416720964
[1 1 1 0 1 1 1 0 1 1 1 0 1 1 1 1 1 1 1 1 0 1 0 1 1 1 1 1 1 1 1] 0.4040809672132554
[0 1 1 0 1 1 1 0 1 1 1 1 1 0 0 1 1 1 1 1 1 1 1 1 0 1 0 1 0 1 1] 0.8377738624550375
[0 1 1 1 1 1 0 1 1 1 1 1 1 1 1 1 1 1 1 1 0 1 1 1 1 1 1 0 1 1 1] 0.8623771863335382
[0 1 0 1 1 1 0 1 1 1 1 1 1 1 0 1 1 1 1 1 1 1 1 1 1 1 1 1 1 1 1] 0.8797854824293174
[0 1 1 1 1 1 1 0 1 1 0 0 1 1 0 1 1 1 1 1 1 0 1 0 0 1 0 1 0 1 1] 0.8674353375159477
[1 1 1 1 1 0 0 1 0 1 1 1 1 0 1 1 1 1 1 1 1 1 1 0 1 1 1 0 1 1 1] 0.23641242354781586
[0 1 1 0 0 1 1 1 1 1 1 1 1 1 1 1 1 1 1 1 1 0 1 1 1 1 1 1 1 0 0] 0.8711775260844387
[0 0 1 1 1 1 0 1 1 0 1 0 1 1 1 1 1 0 1 1 1 0 1 0 1 1 1 1 1 1 1] 0.8385537414294875
[0 1 1 1 1 1 1 1 1 0 1 1 0 0 0 1 1 0 1 1 1 1 1 1 0 0 1 1 1 1 1] 0.8762100751886797
[0 1 1 1 1 1 1 1 0 0 1 1 1 1 1 1 1 1 0 1 1 1 1 1 1 1 1 1 1 1 1] 0.8808483741835802
[1 0 1 1 1 1 1 1 1 1 1 1 1 1 1 0 0 0 1 1 0 1 1 1 0 1 1 1 1 1 1] 0.21364929108902578
[0 1 1 1 0 0 1 0 1 0 1 1 1 1 1 0 1 1 0 1 0 0 1 1 1 1 1 1 0 0 0] 0.8685045410207116
[0 0 1 1 1 1 0 1 0 0 1 1 1 0 1 1 0 1 1 1 0 1 1 0 1 1 1 1 1 0 1] 0.8555405665831566
[0 1 1 1 1 1 1 1 1 1 1 1 1 1 1 1 1 1 1 1 1 1 1 1 1 1 1 1 1 1 1] 0.8695470436236511
[0 1 1 1 1 1 1 1 1 0 1 1 1 1 0 1 0 0 1 0 1 0 1 0 1 1 1 1 1 1 1] 0.8562082014653078
[0 0 1 0 1 0 0 1 0 0 1 1 0 0 1 1 1 1 0 0 0 1 1 1 1 1 1 0 0 0 1] 0.8858171680799164
[0 1 1 1 1 1 1 1 1 1 1 1 0 1 1 1 1 0 1 0 1 1 1 1 1 0 1 1 0 1 1] 0.8878545955019087
[0 1 1 1 1 1 1 0 1 1 0 0 1 1 0 1 1 1 1 1 1 0 1 0 1 1 0 1 0 1 1] 0.8782875021826231
[0 1 0 1 1 1 1 0 1 0 1 1 1 1 1 1 1 1 0 1 0 0 1 1 1 1 1 1 0 1 1] 0.8888847500558744
[0 1 1 1 1 1 1 0 1 0 0 1 1 1 1 1 0 1 1 0 0 1 1 1 1 1 1 0 0 1 1] 0.8743359340138003
[0 0 1 1 1 1 0 1 0 1 0 1 0 1 1 1 0 1 1 0 0 0 0 1 0 1 1 0 0 0 0] 0.8782875021826231
[1 0 1 0 1 1 1 1 1 1 1 1 1 1 1 1 1 1 1 1 1 1 1 1 1 1 1 1 1 1 1] 0.2528482690326388
[0 1 1 0 1 1 0 0 0 0 0 1 1 0 0 0 1 1 1 1 0 0 1 1 1 1 1 1 0 1 1] 0.8960377960327109
[0 0 1 1 1 1 1 0 0 1 1 0 1 1 0 1 1 1 0 1 1 1 1 1 1 1 1 0 1 0 1] 0.892739411835715
[0 1 1 0 1 1 1 1 1 1 0 1 1 0 1 1 1 1 1 1 0 1 0 1 1 0 1 1 0 0 1] 0.8188123167880252
[1 1 1 1 1 1 0 1 0 1 1 1 1 0 1 1 1 1 0 1 1 1 1 1 1 1 1 1 0 1 0] 0.23641242354781586
[0 0 1 1 1 0 0 1 0 0 1 0 1 0 1 1 1 1 0 1 0 0 1 1 1 1 0 0 0 0 1] 0.8953883472673574
[0 1 1 0 1 1 1 1 1 0 1 1 0 1 0 1 0 1 1 1 1 1 1 1 1 1 1 1 1 1 1] 0.8790934716215771
[0 0 1 0 1 0 0 1 1 0 1 1 1 1 0 1 1 1 0 1 0 1 1 0 1 0 0 1 0 0 1] 0.8846931894807822
[0 1 1 1 1 1 1 1 1 1 1 1 1 0 0 1 1 1 0 1 0 0 1 1 1 1 1 1 0 1 1] 0.8919943507024456
[0 0 1 1 1 1 1 1 1 0 0 1 1 0 1 1 1 1 1 1 0 0 0 1 1 1 1 1 0 0 1] 0.8504403398020419
[0 1 1 0 1 0 0 1 1 0 1 0 1 0 1 1 1 1 0 1 0 0 1 1 1 1 0 0 0 0 1] 0.8509640337555987
[0 1 1 1 1 1 1 1 1 0 1 1 1 1 0 1 1 1 0 1 0 1 1 1 1 1 1 1 0 1 1] 0.879493216412194
[0 1 0 1 0 0 1 0 1 0 1 1 1 1 1 1 1 1 0 1 0 1 1 1 1 1 1 1 0 0 0] 0.7481388540359682
[0 1 1 1 1 1 1 1 1 0 1 1 1 1 1 1 1 1 0 1 0 1 1 1 1 1 1 1 1 1 1] 0.8747650873945543
[0 1 1 1 0 0 1 0 1 1 1 1 1 1 1 0 1 1 1 1 0 1 1 1 1 1 1 1 0 0 1] 0.8074402832493891
[0 1 1 1 1 0 1 1 0 1 1 1 1 0 1 1 1 1 0 0 0 1 1 1 1 1 1 1 0 1 1] 0.8441967484287919
[0 1 1 1 1 1 1 1 1 1 1 1 1 1 1 1 1 1 0 1 0 1 1 1 1 1 1 1 1 1 1] 0.8818377575471653
[1 1 1 0 1 1 1 0 1 1 1 1 1 0 0 0 1 1 1 1 0 1 1 1 1 1 1 1 0 1 1] 0.1907049801348979
[0 1 1 1 1 1 1 0 1 1 1 0 1 1 0 1 1 1 0 1 1 1 1 1 1 1 1 1 0 1 1] 0.8773748492159228
[0 1 0 1 0 0 1 0 1 0 1 1 1 1 0 0 1 1 1 1 0 0 1 1 1 1 1 1 0 1 1] 0.887861411915104
[0 0 1 1 1 0 1 1 1 1 1 1 0 0 1 1 1 1 1 1 1 1 0 1 1 0 1 1 1 1 1] 0.8677522127275419
[0 1 1 0 1 0 0 1 1 0 1 1 1 0 1 1 1 1 0 1 0 0 1 1 1 1 0 0 0 0 1] 0.8786681398528063
[0 1 1 1 1 1 0 1 1 0 1 1 1 1 1 1 1 1 0 1 0 1 1 1 1 1 1 1 0 1 1] 0.8574867689485851
[0 0 1 0 1 1 0 1 1 1 1 1 0 0 1 1 1 1 0 1 1 1 1 1 1 1 0 1 1 1 1] 0.8978836686767278
[0 0 1 1 1 1 1 1 0 1 1 1 1 0 1 1 1 1 0 1 0 1 1 1 1 1 1 1 1 0 1] 0.8841222602803827
[1 0 1 1 1 1 1 1 0 1 0 1 0 1 1 0 1 1 0 1 1 1 0 1 1 0 1 1 1 1 1] 0.24003414252471775
[0 1 1 0 1 1 1 1 1 1 1 1 0 0 1 1 1 1 1 0 0 1 1 1 1 1 0 1 1 1 1] 0.846855173343346
[0 0 1 0 1 0 0 1 1 0 1 1 1 1 1 1 1 1 0 1 0 1 1 0 1 1 0 1 0 0 1] 0.8634209761835595
[0 0 1 0 1 1 0 1 1 1 1 1 0 0 1 1 1 1 1 0 0 1 1 1 1 1 0 1 1 1 1] 0.8939080348006463
[0 1 1 1 0 1 0 0 1 1 1 1 0 0 0 1 1 1 1 0 1 0 1 1 1 1 1 1 0 1 1] 0.8947027107150136
[0 1 1 0 1 1 0 0 0 0 1 1 0 0 0 1 1 1 0 0 0 0 1 1 1 1 1 1 0 1 1] 0.9026996780200526
[0 0 1 0 1 1 0 1 1 1 1 1 0 0 1 1 1 1 1 0 0 1 1 1 1 1 1 1 1 1 1] 0.892010633313075
[0 0 1 0 1 1 0 1 1 1 1 1 0 0 1 1 1 1 1 0 1 1 1 1 1 1 1 1 1 1 1] 0.8869899973369837
[0 0 1 0 1 1 0 0 1 1 1 1 0 0 1 1 1 1 1 0 0 1 1 1 1 1 1 1 1 1 1] 0.8901057524694944
[0 1 1 0 1 1 0 0 1 0 1 1 0 0 1 1 1 1 1 0 0 0 1 1 1 1 1 1 0 1 1] 0.8828040249878428
[0 0 1 0 1 1 0 0 0 1 0 1 0 0 1 0 1 1 1 0 0 1 1 1 1 1 1 1 1 1 1] 0.9011100038117631
[0 0 1 0 1 1 0 0 0 1 0 1 0 0 1 1 1 1 1 0 0 1 1 1 1 1 1 1 1 1 1] 0.9011100038117631
[0 1 1 0 1 1 0 0 1 0 0 1 0 1 0 1 1 1 1 1 0 1 1 1 1 1 1 1 1 1 1] 0.8765583977903156
[0 1 0 0 1 1 1 1 0 0 0 0 1 0 0 1 0 1 0 1 1 1 0 0 1 1 0 0 0 1 1] 0.7263829378011902
[1 0 1 0 0 0 0 0 1 1 0 0 1 0 1 1 1 1 0 0 0 0 0 0 0 0 1 0 1 0 0] 0.018585305499249742
[1 1 0 1 0 0 0 0 0 0 1 0 0 0 1 0 1 0 1 0 0 0 0 0 1 0 1 0 0 0 1] 0.17008276793009128
[1 0 1 0 0 1 0 1 0 1 0 1 1 0 1 1 1 1 0 0 1 0 1 0 0 0 0 0 1 1 0] 0.018585305499249742
[0 1 0 0 0 1 1 0 0 0 0 0 1 1 1 0 1 1 0 0 0 0 1 0 1 0 1 1 0 1 0] 0.6776207834542911
[0 0 0 1 1 1 1 0 0 0 0 1 1 0 1 1 0 0 1 0 0 1 1 0 0 1 0 1 1 1 1] 0.8705324096042517
[0 1 0 1 1 1 1 0 1 0 0 1 1 0 1 0 0 0 0 0 1 1 1 0 0 0 0 0 0 0 0] 0.7184684684684685
[1 1 0 0 0 1 0 0 0 1 0 1 1 1 1 0 0 1 0 0 0 0 1 1 0 1 1 0 0 0 1] 0.312474767864352
[0 1 0 1 0 0 0 0 1 0 0 0 1 1 0 0 1 1 0 0 0 1 1 1 1 0 0 0 1 1 0] 0.8441967484287919
[1 0 1 1 0 0 0 1 0 0 0 1 1 0 0 1 1 0 0 0 1 0 1 1 0 0 0 0 0 1 0] 0.018585305499249742
[1 1 0 1 1 1 0 1 1 1 1 1 0 0 0 1 1 0 1 1 0 1 1 0 1 1 0 0 1 1 1] 0.18388634430031586
[1 1 1 1 0 1 1 0 1 1 0 0 1 0 1 0 1 0 0 1 1 0 1 1 0 1 0 0 0 1 1] 0.16301749689262837
[1 0 0 0 0 0 0 0 0 0 0 1 0 1 0 1 1 1 1 1 0 0 0 0 0 1 1 1 1 0 1] 0.0712124969005703
[0 1 0 1 1 1 0 0 1 1 1 0 0 0 0 0 1 0 0 1 0 0 1 0 0 0 0 1 1 1 0] 0.849431390361083
[0 0 0 1 1 0 0 0 0 0 0 0 1 0 0 0 0 0 1 0 0 0 1 0 0 0 0 0 0 0 1] 0.8157496214033316
[1 0 1 1 0 0 0 0 0 0 0 0 1 1 0 0 0 1 1 0 1 0 1 0 0 1 0 1 0 0 0] 0.0712124969005703
[1 1 1 0 1 0 1 1 0 0 0 1 1 0 0 1 1 1 0 0 0 1 1 1 1 1 0 0 0 0 1] 0.1907049801348979
[1 0 0 0 1 1 0 1 0 0 0 0 1 1 1 0 1 0 1 1 0 1 0 0 0 0 1 0 0 1 0] 0.22034392305450307
[1 0 1 0 0 1 1 1 1 1 1 1 1 0 1 0 1 1 1 1 1 0 0 0 1 1 1 0 1 1 0] 0.018585305499249742
[0 0 0 1 0 1 0 1 0 1 1 1 1 0 1 0 1 0 0 1 1 0 1 0 1 0 0 1 1 1 1] 0.8301916869246403
[1 1 0 1 0 1 1 1 0 1 0 0 1 0 1 0 0 0 0 1 0 0 1 1 1 0 1 1 0 1 0] 0.17008276793009128
[0 1 0 0 0 1 0 0 0 0 0 0 0 0 1 0 1 1 0 1 1 1 1 0 1 1 1 1 1 0 0] 0.6480532498395072
[1 1 1 0 0 0 1 0 1 1 1 1 1 0 1 0 0 0 1 0 1 1 1 0 0 0 0 0 0 0 0] 0.19744749041378123
[1 0 1 0 0 0 0 1 1 1 1 1 0 0 0 0 1 1 0 0 0 0 1 0 1 0 1 0 0 0 1] 0.018585305499249742
[1 0 1 0 0 1 1 0 1 1 0 1 1 1 1 0 1 1 1 0 1 0 0 0 1 0 1 1 0 1 0] 0.16477399242930307
[0 1 0 0 0 0 1 0 0 0 1 1 0 1 0 0 1 0 1 0 1 1 1 1 1 0 0 0 0 0 0] 0.8033693287291163
[0 1 0 1 0 1 1 1 1 0 0 1 0 1 0 0 1 0 1 1 1 0 1 1 1 1 1 1 0 0 1] 0.8653348911148991
[0 0 0 1 0 0 0 0 1 1 0 1 0 1 0 1 0 0 0 0 1 0 0 1 0 1 1 0 0 0 0] 0.7753973080889548
[1 1 1 0 1 0 1 1 0 1 0 1 1 1 1 0 1 1 0 1 1 0 0 0 0 0 1 0 1 0 0] 0.31228892087413807
[1 1 1 1 0 1 0 0 1 0 1 0 0 1 1 1 0 0 0 0 1 0 1 0 0 0 1 1 1 0 1] 0.306667927740471
[1 0 0 1 0 0 0 0 1 1 1 0 1 0 0 0 1 0 0 0 0 1 1 0 0 1 0 0 0 1 1] 0.018585305499249742
[1 1 1 1 0 1 1 0 1 1 1 1 1 0 0 0 1 1 0 1 0 1 1 1 0 0 1 1 0 0 1] 0.1629523124850228
[1 1 1 1 0 0 1 1 0 1 0 1 0 0 0 1 1 1 1 1 1 0 0 1 1 1 1 0 0 0 1] 0.14233716697870755
[0 0 1 1 0 0 0 1 1 1 1 0 0 0 1 0 0 1 0 0 1 1 0 0 1 1 1 1 0 0 0] 0.8307372181816397
[0 0 1 0 0 0 0 1 1 0 0 0 0 0 0 0 1 1 1 0 0 1 1 0 1 0 0 1 0 1 1] 0.8722579052556123
[0 0 1 0 1 0 1 0 0 1 0 0 1 0 1 1 0 0 1 1 1 1 1 1 0 1 0 0 1 0 0] 0.8487720312048541
[0 0 0 1 0 1 1 0 1 1 1 0 0 0 1 0 1 0 1 0 0 1 1 1 1 0 1 0 1 1 1] 0.8917197452229298
[0 0 0 1 0 1 0 1 0 1 0 1 1 0 1 1 0 0 0 1 1 1 0 1 1 0 1 0 1 0 0] 0.8819596601278976
[0 0 0 0 0 1 1 0 1 1 1 1 0 0 0 1 1 0 0 0 0 1 0 0 1 1 0 0 1 0 1] 0.8121808247412161
[0 0 0 0 0 1 1 1 1 0 0 1 0 1 0 1 0 0 1 1 1 0 0 0 0 0 1 0 0 0 1] 0.5233944450543419
[1 0 1 1 1 1 0 1 0 1 0 1 1 0 1 1 1 1 1 0 0 0 0 1 0 0 0 1 1 1 1] 0.018585305499249742
[0 1 0 1 0 1 1 1 1 1 1 1 1 0 0 0 0 1 0 1 0 0 1 0 0 1 0 0 1 0 1] 0.8468268445479041
[0 1 1 1 1 1 0 0 0 0 1 1 1 1 0 1 1 1 0 0 0 0 0 0 1 0 0 1 0 1 0] 0.8765583977903156
[1 1 1 1 1 0 1 0 0 0 1 0 1 0 0 0 0 0 0 0 1 0 0 1 1 1 0 1 0 1 0] 0.1421574960361736
[1 1 1 1 0 0 1 0 1 0 0 1 1 0 0 0 0 0 0 0 0 0 0 0 0 0 1 1 0 1 0] 0.14145061916671747
[1 1 1 0 0 0 1 0 0 1 1 0 1 0 0 0 1 1 1 1 1 1 1 1 0 1 1 0 1 0 1] 0.1629523124850228
[1 0 1 0 0 0 1 0 1 0 0 0 0 0 0 1 0 0 1 0 1 1 0 1 1 1 0 0 0 1 1] 0.018585305499249742
[1 1 0 0 1 1 0 1 1 1 1 0 0 1 1 0 1 0 1 0 1 0 0 1 0 1 0 1 0 1 1] 0.312474767864352
[0 1 1 0 0 1 1 0 0 1 0 0 1 0 0 1 0 0 0 0 1 0 0 0 1 0 0 0 1 0 1] 0.8912731077781653
[1 1 1 0 0 0 0 0 0 0 0 0 1 0 1 1 0 0 0 0 0 1 1 1 0 0 0 0 0 1 0] 0.1907049801348979
[0 1 1 1 1 1 0 1 0 0 0 0 1 1 1 1 0 1 0 1 1 1 1 0 1 0 1 1 0 0 1] 0.778104076118877
[0 0 1 1 0 0 1 1 0 1 1 1 0 0 1 1 1 0 0 1 1 0 0 1 0 0 1 0 1 1 1] 0.8160493764600363
[1 0 1 1 1 1 1 0 1 0 1 1 0 0 0 0 0 0 1 1 0 1 0 1 0 0 1 1 1 0 1] 0.018585305499249742
[0 0 1 0 1 0 1 0 0 0 1 0 1 0 1 0 0 0 0 0 1 1 1 0 0 1 1 0 1 1 1] 0.8636779853207005
[1 1 1 0 1 1 0 0 1 0 1 1 1 1 0 0 1 1 1 0 1 1 0 1 1 1 0 0 1 1 1] 0.33523965886806223
[0 1 1 0 1 0 1 0 1 1 1 1 1 0 1 1 0 0 1 0 0 0 0 0 0 0 1 1 0 1 0] 0.7075999115850535
[0 1 0 0 1 1 0 1 1 0 0 0 1 1 0 1 0 0 0 1 1 1 0 1 0 1 1 1 1 0 0] 0.8405429528793769
[0 1 1 1 0 0 1 0 1 1 0 0 0 0 1 0 0 0 1 0 0 0 0 0 1 1 0 1 1 1 1] 0.8808496701445749
[0 0 1 0 0 1 1 0 0 0 1 0 0 0 0 0 1 0 1 1 0 1 1 0 0 1 0 1 1 1 1] 0.7289100331322743
[0 0 0 0 0 0 1 0 0 1 1 1 0 1 0 0 1 0 0 0 0 1 1 0 0 0 1 1 0 1 1] 0.797891984978318
[1 0 1 0 1 1 0 1 1 1 0 1 1 0 1 0 1 1 0 1 1 0 0 0 0 1 0 0 0 1 1] 0.018585305499249742
[1 1 0 0 1 1 1 1 1 0 0 0 1 0 0 0 0 0 1 0 0 1 0 1 0 1 0 0 1 0 0] 0.1629523124850228
[0 1 1 0 1 1 0 0 1 1 0 1 1 1 0 0 0 1 0 0 0 0 1 0 1 0 1 0 1 1 0] 0.8851740715947551
[0 0 0 1 0 0 0 1 0 0 1 1 1 0 1 1 0 1 1 1 0 0 0 1 1 1 1 1 0 1 0] 0.8558641289112721
[0 1 0 1 0 0 1 0 0 0 0 1 0 1 1 0 0 1 1 0 0 0 0 0 1 0 1 1 1 0 1] 0.8616023182639798
[0 0 1 1 1 1 1 1 1 0 1 1 0 0 0 0 0 0 1 0 1 0 1 0 1 1 1 1 0 0 0] 0.7773660024141801
[1 0 1 0 0 0 1 1 1 1 1 0 0 0 0 0 1 0 0 0 0 1 1 0 0 0 1 1 1 1 0] 0.018585305499249742
[1 0 1 0 1 1 0 0 1 0 1 1 1 0 1 1 1 1 1 0 0 1 1 1 1 1 1 0 1 0 1] 0.14211201770807577
[1 0 1 0 0 0 0 1 0 0 0 0 0 1 1 1 1 1 1 1 0 0 1 0 1 1 1 1 0 1 0] 0.16477399242930307
[1 1 0 1 0 0 0 1 1 1 1 0 1 1 1 0 0 1 0 0 1 1 0 1 1 0 1 0 0 0 0] 0.3987953058469208
[0 1 1 1 0 0 0 0 1 0 1 1 0 0 0 0 1 0 0 0 1 0 0 0 0 1 1 1 1 1 0] 0.8131050267881266
[0 1 1 1 1 0 1 0 0 1 0 0 1 0 1 1 0 0 1 0 1 1 1 0 0 1 1 1 0 1 0] 0.6663933199984486
[1 0 1 0 0 0 1 0 0 1 1 1 0 0 1 0 1 1 0 1 0 1 1 1 0 1 0 1 0 1 0] 0.14130261038497952
[1 1 0 1 1 1 0 1 1 0 1 0 0 1 0 0 1 1 0 1 0 0 0 0 1 0 1 1 1 1 0] 0.24003414252471775
[1 0 0 1 0 0 0 1 0 1 1 0 1 1 1 0 1 0 0 1 1 1 1 0 1 0 1 0 1 0 0] 0.2528482690326388
[1 0 0 1 0 0 0 1 1 0 0 0 1 0 0 0 1 0 0 0 1 0 0 0 1 0 1 1 0 1 1] 0.018585305499249742
[1 0 1 1 0 1 1 0 1 0 0 1 1 1 0 0 0 1 0 1 0 1 1 1 0 0 1 1 1 0 0] 0.15748155302732508
[1 0 1 0 0 0 0 0 0 1 0 0 0 1 1 1 1 0 0 0 1 0 1 1 1 0 1 1 0 1 0] 0.16477399242930307
[0 1 0 0 1 0 0 1 1 0 0 1 1 1 0 1 1 0 0 0 1 1 0 1 0 1 0 1 0 1 0] 0.8537206197350853
[0 1 1 1 0 0 0 0 1 0 0 0 0 0 1 1 0 0 1 0 1 0 0 1 1 0 1 0 0 1 1] 0.8941781804384641
[1 0 1 1 0 0 0 1 0 1 0 0 1 0 1 1 0 1 1 0 0 1 1 1 0 0 1 1 0 0 1] 0.14130261038497952
[0 1 0 0 1 0 0 0 0 1 0 1 1 0 0 1 0 1 0 0 0 1 0 0 0 1 1 0 1 0 1] 0.6549258995108638
[0 0 0 1 0 1 0 0 1 1 1 0 1 1 1 1 0 0 0 0 1 0 1 1 0 1 1 1 0 0 1] 0.8375546067082953
[1 1 0 1 0 1 0 0 1 0 1 1 0 1 0 0 1 1 0 1 0 1 1 1 0 1 1 0 0 0 1] 0.31765676567656764
[0 0 0 1 1 1 0 0 1 1 1 1 1 1 0 0 1 1 0 0 1 0 1 1 0 0 1 1 0 0 1] 0.7858542463456804
[0 0 1 1 1 1 1 1 1 0 1 1 1 0 0 0 0 0 1 0 1 1 1 1 0 0 0 1 0 1 0] 0.8730516690484216
[0 0 0 0 0 0 0 0 1 1 1 1 1 1 0 0 1 1 0 1 0 0 0 1 0 0 1 1 0 0 0] 0.7410081933064853
[1 0 0 1 1 1 1 1 0 0 1 1 1 1 1 1 0 1 0 0 1 1 1 0 1 1 1 0 1 0 0] 0.2528482690326388
[0 1 0 0 1 1 1 0 0 0 0 1 1 0 0 0 1 1 1 1 0 1 1 1 0 0 0 1 0 1 0] 0.6991406504949418
[0 0 0 1 1 1 1 0 1 1 0 1 0 0 1 1 0 1 1 0 0 0 0 1 0 0 1 1 1 0 0] 0.8396340921874538
[1 0 1 1 1 0 1 0 1 1 1 1 0 1 0 1 0 0 1 1 0 0 1 1 1 1 1 0 0 1 1] 0.09594833921665483
[0 1 0 0 0 0 0 1 1 1 0 0 1 1 0 1 1 0 0 0 1 1 1 0 0 1 1 0 1 0 0] 0.6950297210540993
[1 1 0 1 1 1 0 0 0 0 0 0 0 0 1 1 1 1 1 1 0 0 0 0 0 1 0 0 1 1 0] 0.16301749689262837
[0 0 0 0 1 0 0 0 1 1 0 1 0 1 1 0 0 1 1 1 1 1 0 1 1 1 1 1 1 1 0] 0.8759852292445827
[1 1 0 0 1 0 0 1 1 0 1 1 0 1 1 0 0 0 0 0 0 0 0 1 0 1 0 0 0 0 1] 0.3068471427762361
[0 0 0 1 1 0 0 1 0 1 1 0 1 1 1 0 1 0 1 0 1 1 0 0 1 1 0 1 1 0 1] 0.8845012404624819
[0 1 0 1 0 0 0 1 1 0 0 1 0 0 1 0 0 1 0 1 1 1 0 1 0 0 0 0 1 0 1] 0.74943887827975
[1 1 1 1 1 0 1 1 1 0 1 1 1 0 0 0 0 0 0 1 0 1 0 0 1 1 0 0 1 1 1] 0.1907049801348979
[1 0 0 0 0 0 1 0 0 0 0 0 0 1 0 1 0 1 0 0 0 1 0 1 0 1 1 1 0 0 0] 0.15748155302732508
[0 1 1 1 0 0 0 1 1 0 0 0 0 0 0 0 0 1 1 1 0 0 1 1 1 0 0 1 0 1 0] 0.8665790025346369
[1 1 1 1 1 0 1 1 1 1 1 1 0 1 1 1 0 1 1 1 0 0 1 1 1 1 1 0 0 1 1] 0.3189938968004439
[1 1 1 1 1 0 1 1 1 1 1 1 1 0 1 1 1 0 1 1 1 1 1 0 1 1 1 1 0 1 0] 0.23641242354781586
[0 1 1 1 1 1 1 1 1 0 1 1 1 0 0 1 1 0 1 0 1 1 1 1 0 0 1 1 0 1 0] 0.860588630045058
[1 1 0 1 1 1 0 1 1 1 1 1 1 0 1 1 1 1 1 1 1 1 1 1 1 1 1 1 1 1 1] 0.23641242354781586
[1 0 1 0 0 0 1 0 0 1 0 1 1 1 1 1 1 1 0 0 1 0 1 1 1 1 1 1 0 1 0] 0.16477399242930307
[1 1 1 0 0 1 1 0 1 1 1 1 1 0 1 0 0 1 1 0 1 1 1 1 0 1 0 0 0 1 1] 0.19744749041378123
[1 0 1 1 1 1 0 1 0 1 1 0 1 1 1 0 1 0 0 1 1 1 1 0 1 1 1 1 1 0 1] 0.2591658891954662
[1 0 1 0 0 1 0 1 0 1 0 1 1 0 1 1 1 1 0 0 1 0 1 0 0 0 0 0 1 1 1] 0.018585305499249742
[1 1 1 1 0 0 1 1 0 1 0 1 1 0 1 1 1 1 1 1 1 0 0 1 1 1 1 1 0 0 1] 0.17008276793009128
[0 0 1 1 0 1 0 1 1 1 1 1 1 1 1 1 1 1 0 1 1 1 0 1 1 1 1 1 1 0 1] 0.8887987429301478
[1 1 1 1 1 0 0 1 1 0 1 1 1 0 0 0 1 0 1 0 1 0 1 0 1 0 0 1 0 0 1] 0.1422925822734638
[1 0 1 1 1 0 1 1 0 1 1 0 1 1 1 0 1 1 1 0 1 1 0 1 1 1 0 1 1 0 1] 0.2591658891954662
[1 1 1 1 0 1 1 0 1 1 0 0 1 0 1 0 1 0 0 1 1 0 1 1 0 1 1 0 0 1 1] 0.16301749689262837
[1 1 0 1 1 0 0 1 0 1 0 1 1 1 0 1 0 1 0 0 1 1 0 0 1 1 1 0 1 0 1] 0.33523965886806223
[1 1 1 1 1 0 1 1 1 1 0 1 1 1 1 0 1 1 0 1 1 1 0 0 0 0 1 0 1 0 0] 0.373422426842704
[1 0 1 0 0 0 1 1 1 1 1 0 1 0 0 0 1 0 0 0 0 1 1 0 0 0 1 1 1 1 0] 0.018585305499249742
[1 1 1 1 1 1 1 0 1 1 1 0 0 0 1 1 1 1 1 1 1 1 1 1 0 0 0 1 1 1 0] 0.23641242354781586
[1 1 1 0 0 1 1 1 0 1 1 1 1 1 1 0 1 1 1 1 1 1 1 1 1 1 1 1 1 0 1] 0.3887494955520853
[0 1 1 1 0 0 0 1 1 0 0 1 1 1 0 0 1 1 0 0 0 1 1 1 1 0 0 0 1 1 0] 0.8776290630975143
[0 0 1 1 0 1 0 1 0 1 1 1 1 0 1 1 1 1 0 1 1 1 1 0 1 1 1 1 1 1 1] 0.8750224575670181
[0 0 0 1 1 0 0 0 1 1 0 1 1 1 1 0 0 1 1 1 1 1 0 1 1 1 1 1 1 1 0] 0.8778871344615167
[0 1 0 0 0 1 0 0 0 0 1 0 0 0 1 0 1 1 1 1 1 1 1 0 1 1 1 1 1 0 1] 0.653881690140845
[1 1 1 1 0 0 1 1 1 1 1 1 0 0 1 1 1 1 1 1 1 1 1 1 1 1 0 1 1 1 1] 0.2300865563712063
[1 0 1 1 0 1 1 0 1 1 1 1 1 0 1 1 1 0 1 1 0 1 0 1 1 1 1 1 1 0 1] 0.1415963487124853
[1 1 0 0 1 1 1 0 1 0 0 0 1 0 0 1 0 1 0 1 1 1 0 1 1 1 0 0 0 1 1] 0.1907049801348979
[0 1 1 1 0 1 1 1 1 1 1 1 1 1 1 1 1 1 1 1 1 0 1 1 0 1 0 0 1 1 1] 0.870041221999029
[1 1 1 1 0 1 1 1 0 1 0 0 1 1 0 1 0 1 1 1 1 1 1 1 1 1 0 1 1 0 0] 0.33503011249920034
[1 1 1 0 1 1 1 1 1 1 0 1 1 1 1 1 1 1 1 1 1 1 1 0 1 0 1 1 1 1 0] 0.39468644662617086
[0 0 0 1 1 1 0 0 1 1 1 0 1 1 1 1 0 0 0 1 1 0 1 1 1 1 1 1 1 0 1] 0.8486636466038922
[1 0 1 0 1 1 0 0 1 1 1 1 1 0 1 1 1 1 1 0 0 1 1 1 1 1 1 1 1 0 1] 0.1421574960361736
[1 1 0 1 0 1 0 1 1 0 1 1 0 1 1 1 1 1 1 1 1 1 1 1 1 1 1 1 0 0 1] 0.3890435909560588
[0 1 1 1 0 1 1 0 1 1 1 1 1 1 1 1 1 1 0 0 1 0 1 0 1 0 1 0 1 0 1] 0.8819252663022038
[1 1 1 1 1 1 0 1 1 1 1 1 1 0 1 1 1 1 1 1 1 0 1 1 0 1 0 0 1 1 1] 0.16301749689262837
[1 1 1 0 1 0 0 1 1 0 1 1 0 1 1 1 0 0 0 0 1 0 0 1 1 1 0 0 1 0 1] 0.3189938968004439
[0 1 1 1 0 1 0 1 1 1 1 1 1 1 1 0 0 1 0 1 1 1 0 1 1 1 1 0 1 0 1] 0.8526484812938089
[1 0 0 0 1 0 0 1 1 1 1 1 1 0 1 0 1 1 0 1 0 1 1 0 0 0 1 0 0 1 1] 0.14130261038497952
[1 1 0 1 1 0 0 1 1 1 1 1 1 1 0 1 1 1 1 1 1 1 0 1 0 1 1 1 1 0 1] 0.31765676567656764
[0 1 0 1 1 1 1 1 0 0 1 1 1 1 1 1 0 1 1 1 0 1 0 1 1 1 1 1 1 1 1] 0.8273716339290111
[0 0 0 1 1 1 0 0 1 1 1 1 1 1 0 0 1 1 1 0 1 0 1 1 0 1 1 1 0 1 1] 0.7913420274155244
[0 1 0 1 0 1 0 1 1 1 1 1 1 1 1 1 1 1 1 1 1 0 0 1 1 1 1 1 0 1 1] 0.8807323927775846
[1 1 1 1 0 1 1 1 1 1 1 1 1 1 1 1 1 1 0 1 1 1 0 1 1 1 1 1 1 1 1] 0.3887494955520853
[0 1 1 1 0 1 1 0 1 1 1 0 0 0 1 0 1 0 1 0 0 1 1 1 1 1 1 1 1 1 1] 0.8384342947398001
[0 1 0 0 1 1 1 1 1 1 1 1 1 1 1 1 1 0 0 0 1 1 0 1 1 1 0 1 1 1 1] 0.8798321452992255
[1 1 1 1 1 1 1 0 1 1 0 0 1 0 1 1 1 1 1 1 1 1 1 1 0 1 0 0 1 1 1] 0.24887569034215332
[0 1 1 1 1 1 0 0 1 1 0 1 1 1 1 1 1 1 1 1 1 1 1 1 1 0 0 0 1 1 1] 0.8788286787920867
[0 0 1 1 1 1 1 0 1 1 0 1 0 0 1 1 0 1 1 1 1 1 0 1 0 1 1 1 1 0 0] 0.8581409712035822
[1 1 1 1 0 1 1 1 1 1 0 0 1 1 1 1 0 0 1 1 1 1 1 1 1 1 1 1 0 1 0] 0.3987953058469208
[1 1 1 0 1 0 1 0 0 1 1 0 1 1 1 1 1 1 0 0 1 1 1 1 1 1 1 1 1 1 1] 0.4040809672132554
[0 1 1 1 1 0 1 0 1 1 1 1 1 0 1 1 0 0 1 1 1 0 0 1 0 0 1 1 0 1 0] 0.8383016985962135
[1 1 1 1 1 1 1 1 1 1 1 1 1 1 1 1 1 0 1 1 1 1 1 0 1 1 1 1 1 1 0] 0.39468644662617086
[1 1 1 1 0 1 1 1 0 1 0 1 1 1 0 1 1 1 1 1 1 0 1 1 1 1 1 1 0 0 1] 0.24003414252471775
[0 1 1 1 0 1 1 1 1 1 1 1 1 1 1 1 1 1 1 1 1 0 1 1 1 1 1 1 1 1 1] 0.8887832389475401
[0 1 1 1 0 1 1 0 1 1 1 1 1 1 1 1 1 1 0 0 1 1 1 0 1 0 1 0 1 0 1] 0.8539008450434491
[0 1 1 1 0 1 1 1 0 1 1 0 1 1 1 1 1 0 1 0 1 1 1 1 1 1 1 1 1 1 1] 0.8695881507994443
[1 1 1 1 0 0 0 1 1 0 1 1 1 1 1 1 1 1 0 0 1 1 1 1 1 1 0 0 1 1 1] 0.3887494955520853
[0 0 1 1 0 1 1 1 1 1 1 1 1 0 1 1 1 1 0 1 1 1 1 0 1 1 1 1 1 1 1] 0.8687376326141376
[0 1 1 1 0 0 1 1 1 0 1 1 1 1 1 0 0 1 1 1 0 0 1 1 1 0 1 1 0 1 0] 0.8532502131800686
[1 1 0 1 0 0 0 1 1 1 1 1 1 1 1 1 1 1 1 1 1 0 1 1 1 0 1 1 0 0 0] 0.3245361469611532
[1 1 0 1 1 1 1 1 1 1 1 1 1 0 0 1 1 0 1 1 1 1 1 0 1 1 0 0 1 1 1] 0.1907049801348979
[0 1 1 1 1 0 1 1 1 1 1 1 1 1 1 0 1 1 0 1 1 1 1 0 0 1 1 0 1 1 1] 0.8228512670430389
[1 1 1 1 1 1 1 1 1 1 1 1 1 0 1 1 1 1 0 1 0 1 0 0 1 1 1 0 1 0 1] 0.23641242354781586
[0 1 1 1 1 1 1 1 1 1 1 1 1 0 1 1 1 1 1 1 1 1 1 1 0 1 1 1 1 1 0] 0.8142645466745824
[0 1 1 1 0 1 1 1 1 0 1 1 0 1 1 1 1 0 1 1 1 0 1 1 1 1 1 1 0 0 1] 0.8932553794225785
[0 1 1 1 1 1 1 1 0 1 1 1 1 1 1 1 1 1 1 1 1 1 1 1 1 1 1 1 1 1 1] 0.8686746073894241
[1 1 1 1 0 0 1 1 1 1 1 1 1 1 1 1 1 1 1 1 1 1 1 1 1 1 1 1 1 1 1] 0.3887494955520853
[0 1 0 1 1 1 0 1 1 1 1 1 1 1 0 0 1 1 0 1 0 1 1 1 0 0 0 1 1 1 0] 0.8461694738165954
[0 1 1 1 0 1 0 0 1 1 1 1 1 1 1 1 1 1 0 1 1 0 1 1 1 1 1 1 0 1 1] 0.8926610270109825
[0 1 1 1 1 1 0 1 1 1 1 1 1 0 1 1 1 1 1 1 1 1 1 1 1 1 1 1 1 1 1] 0.8594877491704295
[0 1 1 1 1 1 1 1 1 1 1 1 1 1 1 1 0 1 1 1 1 1 0 1 1 1 1 0 1 1 1] 0.8615920931657983
[0 1 0 1 1 1 0 0 1 0 0 0 0 1 1 0 1 1 1 1 1 1 1 1 1 1 1 1 1 1 0] 0.830803617583781
[0 1 1 1 0 0 0 1 1 0 0 0 0 0 1 1 0 0 1 1 1 0 1 1 1 0 1 1 0 1 1] 0.8841222602803827
[0 0 0 1 1 1 0 0 1 1 1 1 1 1 0 0 1 1 0 0 1 0 1 1 0 0 1 1 1 0 1] 0.7801301642095929
[0 0 0 0 1 1 0 0 1 1 0 1 1 1 1 0 1 1 1 1 1 1 1 1 1 1 1 1 1 1 0] 0.8787920228995034
[0 1 1 1 0 1 0 1 1 1 1 1 1 1 1 1 1 1 1 1 1 1 1 1 1 1 1 1 1 1 1] 0.8622197661899635
[0 1 1 1 0 1 1 1 1 1 1 1 1 1 1 1 1 0 1 1 1 1 1 1 1 1 1 1 1 1 1] 0.8666774509710632
[1 0 1 1 0 0 1 1 1 0 1 1 1 1 1 1 1 1 1 1 0 1 1 1 1 1 1 1 1 1 0] 0.246471489636261
[0 0 1 1 1 1 1 1 1 1 1 1 1 0 0 0 0 0 1 0 1 1 1 1 1 0 1 1 0 1 0] 0.8676353978580914
[0 1 0 1 0 1 0 1 1 1 1 1 1 1 1 1 1 1 1 1 1 0 1 1 1 0 1 1 1 0 1] 0.8891704317853649
[0 1 1 1 0 0 0 1 1 0 0 1 1 1 1 0 1 1 0 1 1 1 1 1 1 0 0 0 1 1 1] 0.8744994077500141
[0 1 1 1 1 0 1 1 1 1 1 1 1 1 1 0 1 1 1 1 1 1 1 1 1 1 1 1 1 1 1] 0.8707008482206322
[0 1 1 0 1 1 0 1 1 0 0 1 1 1 1 1 1 1 0 1 1 1 1 1 0 1 1 1 1 0 0] 0.8200274253352674
[0 1 1 1 0 1 0 1 1 1 1 1 1 1 1 1 1 1 0 1 1 1 0 1 1 1 1 1 1 0 1] 0.8632725126828664
[0 0 1 0 0 0 0 1 1 0 1 0 0 0 0 0 1 1 1 0 0 1 1 0 1 0 0 1 0 1 1] 0.8504728189709521
[0 1 1 1 0 1 1 0 0 1 1 0 1 0 1 1 1 0 1 0 1 0 0 0 1 0 0 0 1 0 1] 0.8655022456690667
[1 1 1 1 1 1 1 1 1 0 1 1 1 1 1 1 1 0 1 1 1 0 1 1 1 1 1 1 0 1 1] 0.3243407651824475
[0 1 0 1 1 1 0 0 1 1 0 1 0 1 1 0 1 1 1 1 1 1 1 1 1 1 1 1 1 1 0] 0.856243280602058
[0 1 1 1 0 1 0 1 1 1 1 1 1 1 1 1 1 1 1 1 1 0 1 1 1 1 1 1 1 1 1] 0.8928727184997541
[0 1 1 1 1 1 1 1 0 0 0 1 1 0 1 1 1 0 1 1 1 1 1 0 1 1 0 1 1 1 1] 0.8523715956204869
[1 0 0 1 1 1 0 0 1 1 1 1 1 1 1 1 1 0 0 1 1 1 1 1 1 1 1 1 1 1 1] 0.2528482690326388
[0 1 1 0 1 1 1 1 1 0 0 1 1 1 1 1 1 1 1 1 1 1 1 1 1 1 0 1 1 1 1] 0.8768009326069278
[0 1 1 1 0 1 0 1 1 1 1 1 1 1 1 1 1 0 1 1 1 1 1 1 1 1 1 1 1 1 1] 0.8676872218448839
[0 1 1 1 1 1 1 0 0 1 1 1 1 0 1 1 1 0 1 1 1 1 1 1 0 1 0 0 1 0 1] 0.8286533624343025
[0 1 1 0 0 0 0 1 1 1 1 0 1 0 1 0 1 1 1 1 0 1 1 1 1 0 1 1 0 1 1] 0.6832550463374379
[0 1 0 1 1 1 1 1 1 1 1 1 1 1 1 1 1 0 0 0 1 1 0 1 1 1 1 1 1 1 1] 0.8866414686321756
[0 1 0 1 1 1 1 1 1 1 1 1 1 1 1 1 1 1 0 0 1 1 0 1 1 1 0 1 1 1 1] 0.8828600666327117
[0 0 1 1 0 1 1 0 1 1 1 1 0 0 1 0 1 0 1 1 1 1 1 1 1 1 1 1 1 1 1] 0.8801679738623631
[0 1 1 1 1 1 0 1 1 1 1 1 1 1 1 1 1 1 1 1 1 1 1 1 1 1 1 1 1 1 1] 0.8696980333747594
[0 1 1 1 0 0 0 1 1 0 0 0 0 0 1 1 1 0 1 1 1 0 1 1 1 0 1 1 0 1 1] 0.8866988174547967
[0 0 1 1 0 1 0 1 1 1 1 1 1 1 1 1 1 1 1 1 1 1 1 1 1 1 1 1 1 1 1] 0.8883582089552239
[1 1 1 1 0 1 0 1 1 1 1 1 1 1 1 1 1 1 1 1 1 0 1 1 1 1 1 1 0 1 1] 0.3245361469611532
[0 1 1 1 0 1 0 1 1 1 1 1 1 1 0 0 1 1 1 1 0 1 1 1 1 0 0 1 1 1 1] 0.8767674110540111
[0 1 1 1 0 1 0 1 1 1 0 1 1 1 1 1 1 1 1 1 1 1 1 1 1 0 1 1 1 1 1] 0.8798321452992255
[0 0 1 1 1 1 1 1 1 1 0 1 0 1 1 1 1 1 1 1 1 1 1 1 1 1 1 1 1 1 0] 0.885598494987973
[0 1 1 1 0 1 1 0 0 1 1 0 1 0 1 1 1 0 1 0 1 0 0 0 1 1 0 0 1 0 1] 0.8604206500956023
[0 1 1 1 0 1 0 1 1 1 1 1 1 1 1 1 1 1 0 1 1 1 1 1 1 0 1 0 1 1 1] 0.8653716456898599
[0 1 1 0 1 1 0 1 1 1 0 1 1 1 1 1 0 1 0 1 1 1 1 0 1 1 1 1 1 1 0] 0.8100891984115898
[0 1 1 1 0 1 0 0 1 1 1 1 1 1 1 1 1 1 1 1 1 0 1 1 1 1 1 1 1 1 1] 0.887861411915104
[0 1 1 1 0 0 0 0 1 0 0 0 0 0 1 1 1 1 1 0 1 0 1 1 1 0 1 1 0 1 1] 0.8917197452229298
[0 1 1 1 0 1 1 0 1 1 1 1 1 1 1 1 1 1 1 1 1 0 1 1 1 1 1 1 1 1 1] 0.8887832389475401
[0 1 1 1 0 1 1 0 1 1 1 0 0 0 1 1 1 0 1 0 1 0 1 1 1 0 1 0 1 1 1] 0.887861411915104
[0 1 1 1 0 1 0 0 1 1 1 1 0 1 1 1 1 1 1 1 1 0 1 1 1 1 1 1 0 1 1] 0.8857547421105021
[0 1 1 1 0 1 0 1 1 1 1 1 1 1 1 1 1 1 1 1 1 0 1 1 1 1 1 1 0 1 1] 0.8885813729190255
[0 1 1 1 0 1 0 1 1 0 1 0 0 0 1 1 1 0 1 0 1 0 1 1 1 0 1 1 0 1 1] 0.8913913007121653
[0 1 1 1 0 1 0 0 1 0 1 0 0 0 1 1 1 0 1 0 1 0 1 1 1 0 1 0 0 1 1] 0.8913041460539628
[0 1 1 1 0 1 0 0 1 0 1 1 0 1 1 1 1 1 1 1 1 0 1 1 1 1 1 1 0 1 1] 0.8857547421105021
[0 1 1 1 0 0 1 1 1 0 0 0 1 1 1 1 1 0 1 0 1 0 0 1 1 1 1 0 0 1 1] 0.8960927853644776
[0 1 1 1 0 1 0 1 1 1 1 1 1 1 1 1 1 1 1 1 1 0 1 1 1 0 1 1 0 1 1] 0.8863744662561783
[0 1 1 1 0 1 0 0 1 1 1 1 1 1 1 1 1 1 1 1 1 0 1 1 1 1 1 1 0 1 1] 0.8857547421105021
[1 1 1 1 0 0 0 1 1 1 1 1 0 0 1 1 1 1 1 1 1 0 1 1 1 1 1 1 0 1 1] 0.17008276793009128
[1 0 1 1 0 1 0 1 0 1 0 1 0 0 1 0 1 1 0 1 0 1 0 0 0 1 0 1 0 0 0] 0.14130261038497952
[0 0 1 0 1 0 0 1 0 0 0 1 0 1 0 0 0 0 1 1 0 1 0 0 0 0 1 1 1 0 1] 0.8382771713336497
[1 1 1 1 0 1 1 1 1 0 1 1 1 0 1 0 0 0 1 0 0 0 0 0 0 0 0 1 0 1 0] 0.16301749689262837
[1 0 0 0 0 1 1 1 1 1 1 0 0 0 0 0 0 1 1 1 0 0 1 0 0 1 1 0 1 0 0] 0.018585305499249742
[1 0 1 0 0 1 0 0 1 0 1 1 0 1 1 0 0 1 0 0 1 1 0 1 0 1 0 0 0 0 0] 0.19314856257531418
[0 0 1 1 0 1 1 0 1 1 0 1 0 0 1 0 0 1 0 0 1 1 1 1 0 0 1 1 0 1 0] 0.8825793401818574
[0 1 0 0 1 1 1 1 0 1 0 0 0 0 0 1 1 1 1 1 1 1 0 0 1 0 0 1 0 1 1] 0.7591679490803261
[0 0 0 1 1 0 1 0 0 0 0 1 1 1 0 0 0 0 0 1 1 0 0 0 0 0 1 1 0 1 1] 0.764709352525702
[0 1 0 1 1 1 0 0 0 0 1 1 1 1 1 0 1 0 0 0 0 1 0 1 1 1 0 1 0 1 0] 0.7627626386794207
[0 0 0 1 1 1 1 0 1 0 1 0 1 0 0 1 0 1 1 0 1 1 0 0 0 1 0 0 1 0 1] 0.8279823859087271
[0 1 0 0 1 0 1 0 1 0 0 0 0 1 1 1 1 0 1 0 0 1 0 0 0 0 0 1 1 1 1] 0.6512286378804732
[1 1 1 1 1 1 0 1 0 1 1 0 1 0 0 1 1 1 0 1 0 1 1 0 1 1 0 1 1 0 0] 0.1907049801348979
[0 0 1 1 0 1 1 0 1 0 1 0 0 0 1 0 0 1 1 0 0 1 0 0 0 1 0 1 1 1 0] 0.7014301044655176
[0 0 0 0 1 1 0 0 1 0 0 0 0 1 0 0 0 0 0 1 1 0 0 1 0 1 0 1 1 1 0] 0.7575911863158237
[1 1 0 0 0 0 0 1 1 1 0 0 1 0 1 1 0 1 0 0 1 1 0 1 1 0 0 0 1 1 1] 0.2426749396759738
[0 0 1 0 0 0 0 1 1 0 0 0 0 1 0 0 1 0 1 1 1 1 0 1 1 0 1 1 1 0 1] 0.8604101591640878
[1 1 0 0 1 1 0 0 0 0 0 1 1 0 0 0 1 0 0 0 0 0 0 0 1 0 0 0 1 1 0] 0.1422925822734638
[1 0 0 1 0 1 1 1 0 1 1 1 0 0 0 0 0 1 0 1 0 0 1 1 0 1 0 1 1 0 1] 0.018585305499249742
[1 0 0 1 0 0 0 0 1 1 0 0 0 0 1 1 1 0 1 1 1 1 0 1 1 1 0 0 0 0 0] 0.14164442780722833
[0 0 0 1 1 1 0 1 0 0 1 1 1 1 0 1 0 1 0 0 0 0 1 1 1 1 1 0 0 0 1] 0.8603541185527328
[0 1 0 1 1 1 0 0 0 1 1 0 1 0 1 0 0 0 0 1 0 1 1 1 1 1 0 1 0 1 1] 0.7331540953066452
[0 0 0 0 0 1 1 1 1 1 1 1 0 0 0 0 1 1 0 0 0 0 0 1 0 1 0 1 0 0 0] 0.6991195057038678
[1 0 0 1 0 0 0 1 0 1 0 1 0 1 0 1 0 0 0 0 0 1 1 0 0 1 0 0 1 0 0] 0.15748155302732508
[1 1 0 0 0 0 0 1 1 1 0 1 0 1 0 1 0 0 1 1 1 0 0 1 1 1 1 1 0 0 1] 0.24003414252471775
[0 0 1 1 1 1 0 1 1 1 1 0 0 0 0 1 0 1 1 0 0 1 1 1 0 1 0 1 0 0 0] 0.8705324096042517
[1 0 1 1 0 1 0 1 0 0 0 1 0 1 1 0 1 1 1 1 1 0 1 1 1 0 1 0 1 1 0] 0.16477399242930307
[0 0 1 1 1 1 1 1 0 0 1 1 1 1 1 1 0 1 0 0 0 1 0 1 1 0 1 0 1 0 1] 0.8945380485095351
[0 0 0 1 0 1 0 0 0 1 1 1 1 0 1 0 1 0 0 0 1 0 0 1 1 0 0 0 1 1 1] 0.8367618209939072
[1 0 1 0 1 1 1 0 0 0 0 0 0 0 0 0 0 0 1 1 1 1 0 1 1 0 1 1 0 0 0] 0.018585305499249742
[0 0 1 1 1 0 1 1 0 1 0 0 1 0 1 1 0 0 1 1 0 1 1 1 1 0 1 1 1 1 0] 0.8797416968974531
[0 0 0 0 0 0 1 1 0 1 0 0 1 0 0 1 1 0 1 0 1 1 0 1 0 0 0 0 0 1 1] 0.8641809513760326
[0 1 0 0 1 1 1 1 1 1 1 1 1 1 1 1 0 0 0 0 0 0 1 0 0 1 0 1 1 1 0] 0.8377738624550375
[1 0 1 1 1 0 1 1 1 1 1 1 1 0 0 0 1 1 0 1 0 0 1 1 1 0 1 1 1 1 0] 0.018585305499249742
[1 0 1 1 0 0 1 1 0 1 0 0 0 1 1 1 0 0 1 1 0 0 1 0 1 0 0 0 0 0 0] 0.16477399242930307
[1 1 0 1 1 0 0 1 0 1 0 1 0 0 1 1 0 0 0 0 1 1 1 0 0 1 1 1 0 1 0] 0.20411589862273957
[0 1 0 0 0 1 0 1 1 1 1 1 0 1 0 1 0 1 1 0 1 1 0 1 0 1 1 0 0 1 0] 0.719686386623783
[0 1 0 0 0 1 1 1 1 0 1 1 0 0 1 0 0 1 0 0 0 1 1 0 1 0 0 1 0 1 0] 0.6522447653874369
[1 0 0 0 1 1 1 0 1 0 1 0 1 1 1 1 0 0 1 1 0 1 1 1 1 0 0 1 0 1 0] 0.2591658891954662
[1 1 1 0 0 0 0 0 1 1 1 1 1 0 0 1 0 1 1 0 1 0 0 0 0 1 1 1 0 1 0] 0.14145061916671747
[0 0 1 0 0 0 0 1 1 1 1 0 0 1 0 0 0 1 1 1 1 0 0 1 1 0 1 0 1 0 1] 0.8071042360439717
[0 0 1 0 0 0 1 1 1 1 1 0 0 0 0 1 0 0 0 0 0 0 1 0 0 1 1 0 1 0 0] 0.42883092847105597
[0 1 1 0 1 1 1 0 1 1 0 1 0 1 1 1 0 0 1 1 0 1 0 0 0 1 0 1 1 0 0] 0.6704182830250459
[1 0 0 0 1 1 0 0 0 0 0 0 1 0 1 1 0 0 0 0 0 1 0 1 0 0 1 0 1 0 0] 0.14130261038497952
[0 0 0 1 1 1 0 0 1 1 1 1 0 1 0 0 1 0 0 1 0 1 0 0 1 0 0 1 1 0 1] 0.855704909297876
[1 0 1 0 0 1 0 1 1 1 1 0 0 0 0 1 1 0 0 0 1 1 1 1 1 1 0 0 1 1 0] 0.018585305499249742
[1 0 0 1 1 0 0 1 0 1 1 0 0 0 0 1 1 1 0 0 1 1 1 1 1 1 1 0 1 0 1] 0.018585305499249742
[1 0 0 1 1 1 1 1 1 0 1 1 1 0 1 0 0 1 0 0 1 1 0 0 1 1 0 1 1 1 1] 0.1421574960361736
[0 0 0 1 1 1 1 0 0 1 0 0 0 0 0 0 1 0 1 1 1 0 1 1 1 0 0 0 0 1 0] 0.8155158880870995
[1 1 0 1 0 0 0 0 1 1 0 0 1 0 1 1 0 0 0 1 1 1 1 1 0 1 0 0 0 0 1] 0.1907049801348979
[0 1 0 1 0 0 1 1 1 1 0 1 0 0 1 1 1 0 1 0 0 0 0 1 1 0 1 0 1 0 1] 0.8815205079639612
[0 0 0 1 0 0 1 1 0 1 0 1 1 1 0 1 1 0 0 0 0 1 0 0 0 1 0 0 0 1 1] 0.835100258090133
[1 1 0 1 0 1 0 1 0 0 1 0 0 1 1 1 0 0 1 1 0 0 1 1 1 1 0 0 1 0 1] 0.3188051293454896
[0 1 0 1 0 1 1 1 0 1 0 1 1 0 1 1 0 0 1 1 1 0 1 0 0 1 1 1 0 0 0] 0.7860069720506391
[1 0 1 0 1 1 1 0 1 0 0 1 1 0 1 1 1 0 1 1 1 0 1 0 0 0 0 1 0 0 1] 0.018585305499249742
[0 1 0 1 1 0 1 0 1 0 1 1 0 1 0 0 1 0 0 1 1 1 0 0 1 1 0 1 0 0 1] 0.8727004454869618
[0 1 0 0 0 1 1 0 1 1 0 0 0 1 0 0 0 0 1 0 0 0 1 0 1 0 0 0 0 0 1] 0.8865293303921935
[1 1 1 1 1 1 1 1 0 0 1 1 0 0 1 0 0 0 0 0 0 0 0 0 0 1 0 1 0 1 0] 0.16301749689262837
[1 0 1 0 1 1 1 0 1 1 1 1 1 1 1 1 0 0 1 1 0 0 1 1 1 0 0 0 0 0 0] 0.16477399242930307
[1 1 0 0 0 1 1 0 0 0 1 1 0 0 0 1 0 0 1 0 1 0 0 0 0 1 1 0 0 1 0] 0.14145061916671747
[1 1 0 0 0 1 0 1 0 1 1 1 1 1 1 1 0 0 0 0 0 1 0 0 1 1 1 1 0 1 1] 0.3887494955520853
[0 0 1 0 0 0 0 0 0 0 1 1 1 1 1 1 0 1 1 0 0 1 0 0 0 1 0 1 1 0 1] 0.6550877553583867
[1 0 0 0 0 0 1 1 0 0 1 1 1 1 0 1 0 0 1 0 0 1 0 1 0 1 0 1 1 0 0] 0.15748155302732508
[1 0 1 1 0 0 1 0 0 0 0 0 1 0 1 1 0 1 1 1 1 1 0 0 0 0 1 0 1 1 0] 0.14130261038497952
[0 1 0 0 0 1 0 0 0 0 1 1 0 1 0 1 0 1 0 1 0 1 0 0 0 0 0 1 1 0 1] 0.6274209255556388
[0 1 1 0 0 1 0 0 1 1 0 1 1 1 0 0 1 0 0 0 0 0 1 1 0 1 1 0 0 0 1] 0.8938016988760712
[0 0 0 1 0 1 1 1 0 0 1 1 1 0 1 1 1 1 0 1 1 0 1 0 0 0 1 0 0 1 0] 0.7806868159560302
[1 0 0 0 1 1 1 1 0 0 1 1 0 0 1 1 1 1 0 1 1 0 0 1 0 0 1 0 0 0 1] 0.018585305499249742
[1 0 0 1 0 1 1 1 1 1 1 0 1 0 1 1 1 0 1 0 0 1 1 1 0 0 1 1 0 0 1] 0.14130261038497952
[0 1 1 0 1 1 0 1 0 1 1 0 0 0 1 1 0 1 1 0 0 1 0 1 0 1 1 1 0 1 0] 0.6470405459609399
[1 1 1 0 0 0 0 1 0 0 1 0 0 1 0 0 0 1 0 1 1 0 1 1 0 1 1 0 1 0 0] 0.206886335259137
[0 1 1 1 0 1 0 0 1 0 1 0 0 0 0 0 0 0 1 0 0 1 1 1 1 1 1 0 0 0 0] 0.7894409403814736
[0 0 1 1 0 1 0 0 1 1 0 0 0 0 0 1 0 1 0 0 1 0 0 1 0 1 0 1 0 0 0] 0.7038765048096307
[0 1 1 1 1 0 1 1 0 1 0 1 1 1 0 1 0 1 0 0 1 0 0 0 1 0 0 0 0 0 1] 0.8997687467177697
[0 0 0 0 1 1 0 1 1 0 0 0 1 0 1 0 1 1 0 1 0 0 0 0 0 1 1 0 1 0 1] 0.7517123193920513
[0 0 0 0 1 1 0 0 0 0 1 1 1 1 1 0 1 1 0 1 0 0 0 1 0 1 0 1 1 0 0] 0.8728826433725788
[1 0 0 1 1 1 1 1 1 0 0 0 1 1 1 1 0 1 1 1 1 0 1 1 0 1 1 0 0 0 0] 0.15748155302732508
[0 1 0 1 1 0 0 0 0 1 1 1 0 0 1 0 0 0 1 0 1 0 0 0 0 1 0 0 0 1 1] 0.7909063229473258
[0 0 1 0 0 1 0 0 1 1 1 0 1 1 0 0 0 1 0 1 1 1 0 0 0 1 0 0 0 0 0] 0.7220583523901059
[1 1 0 0 0 0 1 1 1 0 0 1 1 1 1 0 1 1 1 1 0 0 0 1 0 1 1 1 1 1 0] 0.312474767864352
[0 0 1 1 1 1 1 1 1 0 0 1 0 1 1 0 0 0 1 1 0 1 0 1 1 1 1 0 1 1 1] 0.8814958649320852
[1 0 0 0 0 0 0 1 1 1 0 0 1 1 1 0 1 0 1 0 0 1 0 0 0 0 1 0 0 1 0] 0.19314856257531418
[0 1 0 1 0 0 1 0 1 0 1 1 1 0 0 1 1 0 0 0 1 1 1 0 0 1 0 1 0 1 0] 0.7426202200487719
[0 0 1 0 0 0 0 1 0 0 0 0 1 0 1 0 0 1 0 0 0 0 1 1 1 1 0 0 0 1 1] 0.9147092938958968
[0 0 0 0 0 1 0 0 1 0 1 1 0 0 1 0 1 1 0 0 0 0 1 1 1 0 0 1 0 0 1] 0.8800188390439185
[1 0 1 0 1 0 0 0 0 1 0 0 1 0 0 0 0 1 1 1 0 1 0 0 1 0 1 1 1 1 0] 0.027672464334571035
[0 0 1 1 0 0 1 1 1 1 1 1 0 1 0 0 0 0 1 0 1 0 1 0 0 0 0 1 1 0 1] 0.6521669401300288
[1 1 1 0 1 0 1 1 1 1 1 1 0 1 0 1 1 0 1 0 1 1 1 0 1 0 0 0 0 1 1] 0.3300206811984114
[0 1 0 0 0 1 1 0 1 0 0 0 1 0 1 0 0 0 1 0 1 0 1 1 0 0 0 1 1 0 1] 0.879312290733983
[1 0 1 0 1 1 1 1 1 0 1 1 1 1 0 0 1 1 0 1 0 0 1 0 1 1 1 0 0 1 0] 0.1039816671440848
[0 0 1 0 0 0 0 1 0 0 0 0 0 0 1 0 0 0 1 1 1 0 0 1 0 0 0 1 1 1 0] 0.8225001763810639
[1 1 1 1 0 1 0 1 1 1 0 0 1 0 0 1 1 1 1 0 0 1 0 1 0 0 0 0 1 1 1] 0.1629523124850228
[0 0 0 0 1 0 1 1 1 0 0 0 1 1 1 1 1 1 0 1 1 1 1 0 0 0 0 0 1 0 1] 0.8564712255618004
[1 0 1 0 1 0 1 0 1 0 1 1 1 0 0 0 0 1 1 0 1 0 0 1 0 1 1 0 1 1 0] 0.018585305499249742
[1 1 0 1 0 1 0 0 1 0 0 1 1 1 0 1 0 0 0 0 1 1 1 1 0 1 1 1 1 0 1] 0.3174627033933336
[1 0 0 1 0 0 0 0 0 0 0 0 0 1 1 1 1 0 0 1 0 1 0 0 0 0 0 1 0 0 1] 0.19314856257531418
[1 1 0 1 1 0 1 1 0 1 1 1 1 1 0 0 1 1 0 1 1 0 1 1 0 1 1 0 1 1 0] 0.22697188406694957
[1 0 1 0 0 0 1 0 1 0 1 0 1 1 1 1 0 1 1 0 1 0 1 1 1 0 1 0 0 0 1] 0.16477399242930307
[0 0 1 0 0 0 0 0 0 1 1 1 1 0 1 1 1 0 0 1 0 0 1 0 0 1 0 0 0 0 0] 0.7240636021083693
[0 1 1 0 0 1 1 1 0 0 1 0 1 1 0 0 0 1 0 1 1 0 0 1 0 0 0 1 1 1 0] 0.8494588707838733
[0 1 0 1 1 1 0 0 0 0 0 0 1 0 1 1 0 0 1 1 0 1 0 1 0 1 1 0 0 1 0] 0.639060182211891
[1 1 0 1 1 1 0 1 1 0 0 1 1 0 1 0 1 1 0 0 1 0 0 0 1 1 1 0 1 1 0] 0.1840490797546012
[1 1 1 0 1 0 0 0 1 1 0 0 1 1 1 1 1 1 1 1 0 1 0 1 1 0 1 1 1 1 1] 0.4040809672132554
[0 1 0 1 0 1 0 1 1 1 1 1 1 1 0 1 0 1 1 0 1 1 1 1 0 1 1 0 1 1 0] 0.8504976346696728
[1 0 1 1 1 1 1 1 1 1 0 1 0 1 1 1 0 1 1 1 0 1 0 1 1 1 1 0 1 1 1] 0.246471489636261
[1 1 1 1 0 1 0 1 1 1 1 0 1 0 1 1 1 1 1 0 0 1 1 1 1 1 1 1 1 1 1] 0.2426749396759738
[0 1 0 0 1 1 1 0 1 0 1 0 1 1 1 1 1 1 1 0 0 1 0 1 1 1 0 1 1 1 1] 0.7851006075668298
[1 1 1 1 1 1 0 1 1 1 1 0 1 1 1 1 1 1 0 1 0 1 1 1 1 1 1 1 1 1 0] 0.4040809672132554
[1 1 1 1 0 1 1 1 0 1 1 1 1 0 1 1 0 1 1 1 1 1 1 1 1 1 0 1 1 0 1] 0.2300865563712063
[1 0 0 0 0 1 1 1 1 1 1 1 1 1 0 1 1 1 0 1 0 0 0 1 1 1 0 1 1 0 1] 0.08781104813796795
[0 0 1 0 0 0 0 1 1 1 1 0 0 1 1 0 0 1 1 1 1 0 0 1 1 0 1 0 1 0 1] 0.852916761731853
[0 0 1 1 1 0 1 1 1 1 1 1 0 1 1 0 0 1 1 0 1 1 1 0 1 0 0 1 1 0 1] 0.894276169161836
[1 1 1 0 1 1 1 1 1 1 1 1 1 0 1 1 1 1 1 1 1 0 1 1 0 1 1 1 0 1 1] 0.16301749689262837
[1 1 0 0 0 1 1 0 1 1 1 1 0 0 1 1 1 1 1 0 1 1 0 0 1 1 1 1 1 1 1] 0.2300865563712063
[1 0 1 1 1 0 0 1 1 1 1 0 0 0 0 1 1 1 0 1 1 1 1 1 1 1 1 1 1 1 1] 0.018585305499249742
[1 0 0 1 0 0 0 0 1 1 0 0 0 1 1 1 1 0 1 1 1 1 0 1 1 1 0 0 0 0 0] 0.246471489636261
[1 1 1 1 1 1 1 1 1 1 1 1 1 1 1 1 0 1 0 0 1 1 1 1 0 1 0 1 1 1 0] 0.373422426842704
[1 1 0 0 1 1 1 1 1 1 0 1 0 1 0 1 0 0 1 1 1 1 0 1 1 1 1 1 0 0 1] 0.3300206811984114
[1 1 0 0 1 1 1 1 1 1 0 1 1 0 0 1 1 1 1 1 1 1 0 1 1 1 0 1 1 1 1] 0.1907049801348979
[0 1 1 1 0 1 1 1 0 0 1 0 1 1 0 1 1 1 0 1 1 0 0 1 0 1 0 1 1 1 1] 0.8768594455342582
[1 0 0 0 1 1 1 0 1 0 1 0 1 1 1 1 0 0 1 1 0 1 1 1 1 0 0 1 1 1 0] 0.2591658891954662
[1 1 1 0 0 1 1 0 1 1 1 1 1 1 1 1 0 1 0 1 1 1 1 0 1 1 1 0 0 0 1] 0.3887494955520853
[0 1 0 0 0 1 1 1 1 1 1 1 0 0 1 1 1 0 0 0 0 0 0 1 1 0 0 1 1 0 1] 0.8819596601278976
[1 0 1 1 0 1 1 1 1 0 0 1 1 1 1 1 1 1 1 1 1 0 1 1 1 0 1 0 1 1 0] 0.16477399242930307
[0 1 1 1 1 1 1 1 0 0 1 1 1 1 0 1 0 1 1 1 1 0 1 1 1 1 1 1 1 0 1] 0.8839161363838856
[1 0 1 1 1 1 1 1 1 1 1 0 1 0 1 1 1 0 1 0 1 1 1 1 0 1 1 1 0 0 1] 0.14130261038497952
[1 1 1 1 1 1 0 1 1 0 1 1 1 1 1 0 1 1 1 0 1 1 0 1 0 1 1 1 0 1 1] 0.373422426842704
[0 1 0 0 0 1 1 1 1 0 0 0 1 0 1 1 1 0 1 0 1 1 1 1 0 1 0 1 1 1 1] 0.774468085106383
[0 0 0 1 1 1 1 1 1 0 0 1 1 1 0 1 0 0 0 1 1 0 0 1 0 1 1 1 0 1 1] 0.7908369126643239
[0 1 0 1 1 1 1 1 1 1 1 0 1 0 1 1 1 0 1 1 1 1 1 1 0 1 1 0 0 1 0] 0.759745363502449
[1 1 1 1 1 0 1 0 1 0 1 1 1 0 0 1 1 1 1 0 1 0 0 1 0 1 1 0 1 1 0] 0.14145061916671747
[0 1 1 0 1 1 1 1 1 1 1 1 0 1 1 1 1 1 1 1 0 1 1 0 1 1 1 1 1 1 0] 0.7634254350402295
[0 1 1 1 1 0 1 1 0 1 0 1 1 1 0 1 0 1 0 1 1 0 0 1 1 1 0 0 1 0 1] 0.8891354306997385
[0 1 1 1 0 0 1 1 1 0 1 1 1 1 1 1 1 1 1 1 1 1 0 0 1 1 1 1 1 1 1] 0.8199562285050693
[1 0 1 1 1 0 1 1 0 1 0 1 0 1 1 1 0 1 1 1 0 1 1 0 1 0 0 0 1 0 1] 0.246471489636261
[0 1 0 0 0 1 1 1 1 1 1 1 0 1 1 0 1 1 0 0 0 1 1 1 1 1 0 1 1 1 1] 0.837865055387714
[1 0 1 1 1 1 0 1 1 1 1 0 1 1 1 1 0 1 1 1 0 1 1 1 0 1 1 1 1 1 0] 0.22034392305450307
[1 1 1 0 1 1 0 1 0 0 1 1 1 1 1 1 1 0 1 1 1 1 0 0 1 0 1 1 1 1 1] 0.39468644662617086
[1 1 0 0 0 0 1 1 1 0 0 1 1 1 1 0 1 1 1 1 0 1 0 1 0 1 1 1 1 1 0] 0.373422426842704
[0 0 0 1 0 1 1 1 1 0 1 1 1 1 1 1 1 1 1 1 1 1 1 0 0 0 1 1 1 1 0] 0.8422332715486383
[0 1 0 0 1 1 1 1 1 0 0 1 1 1 1 1 1 0 1 0 1 1 1 1 1 1 0 1 1 1 1] 0.8905415128937169
[0 0 0 1 1 1 0 1 1 1 0 1 1 1 1 1 1 1 1 1 1 0 0 1 1 1 1 0 1 1 1] 0.8301916869246403
[0 1 1 1 1 1 1 1 1 1 1 1 1 1 1 1 0 1 0 0 1 1 1 1 0 1 0 1 1 1 0] 0.846172021544886
[1 1 1 1 0 1 1 1 1 1 0 1 1 1 1 1 1 1 1 1 1 1 1 1 1 1 1 1 1 1 0] 0.3887494955520853
[1 1 0 1 0 0 1 1 1 1 0 1 0 0 1 1 1 0 1 1 0 0 0 1 1 0 1 0 1 0 1] 0.17008276793009128
[0 0 1 0 1 0 0 1 0 0 0 1 0 1 0 0 1 0 1 1 0 1 0 0 0 1 1 1 1 0 1] 0.8251167930878587
[1 1 0 0 1 1 0 1 1 1 1 1 0 1 0 1 0 1 0 1 0 1 1 0 0 0 0 1 1 0 1] 0.31765676567656764
[0 1 0 0 1 1 1 1 1 1 1 1 1 1 1 1 0 0 0 1 0 0 1 0 1 1 0 1 1 1 1] 0.8862733751172548
[1 1 1 1 1 1 0 1 0 1 1 1 1 1 1 1 1 1 1 1 1 1 0 0 1 1 1 1 1 1 1] 0.39468644662617086
[0 1 1 1 1 0 1 1 0 1 1 1 1 1 0 1 0 1 1 1 1 1 0 1 1 1 0 0 1 1 1] 0.8684357023566524
[0 0 0 0 0 1 1 1 1 1 1 1 0 0 0 0 1 1 0 0 0 1 0 1 1 1 0 1 1 0 1] 0.8498351444680726
[0 1 1 1 0 1 1 0 1 1 1 0 1 0 1 1 0 0 1 1 1 0 1 1 0 1 0 1 1 0 1] 0.8626266199465553
[0 1 0 1 1 1 1 1 1 0 1 1 0 1 1 1 1 0 1 1 1 1 0 1 1 1 1 1 0 1 1] 0.8676863408652338
[0 0 1 1 0 1 1 1 1 0 0 1 1 1 1 0 1 0 1 1 1 1 0 1 1 1 1 1 1 0 1] 0.8633129447010361
[0 1 1 1 1 1 1 1 1 1 0 1 1 1 1 1 1 1 1 1 0 1 1 1 1 1 1 1 1 0 1] 0.8778158150543087
[0 1 0 0 0 1 0 1 1 1 1 1 0 1 0 1 0 1 1 0 1 1 0 1 0 1 1 1 0 1 0] 0.7345376917945297
[1 0 0 1 1 1 1 1 1 1 1 1 1 1 0 1 0 1 1 1 1 1 1 1 1 1 0 1 1 0 1] 0.17198485667928612
[0 0 1 1 1 1 1 1 1 1 1 1 0 1 1 0 0 1 1 0 1 1 1 0 1 0 0 1 1 0 1] 0.8819853597571863
[0 0 1 0 1 0 0 1 0 0 0 0 0 1 1 1 0 0 1 1 1 1 0 1 0 1 0 1 1 1 0] 0.8439552739905993
[1 1 1 1 1 0 0 1 1 1 1 0 1 1 1 1 1 1 1 1 1 0 1 1 1 1 1 0 0 1 1] 0.3243407651824475
[0 1 1 0 0 1 0 1 1 1 0 1 1 1 1 0 1 1 0 1 1 1 1 1 1 1 1 1 0 0 1] 0.8524219580647324
[0 1 1 1 1 0 1 1 1 1 0 1 1 1 1 1 1 0 1 1 0 1 1 1 1 1 1 1 1 1 0] 0.8622197661899635
[0 1 1 1 1 1 1 0 1 1 1 1 1 1 0 0 1 1 1 1 1 1 1 1 1 1 0 1 1 1 1] 0.8810061664326272
[0 1 1 0 0 0 0 0 0 1 1 1 1 0 1 1 1 0 0 1 0 0 1 0 0 1 0 0 0 0 1] 0.6559386541118095
[1 1 0 1 1 0 0 0 0 1 1 1 0 1 1 0 0 0 1 0 1 0 0 0 0 1 0 0 1 1 1] 0.3068471427762361
[0 1 1 0 0 1 1 0 1 0 0 0 1 0 1 0 0 0 1 0 1 0 1 1 1 1 0 1 1 0 1] 0.9004906717190067
[0 1 1 1 1 1 1 1 1 1 1 1 1 1 1 1 0 1 1 1 1 1 1 1 0 1 0 1 1 1 0] 0.8159992040197005
[0 1 1 1 0 0 1 1 1 0 1 1 1 1 0 1 1 0 0 0 1 1 1 0 0 1 0 1 1 1 0] 0.8579325067426545
[0 1 1 1 1 1 1 1 1 1 1 1 1 1 1 1 0 1 1 1 1 1 1 1 1 1 0 1 1 0 1] 0.8717357184728551
[0 1 1 1 1 0 1 1 1 1 0 1 1 1 1 1 1 0 1 1 1 1 1 1 1 1 1 1 1 1 0] 0.8707008482206322
[1 1 1 1 1 1 1 0 1 1 1 1 1 0 1 1 0 1 0 1 1 1 0 1 1 1 1 1 0 0 1] 0.23641242354781586
[1 0 1 0 1 1 0 1 0 0 1 1 1 1 1 0 1 1 1 1 0 1 1 1 1 1 0 1 1 1 0] 0.2528482690326388
[0 1 0 0 0 1 1 1 1 1 0 1 0 1 0 0 0 0 1 1 0 0 1 1 1 0 0 1 0 0 1] 0.8977362445576142
[0 1 1 1 1 1 1 1 1 1 1 1 0 0 1 1 0 1 1 0 1 1 1 1 0 1 1 1 0 1 0] 0.8050333323338632
[0 1 1 1 1 1 1 1 1 1 1 1 1 1 1 1 0 1 1 1 1 1 1 1 1 1 0 1 1 1 1] 0.8676872218448839
[1 1 1 1 1 1 1 1 1 1 1 1 1 1 1 1 1 1 1 1 1 1 1 0 0 0 1 1 1 1 1] 0.373422426842704
[0 1 1 1 1 1 1 0 1 1 1 1 1 1 0 0 1 1 1 1 1 1 1 1 1 1 1 1 1 1 1] 0.8816774181432341
[0 1 0 1 1 0 1 1 1 1 0 1 1 1 1 1 1 1 1 0 0 0 0 1 1 1 1 0 1 0 1] 0.8787920228995034
[0 1 1 1 1 1 1 1 1 1 1 1 1 1 1 1 0 0 1 1 1 1 1 1 1 1 0 1 1 0 1] 0.874754154030459
[1 1 0 1 1 1 1 1 1 1 1 1 1 1 1 1 1 0 1 1 1 1 1 1 1 1 1 1 1 1 1] 0.39468644662617086
[0 0 0 0 1 0 1 1 1 0 1 1 1 1 1 1 1 1 0 1 1 1 1 0 0 1 0 0 1 0 1] 0.8499771024349367
[0 1 1 1 1 1 1 1 1 1 1 1 1 1 1 1 1 1 1 0 1 1 1 1 1 1 0 1 1 1 1] 0.8837982772473326
[0 1 1 0 1 0 0 1 1 0 0 1 1 1 1 0 1 0 1 1 0 1 0 0 1 1 1 1 1 1 1] 0.8122237781684194
[0 1 1 1 1 1 1 1 1 0 1 1 1 1 1 1 0 1 1 0 1 1 1 1 1 1 1 1 0 0 1] 0.8838901691499585
[0 1 1 1 1 1 1 1 1 1 1 1 1 1 1 1 0 1 1 0 1 1 1 1 1 1 0 1 1 0 1] 0.8828600666327117
[0 1 1 0 0 1 1 1 1 0 0 1 1 1 1 0 0 0 1 0 1 0 1 1 1 1 0 1 1 0 1] 0.898289131277338
[0 1 1 1 1 0 1 1 0 1 1 1 1 1 0 1 1 1 1 1 1 1 0 1 1 1 1 0 1 1 1] 0.8721416580517276
[0 1 1 1 1 0 1 1 1 1 0 1 1 1 1 1 1 0 1 1 0 1 1 1 1 1 0 1 1 1 0] 0.8537206197350853
[0 1 1 1 1 1 1 1 1 0 1 1 0 1 1 1 0 0 1 1 1 1 0 1 1 1 1 1 1 1 1] 0.8755762108094082
[0 0 1 1 1 0 1 1 0 0 0 0 1 0 1 1 0 1 1 0 0 1 1 1 1 1 0 1 1 1 1] 0.9001585951685935
[0 1 1 1 1 0 1 1 0 1 0 1 1 1 0 1 0 1 0 0 1 0 0 1 1 0 0 0 1 0 1] 0.8884493744693952
[0 1 0 0 1 1 1 0 1 1 0 1 0 1 0 0 0 0 1 0 0 1 1 0 1 1 0 0 0 0 1] 0.864753418489466
[0 1 1 1 1 1 1 1 1 0 1 1 1 1 1 1 1 1 1 1 1 1 1 1 1 1 1 1 1 1 1] 0.8654878659889756
[0 1 1 1 1 0 1 1 0 1 0 1 1 1 0 1 1 1 1 0 1 0 0 0 1 0 0 0 0 0 1] 0.8856628056628056
[0 1 0 0 1 1 1 1 1 0 0 1 1 1 1 1 0 0 1 0 1 1 1 1 1 1 0 1 1 0 1] 0.8897226814272712
[0 1 1 1 1 1 1 1 1 0 1 1 1 1 1 1 0 1 1 0 1 1 1 1 1 1 0 1 1 0 1] 0.8838629266038344
[0 1 1 1 1 1 1 1 1 0 1 1 1 1 1 1 0 1 1 1 1 1 1 1 1 1 1 1 0 0 1] 0.8726524991274983
[0 1 1 1 1 1 1 1 1 1 0 1 1 1 1 1 1 1 1 0 1 1 1 1 1 1 0 1 1 1 1] 0.8905415128937169
[1 1 1 1 1 1 1 1 1 0 1 1 1 1 1 1 0 1 0 1 1 1 0 1 1 1 1 1 1 1 1] 0.39468644662617086
[1 1 1 1 1 1 1 1 1 1 1 1 1 1 0 1 1 1 1 0 1 1 0 0 1 0 0 1 0 0 1] 0.33523965886806223
[0 1 1 1 1 1 1 1 1 0 1 1 1 1 1 1 0 0 1 1 0 1 0 1 1 1 1 0 1 1 1] 0.8645642900670324
[0 0 1 1 1 1 1 1 1 1 1 1 1 1 1 0 0 1 1 0 1 1 1 0 1 1 0 1 1 0 1] 0.8805963827353975
[0 1 0 1 1 1 1 1 1 0 0 1 1 1 1 1 0 1 1 0 1 1 1 1 1 1 0 1 1 0 1] 0.8905415128937169
[0 1 1 1 1 1 1 1 0 0 0 1 1 1 0 1 0 1 1 1 1 0 1 1 1 1 0 1 1 0 1] 0.8980217305011677
[0 0 1 1 1 1 1 1 0 0 0 1 1 1 1 1 0 1 1 0 0 1 1 1 1 1 0 1 1 0 1] 0.9047313758174126
[0 0 1 0 0 0 0 1 0 0 0 0 1 0 1 0 0 1 0 0 0 1 1 1 1 1 0 0 0 1 1] 0.8118882504458095
[0 1 1 1 1 1 1 1 1 0 0 1 1 1 1 1 0 1 1 0 1 1 1 1 1 1 0 1 1 0 1] 0.893783425240708
[0 0 1 1 1 0 1 1 1 1 0 1 0 1 1 0 0 1 1 0 1 1 1 0 1 0 0 1 1 0 1] 0.8909647466016618
[0 0 1 1 0 0 1 1 0 0 0 0 1 0 1 1 0 1 0 0 0 0 1 1 1 1 0 0 0 0 1] 0.9073675651725066
[0 1 1 1 1 1 1 1 1 1 0 1 1 1 0 1 0 1 1 0 1 1 1 1 1 1 0 0 1 0 1] 0.8923242570926019
[0 1 1 1 1 1 1 1 1 0 0 1 1 1 1 1 0 0 1 0 1 1 1 1 1 1 0 0 1 1 1] 0.8975138681557656
[0 0 1 1 1 0 1 1 0 0 0 1 1 1 1 1 0 1 0 0 0 0 1 1 1 1 0 0 1 0 1] 0.8894767236079805
[0 1 1 1 1 0 1 1 0 1 1 1 1 1 0 1 0 1 0 0 1 0 0 0 1 0 0 1 0 0 1] 0.8941823221577926
[0 1 0 0 1 0 1 1 0 0 0 1 1 1 1 1 0 0 0 0 1 0 1 1 1 1 0 0 1 0 1] 0.9215821159924644
[0 0 1 0 1 0 1 1 1 0 0 1 1 1 1 0 0 1 1 0 1 1 1 1 1 1 0 1 1 0 1] 0.9091787703894162
[0 0 1 0 0 0 1 1 0 0 0 0 1 1 1 0 0 1 0 0 0 0 1 1 1 1 0 0 1 1 1] 0.8944047585957696
[0 1 1 0 0 0 1 1 0 0 0 0 1 1 1 0 0 1 0 0 1 0 1 1 1 1 0 0 1 0 1] 0.9028868989059161
[0 1 1 1 0 0 1 1 0 0 0 0 1 1 1 0 0 1 0 0 1 0 1 1 1 1 0 0 1 0 1] 0.9073499035607294
[0 0 1 0 0 1 1 1 0 0 0 0 1 0 1 0 0 1 0 0 0 0 1 1 1 1 0 0 1 0 1] 0.8934377942602153
[0 1 1 0 0 1 1 0 0 0 0 0 1 0 1 0 0 0 0 0 1 0 1 1 1 1 0 0 1 0 1] 0.9140827632328089
[0 1 1 0 0 1 1 1 1 0 0 0 1 0 1 0 0 0 1 0 1 0 1 1 1 1 0 1 1 1 1] 0.9074736995908825
[1 1 1 1 0 1 0 1 1 0 1 1 1 1 1 1 0 1 0 1 1 1 1 1 1 1 0 1 1 1 1] 0.3887494955520853
[0 0 1 1 1 1 1 1 0 0 0 1 1 1 1 1 0 1 0 0 0 1 1 1 1 1 0 0 1 0 1] 0.9056472568897999
[0 0 0 0 0 0 1 1 0 0 0 1 1 0 1 1 0 0 0 0 0 0 1 1 1 1 0 0 1 0 1] 0.8645185387366938
[1 0 1 0 1 0 1 1 0 0 0 1 1 1 0 0 1 0 1 1 1 1 0 0 0 1 1 1 1 1 1] 0.16477399242930307
[0 0 1 0 0 0 0 1 1 0 0 0 0 1 0 0 1 0 1 0 0 1 1 1 1 1 0 0 1 0 1] 0.9056317078194009
[1 1 1 1 1 0 1 1 1 1 0 1 1 0 0 1 0 1 0 0 0 0 0 1 0 1 0 1 1 1 1] 0.14145061916671747
[1 1 0 0 1 1 0 0 1 1 1 0 0 1 1 1 1 1 1 0 0 1 0 1 0 0 1 0 0 1 0] 0.373422426842704
[1 0 0 1 1 0 0 1 1 1 0 1 1 0 1 0 0 0 0 1 1 1 0 0 0 0 0 1 1 0 0] 0.14130261038497952
[0 0 0 0 1 1 1 0 0 1 0 0 0 1 1 0 1 1 0 0 0 0 0 0 1 1 0 1 1 0 0] 0.8579249482226738
[1 0 1 0 1 1 0 0 0 0 1 0 0 0 0 1 0 0 1 0 1 1 0 1 1 1 0 1 1 0 1] 0.018585305499249742
[0 1 0 0 1 0 0 1 1 1 0 0 0 1 1 1 0 0 0 1 0 0 1 0 1 0 1 1 0 1 1] 0.8709334187060386
[1 0 1 1 1 0 1 0 1 0 1 1 1 0 1 0 0 0 0 1 0 1 1 1 0 1 1 1 1 0 1] 0.14130261038497952
[0 0 0 1 0 1 1 1 1 0 0 0 0 1 0 1 1 0 1 1 0 0 0 0 1 1 1 0 0 0 1] 0.7887259083273589
[1 1 1 0 1 1 0 0 1 1 1 0 0 0 0 1 0 1 1 1 1 1 1 0 1 1 1 1 0 0 0] 0.18388634430031586
[0 0 1 0 0 1 0 1 0 0 1 1 0 0 1 1 0 1 1 0 1 1 0 0 1 1 0 1 0 1 0] 0.720987867163761
[0 0 1 0 0 0 0 0 0 0 0 1 0 0 1 0 0 0 1 0 0 1 0 0 1 0 0 0 0 1 1] 0.7131455751122157
[1 0 0 1 0 0 0 1 1 0 1 1 0 0 0 1 1 0 1 1 0 0 0 1 0 0 1 0 0 0 0] 0.018585305499249742
[0 0 0 1 1 0 0 0 1 1 0 0 0 0 0 1 1 0 0 0 1 1 0 0 0 0 1 1 0 1 0] 0.8230415395919517
[0 1 1 0 0 0 0 0 0 1 0 0 0 0 1 1 1 1 0 0 1 0 0 0 1 0 0 0 1 0 1] 0.7495061220021996
[1 1 0 0 0 1 1 0 1 0 0 1 0 1 1 1 1 1 1 1 0 0 1 1 1 0 1 0 1 1 1] 0.3188051293454896
[1 1 0 0 0 1 1 1 0 1 0 0 0 0 1 0 1 0 0 1 1 0 1 0 1 0 0 0 0 1 0] 0.17008276793009128
[1 0 0 1 1 1 1 1 0 0 0 1 1 1 0 0 0 0 0 1 1 1 1 1 0 0 0 1 1 1 1] 0.16477399242930307
[1 0 1 1 1 1 0 0 1 0 0 0 1 1 0 1 0 1 0 1 0 0 1 0 0 0 1 0 1 1 1] 0.07956680296165321
[1 0 1 0 0 0 1 1 0 1 1 0 0 0 0 0 1 0 1 1 0 1 0 0 1 1 1 0 1 0 1] 0.018585305499249742
[0 0 0 0 0 1 0 0 1 0 0 0 1 1 1 0 1 1 1 0 1 0 0 0 1 1 1 0 0 0 1] 0.7955710074041068
[0 1 0 0 0 0 1 1 0 1 0 1 1 0 0 1 0 1 0 1 1 1 1 1 1 0 0 0 0 0 1] 0.8169671555586324
[1 1 0 0 0 1 1 1 1 0 1 0 0 0 0 1 1 0 0 1 1 1 0 1 0 0 1 1 0 0 0] 0.1629523124850228
[1 1 0 0 0 1 0 1 1 0 0 0 0 1 0 0 0 0 0 1 0 0 0 1 1 0 1 1 1 0 1] 0.24003414252471775
[1 0 1 0 0 0 0 0 0 1 1 0 0 1 1 0 1 0 0 0 0 1 0 1 0 1 1 0 0 0 0] 0.19314856257531418
[1 1 0 1 0 1 0 0 0 0 0 1 0 1 0 1 1 0 0 0 1 0 1 0 0 1 1 0 1 0 1] 0.21364929108902578
[1 0 0 1 1 1 1 0 1 0 0 1 0 1 1 0 1 1 1 1 1 0 1 0 0 1 1 1 1 1 0] 0.15748155302732508
[0 0 1 1 0 1 1 0 1 1 0 1 0 0 0 1 1 0 0 1 1 1 1 0 0 0 0 0 0 0 1] 0.7901303021901857
[0 0 1 0 1 1 0 0 1 0 0 1 0 1 1 1 1 0 0 1 1 1 1 1 0 0 0 0 1 1 1] 0.8827451495971302
[0 0 0 0 1 0 1 1 1 1 0 1 1 1 0 1 0 0 1 1 0 0 0 1 1 1 0 1 0 1 1] 0.8170632494353179
[0 1 0 0 0 1 1 0 1 1 1 0 1 0 0 0 1 1 1 1 0 1 0 0 1 1 1 1 0 1 0] 0.6360578964887914
[0 1 0 0 0 0 1 0 1 1 1 0 0 1 1 0 0 1 1 1 0 0 0 0 0 0 1 1 1 1 0] 0.6465446224256294
[0 1 0 0 0 1 0 1 1 0 0 1 0 0 0 1 1 0 0 0 0 0 1 1 1 0 0 1 0 0 0] 0.8997223335037091
[0 1 0 1 1 0 0 0 0 1 1 1 1 1 0 1 1 0 1 1 0 0 0 1 1 1 1 1 0 0 0] 0.8781342591066036
[0 1 1 0 0 0 0 0 0 0 0 0 0 1 0 1 1 1 1 1 1 1 0 0 0 0 0 1 1 0 0] 0.6257997888384383
[1 0 1 0 0 1 0 0 0 1 1 0 0 1 1 1 0 1 0 0 0 1 1 1 0 0 0 1 0 0 0] 0.19314856257531418
[1 1 0 0 1 0 1 1 0 0 1 1 1 0 0 1 0 0 1 0 0 0 1 1 1 0 0 1 0 1 0] 0.1422925822734638
[0 0 1 0 0 1 1 0 1 1 0 1 1 0 1 0 0 1 1 1 1 1 0 1 0 1 0 1 1 0 0] 0.8339451032946892
[0 0 0 0 0 1 1 0 1 1 0 1 1 0 1 1 0 0 0 0 1 1 1 1 1 1 1 1 1 0 0] 0.8992821004322141
[0 1 0 1 0 0 0 0 0 1 0 0 1 1 0 0 1 1 1 0 1 1 0 0 1 0 1 0 0 1 0] 0.681767693234379
[0 0 0 0 1 1 0 1 0 0 0 0 0 1 1 1 0 1 0 0 1 0 1 1 1 1 0 1 0 1 1] 0.8819057273188039
[0 1 0 0 1 1 0 1 0 1 0 1 1 1 1 0 1 1 0 0 1 1 1 1 0 1 0 1 1 1 0] 0.7656721696299978
[0 1 0 0 1 0 0 1 0 0 1 0 1 1 1 0 1 0 1 1 1 0 1 0 0 1 0 1 1 1 1] 0.8044841421860194
[1 0 0 0 0 1 0 1 0 1 1 0 0 1 1 0 1 1 0 0 1 1 1 1 1 1 1 1 1 1 1] 0.24003414252471775
[1 0 0 0 1 1 0 1 0 0 0 0 1 0 1 1 1 0 1 1 0 0 0 0 0 0 0 1 1 0 1] 0.018585305499249742
[1 0 1 0 1 1 1 0 0 0 1 1 1 1 1 0 1 0 1 0 0 1 1 0 1 1 0 1 0 0 0] 0.2528482690326388
[1 0 1 1 1 0 0 1 0 1 1 1 0 0 0 0 1 0 1 0 1 0 1 1 1 0 1 0 0 0 1] 0.018585305499249742
[0 0 1 0 0 1 1 0 0 0 0 1 1 0 1 1 0 1 1 0 0 1 0 1 1 1 0 1 0 0 0] 0.7981083482687471
[0 0 1 1 0 1 1 1 1 1 1 1 0 1 0 1 1 0 1 1 1 0 1 1 1 1 0 1 1 1 1] 0.7925455236191992
[1 0 1 0 1 1 0 1 1 1 0 0 0 1 1 0 0 1 0 0 1 0 1 1 0 1 1 1 1 1 1] 0.1501053728840445
[1 1 1 0 0 0 1 0 0 1 0 0 1 0 1 1 1 1 0 0 1 0 1 1 0 1 0 0 1 1 1] 0.16301749689262837
[0 1 1 0 0 1 1 0 0 1 1 0 0 0 1 1 0 1 0 1 1 0 0 0 0 1 0 0 0 0 1] 0.6303899763615403
[1 0 1 0 1 0 0 1 1 1 1 0 0 0 1 1 0 1 0 0 1 0 0 0 1 0 1 0 0 1 0] 0.018585305499249742
[0 1 1 0 0 1 1 1 1 0 0 1 1 1 0 0 0 1 1 1 1 1 0 0 1 0 0 0 1 0 1] 0.8463945267071195
[0 1 1 0 0 0 0 1 1 1 1 0 0 1 0 0 0 0 0 1 0 0 1 0 0 1 1 0 0 1 0] 0.7425874584664874
[0 1 0 0 1 1 0 1 1 1 1 0 0 1 1 1 1 1 0 1 0 0 1 0 0 1 0 0 1 1 0] 0.7140751658069271
[0 0 0 1 0 1 1 0 0 0 1 0 0 0 1 0 0 0 0 1 0 1 1 0 0 0 1 0 1 0 1] 0.7534298720870205
[1 1 1 0 0 1 1 0 0 0 0 1 0 0 1 0 1 0 1 1 1 0 1 0 0 1 1 0 0 0 1] 0.16301749689262837
[1 1 1 0 1 1 0 1 1 1 0 1 1 1 1 0 1 1 0 0 0 1 0 0 1 1 0 1 1 1 1] 0.39468644662617086
[0 1 1 0 0 1 1 0 1 0 0 1 1 1 1 0 0 1 0 1 1 0 0 1 1 0 0 0 0 1 1] 0.878836681453018
[0 1 0 1 0 1 0 1 0 0 1 1 0 0 1 1 0 1 0 1 0 1 0 1 1 0 0 1 1 1 1] 0.7373049300575498
[1 1 0 1 0 1 1 1 1 1 1 1 1 0 0 1 0 0 0 1 1 0 0 0 1 1 1 1 1 0 1] 0.14206631177630102
[1 1 1 1 0 0 1 0 0 0 0 1 0 0 0 1 1 1 1 0 0 0 1 0 0 0 0 1 0 1 0] 0.14145061916671747
[0 1 1 0 0 0 1 1 0 0 1 0 1 0 1 1 0 0 0 1 0 0 1 0 0 1 1 1 1 0 0] 0.6354675570879558
[1 0 0 1 0 0 0 0 1 1 0 0 0 1 1 1 1 0 0 0 0 1 1 1 1 1 0 1 0 0 0] 0.24003414252471775
[1 1 0 0 0 1 0 1 1 0 1 1 0 0 0 1 0 0 0 0 1 1 0 0 0 1 0 0 1 1 1] 0.1629523124850228
[1 1 0 1 0 0 0 0 1 1 1 0 1 0 0 1 1 1 1 0 0 0 0 0 0 1 0 0 0 0 1] 0.14145061916671747
[0 1 0 0 0 0 1 0 1 0 0 0 1 0 1 1 1 1 0 0 1 0 1 1 1 0 0 0 0 0 1] 0.8909149872596709
[1 1 1 0 1 1 1 1 1 0 0 0 1 1 0 1 0 1 0 0 1 0 0 1 0 1 0 1 1 1 1] 0.22034392305450307
[1 1 1 0 0 1 1 0 1 1 0 0 0 1 1 0 1 1 1 1 0 1 1 1 0 0 1 1 1 0 0] 0.373422426842704
[0 0 1 0 1 0 1 1 1 1 0 0 0 0 0 1 0 1 1 1 0 0 1 1 0 0 1 1 0 0 1] 0.7937056027623792
[0 1 1 1 0 1 0 1 1 1 0 1 1 0 0 0 0 0 1 0 0 1 0 1 0 1 0 1 0 0 0] 0.7884681479085377
[0 0 0 1 1 0 1 0 1 0 1 1 0 0 1 0 0 0 1 0 0 0 0 0 0 1 0 0 1 1 1] 0.7893422148209825
[1 1 1 1 0 0 0 0 0 0 1 0 1 1 0 0 0 0 1 1 1 1 0 1 0 0 0 1 1 1 1] 0.3229514171175465
[0 0 0 0 0 0 0 1 1 0 0 0 0 1 1 1 0 1 1 0 0 0 1 1 0 0 0 1 1 1 1] 0.843533478804521
[0 0 1 0 0 1 1 0 1 0 1 1 0 0 1 1 1 0 0 0 0 1 1 0 0 0 1 0 0 1 0] 0.7547543272060547
[1 0 1 1 1 0 0 1 0 1 0 1 0 0 1 0 1 0 1 0 1 1 1 0 1 0 1 0 1 0 0] 0.1422925822734638
[1 1 1 1 1 1 1 0 1 1 0 1 0 1 1 1 1 1 1 1 1 0 0 1 0 0 0 0 0 1 1] 0.3068471427762361
[1 0 1 0 0 1 1 0 1 0 1 1 1 1 1 1 0 1 0 0 0 0 1 1 1 0 0 1 1 1 0] 0.16477399242930307
[0 0 1 1 0 0 1 0 0 1 1 0 1 1 1 0 0 0 0 0 1 1 1 1 0 0 0 1 0 1 0] 0.8481568898355498
[1 0 0 1 1 0 1 0 0 1 1 0 0 0 1 1 0 1 0 0 1 1 1 0 0 0 1 0 1 0 0] 0.14130261038497952
[1 0 1 1 0 0 1 0 1 1 1 0 0 0 0 1 0 1 1 0 1 0 0 0 1 1 1 1 1 1 1] 0.018585305499249742
[1 1 1 1 1 1 1 0 1 1 0 1 1 0 1 0 1 0 0 0 1 1 1 0 1 0 0 1 1 1 1] 0.23641242354781586
[1 0 0 0 1 0 1 0 0 1 0 0 1 0 0 1 1 0 1 1 0 0 0 0 1 1 0 0 1 0 0] 0.018585305499249742
[1 0 0 0 1 1 0 1 0 0 1 0 0 0 1 0 1 1 0 1 0 0 1 0 1 0 0 0 0 0 0] 0.018585305499249742
[0 0 1 1 0 0 0 0 0 0 0 0 1 0 0 0 0 0 1 1 0 0 1 0 0 1 0 0 1 0 1] 0.7472584424534804
[0 1 0 0 1 0 0 1 1 0 1 1 0 1 1 0 1 0 1 0 0 0 1 0 1 1 0 1 0 1 0] 0.8425401104522334
[0 1 0 1 1 1 0 0 1 0 0 0 1 1 0 1 1 0 0 1 1 1 1 0 0 0 0 1 1 0 1] 0.8737662533733417
[0 1 0 1 1 0 0 1 0 0 1 1 1 0 1 0 1 0 1 1 0 0 1 0 0 1 1 0 0 0 0] 0.7359060473565258
[1 1 0 1 1 1 1 0 1 1 0 0 1 1 0 0 0 0 1 1 0 0 1 1 1 1 0 0 0 0 0] 0.246471489636261
[1 1 0 0 1 1 1 1 0 1 0 0 0 0 0 0 1 0 0 0 0 0 1 0 1 0 0 0 1 0 1] 0.1422925822734638
[1 0 0 0 1 0 1 0 0 1 0 1 0 1 0 1 1 1 0 0 0 0 1 0 0 1 1 1 0 0 0] 0.07956680296165321
[1 0 0 1 1 1 1 0 0 1 1 1 0 0 0 1 0 0 1 1 0 0 1 1 1 1 0 0 0 1 0] 0.018585305499249742
[1 1 0 0 1 0 1 1 1 1 0 0 1 0 1 1 1 0 1 0 1 0 0 0 0 0 1 1 0 1 0] 0.16301749689262837
[0 0 0 1 0 0 1 0 1 0 1 0 0 0 1 0 1 0 1 1 1 0 1 0 1 1 1 0 1 1 1] 0.818634732959426
[0 1 1 0 0 0 0 1 0 0 0 1 0 1 0 1 0 1 1 0 0 1 1 0 1 1 0 0 1 1 1] 0.757556143557666
[1 0 1 1 1 1 0 0 1 0 0 0 1 0 1 1 0 0 1 0 1 0 1 1 0 1 1 1 1 0 0] 0.018585305499249742
[0 0 1 1 0 0 1 1 1 0 1 1 0 1 1 1 0 1 1 0 1 0 1 0 1 0 0 0 0 0 0] 0.8562082014653078
[0 0 1 0 0 1 0 0 0 0 1 1 1 0 1 1 0 1 1 1 1 0 1 1 1 0 0 0 1 0 0] 0.869183745481942
[1 1 0 0 0 1 1 1 1 0 0 1 0 1 1 1 1 1 1 1 1 0 1 1 1 0 1 0 1 1 1] 0.3188051293454896
[0 0 1 1 1 0 1 1 1 1 1 0 1 1 1 1 0 1 0 0 1 1 1 1 1 0 1 1 0 1 0] 0.8822919257865119
[1 1 1 0 1 1 1 1 1 0 0 0 1 1 0 1 1 1 0 1 1 0 1 1 0 1 1 1 1 1 1] 0.22034392305450307
[1 1 0 0 1 1 0 1 1 1 1 0 0 1 1 1 1 1 1 0 0 1 0 1 0 1 1 0 0 1 0] 0.373422426842704
[1 1 0 1 1 0 1 0 1 1 1 0 0 0 1 1 1 1 1 0 1 1 1 1 1 0 1 0 1 1 0] 0.23641242354781586
[1 0 1 1 1 1 1 0 1 1 1 1 1 0 1 0 1 1 1 1 0 1 1 1 0 1 1 1 1 0 1] 0.14130261038497952
[1 0 1 0 0 1 1 0 1 0 1 1 1 1 1 1 1 1 0 1 0 1 1 1 1 1 1 1 1 1 0] 0.246471489636261
[1 1 1 1 1 1 1 1 0 1 1 1 1 1 1 1 0 0 1 1 0 1 1 1 1 1 1 1 0 1 0] 0.39468644662617086
[1 1 1 1 1 1 1 1 1 1 0 1 0 0 1 1 1 1 0 1 1 1 1 0 0 0 0 1 1 0 1] 0.20411589862273957
[1 1 1 1 0 1 0 1 0 0 0 1 0 1 0 1 0 1 1 0 0 1 1 0 1 1 0 0 1 1 1] 0.32375001158898953
[1 1 1 1 1 1 0 1 1 0 1 1 0 0 1 1 1 1 1 1 0 1 0 1 0 1 1 1 1 1 0] 0.20411589862273957
[1 1 1 1 1 0 1 1 1 1 1 1 1 1 0 1 1 1 0 1 1 0 0 1 1 1 0 1 1 1 1] 0.24003414252471775
[1 1 1 1 1 1 0 1 1 1 1 1 0 1 1 1 1 0 1 0 0 1 1 1 1 1 1 1 1 1 0] 0.39468644662617086
[1 1 1 0 0 1 1 0 0 1 1 1 1 0 1 1 1 1 0 1 1 1 1 1 1 1 1 1 0 0 1] 0.2300865563712063
[0 1 1 1 0 0 0 1 1 1 1 1 1 1 0 0 1 0 0 1 1 0 1 1 1 1 1 0 0 1 1] 0.8874025567611246
[1 0 1 0 1 0 1 1 0 1 0 1 1 1 0 1 1 1 1 1 1 1 0 0 1 1 0 0 1 0 0] 0.17198485667928612
[1 1 1 0 1 1 1 1 1 0 0 1 1 1 0 0 0 1 1 1 1 1 0 0 1 1 0 1 1 0 1] 0.33523965886806223
[1 1 1 1 1 1 1 1 1 0 0 1 1 1 1 0 1 1 0 1 1 1 0 1 1 0 1 1 0 1 1] 0.39468644662617086
[0 1 1 1 1 0 0 1 0 1 1 1 1 0 1 0 1 0 1 1 0 1 1 1 0 1 1 0 0 0 0] 0.6991406504949418
[0 1 0 0 1 1 1 1 1 1 0 1 1 1 0 1 1 0 1 1 1 0 0 1 1 1 1 1 1 1 1] 0.8396118496311783
[1 1 0 1 0 1 0 1 1 0 1 1 0 0 0 1 0 0 0 0 1 1 0 0 0 1 1 0 1 1 1] 0.1629523124850228
[1 1 1 0 1 1 1 1 1 1 0 1 1 1 1 1 1 1 0 0 0 1 1 0 1 1 0 1 1 1 1] 0.39468644662617086
[1 1 0 1 0 0 0 0 1 1 1 0 1 0 0 1 1 1 1 0 0 1 1 0 0 1 1 0 0 1 1] 0.1629523124850228
[1 1 1 1 1 1 0 0 1 0 1 0 1 1 0 1 0 1 1 1 0 0 1 0 0 0 1 0 1 1 1] 0.22034392305450307
[0 1 0 0 1 1 0 1 0 1 0 1 1 1 1 1 1 1 0 0 1 1 1 1 0 1 0 1 1 1 1] 0.8290538729563118
[1 1 0 1 1 1 0 0 1 0 0 0 1 1 0 1 1 0 0 1 1 1 1 1 1 0 1 1 1 0 1] 0.34060469674421984
[1 1 1 1 0 0 1 0 1 1 1 0 0 1 1 1 1 1 1 1 1 1 1 1 0 0 1 1 1 1 0] 0.373422426842704
[1 1 1 1 1 1 1 1 1 1 0 0 0 1 0 1 1 1 1 1 1 0 1 0 1 1 0 1 1 1 1] 0.24003414252471775
[0 1 1 0 1 0 1 1 1 0 1 1 0 1 1 1 1 1 1 1 1 1 1 1 1 1 1 1 1 1 1] 0.8634209761835595
[0 0 1 1 0 0 1 0 1 0 1 0 0 0 1 0 1 0 1 1 1 0 1 1 1 1 1 0 1 1 1] 0.8346304370470676
[1 1 0 1 1 1 1 1 0 0 0 1 1 1 0 0 0 0 0 1 1 1 1 1 0 1 0 1 1 1 1] 0.31765676567656764
[0 1 0 1 0 0 1 0 1 0 0 0 1 0 1 1 1 1 0 0 1 0 1 1 1 0 0 0 0 0 1] 0.9042319519695416
[0 1 1 1 1 1 1 0 0 1 1 1 1 1 0 0 1 1 1 0 1 1 0 0 1 1 1 0 0 1 0] 0.8260216583669275
[1 1 1 1 1 0 0 0 0 1 0 1 0 1 1 0 1 0 1 1 1 1 1 0 1 1 0 1 1 0 1] 0.39468644662617086
[1 1 1 1 1 1 1 0 1 1 1 1 0 1 1 1 1 1 1 1 1 1 1 1 1 0 0 0 0 1 1] 0.39468644662617086
[0 0 1 0 1 1 1 1 1 0 1 1 0 0 1 1 0 1 1 1 1 1 0 1 1 1 0 1 0 1 0] 0.866327611377754
[1 1 1 1 0 1 0 1 1 0 0 0 1 1 1 1 0 1 1 0 0 1 1 1 1 0 0 1 1 1 1] 0.3987953058469208
[1 1 0 0 1 1 0 0 1 0 0 0 1 1 1 0 1 1 1 1 1 1 0 0 1 1 1 0 1 0 1] 0.4040809672132554
[0 1 0 1 0 1 1 1 1 1 1 0 1 0 1 0 1 0 1 1 0 1 1 0 0 0 1 1 1 0 1] 0.6806142247352958
[0 0 1 0 1 0 1 0 1 0 1 1 0 0 1 0 1 1 1 0 0 0 1 0 0 1 0 0 1 1 1] 0.7805563360494521
[1 0 1 1 1 0 0 1 1 1 1 1 1 0 0 0 1 0 1 0 1 0 1 1 1 1 1 0 0 0 1] 0.018585305499249742
[1 1 1 0 1 1 1 1 1 1 0 0 1 1 1 1 1 1 1 0 1 0 0 1 0 1 0 1 1 1 1] 0.31804258498319016
[0 1 1 1 1 1 1 1 0 1 1 1 1 1 0 0 1 1 1 0 1 1 1 1 1 1 1 0 0 1 0] 0.8717016502400091
[0 1 0 1 1 0 0 0 1 1 1 1 1 1 0 1 1 1 1 1 0 1 0 1 1 1 1 1 1 0 1] 0.8696980333747594
[1 1 1 0 1 1 1 0 1 1 1 0 1 0 0 1 1 1 1 1 1 1 1 0 1 1 1 1 1 0 1] 0.1907049801348979
[0 0 1 0 0 1 0 1 1 0 0 0 0 1 0 0 1 1 1 1 0 1 1 1 1 1 0 0 1 0 1] 0.8827451495971302
[1 1 1 1 1 1 1 0 1 1 1 1 0 0 0 1 0 0 1 1 1 0 1 1 1 1 0 1 1 1 1] 0.13501483679525222
[1 1 0 0 1 1 1 0 1 1 1 1 1 1 1 0 1 1 1 1 0 1 0 0 1 1 0 1 0 1 1] 0.39468644662617086
[1 1 1 1 1 1 1 1 1 1 1 1 1 1 1 0 1 1 1 1 1 1 0 0 1 1 1 1 1 0 1] 0.39468644662617086
[0 0 1 0 0 1 1 1 0 0 0 1 1 1 1 1 0 1 1 0 0 1 1 1 1 1 0 1 0 1 0] 0.8542353392104255
[0 1 0 0 0 0 1 0 1 1 1 0 1 1 1 0 0 1 1 1 0 0 0 0 1 0 1 1 1 1 0] 0.6797575001114429
[1 0 1 1 1 1 1 1 1 1 1 1 1 1 0 1 1 0 1 1 1 1 1 1 1 1 1 0 1 1 1] 0.17198485667928612
[0 1 1 1 0 1 1 1 1 1 1 1 1 1 0 0 0 0 1 0 0 1 0 1 1 1 0 1 1 1 1] 0.8856616360710038
[0 1 0 1 1 1 1 1 1 1 1 0 0 1 1 1 1 1 0 1 0 0 1 0 0 1 0 0 1 1 0] 0.8044841421860194
[0 1 1 0 0 0 1 1 1 1 1 1 1 0 1 1 1 1 1 1 1 0 1 1 0 1 1 1 1 0 0] 0.8343598055105348
[0 1 1 1 0 1 1 1 1 0 1 1 1 1 1 1 1 1 0 1 1 1 0 1 1 1 0 1 0 1 1] 0.8577560453322244
[0 0 0 0 1 1 1 0 0 1 0 0 0 1 1 1 1 1 0 0 0 1 0 1 1 1 0 1 1 0 0] 0.8879406015072507
[1 1 0 0 1 1 0 1 0 1 0 0 0 1 1 1 1 1 0 0 1 0 1 1 1 1 0 1 0 1 1] 0.3243407651824475
[1 1 0 0 1 0 1 0 1 0 1 0 1 1 1 1 1 1 1 1 0 1 1 1 1 1 0 1 1 1 0] 0.4040809672132554
[1 1 1 0 1 1 1 0 0 0 1 1 1 1 1 0 1 0 1 0 1 1 1 0 1 1 0 1 1 0 1] 0.39468644662617086
[1 1 0 1 1 1 1 1 1 1 0 0 1 1 1 1 1 0 1 1 0 1 1 1 1 1 1 1 1 1 1] 0.4040809672132554
[1 0 0 0 1 1 1 1 1 1 1 1 1 1 1 1 0 1 1 0 1 1 1 1 1 1 1 1 1 0 0] 0.2528482690326388
[0 0 0 1 1 0 0 0 1 1 0 0 0 0 0 1 1 0 1 1 0 1 0 0 0 1 1 1 0 1 0] 0.815038202702019
[0 1 1 0 0 1 1 1 1 1 1 0 1 1 1 1 1 1 1 1 0 1 1 1 1 1 0 1 1 1 0] 0.7276969048113645
[0 1 1 1 1 1 1 0 1 1 1 1 1 1 0 1 1 1 1 1 0 1 0 1 1 1 1 1 1 1 0] 0.8535153702334884
[0 1 1 0 1 0 0 1 1 1 1 1 0 1 1 1 1 1 0 1 0 0 1 0 0 1 1 0 1 1 0] 0.7751965355737177
[1 0 0 1 1 0 1 1 1 1 1 1 0 0 1 0 0 1 1 1 0 1 1 1 0 1 1 0 1 1 1] 0.14130261038497952
[0 0 1 1 0 1 1 0 1 1 1 1 1 1 1 1 0 1 1 1 1 0 1 1 1 0 0 1 1 1 1] 0.8512708257327011
[0 0 0 0 0 1 1 0 1 1 0 0 0 1 1 1 1 1 1 0 0 0 0 0 1 1 0 1 1 1 1] 0.8108336773647701
[0 1 0 1 1 0 0 0 0 1 1 1 1 1 0 1 1 1 1 1 0 0 0 1 1 1 1 1 1 0 0] 0.878836681453018
[0 1 1 0 0 1 0 1 1 0 0 0 0 1 1 1 0 1 1 1 0 1 1 1 0 0 0 1 1 1 1] 0.6921065757524268
[0 1 1 0 1 0 0 1 1 1 0 0 0 1 1 1 1 0 1 1 0 0 1 0 1 1 0 1 1 1 1] 0.8675703461143053
[0 1 1 0 1 1 1 1 1 1 1 1 1 1 1 1 1 1 1 1 1 1 1 1 1 1 1 1 1 1 1] 0.8615500771741362
[0 1 0 0 1 1 1 0 0 1 0 0 0 1 1 1 1 1 0 0 0 1 0 1 1 1 0 1 1 0 0] 0.7129178673196079
[0 0 1 0 0 1 0 1 1 0 0 1 0 1 1 1 0 1 1 0 0 0 1 1 0 1 0 1 1 1 1] 0.8082030730854556
[0 1 0 0 1 1 1 1 1 1 0 0 1 1 1 1 1 1 1 1 0 1 1 1 1 1 0 1 1 1 0] 0.792229253153843
[0 1 1 1 1 1 1 0 1 0 0 0 1 1 0 1 1 0 1 1 1 1 1 1 0 1 0 1 1 1 1] 0.8781342591066036
[0 1 1 1 1 1 1 1 1 0 1 1 0 0 1 1 1 1 0 1 0 1 1 1 1 1 1 1 1 1 1] 0.8674623413311593
[0 0 1 0 1 1 0 1 1 0 0 1 0 1 1 1 1 0 1 1 1 1 1 1 0 0 0 1 1 1 1] 0.8777477132886615
[0 1 0 1 1 1 1 1 1 1 0 1 1 1 1 1 1 1 1 1 1 1 1 1 1 1 1 1 1 1 1] 0.8752450922491791
[0 0 1 1 1 1 1 1 1 1 1 1 1 1 1 1 1 1 1 1 1 0 1 1 0 1 1 1 1 1 1] 0.8210288799572896
[1 1 1 1 0 1 1 0 1 0 1 1 0 1 1 1 1 0 1 1 1 1 1 1 1 1 1 0 1 1 1] 0.3890435909560588
[0 1 1 1 1 1 1 1 1 1 1 1 1 1 0 1 0 0 1 0 0 1 1 1 1 1 0 1 1 1 1] 0.8903423607562596
[0 1 0 1 1 0 0 1 1 1 1 1 1 1 0 1 1 1 1 1 0 1 0 1 1 1 1 1 1 1 1] 0.8665790025346369
[0 0 1 0 1 1 1 0 1 0 0 1 0 1 1 1 1 0 0 1 1 1 1 1 0 0 0 1 1 1 1] 0.8853975506535336
[1 1 1 1 0 0 0 0 0 0 1 1 1 0 1 0 0 1 1 1 0 1 1 0 1 1 1 1 1 0 1] 0.2300865563712063
[0 1 0 0 1 0 0 1 1 0 1 1 1 1 1 0 1 1 1 1 1 0 1 0 0 1 0 1 1 1 1] 0.8251667207832755
[1 1 0 0 1 1 0 1 1 0 0 1 1 1 1 1 1 1 1 0 0 0 1 1 1 1 1 1 1 0 0] 0.3243407651824475
[1 1 0 1 1 1 0 0 0 1 1 1 1 1 0 1 1 0 1 1 0 0 0 1 1 1 1 1 1 0 0] 0.24003414252471775
[0 1 1 1 1 1 1 0 1 1 1 1 1 1 0 1 1 1 1 1 1 1 1 1 1 1 1 1 1 1 0] 0.8673015146749026
[0 1 0 0 0 1 0 1 1 0 0 1 0 1 0 1 1 0 0 0 0 0 1 1 1 0 0 1 0 0 0] 0.9041801704339695
[0 1 1 0 1 1 1 1 1 1 1 1 0 1 1 1 1 1 0 0 0 1 1 1 1 1 0 0 1 1 0] 0.820996068281017
[0 1 1 0 1 1 1 1 1 0 0 1 0 1 0 1 1 0 0 0 0 1 1 1 1 1 0 1 1 1 1] 0.9108594076686727
[0 1 0 0 1 1 1 1 1 1 0 1 0 1 1 1 1 1 0 1 0 0 1 1 1 1 1 1 1 1 1] 0.8947129587612637
[0 1 1 1 0 1 1 0 1 0 0 1 1 1 1 1 0 1 0 1 1 0 0 1 1 1 0 1 1 1 1] 0.9083842715080741
[0 1 1 0 1 1 1 1 1 1 0 1 0 1 1 1 1 1 0 0 0 1 1 1 1 1 0 1 1 1 1] 0.8857129590936528
[0 1 1 0 0 0 0 1 1 1 1 0 1 1 0 0 1 0 1 1 0 0 1 0 1 1 1 0 0 1 0] 0.8271314921925893
[0 1 0 1 1 0 0 0 1 1 1 1 0 1 0 1 1 1 0 1 0 1 0 1 1 1 1 1 1 0 1] 0.8787481620324046
[0 1 0 0 0 0 1 0 1 0 0 0 1 1 1 1 1 1 0 0 1 0 1 1 1 0 0 1 0 0 1] 0.9066146085147919
[0 0 1 0 0 1 1 0 0 0 0 1 1 1 1 1 1 1 1 0 0 1 0 1 1 1 0 1 1 0 0] 0.8716960274380305
[1 1 0 1 1 0 0 1 1 1 1 0 0 1 1 1 1 1 0 1 1 1 1 0 1 1 1 1 1 1 1] 0.39468644662617086
[0 1 0 1 0 0 1 1 1 1 0 0 1 0 1 1 1 1 0 0 1 1 1 1 1 0 0 0 0 0 1] 0.8233526318115525
[0 1 1 0 0 1 0 1 1 0 0 0 0 1 0 1 1 0 1 0 0 0 1 1 1 1 0 0 1 0 1] 0.902139703281001
[0 0 0 0 1 1 1 1 1 0 0 0 0 1 1 1 0 1 0 0 1 1 1 1 1 0 0 1 0 1 1] 0.9041801704339695
[0 0 0 0 0 1 1 0 1 0 0 1 0 0 1 1 1 0 0 0 1 1 1 1 1 1 1 1 1 0 1] 0.8758919614634793
[0 1 1 0 1 1 1 1 0 1 0 1 1 1 1 1 1 1 0 1 1 0 1 1 1 1 1 1 1 0 0] 0.8913913007121653
[0 1 1 0 1 1 1 0 1 1 1 1 0 1 1 1 1 1 0 1 1 1 1 1 0 0 1 1 1 1 1] 0.8421419849991278
[0 1 0 1 0 1 0 1 1 0 1 1 0 0 0 1 1 1 0 0 0 0 1 1 1 1 0 1 1 0 0] 0.8796827833687314
[0 0 0 0 0 0 1 0 1 1 0 0 1 1 1 1 0 1 0 0 1 1 1 1 1 0 1 1 1 0 0] 0.8932220503367205
[0 1 1 0 0 1 1 0 1 0 0 0 0 1 1 1 1 1 0 1 1 1 1 1 1 1 0 0 1 0 1] 0.8367097687222533
[0 1 0 1 0 0 1 1 1 0 0 0 1 0 1 1 1 1 0 0 1 0 1 1 1 0 0 0 1 0 1] 0.8933651816980126
[0 1 0 1 0 0 1 0 1 0 0 1 1 1 1 1 1 1 0 1 1 0 0 1 1 1 0 1 1 0 1] 0.8974598103398924
[0 1 0 0 0 0 0 1 1 0 0 1 1 1 0 1 1 0 0 0 0 0 1 1 1 0 0 1 1 0 1] 0.8860244423761394
[0 1 0 0 0 0 1 1 1 0 0 0 0 0 1 1 1 0 0 0 1 0 1 1 1 0 0 0 0 0 1] 0.915492894100635
[0 1 1 0 0 1 1 1 1 0 0 0 0 1 0 1 1 0 0 0 0 0 1 1 1 1 0 0 1 0 1] 0.895647546104542
[0 0 1 0 0 0 0 1 1 0 0 0 0 1 0 0 1 0 0 0 0 1 1 1 1 1 0 0 1 0 1] 0.9017001502971471
[0 1 0 0 0 0 1 0 1 0 0 0 1 1 1 1 1 1 0 0 1 0 1 1 1 1 0 0 1 0 1] 0.9117988956698635
[0 1 0 0 0 0 1 0 1 0 0 0 1 1 0 1 1 0 0 0 0 0 1 1 1 1 0 0 1 0 1] 0.9097536083977257
[0 1 1 0 0 1 1 1 1 0 0 0 0 1 1 1 1 0 0 0 1 0 1 1 1 1 0 0 1 0 1] 0.9056044227618464
[0 1 0 0 0 0 1 1 1 0 0 0 0 1 1 1 1 0 0 0 1 0 1 1 1 0 0 0 0 0 1] 0.8951121435214963
[0 1 0 1 0 1 0 1 1 1 0 1 1 1 1 1 1 0 0 0 1 1 1 1 1 1 1 1 0 0 0] 0.8687882704808989
[0 1 0 0 0 1 1 1 1 0 0 1 0 1 1 1 1 0 0 0 1 1 1 1 1 1 0 1 1 0 1] 0.8909540652379963
[0 1 0 0 0 0 1 0 1 0 0 0 1 1 1 1 1 0 0 0 1 0 1 1 1 1 0 1 1 0 1] 0.9120090153952415
[0 1 0 0 0 1 1 0 1 1 1 1 1 1 1 1 1 1 1 0 1 0 1 1 1 1 0 1 1 1 1] 0.88824028571695
[1 0 1 1 0 1 0 1 1 1 0 1 0 1 0 0 1 1 1 0 0 1 1 1 1 1 0 1 1 0 1] 0.16477399242930307
[0 1 1 0 0 1 1 0 1 0 0 1 1 1 1 1 0 0 0 0 1 0 1 1 1 1 0 1 1 0 1] 0.9129108407481387
[0 1 1 0 0 0 1 1 1 0 0 0 0 1 0 1 1 0 0 0 0 1 1 1 1 1 0 0 1 0 1] 0.901041857064522
[0 1 1 0 0 0 1 1 1 0 0 0 0 1 1 1 1 0 0 0 1 0 1 1 1 1 0 0 1 0 1] 0.9129108407481387
[0 1 0 0 0 0 1 1 1 0 0 0 0 1 1 1 1 0 0 0 1 0 1 1 1 1 0 1 1 0 1] 0.9091787703894162
[0 1 1 0 0 1 1 1 1 0 0 1 0 1 1 1 1 0 0 0 1 0 1 1 1 1 0 1 1 1 1] 0.8959627688364799
[0 1 0 0 0 0 1 1 1 0 0 0 0 1 1 1 1 0 0 0 1 0 1 1 1 1 0 0 1 0 1] 0.902395223332185
[0 1 1 0 0 1 1 1 1 0 0 1 0 1 0 1 1 0 0 0 0 1 1 1 1 1 0 1 1 0 1] 0.9015809243385297
[0 1 0 0 0 0 1 0 1 0 0 0 1 1 1 1 1 0 0 0 1 0 1 1 1 1 0 0 1 0 1] 0.9111054508405501
[0 1 1 0 0 1 1 1 1 0 0 1 0 1 1 1 1 0 0 0 1 0 1 1 1 1 0 1 1 0 1] 0.8945071036023096
