0 30 100 0.27574036102053845 [0 1 0 1 0 1 0 0 1 1 0 0 0 0 0 1 1 0 0 0 0 0 0 1 1 1 0 1 1 0 0 0 0 1 0 0 1
 1 1 1 1 0 0 1 1 0 0 1 1 0 1 1 0 1 1 0 1 1 1 1]
1 30 93 0.27574036102053845 [0 1 0 1 0 1 0 0 1 1 0 0 0 0 0 1 1 0 0 0 0 0 0 1 1 1 0 1 1 0 0 0 0 1 0 0 1
 1 1 1 1 0 0 1 1 0 0 1 1 0 1 1 0 1 1 0 1 1 1 1]
2 23 59 0.24955280189937235 [0 1 0 1 0 0 0 0 0 0 0 0 0 0 0 0 0 0 1 0 0 0 0 0 1 0 0 0 0 0 1 1 1 1 0 1 1
 1 1 0 0 0 1 1 1 0 1 0 0 1 1 0 0 1 1 1 1 0 1 0]
3 23 50 0.24955280189937235 [0 1 0 1 0 0 0 0 0 0 0 0 0 0 0 0 0 0 1 0 0 0 0 0 1 0 0 0 0 0 1 1 1 1 0 1 1
 1 1 0 0 0 1 1 1 0 1 0 0 1 1 0 0 1 1 1 1 0 1 0]
4 23 50 0.24955280189937235 [0 1 0 1 0 0 0 0 0 0 0 0 0 0 0 0 0 0 1 0 0 0 0 0 1 0 0 0 0 0 1 1 1 1 0 1 1
 1 1 0 0 0 1 1 1 0 1 0 0 1 1 0 0 1 1 1 1 0 1 0]
5 23 51 0.24955280189937235 [0 1 0 1 0 0 0 0 0 0 0 0 0 0 0 0 0 0 1 0 0 0 0 0 1 0 0 0 0 0 1 1 1 1 0 1 1
 1 1 0 0 0 1 1 1 0 1 0 0 1 1 0 0 1 1 1 1 0 1 0]
6 28 55 0.24868753645732067 [0 1 1 1 0 1 0 0 0 1 0 0 0 0 0 0 1 0 1 1 1 0 0 1 1 0 0 0 0 0 1 0 0 1 0 1 1
 0 1 0 1 0 1 1 1 1 1 0 0 0 1 0 0 0 1 1 1 1 1 0]
7 24 50 0.23789487105925866 [0 1 1 1 0 0 0 0 0 1 0 0 0 0 0 0 1 0 0 0 0 0 1 1 0 0 0 1 0 0 0 1 0 1 0 1 1
 0 0 1 0 0 1 1 1 0 1 0 1 0 0 0 1 0 1 1 1 1 1 0]
8 24 53 0.23789487105925866 [0 1 1 1 0 0 0 0 0 1 0 0 0 0 0 0 1 0 0 0 0 0 1 1 0 0 0 1 0 0 0 1 0 1 0 1 1
 0 0 1 0 0 1 1 1 0 1 0 1 0 0 0 1 0 1 1 1 1 1 0]
9 24 52 0.23789487105925866 [0 1 1 1 0 0 0 0 0 1 0 0 0 0 0 0 1 0 0 0 0 0 1 1 0 0 0 1 0 0 0 1 0 1 0 1 1
 0 0 1 0 0 1 1 1 0 1 0 1 0 0 0 1 0 1 1 1 1 1 0]
10 24 54 0.23789487105925866 [0 1 1 1 0 0 0 0 0 1 0 0 0 0 0 0 1 0 0 0 0 0 1 1 0 0 0 1 0 0 0 1 0 1 0 1 1
 0 0 1 0 0 1 1 1 0 1 0 1 0 0 0 1 0 1 1 1 1 1 0]
11 24 50 0.23789487105925866 [0 1 1 1 0 0 0 0 0 1 0 0 0 0 0 0 1 0 0 0 0 0 1 1 0 0 0 1 0 0 0 1 0 1 0 1 1
 0 0 1 0 0 1 1 1 0 1 0 1 0 0 0 1 0 1 1 1 1 1 0]
12 24 53 0.23789487105925866 [0 1 1 1 0 0 0 0 0 1 0 0 0 0 0 0 1 0 0 0 0 0 1 1 0 0 0 1 0 0 0 1 0 1 0 1 1
 0 0 1 0 0 1 1 1 0 1 0 1 0 0 0 1 0 1 1 1 1 1 0]
13 24 54 0.23789487105925866 [0 1 1 1 0 0 0 0 0 1 0 0 0 0 0 0 1 0 0 0 0 0 1 1 0 0 0 1 0 0 0 1 0 1 0 1 1
 0 0 1 0 0 1 1 1 0 1 0 1 0 0 0 1 0 1 1 1 1 1 0]
14 24 52 0.23789487105925866 [0 1 1 1 0 0 0 0 0 1 0 0 0 0 0 0 1 0 0 0 0 0 1 1 0 0 0 1 0 0 0 1 0 1 0 1 1
 0 0 1 0 0 1 1 1 0 1 0 1 0 0 0 1 0 1 1 1 1 1 0]
15 24 51 0.23789487105925866 [0 1 1 1 0 0 0 0 0 1 0 0 0 0 0 0 1 0 0 0 0 0 1 1 0 0 0 1 0 0 0 1 0 1 0 1 1
 0 0 1 0 0 1 1 1 0 1 0 1 0 0 0 1 0 1 1 1 1 1 0]
16 24 50 0.23789487105925866 [0 1 1 1 0 0 0 0 0 1 0 0 0 0 0 0 1 0 0 0 0 0 1 1 0 0 0 1 0 0 0 1 0 1 0 1 1
 0 0 1 0 0 1 1 1 0 1 0 1 0 0 0 1 0 1 1 1 1 1 0]
17 24 51 0.23789487105925866 [0 1 1 1 0 0 0 0 0 1 0 0 0 0 0 0 1 0 0 0 0 0 1 1 0 0 0 1 0 0 0 1 0 1 0 1 1
 0 0 1 0 0 1 1 1 0 1 0 1 0 0 0 1 0 1 1 1 1 1 0]
18 24 53 0.23789487105925866 [0 1 1 1 0 0 0 0 0 1 0 0 0 0 0 0 1 0 0 0 0 0 1 1 0 0 0 1 0 0 0 1 0 1 0 1 1
 0 0 1 0 0 1 1 1 0 1 0 1 0 0 0 1 0 1 1 1 1 1 0]
19 24 54 0.23789487105925866 [0 1 1 1 0 0 0 0 0 1 0 0 0 0 0 0 1 0 0 0 0 0 1 1 0 0 0 1 0 0 0 1 0 1 0 1 1
 0 0 1 0 0 1 1 1 0 1 0 1 0 0 0 1 0 1 1 1 1 1 0]
20 24 54 0.23789487105925866 [0 1 1 1 0 0 0 0 0 1 0 0 0 0 0 0 1 0 0 0 0 0 1 1 0 0 0 1 0 0 0 1 0 1 0 1 1
 0 0 1 0 0 1 1 1 0 1 0 1 0 0 0 1 0 1 1 1 1 1 0]
21 24 57 0.23789487105925866 [0 1 1 1 0 0 0 0 0 1 0 0 0 0 0 0 1 0 0 0 0 0 1 1 0 0 0 1 0 0 0 1 0 1 0 1 1
 0 0 1 0 0 1 1 1 0 1 0 1 0 0 0 1 0 1 1 1 1 1 0]
22 24 53 0.23789487105925866 [0 1 1 1 0 0 0 0 0 1 0 0 0 0 0 0 1 0 0 0 0 0 1 1 0 0 0 1 0 0 0 1 0 1 0 1 1
 0 0 1 0 0 1 1 1 0 1 0 1 0 0 0 1 0 1 1 1 1 1 0]
23 24 50 0.23789487105925866 [0 1 1 1 0 0 0 0 0 1 0 0 0 0 0 0 1 0 0 0 0 0 1 1 0 0 0 1 0 0 0 1 0 1 0 1 1
 0 0 1 0 0 1 1 1 0 1 0 1 0 0 0 1 0 1 1 1 1 1 0]
24 24 56 0.23789487105925866 [0 1 1 1 0 0 0 0 0 1 0 0 0 0 0 0 1 0 0 0 0 0 1 1 0 0 0 1 0 0 0 1 0 1 0 1 1
 0 0 1 0 0 1 1 1 0 1 0 1 0 0 0 1 0 1 1 1 1 1 0]
25 24 52 0.23789487105925866 [0 1 1 1 0 0 0 0 0 1 0 0 0 0 0 0 1 0 0 0 0 0 1 1 0 0 0 1 0 0 0 1 0 1 0 1 1
 0 0 1 0 0 1 1 1 0 1 0 1 0 0 0 1 0 1 1 1 1 1 0]
26 24 52 0.23789487105925866 [0 1 1 1 0 0 0 0 0 1 0 0 0 0 0 0 1 0 0 0 0 0 1 1 0 0 0 1 0 0 0 1 0 1 0 1 1
 0 0 1 0 0 1 1 1 0 1 0 1 0 0 0 1 0 1 1 1 1 1 0]
27 24 49 0.23789487105925866 [0 1 1 1 0 0 0 0 0 1 0 0 0 0 0 0 1 0 0 0 0 0 1 1 0 0 0 1 0 0 0 1 0 1 0 1 1
 0 0 1 0 0 1 1 1 0 1 0 1 0 0 0 1 0 1 1 1 1 1 0]
28 24 53 0.23789487105925866 [0 1 1 1 0 0 0 0 0 1 0 0 0 0 0 0 1 0 0 0 0 0 1 1 0 0 0 1 0 0 0 1 0 1 0 1 1
 0 0 1 0 0 1 1 1 0 1 0 1 0 0 0 1 0 1 1 1 1 1 0]
29 24 54 0.23789487105925866 [0 1 1 1 0 0 0 0 0 1 0 0 0 0 0 0 1 0 0 0 0 0 1 1 0 0 0 1 0 0 0 1 0 1 0 1 1
 0 0 1 0 0 1 1 1 0 1 0 1 0 0 0 1 0 1 1 1 1 1 0]
30 24 52 0.23789487105925866 [0 1 1 1 0 0 0 0 0 1 0 0 0 0 0 0 1 0 0 0 0 0 1 1 0 0 0 1 0 0 0 1 0 1 0 1 1
 0 0 1 0 0 1 1 1 0 1 0 1 0 0 0 1 0 1 1 1 1 1 0]
31 24 53 0.23789487105925866 [0 1 1 1 0 0 0 0 0 1 0 0 0 0 0 0 1 0 0 0 0 0 1 1 0 0 0 1 0 0 0 1 0 1 0 1 1
 0 0 1 0 0 1 1 1 0 1 0 1 0 0 0 1 0 1 1 1 1 1 0]
32 24 54 0.23789487105925866 [0 1 1 1 0 0 0 0 0 1 0 0 0 0 0 0 1 0 0 0 0 0 1 1 0 0 0 1 0 0 0 1 0 1 0 1 1
 0 0 1 0 0 1 1 1 0 1 0 1 0 0 0 1 0 1 1 1 1 1 0]
33 24 51 0.23789487105925866 [0 1 1 1 0 0 0 0 0 1 0 0 0 0 0 0 1 0 0 0 0 0 1 1 0 0 0 1 0 0 0 1 0 1 0 1 1
 0 0 1 0 0 1 1 1 0 1 0 1 0 0 0 1 0 1 1 1 1 1 0]
34 24 50 0.23789487105925866 [0 1 1 1 0 0 0 0 0 1 0 0 0 0 0 0 1 0 0 0 0 0 1 1 0 0 0 1 0 0 0 1 0 1 0 1 1
 0 0 1 0 0 1 1 1 0 1 0 1 0 0 0 1 0 1 1 1 1 1 0]
35 24 52 0.23789487105925866 [0 1 1 1 0 0 0 0 0 1 0 0 0 0 0 0 1 0 0 0 0 0 1 1 0 0 0 1 0 0 0 1 0 1 0 1 1
 0 0 1 0 0 1 1 1 0 1 0 1 0 0 0 1 0 1 1 1 1 1 0]
36 24 54 0.23789487105925866 [0 1 1 1 0 0 0 0 0 1 0 0 0 0 0 0 1 0 0 0 0 0 1 1 0 0 0 1 0 0 0 1 0 1 0 1 1
 0 0 1 0 0 1 1 1 0 1 0 1 0 0 0 1 0 1 1 1 1 1 0]
37 24 52 0.23789487105925866 [0 1 1 1 0 0 0 0 0 1 0 0 0 0 0 0 1 0 0 0 0 0 1 1 0 0 0 1 0 0 0 1 0 1 0 1 1
 0 0 1 0 0 1 1 1 0 1 0 1 0 0 0 1 0 1 1 1 1 1 0]
38 24 53 0.23789487105925866 [0 1 1 1 0 0 0 0 0 1 0 0 0 0 0 0 1 0 0 0 0 0 1 1 0 0 0 1 0 0 0 1 0 1 0 1 1
 0 0 1 0 0 1 1 1 0 1 0 1 0 0 0 1 0 1 1 1 1 1 0]
39 24 53 0.23789487105925866 [0 1 1 1 0 0 0 0 0 1 0 0 0 0 0 0 1 0 0 0 0 0 1 1 0 0 0 1 0 0 0 1 0 1 0 1 1
 0 0 1 0 0 1 1 1 0 1 0 1 0 0 0 1 0 1 1 1 1 1 0]
40 24 53 0.23789487105925866 [0 1 1 1 0 0 0 0 0 1 0 0 0 0 0 0 1 0 0 0 0 0 1 1 0 0 0 1 0 0 0 1 0 1 0 1 1
 0 0 1 0 0 1 1 1 0 1 0 1 0 0 0 1 0 1 1 1 1 1 0]
41 24 53 0.23789487105925866 [0 1 1 1 0 0 0 0 0 1 0 0 0 0 0 0 1 0 0 0 0 0 1 1 0 0 0 1 0 0 0 1 0 1 0 1 1
 0 0 1 0 0 1 1 1 0 1 0 1 0 0 0 1 0 1 1 1 1 1 0]
42 24 52 0.23789487105925866 [0 1 1 1 0 0 0 0 0 1 0 0 0 0 0 0 1 0 0 0 0 0 1 1 0 0 0 1 0 0 0 1 0 1 0 1 1
 0 0 1 0 0 1 1 1 0 1 0 1 0 0 0 1 0 1 1 1 1 1 0]
43 24 51 0.23789487105925866 [0 1 1 1 0 0 0 0 0 1 0 0 0 0 0 0 1 0 0 0 0 0 1 1 0 0 0 1 0 0 0 1 0 1 0 1 1
 0 0 1 0 0 1 1 1 0 1 0 1 0 0 0 1 0 1 1 1 1 1 0]
44 24 55 0.23789487105925866 [0 1 1 1 0 0 0 0 0 1 0 0 0 0 0 0 1 0 0 0 0 0 1 1 0 0 0 1 0 0 0 1 0 1 0 1 1
 0 0 1 0 0 1 1 1 0 1 0 1 0 0 0 1 0 1 1 1 1 1 0]
45 24 50 0.23789487105925866 [0 1 1 1 0 0 0 0 0 1 0 0 0 0 0 0 1 0 0 0 0 0 1 1 0 0 0 1 0 0 0 1 0 1 0 1 1
 0 0 1 0 0 1 1 1 0 1 0 1 0 0 0 1 0 1 1 1 1 1 0]
46 24 53 0.23789487105925866 [0 1 1 1 0 0 0 0 0 1 0 0 0 0 0 0 1 0 0 0 0 0 1 1 0 0 0 1 0 0 0 1 0 1 0 1 1
 0 0 1 0 0 1 1 1 0 1 0 1 0 0 0 1 0 1 1 1 1 1 0]
47 24 54 0.23789487105925866 [0 1 1 1 0 0 0 0 0 1 0 0 0 0 0 0 1 0 0 0 0 0 1 1 0 0 0 1 0 0 0 1 0 1 0 1 1
 0 0 1 0 0 1 1 1 0 1 0 1 0 0 0 1 0 1 1 1 1 1 0]
48 24 49 0.23789487105925866 [0 1 1 1 0 0 0 0 0 1 0 0 0 0 0 0 1 0 0 0 0 0 1 1 0 0 0 1 0 0 0 1 0 1 0 1 1
 0 0 1 0 0 1 1 1 0 1 0 1 0 0 0 1 0 1 1 1 1 1 0]
49 24 53 0.23789487105925866 [0 1 1 1 0 0 0 0 0 1 0 0 0 0 0 0 1 0 0 0 0 0 1 1 0 0 0 1 0 0 0 1 0 1 0 1 1
 0 0 1 0 0 1 1 1 0 1 0 1 0 0 0 1 0 1 1 1 1 1 0]
50 30 54 0.2355773830404695 [0 1 1 1 1 1 0 0 0 1 1 0 0 0 0 0 1 0 0 0 0 0 1 1 1 0 0 1 0 1 0 1 0 1 0 1 1
 0 0 1 0 0 1 1 1 0 1 0 1 0 0 0 1 1 1 1 1 1 1 0]
51 30 52 0.2355773830404695 [0 1 1 1 1 1 0 0 0 1 1 0 0 0 0 0 1 0 0 0 0 0 1 1 1 0 0 1 0 1 0 1 0 1 0 1 1
 0 0 1 0 0 1 1 1 0 1 0 1 0 0 0 1 1 1 1 1 1 1 0]
52 30 53 0.2355773830404695 [0 1 1 1 1 1 0 0 0 1 1 0 0 0 0 0 1 0 0 0 0 0 1 1 1 0 0 1 0 1 0 1 0 1 0 1 1
 0 0 1 0 0 1 1 1 0 1 0 1 0 0 0 1 1 1 1 1 1 1 0]
53 30 51 0.2355773830404695 [0 1 1 1 1 1 0 0 0 1 1 0 0 0 0 0 1 0 0 0 0 0 1 1 1 0 0 1 0 1 0 1 0 1 0 1 1
 0 0 1 0 0 1 1 1 0 1 0 1 0 0 0 1 1 1 1 1 1 1 0]
54 30 49 0.2355773830404695 [0 1 1 1 1 1 0 0 0 1 1 0 0 0 0 0 1 0 0 0 0 0 1 1 1 0 0 1 0 1 0 1 0 1 0 1 1
 0 0 1 0 0 1 1 1 0 1 0 1 0 0 0 1 1 1 1 1 1 1 0]
55 30 53 0.2355773830404695 [0 1 1 1 1 1 0 0 0 1 1 0 0 0 0 0 1 0 0 0 0 0 1 1 1 0 0 1 0 1 0 1 0 1 0 1 1
 0 0 1 0 0 1 1 1 0 1 0 1 0 0 0 1 1 1 1 1 1 1 0]
56 30 51 0.2355773830404695 [0 1 1 1 1 1 0 0 0 1 1 0 0 0 0 0 1 0 0 0 0 0 1 1 1 0 0 1 0 1 0 1 0 1 0 1 1
 0 0 1 0 0 1 1 1 0 1 0 1 0 0 0 1 1 1 1 1 1 1 0]
57 30 52 0.2355773830404695 [0 1 1 1 1 1 0 0 0 1 1 0 0 0 0 0 1 0 0 0 0 0 1 1 1 0 0 1 0 1 0 1 0 1 0 1 1
 0 0 1 0 0 1 1 1 0 1 0 1 0 0 0 1 1 1 1 1 1 1 0]
58 30 54 0.2355773830404695 [0 1 1 1 1 1 0 0 0 1 1 0 0 0 0 0 1 0 0 0 0 0 1 1 1 0 0 1 0 1 0 1 0 1 0 1 1
 0 0 1 0 0 1 1 1 0 1 0 1 0 0 0 1 1 1 1 1 1 1 0]
59 30 53 0.2355773830404695 [0 1 1 1 1 1 0 0 0 1 1 0 0 0 0 0 1 0 0 0 0 0 1 1 1 0 0 1 0 1 0 1 0 1 0 1 1
 0 0 1 0 0 1 1 1 0 1 0 1 0 0 0 1 1 1 1 1 1 1 0]
60 30 52 0.2355773830404695 [0 1 1 1 1 1 0 0 0 1 1 0 0 0 0 0 1 0 0 0 0 0 1 1 1 0 0 1 0 1 0 1 0 1 0 1 1
 0 0 1 0 0 1 1 1 0 1 0 1 0 0 0 1 1 1 1 1 1 1 0]
61 30 56 0.2355773830404695 [0 1 1 1 1 1 0 0 0 1 1 0 0 0 0 0 1 0 0 0 0 0 1 1 1 0 0 1 0 1 0 1 0 1 0 1 1
 0 0 1 0 0 1 1 1 0 1 0 1 0 0 0 1 1 1 1 1 1 1 0]
62 30 53 0.2355773830404695 [0 1 1 1 1 1 0 0 0 1 1 0 0 0 0 0 1 0 0 0 0 0 1 1 1 0 0 1 0 1 0 1 0 1 0 1 1
 0 0 1 0 0 1 1 1 0 1 0 1 0 0 0 1 1 1 1 1 1 1 0]
63 30 53 0.2355773830404695 [0 1 1 1 1 1 0 0 0 1 1 0 0 0 0 0 1 0 0 0 0 0 1 1 1 0 0 1 0 1 0 1 0 1 0 1 1
 0 0 1 0 0 1 1 1 0 1 0 1 0 0 0 1 1 1 1 1 1 1 0]
64 30 49 0.2355773830404695 [0 1 1 1 1 1 0 0 0 1 1 0 0 0 0 0 1 0 0 0 0 0 1 1 1 0 0 1 0 1 0 1 0 1 0 1 1
 0 0 1 0 0 1 1 1 0 1 0 1 0 0 0 1 1 1 1 1 1 1 0]
65 31 54 0.23253004387359322 [0 1 1 1 1 1 0 0 0 1 0 0 0 0 0 0 1 0 0 0 0 1 1 1 1 0 0 1 0 1 0 1 0 1 1 1 1
 0 0 1 1 0 0 1 1 1 0 0 1 0 0 0 0 1 1 1 1 1 1 1]
66 31 52 0.23253004387359322 [0 1 1 1 1 1 0 0 0 1 0 0 0 0 0 0 1 0 0 0 0 1 1 1 1 0 0 1 0 1 0 1 0 1 1 1 1
 0 0 1 1 0 0 1 1 1 0 0 1 0 0 0 0 1 1 1 1 1 1 1]
67 31 52 0.23253004387359322 [0 1 1 1 1 1 0 0 0 1 0 0 0 0 0 0 1 0 0 0 0 1 1 1 1 0 0 1 0 1 0 1 0 1 1 1 1
 0 0 1 1 0 0 1 1 1 0 0 1 0 0 0 0 1 1 1 1 1 1 1]
68 31 52 0.23253004387359322 [0 1 1 1 1 1 0 0 0 1 0 0 0 0 0 0 1 0 0 0 0 1 1 1 1 0 0 1 0 1 0 1 0 1 1 1 1
 0 0 1 1 0 0 1 1 1 0 0 1 0 0 0 0 1 1 1 1 1 1 1]
69 31 52 0.23253004387359322 [0 1 1 1 1 1 0 0 0 1 0 0 0 0 0 0 1 0 0 0 0 1 1 1 1 0 0 1 0 1 0 1 0 1 1 1 1
 0 0 1 1 0 0 1 1 1 0 0 1 0 0 0 0 1 1 1 1 1 1 1]
70 31 51 0.23253004387359322 [0 1 1 1 1 1 0 0 0 1 0 0 0 0 0 0 1 0 0 0 0 1 1 1 1 0 0 1 0 1 0 1 0 1 1 1 1
 0 0 1 1 0 0 1 1 1 0 0 1 0 0 0 0 1 1 1 1 1 1 1]
71 31 52 0.23253004387359322 [0 1 1 1 1 1 0 0 0 1 0 0 0 0 0 0 1 0 0 0 0 1 1 1 1 0 0 1 0 1 0 1 0 1 1 1 1
 0 0 1 1 0 0 1 1 1 0 0 1 0 0 0 0 1 1 1 1 1 1 1]
72 31 52 0.23253004387359322 [0 1 1 1 1 1 0 0 0 1 0 0 0 0 0 0 1 0 0 0 0 1 1 1 1 0 0 1 0 1 0 1 0 1 1 1 1
 0 0 1 1 0 0 1 1 1 0 0 1 0 0 0 0 1 1 1 1 1 1 1]
73 31 52 0.23253004387359322 [0 1 1 1 1 1 0 0 0 1 0 0 0 0 0 0 1 0 0 0 0 1 1 1 1 0 0 1 0 1 0 1 0 1 1 1 1
 0 0 1 1 0 0 1 1 1 0 0 1 0 0 0 0 1 1 1 1 1 1 1]
74 31 51 0.23253004387359322 [0 1 1 1 1 1 0 0 0 1 0 0 0 0 0 0 1 0 0 0 0 1 1 1 1 0 0 1 0 1 0 1 0 1 1 1 1
 0 0 1 1 0 0 1 1 1 0 0 1 0 0 0 0 1 1 1 1 1 1 1]
75 31 54 0.23253004387359322 [0 1 1 1 1 1 0 0 0 1 0 0 0 0 0 0 1 0 0 0 0 1 1 1 1 0 0 1 0 1 0 1 0 1 1 1 1
 0 0 1 1 0 0 1 1 1 0 0 1 0 0 0 0 1 1 1 1 1 1 1]
76 31 53 0.23253004387359322 [0 1 1 1 1 1 0 0 0 1 0 0 0 0 0 0 1 0 0 0 0 1 1 1 1 0 0 1 0 1 0 1 0 1 1 1 1
 0 0 1 1 0 0 1 1 1 0 0 1 0 0 0 0 1 1 1 1 1 1 1]
77 31 51 0.23253004387359322 [0 1 1 1 1 1 0 0 0 1 0 0 0 0 0 0 1 0 0 0 0 1 1 1 1 0 0 1 0 1 0 1 0 1 1 1 1
 0 0 1 1 0 0 1 1 1 0 0 1 0 0 0 0 1 1 1 1 1 1 1]
78 31 50 0.23253004387359322 [0 1 1 1 1 1 0 0 0 1 0 0 0 0 0 0 1 0 0 0 0 1 1 1 1 0 0 1 0 1 0 1 0 1 1 1 1
 0 0 1 1 0 0 1 1 1 0 0 1 0 0 0 0 1 1 1 1 1 1 1]
79 31 54 0.23253004387359322 [0 1 1 1 1 1 0 0 0 1 0 0 0 0 0 0 1 0 0 0 0 1 1 1 1 0 0 1 0 1 0 1 0 1 1 1 1
 0 0 1 1 0 0 1 1 1 0 0 1 0 0 0 0 1 1 1 1 1 1 1]
80 31 51 0.23253004387359322 [0 1 1 1 1 1 0 0 0 1 0 0 0 0 0 0 1 0 0 0 0 1 1 1 1 0 0 1 0 1 0 1 0 1 1 1 1
 0 0 1 1 0 0 1 1 1 0 0 1 0 0 0 0 1 1 1 1 1 1 1]
81 31 51 0.23253004387359322 [0 1 1 1 1 1 0 0 0 1 0 0 0 0 0 0 1 0 0 0 0 1 1 1 1 0 0 1 0 1 0 1 0 1 1 1 1
 0 0 1 1 0 0 1 1 1 0 0 1 0 0 0 0 1 1 1 1 1 1 1]
82 31 50 0.23253004387359322 [0 1 1 1 1 1 0 0 0 1 0 0 0 0 0 0 1 0 0 0 0 1 1 1 1 0 0 1 0 1 0 1 0 1 1 1 1
 0 0 1 1 0 0 1 1 1 0 0 1 0 0 0 0 1 1 1 1 1 1 1]
83 31 53 0.23253004387359322 [0 1 1 1 1 1 0 0 0 1 0 0 0 0 0 0 1 0 0 0 0 1 1 1 1 0 0 1 0 1 0 1 0 1 1 1 1
 0 0 1 1 0 0 1 1 1 0 0 1 0 0 0 0 1 1 1 1 1 1 1]
84 31 53 0.23253004387359322 [0 1 1 1 1 1 0 0 0 1 0 0 0 0 0 0 1 0 0 0 0 1 1 1 1 0 0 1 0 1 0 1 0 1 1 1 1
 0 0 1 1 0 0 1 1 1 0 0 1 0 0 0 0 1 1 1 1 1 1 1]
85 31 58 0.23253004387359322 [0 1 1 1 1 1 0 0 0 1 0 0 0 0 0 0 1 0 0 0 0 1 1 1 1 0 0 1 0 1 0 1 0 1 1 1 1
 0 0 1 1 0 0 1 1 1 0 0 1 0 0 0 0 1 1 1 1 1 1 1]
86 31 49 0.23253004387359322 [0 1 1 1 1 1 0 0 0 1 0 0 0 0 0 0 1 0 0 0 0 1 1 1 1 0 0 1 0 1 0 1 0 1 1 1 1
 0 0 1 1 0 0 1 1 1 0 0 1 0 0 0 0 1 1 1 1 1 1 1]
87 31 55 0.23253004387359322 [0 1 1 1 1 1 0 0 0 1 0 0 0 0 0 0 1 0 0 0 0 1 1 1 1 0 0 1 0 1 0 1 0 1 1 1 1
 0 0 1 1 0 0 1 1 1 0 0 1 0 0 0 0 1 1 1 1 1 1 1]
88 31 50 0.23253004387359322 [0 1 1 1 1 1 0 0 0 1 0 0 0 0 0 0 1 0 0 0 0 1 1 1 1 0 0 1 0 1 0 1 0 1 1 1 1
 0 0 1 1 0 0 1 1 1 0 0 1 0 0 0 0 1 1 1 1 1 1 1]
89 31 52 0.23253004387359322 [0 1 1 1 1 1 0 0 0 1 0 0 0 0 0 0 1 0 0 0 0 1 1 1 1 0 0 1 0 1 0 1 0 1 1 1 1
 0 0 1 1 0 0 1 1 1 0 0 1 0 0 0 0 1 1 1 1 1 1 1]
90 31 53 0.23253004387359322 [0 1 1 1 1 1 0 0 0 1 0 0 0 0 0 0 1 0 0 0 0 1 1 1 1 0 0 1 0 1 0 1 0 1 1 1 1
 0 0 1 1 0 0 1 1 1 0 0 1 0 0 0 0 1 1 1 1 1 1 1]
91 31 50 0.23253004387359322 [0 1 1 1 1 1 0 0 0 1 0 0 0 0 0 0 1 0 0 0 0 1 1 1 1 0 0 1 0 1 0 1 0 1 1 1 1
 0 0 1 1 0 0 1 1 1 0 0 1 0 0 0 0 1 1 1 1 1 1 1]
92 31 56 0.23253004387359322 [0 1 1 1 1 1 0 0 0 1 0 0 0 0 0 0 1 0 0 0 0 1 1 1 1 0 0 1 0 1 0 1 0 1 1 1 1
 0 0 1 1 0 0 1 1 1 0 0 1 0 0 0 0 1 1 1 1 1 1 1]
93 31 49 0.23253004387359322 [0 1 1 1 1 1 0 0 0 1 0 0 0 0 0 0 1 0 0 0 0 1 1 1 1 0 0 1 0 1 0 1 0 1 1 1 1
 0 0 1 1 0 0 1 1 1 0 0 1 0 0 0 0 1 1 1 1 1 1 1]
94 31 53 0.23253004387359322 [0 1 1 1 1 1 0 0 0 1 0 0 0 0 0 0 1 0 0 0 0 1 1 1 1 0 0 1 0 1 0 1 0 1 1 1 1
 0 0 1 1 0 0 1 1 1 0 0 1 0 0 0 0 1 1 1 1 1 1 1]
95 31 52 0.23253004387359322 [0 1 1 1 1 1 0 0 0 1 0 0 0 0 0 0 1 0 0 0 0 1 1 1 1 0 0 1 0 1 0 1 0 1 1 1 1
 0 0 1 1 0 0 1 1 1 0 0 1 0 0 0 0 1 1 1 1 1 1 1]
96 31 50 0.23253004387359322 [0 1 1 1 1 1 0 0 0 1 0 0 0 0 0 0 1 0 0 0 0 1 1 1 1 0 0 1 0 1 0 1 0 1 1 1 1
 0 0 1 1 0 0 1 1 1 0 0 1 0 0 0 0 1 1 1 1 1 1 1]
97 31 54 0.23253004387359322 [0 1 1 1 1 1 0 0 0 1 0 0 0 0 0 0 1 0 0 0 0 1 1 1 1 0 0 1 0 1 0 1 0 1 1 1 1
 0 0 1 1 0 0 1 1 1 0 0 1 0 0 0 0 1 1 1 1 1 1 1]
98 31 49 0.23253004387359322 [0 1 1 1 1 1 0 0 0 1 0 0 0 0 0 0 1 0 0 0 0 1 1 1 1 0 0 1 0 1 0 1 0 1 1 1 1
 0 0 1 1 0 0 1 1 1 0 0 1 0 0 0 0 1 1 1 1 1 1 1]
99 31 53 0.23253004387359322 [0 1 1 1 1 1 0 0 0 1 0 0 0 0 0 0 1 0 0 0 0 1 1 1 1 0 0 1 0 1 0 1 0 1 1 1 1
 0 0 1 1 0 0 1 1 1 0 0 1 0 0 0 0 1 1 1 1 1 1 1]
100 31 52 0.23253004387359322 [0 1 1 1 1 1 0 0 0 1 0 0 0 0 0 0 1 0 0 0 0 1 1 1 1 0 0 1 0 1 0 1 0 1 1 1 1
 0 0 1 1 0 0 1 1 1 0 0 1 0 0 0 0 1 1 1 1 1 1 1]
101 31 51 0.23253004387359322 [0 1 1 1 1 1 0 0 0 1 0 0 0 0 0 0 1 0 0 0 0 1 1 1 1 0 0 1 0 1 0 1 0 1 1 1 1
 0 0 1 1 0 0 1 1 1 0 0 1 0 0 0 0 1 1 1 1 1 1 1]
102 31 52 0.23253004387359322 [0 1 1 1 1 1 0 0 0 1 0 0 0 0 0 0 1 0 0 0 0 1 1 1 1 0 0 1 0 1 0 1 0 1 1 1 1
 0 0 1 1 0 0 1 1 1 0 0 1 0 0 0 0 1 1 1 1 1 1 1]
103 31 53 0.23253004387359322 [0 1 1 1 1 1 0 0 0 1 0 0 0 0 0 0 1 0 0 0 0 1 1 1 1 0 0 1 0 1 0 1 0 1 1 1 1
 0 0 1 1 0 0 1 1 1 0 0 1 0 0 0 0 1 1 1 1 1 1 1]
104 31 52 0.23253004387359322 [0 1 1 1 1 1 0 0 0 1 0 0 0 0 0 0 1 0 0 0 0 1 1 1 1 0 0 1 0 1 0 1 0 1 1 1 1
 0 0 1 1 0 0 1 1 1 0 0 1 0 0 0 0 1 1 1 1 1 1 1]
105 31 52 0.23253004387359322 [0 1 1 1 1 1 0 0 0 1 0 0 0 0 0 0 1 0 0 0 0 1 1 1 1 0 0 1 0 1 0 1 0 1 1 1 1
 0 0 1 1 0 0 1 1 1 0 0 1 0 0 0 0 1 1 1 1 1 1 1]
106 31 52 0.23253004387359322 [0 1 1 1 1 1 0 0 0 1 0 0 0 0 0 0 1 0 0 0 0 1 1 1 1 0 0 1 0 1 0 1 0 1 1 1 1
 0 0 1 1 0 0 1 1 1 0 0 1 0 0 0 0 1 1 1 1 1 1 1]
107 31 54 0.23253004387359322 [0 1 1 1 1 1 0 0 0 1 0 0 0 0 0 0 1 0 0 0 0 1 1 1 1 0 0 1 0 1 0 1 0 1 1 1 1
 0 0 1 1 0 0 1 1 1 0 0 1 0 0 0 0 1 1 1 1 1 1 1]
108 31 53 0.23253004387359322 [0 1 1 1 1 1 0 0 0 1 0 0 0 0 0 0 1 0 0 0 0 1 1 1 1 0 0 1 0 1 0 1 0 1 1 1 1
 0 0 1 1 0 0 1 1 1 0 0 1 0 0 0 0 1 1 1 1 1 1 1]
109 31 51 0.23253004387359322 [0 1 1 1 1 1 0 0 0 1 0 0 0 0 0 0 1 0 0 0 0 1 1 1 1 0 0 1 0 1 0 1 0 1 1 1 1
 0 0 1 1 0 0 1 1 1 0 0 1 0 0 0 0 1 1 1 1 1 1 1]
110 31 51 0.23253004387359322 [0 1 1 1 1 1 0 0 0 1 0 0 0 0 0 0 1 0 0 0 0 1 1 1 1 0 0 1 0 1 0 1 0 1 1 1 1
 0 0 1 1 0 0 1 1 1 0 0 1 0 0 0 0 1 1 1 1 1 1 1]
111 31 52 0.23253004387359322 [0 1 1 1 1 1 0 0 0 1 0 0 0 0 0 0 1 0 0 0 0 1 1 1 1 0 0 1 0 1 0 1 0 1 1 1 1
 0 0 1 1 0 0 1 1 1 0 0 1 0 0 0 0 1 1 1 1 1 1 1]
112 31 54 0.23253004387359322 [0 1 1 1 1 1 0 0 0 1 0 0 0 0 0 0 1 0 0 0 0 1 1 1 1 0 0 1 0 1 0 1 0 1 1 1 1
 0 0 1 1 0 0 1 1 1 0 0 1 0 0 0 0 1 1 1 1 1 1 1]
113 31 53 0.23253004387359322 [0 1 1 1 1 1 0 0 0 1 0 0 0 0 0 0 1 0 0 0 0 1 1 1 1 0 0 1 0 1 0 1 0 1 1 1 1
 0 0 1 1 0 0 1 1 1 0 0 1 0 0 0 0 1 1 1 1 1 1 1]
114 31 49 0.23253004387359322 [0 1 1 1 1 1 0 0 0 1 0 0 0 0 0 0 1 0 0 0 0 1 1 1 1 0 0 1 0 1 0 1 0 1 1 1 1
 0 0 1 1 0 0 1 1 1 0 0 1 0 0 0 0 1 1 1 1 1 1 1]
115 31 51 0.23253004387359322 [0 1 1 1 1 1 0 0 0 1 0 0 0 0 0 0 1 0 0 0 0 1 1 1 1 0 0 1 0 1 0 1 0 1 1 1 1
 0 0 1 1 0 0 1 1 1 0 0 1 0 0 0 0 1 1 1 1 1 1 1]
116 31 50 0.23253004387359322 [0 1 1 1 1 1 0 0 0 1 0 0 0 0 0 0 1 0 0 0 0 1 1 1 1 0 0 1 0 1 0 1 0 1 1 1 1
 0 0 1 1 0 0 1 1 1 0 0 1 0 0 0 0 1 1 1 1 1 1 1]
117 31 53 0.23253004387359322 [0 1 1 1 1 1 0 0 0 1 0 0 0 0 0 0 1 0 0 0 0 1 1 1 1 0 0 1 0 1 0 1 0 1 1 1 1
 0 0 1 1 0 0 1 1 1 0 0 1 0 0 0 0 1 1 1 1 1 1 1]
118 31 52 0.23253004387359322 [0 1 1 1 1 1 0 0 0 1 0 0 0 0 0 0 1 0 0 0 0 1 1 1 1 0 0 1 0 1 0 1 0 1 1 1 1
 0 0 1 1 0 0 1 1 1 0 0 1 0 0 0 0 1 1 1 1 1 1 1]
119 31 51 0.23253004387359322 [0 1 1 1 1 1 0 0 0 1 0 0 0 0 0 0 1 0 0 0 0 1 1 1 1 0 0 1 0 1 0 1 0 1 1 1 1
 0 0 1 1 0 0 1 1 1 0 0 1 0 0 0 0 1 1 1 1 1 1 1]
120 31 51 0.23253004387359322 [0 1 1 1 1 1 0 0 0 1 0 0 0 0 0 0 1 0 0 0 0 1 1 1 1 0 0 1 0 1 0 1 0 1 1 1 1
 0 0 1 1 0 0 1 1 1 0 0 1 0 0 0 0 1 1 1 1 1 1 1]
121 31 51 0.23253004387359322 [0 1 1 1 1 1 0 0 0 1 0 0 0 0 0 0 1 0 0 0 0 1 1 1 1 0 0 1 0 1 0 1 0 1 1 1 1
 0 0 1 1 0 0 1 1 1 0 0 1 0 0 0 0 1 1 1 1 1 1 1]
122 31 54 0.23253004387359322 [0 1 1 1 1 1 0 0 0 1 0 0 0 0 0 0 1 0 0 0 0 1 1 1 1 0 0 1 0 1 0 1 0 1 1 1 1
 0 0 1 1 0 0 1 1 1 0 0 1 0 0 0 0 1 1 1 1 1 1 1]
123 31 50 0.23253004387359322 [0 1 1 1 1 1 0 0 0 1 0 0 0 0 0 0 1 0 0 0 0 1 1 1 1 0 0 1 0 1 0 1 0 1 1 1 1
 0 0 1 1 0 0 1 1 1 0 0 1 0 0 0 0 1 1 1 1 1 1 1]
124 31 53 0.23253004387359322 [0 1 1 1 1 1 0 0 0 1 0 0 0 0 0 0 1 0 0 0 0 1 1 1 1 0 0 1 0 1 0 1 0 1 1 1 1
 0 0 1 1 0 0 1 1 1 0 0 1 0 0 0 0 1 1 1 1 1 1 1]
125 31 51 0.23253004387359322 [0 1 1 1 1 1 0 0 0 1 0 0 0 0 0 0 1 0 0 0 0 1 1 1 1 0 0 1 0 1 0 1 0 1 1 1 1
 0 0 1 1 0 0 1 1 1 0 0 1 0 0 0 0 1 1 1 1 1 1 1]
126 31 53 0.23253004387359322 [0 1 1 1 1 1 0 0 0 1 0 0 0 0 0 0 1 0 0 0 0 1 1 1 1 0 0 1 0 1 0 1 0 1 1 1 1
 0 0 1 1 0 0 1 1 1 0 0 1 0 0 0 0 1 1 1 1 1 1 1]
127 31 53 0.23253004387359322 [0 1 1 1 1 1 0 0 0 1 0 0 0 0 0 0 1 0 0 0 0 1 1 1 1 0 0 1 0 1 0 1 0 1 1 1 1
 0 0 1 1 0 0 1 1 1 0 0 1 0 0 0 0 1 1 1 1 1 1 1]
128 31 49 0.23253004387359322 [0 1 1 1 1 1 0 0 0 1 0 0 0 0 0 0 1 0 0 0 0 1 1 1 1 0 0 1 0 1 0 1 0 1 1 1 1
 0 0 1 1 0 0 1 1 1 0 0 1 0 0 0 0 1 1 1 1 1 1 1]
129 31 53 0.23253004387359322 [0 1 1 1 1 1 0 0 0 1 0 0 0 0 0 0 1 0 0 0 0 1 1 1 1 0 0 1 0 1 0 1 0 1 1 1 1
 0 0 1 1 0 0 1 1 1 0 0 1 0 0 0 0 1 1 1 1 1 1 1]
130 31 56 0.23253004387359322 [0 1 1 1 1 1 0 0 0 1 0 0 0 0 0 0 1 0 0 0 0 1 1 1 1 0 0 1 0 1 0 1 0 1 1 1 1
 0 0 1 1 0 0 1 1 1 0 0 1 0 0 0 0 1 1 1 1 1 1 1]
131 31 51 0.23253004387359322 [0 1 1 1 1 1 0 0 0 1 0 0 0 0 0 0 1 0 0 0 0 1 1 1 1 0 0 1 0 1 0 1 0 1 1 1 1
 0 0 1 1 0 0 1 1 1 0 0 1 0 0 0 0 1 1 1 1 1 1 1]
132 31 55 0.23253004387359322 [0 1 1 1 1 1 0 0 0 1 0 0 0 0 0 0 1 0 0 0 0 1 1 1 1 0 0 1 0 1 0 1 0 1 1 1 1
 0 0 1 1 0 0 1 1 1 0 0 1 0 0 0 0 1 1 1 1 1 1 1]
133 31 52 0.23253004387359322 [0 1 1 1 1 1 0 0 0 1 0 0 0 0 0 0 1 0 0 0 0 1 1 1 1 0 0 1 0 1 0 1 0 1 1 1 1
 0 0 1 1 0 0 1 1 1 0 0 1 0 0 0 0 1 1 1 1 1 1 1]
134 31 52 0.23253004387359322 [0 1 1 1 1 1 0 0 0 1 0 0 0 0 0 0 1 0 0 0 0 1 1 1 1 0 0 1 0 1 0 1 0 1 1 1 1
 0 0 1 1 0 0 1 1 1 0 0 1 0 0 0 0 1 1 1 1 1 1 1]
135 31 56 0.23253004387359322 [0 1 1 1 1 1 0 0 0 1 0 0 0 0 0 0 1 0 0 0 0 1 1 1 1 0 0 1 0 1 0 1 0 1 1 1 1
 0 0 1 1 0 0 1 1 1 0 0 1 0 0 0 0 1 1 1 1 1 1 1]
136 31 55 0.23253004387359322 [0 1 1 1 1 1 0 0 0 1 0 0 0 0 0 0 1 0 0 0 0 1 1 1 1 0 0 1 0 1 0 1 0 1 1 1 1
 0 0 1 1 0 0 1 1 1 0 0 1 0 0 0 0 1 1 1 1 1 1 1]
137 31 52 0.23253004387359322 [0 1 1 1 1 1 0 0 0 1 0 0 0 0 0 0 1 0 0 0 0 1 1 1 1 0 0 1 0 1 0 1 0 1 1 1 1
 0 0 1 1 0 0 1 1 1 0 0 1 0 0 0 0 1 1 1 1 1 1 1]
138 31 52 0.23253004387359322 [0 1 1 1 1 1 0 0 0 1 0 0 0 0 0 0 1 0 0 0 0 1 1 1 1 0 0 1 0 1 0 1 0 1 1 1 1
 0 0 1 1 0 0 1 1 1 0 0 1 0 0 0 0 1 1 1 1 1 1 1]
139 31 52 0.23253004387359322 [0 1 1 1 1 1 0 0 0 1 0 0 0 0 0 0 1 0 0 0 0 1 1 1 1 0 0 1 0 1 0 1 0 1 1 1 1
 0 0 1 1 0 0 1 1 1 0 0 1 0 0 0 0 1 1 1 1 1 1 1]
140 31 50 0.23253004387359322 [0 1 1 1 1 1 0 0 0 1 0 0 0 0 0 0 1 0 0 0 0 1 1 1 1 0 0 1 0 1 0 1 0 1 1 1 1
 0 0 1 1 0 0 1 1 1 0 0 1 0 0 0 0 1 1 1 1 1 1 1]
141 31 52 0.23253004387359322 [0 1 1 1 1 1 0 0 0 1 0 0 0 0 0 0 1 0 0 0 0 1 1 1 1 0 0 1 0 1 0 1 0 1 1 1 1
 0 0 1 1 0 0 1 1 1 0 0 1 0 0 0 0 1 1 1 1 1 1 1]
142 31 51 0.23253004387359322 [0 1 1 1 1 1 0 0 0 1 0 0 0 0 0 0 1 0 0 0 0 1 1 1 1 0 0 1 0 1 0 1 0 1 1 1 1
 0 0 1 1 0 0 1 1 1 0 0 1 0 0 0 0 1 1 1 1 1 1 1]
143 31 53 0.23253004387359322 [0 1 1 1 1 1 0 0 0 1 0 0 0 0 0 0 1 0 0 0 0 1 1 1 1 0 0 1 0 1 0 1 0 1 1 1 1
 0 0 1 1 0 0 1 1 1 0 0 1 0 0 0 0 1 1 1 1 1 1 1]
144 31 52 0.23253004387359322 [0 1 1 1 1 1 0 0 0 1 0 0 0 0 0 0 1 0 0 0 0 1 1 1 1 0 0 1 0 1 0 1 0 1 1 1 1
 0 0 1 1 0 0 1 1 1 0 0 1 0 0 0 0 1 1 1 1 1 1 1]
145 31 56 0.23253004387359322 [0 1 1 1 1 1 0 0 0 1 0 0 0 0 0 0 1 0 0 0 0 1 1 1 1 0 0 1 0 1 0 1 0 1 1 1 1
 0 0 1 1 0 0 1 1 1 0 0 1 0 0 0 0 1 1 1 1 1 1 1]
146 31 51 0.23253004387359322 [0 1 1 1 1 1 0 0 0 1 0 0 0 0 0 0 1 0 0 0 0 1 1 1 1 0 0 1 0 1 0 1 0 1 1 1 1
 0 0 1 1 0 0 1 1 1 0 0 1 0 0 0 0 1 1 1 1 1 1 1]
147 31 53 0.23253004387359322 [0 1 1 1 1 1 0 0 0 1 0 0 0 0 0 0 1 0 0 0 0 1 1 1 1 0 0 1 0 1 0 1 0 1 1 1 1
 0 0 1 1 0 0 1 1 1 0 0 1 0 0 0 0 1 1 1 1 1 1 1]
148 31 52 0.23253004387359322 [0 1 1 1 1 1 0 0 0 1 0 0 0 0 0 0 1 0 0 0 0 1 1 1 1 0 0 1 0 1 0 1 0 1 1 1 1
 0 0 1 1 0 0 1 1 1 0 0 1 0 0 0 0 1 1 1 1 1 1 1]
149 31 54 0.23253004387359322 [0 1 1 1 1 1 0 0 0 1 0 0 0 0 0 0 1 0 0 0 0 1 1 1 1 0 0 1 0 1 0 1 0 1 1 1 1
 0 0 1 1 0 0 1 1 1 0 0 1 0 0 0 0 1 1 1 1 1 1 1]
150 31 52 0.23253004387359322 [0 1 1 1 1 1 0 0 0 1 0 0 0 0 0 0 1 0 0 0 0 1 1 1 1 0 0 1 0 1 0 1 0 1 1 1 1
 0 0 1 1 0 0 1 1 1 0 0 1 0 0 0 0 1 1 1 1 1 1 1]
