0 31 100 0.2735833193206658 [1 1 0 1 0 1 0 1 0 1 0 1 0 0 0 1 0 1 1 0 0 1 1 0 1 0 1 1 0 1 1 0 0 0 0 1 0
 0 0 0 1 1 1 1 1 0 0 1 0 1 1 0 1 1 1 0 0 1 1 0]
1 29 84 0.26657789613848193 [1 0 0 1 0 1 0 1 0 0 0 0 0 0 0 0 0 0 0 0 1 1 0 0 1 1 1 1 0 0 1 0 0 0 1 1 1
 1 1 1 0 1 1 1 1 0 1 0 0 0 1 1 1 1 1 0 0 1 1 0]
2 26 57 0.2556541092527739 [0 0 1 1 0 1 0 1 1 0 1 0 1 0 0 0 0 0 0 0 0 0 0 0 1 1 1 0 0 1 1 0 0 1 1 1 1
 1 1 1 0 0 1 1 1 0 0 0 0 0 1 0 1 0 1 0 1 0 0 0]
3 26 53 0.2556541092527739 [0 0 1 1 0 1 0 1 1 0 1 0 1 0 0 0 0 0 0 0 0 0 0 0 1 1 1 0 0 1 1 0 0 1 1 1 1
 1 1 1 0 0 1 1 1 0 0 0 0 0 1 0 1 0 1 0 1 0 0 0]
4 26 56 0.2556541092527739 [0 0 1 1 0 1 0 1 1 0 1 0 1 0 0 0 0 0 0 0 0 0 0 0 1 1 1 0 0 1 1 0 0 1 1 1 1
 1 1 1 0 0 1 1 1 0 0 0 0 0 1 0 1 0 1 0 1 0 0 0]
5 26 53 0.2556541092527739 [0 0 1 1 0 1 0 1 1 0 1 0 1 0 0 0 0 0 0 0 0 0 0 0 1 1 1 0 0 1 1 0 0 1 1 1 1
 1 1 1 0 0 1 1 1 0 0 0 0 0 1 0 1 0 1 0 1 0 0 0]
6 26 54 0.2556541092527739 [0 0 1 1 0 1 0 1 1 0 1 0 1 0 0 0 0 0 0 0 0 0 0 0 1 1 1 0 0 1 1 0 0 1 1 1 1
 1 1 1 0 0 1 1 1 0 0 0 0 0 1 0 1 0 1 0 1 0 0 0]
7 26 54 0.2556541092527739 [0 0 1 1 0 1 0 1 1 0 1 0 1 0 0 0 0 0 0 0 0 0 0 0 1 1 1 0 0 1 1 0 0 1 1 1 1
 1 1 1 0 0 1 1 1 0 0 0 0 0 1 0 1 0 1 0 1 0 0 0]
8 26 51 0.2556541092527739 [0 0 1 1 0 1 0 1 1 0 1 0 1 0 0 0 0 0 0 0 0 0 0 0 1 1 1 0 0 1 1 0 0 1 1 1 1
 1 1 1 0 0 1 1 1 0 0 0 0 0 1 0 1 0 1 0 1 0 0 0]
9 26 55 0.2556541092527739 [0 0 1 1 0 1 0 1 1 0 1 0 1 0 0 0 0 0 0 0 0 0 0 0 1 1 1 0 0 1 1 0 0 1 1 1 1
 1 1 1 0 0 1 1 1 0 0 0 0 0 1 0 1 0 1 0 1 0 0 0]
10 22 55 0.2475840301955552 [0 0 1 1 0 1 0 0 0 0 1 0 0 0 0 1 0 0 0 0 0 1 0 0 1 0 0 0 0 0 0 0 0 0 1 1 0
 0 0 1 0 1 1 0 1 1 0 1 1 0 1 0 1 1 1 0 1 1 0 0]
11 22 51 0.2475840301955552 [0 0 1 1 0 1 0 0 0 0 1 0 0 0 0 1 0 0 0 0 0 1 0 0 1 0 0 0 0 0 0 0 0 0 1 1 0
 0 0 1 0 1 1 0 1 1 0 1 1 0 1 0 1 1 1 0 1 1 0 0]
12 22 53 0.2475840301955552 [0 0 1 1 0 1 0 0 0 0 1 0 0 0 0 1 0 0 0 0 0 1 0 0 1 0 0 0 0 0 0 0 0 0 1 1 0
 0 0 1 0 1 1 0 1 1 0 1 1 0 1 0 1 1 1 0 1 1 0 0]
13 22 52 0.2475840301955552 [0 0 1 1 0 1 0 0 0 0 1 0 0 0 0 1 0 0 0 0 0 1 0 0 1 0 0 0 0 0 0 0 0 0 1 1 0
 0 0 1 0 1 1 0 1 1 0 1 1 0 1 0 1 1 1 0 1 1 0 0]
14 22 53 0.2475840301955552 [0 0 1 1 0 1 0 0 0 0 1 0 0 0 0 1 0 0 0 0 0 1 0 0 1 0 0 0 0 0 0 0 0 0 1 1 0
 0 0 1 0 1 1 0 1 1 0 1 1 0 1 0 1 1 1 0 1 1 0 0]
15 28 53 0.2446318520921179 [0 0 0 1 1 1 0 0 0 1 1 0 1 0 0 0 1 0 0 0 1 1 0 1 0 1 0 0 0 0 0 0 1 0 0 1 0
 1 0 1 0 0 0 1 1 1 1 1 1 0 1 0 1 1 1 0 0 1 1 1]
16 28 54 0.2446318520921179 [0 0 0 1 1 1 0 0 0 1 1 0 1 0 0 0 1 0 0 0 1 1 0 1 0 1 0 0 0 0 0 0 1 0 0 1 0
 1 0 1 0 0 0 1 1 1 1 1 1 0 1 0 1 1 1 0 0 1 1 1]
17 28 53 0.2446318520921179 [0 0 0 1 1 1 0 0 0 1 1 0 1 0 0 0 1 0 0 0 1 1 0 1 0 1 0 0 0 0 0 0 1 0 0 1 0
 1 0 1 0 0 0 1 1 1 1 1 1 0 1 0 1 1 1 0 0 1 1 1]
18 35 52 0.2355773830404695 [0 1 1 1 1 1 0 0 0 1 1 0 0 0 0 1 1 1 0 1 0 1 0 1 0 1 1 1 1 0 0 0 1 1 0 0 0
 0 1 1 0 0 1 0 1 1 0 1 1 0 1 1 1 1 1 1 1 1 1 0]
19 35 52 0.2355773830404695 [0 1 1 1 1 1 0 0 0 1 1 0 0 0 0 1 1 1 0 1 0 1 0 1 0 1 1 1 1 0 0 0 1 1 0 0 0
 0 1 1 0 0 1 0 1 1 0 1 1 0 1 1 1 1 1 1 1 1 1 0]
20 35 52 0.2355773830404695 [0 1 1 1 1 1 0 0 0 1 1 0 0 0 0 1 1 1 0 1 0 1 0 1 0 1 1 1 1 0 0 0 1 1 0 0 0
 0 1 1 0 0 1 0 1 1 0 1 1 0 1 1 1 1 1 1 1 1 1 0]
21 35 50 0.2355773830404695 [0 1 1 1 1 1 0 0 0 1 1 0 0 0 0 1 1 1 0 1 0 1 0 1 0 1 1 1 1 0 0 0 1 1 0 0 0
 0 1 1 0 0 1 0 1 1 0 1 1 0 1 1 1 1 1 1 1 1 1 0]
22 35 53 0.2355773830404695 [0 1 1 1 1 1 0 0 0 1 1 0 0 0 0 1 1 1 0 1 0 1 0 1 0 1 1 1 1 0 0 0 1 1 0 0 0
 0 1 1 0 0 1 0 1 1 0 1 1 0 1 1 1 1 1 1 1 1 1 0]
23 35 55 0.2355773830404695 [0 1 1 1 1 1 0 0 0 1 1 0 0 0 0 1 1 1 0 1 0 1 0 1 0 1 1 1 1 0 0 0 1 1 0 0 0
 0 1 1 0 0 1 0 1 1 0 1 1 0 1 1 1 1 1 1 1 1 1 0]
24 35 52 0.2355773830404695 [0 1 1 1 1 1 0 0 0 1 1 0 0 0 0 1 1 1 0 1 0 1 0 1 0 1 1 1 1 0 0 0 1 1 0 0 0
 0 1 1 0 0 1 0 1 1 0 1 1 0 1 1 1 1 1 1 1 1 1 0]
25 35 53 0.2355773830404695 [0 1 1 1 1 1 0 0 0 1 1 0 0 0 0 1 1 1 0 1 0 1 0 1 0 1 1 1 1 0 0 0 1 1 0 0 0
 0 1 1 0 0 1 0 1 1 0 1 1 0 1 1 1 1 1 1 1 1 1 0]
26 35 54 0.2355773830404695 [0 1 1 1 1 1 0 0 0 1 1 0 0 0 0 1 1 1 0 1 0 1 0 1 0 1 1 1 1 0 0 0 1 1 0 0 0
 0 1 1 0 0 1 0 1 1 0 1 1 0 1 1 1 1 1 1 1 1 1 0]
27 35 53 0.2355773830404695 [0 1 1 1 1 1 0 0 0 1 1 0 0 0 0 1 1 1 0 1 0 1 0 1 0 1 1 1 1 0 0 0 1 1 0 0 0
 0 1 1 0 0 1 0 1 1 0 1 1 0 1 1 1 1 1 1 1 1 1 0]
28 35 53 0.2355773830404695 [0 1 1 1 1 1 0 0 0 1 1 0 0 0 0 1 1 1 0 1 0 1 0 1 0 1 1 1 1 0 0 0 1 1 0 0 0
 0 1 1 0 0 1 0 1 1 0 1 1 0 1 1 1 1 1 1 1 1 1 0]
29 35 52 0.2355773830404695 [0 1 1 1 1 1 0 0 0 1 1 0 0 0 0 1 1 1 0 1 0 1 0 1 0 1 1 1 1 0 0 0 1 1 0 0 0
 0 1 1 0 0 1 0 1 1 0 1 1 0 1 1 1 1 1 1 1 1 1 0]
30 35 52 0.2355773830404695 [0 1 1 1 1 1 0 0 0 1 1 0 0 0 0 1 1 1 0 1 0 1 0 1 0 1 1 1 1 0 0 0 1 1 0 0 0
 0 1 1 0 0 1 0 1 1 0 1 1 0 1 1 1 1 1 1 1 1 1 0]
31 35 55 0.2355773830404695 [0 1 1 1 1 1 0 0 0 1 1 0 0 0 0 1 1 1 0 1 0 1 0 1 0 1 1 1 1 0 0 0 1 1 0 0 0
 0 1 1 0 0 1 0 1 1 0 1 1 0 1 1 1 1 1 1 1 1 1 0]
32 35 53 0.2355773830404695 [0 1 1 1 1 1 0 0 0 1 1 0 0 0 0 1 1 1 0 1 0 1 0 1 0 1 1 1 1 0 0 0 1 1 0 0 0
 0 1 1 0 0 1 0 1 1 0 1 1 0 1 1 1 1 1 1 1 1 1 0]
33 35 51 0.2355773830404695 [0 1 1 1 1 1 0 0 0 1 1 0 0 0 0 1 1 1 0 1 0 1 0 1 0 1 1 1 1 0 0 0 1 1 0 0 0
 0 1 1 0 0 1 0 1 1 0 1 1 0 1 1 1 1 1 1 1 1 1 0]
34 35 53 0.2355773830404695 [0 1 1 1 1 1 0 0 0 1 1 0 0 0 0 1 1 1 0 1 0 1 0 1 0 1 1 1 1 0 0 0 1 1 0 0 0
 0 1 1 0 0 1 0 1 1 0 1 1 0 1 1 1 1 1 1 1 1 1 0]
35 35 52 0.2355773830404695 [0 1 1 1 1 1 0 0 0 1 1 0 0 0 0 1 1 1 0 1 0 1 0 1 0 1 1 1 1 0 0 0 1 1 0 0 0
 0 1 1 0 0 1 0 1 1 0 1 1 0 1 1 1 1 1 1 1 1 1 0]
36 35 56 0.2355773830404695 [0 1 1 1 1 1 0 0 0 1 1 0 0 0 0 1 1 1 0 1 0 1 0 1 0 1 1 1 1 0 0 0 1 1 0 0 0
 0 1 1 0 0 1 0 1 1 0 1 1 0 1 1 1 1 1 1 1 1 1 0]
37 35 51 0.2355773830404695 [0 1 1 1 1 1 0 0 0 1 1 0 0 0 0 1 1 1 0 1 0 1 0 1 0 1 1 1 1 0 0 0 1 1 0 0 0
 0 1 1 0 0 1 0 1 1 0 1 1 0 1 1 1 1 1 1 1 1 1 0]
38 35 56 0.2355773830404695 [0 1 1 1 1 1 0 0 0 1 1 0 0 0 0 1 1 1 0 1 0 1 0 1 0 1 1 1 1 0 0 0 1 1 0 0 0
 0 1 1 0 0 1 0 1 1 0 1 1 0 1 1 1 1 1 1 1 1 1 0]
39 35 56 0.2355773830404695 [0 1 1 1 1 1 0 0 0 1 1 0 0 0 0 1 1 1 0 1 0 1 0 1 0 1 1 1 1 0 0 0 1 1 0 0 0
 0 1 1 0 0 1 0 1 1 0 1 1 0 1 1 1 1 1 1 1 1 1 0]
40 35 50 0.2355773830404695 [0 1 1 1 1 1 0 0 0 1 1 0 0 0 0 1 1 1 0 1 0 1 0 1 0 1 1 1 1 0 0 0 1 1 0 0 0
 0 1 1 0 0 1 0 1 1 0 1 1 0 1 1 1 1 1 1 1 1 1 0]
41 35 55 0.2355773830404695 [0 1 1 1 1 1 0 0 0 1 1 0 0 0 0 1 1 1 0 1 0 1 0 1 0 1 1 1 1 0 0 0 1 1 0 0 0
 0 1 1 0 0 1 0 1 1 0 1 1 0 1 1 1 1 1 1 1 1 1 0]
42 35 53 0.2355773830404695 [0 1 1 1 1 1 0 0 0 1 1 0 0 0 0 1 1 1 0 1 0 1 0 1 0 1 1 1 1 0 0 0 1 1 0 0 0
 0 1 1 0 0 1 0 1 1 0 1 1 0 1 1 1 1 1 1 1 1 1 0]
43 35 52 0.2355773830404695 [0 1 1 1 1 1 0 0 0 1 1 0 0 0 0 1 1 1 0 1 0 1 0 1 0 1 1 1 1 0 0 0 1 1 0 0 0
 0 1 1 0 0 1 0 1 1 0 1 1 0 1 1 1 1 1 1 1 1 1 0]
44 35 52 0.2355773830404695 [0 1 1 1 1 1 0 0 0 1 1 0 0 0 0 1 1 1 0 1 0 1 0 1 0 1 1 1 1 0 0 0 1 1 0 0 0
 0 1 1 0 0 1 0 1 1 0 1 1 0 1 1 1 1 1 1 1 1 1 0]
45 35 52 0.2355773830404695 [0 1 1 1 1 1 0 0 0 1 1 0 0 0 0 1 1 1 0 1 0 1 0 1 0 1 1 1 1 0 0 0 1 1 0 0 0
 0 1 1 0 0 1 0 1 1 0 1 1 0 1 1 1 1 1 1 1 1 1 0]
46 35 54 0.2355773830404695 [0 1 1 1 1 1 0 0 0 1 1 0 0 0 0 1 1 1 0 1 0 1 0 1 0 1 1 1 1 0 0 0 1 1 0 0 0
 0 1 1 0 0 1 0 1 1 0 1 1 0 1 1 1 1 1 1 1 1 1 0]
47 35 50 0.2355773830404695 [0 1 1 1 1 1 0 0 0 1 1 0 0 0 0 1 1 1 0 1 0 1 0 1 0 1 1 1 1 0 0 0 1 1 0 0 0
 0 1 1 0 0 1 0 1 1 0 1 1 0 1 1 1 1 1 1 1 1 1 0]
48 35 53 0.2355773830404695 [0 1 1 1 1 1 0 0 0 1 1 0 0 0 0 1 1 1 0 1 0 1 0 1 0 1 1 1 1 0 0 0 1 1 0 0 0
 0 1 1 0 0 1 0 1 1 0 1 1 0 1 1 1 1 1 1 1 1 1 0]
49 35 55 0.2355773830404695 [0 1 1 1 1 1 0 0 0 1 1 0 0 0 0 1 1 1 0 1 0 1 0 1 0 1 1 1 1 0 0 0 1 1 0 0 0
 0 1 1 0 0 1 0 1 1 0 1 1 0 1 1 1 1 1 1 1 1 1 0]
50 35 52 0.2355773830404695 [0 1 1 1 1 1 0 0 0 1 1 0 0 0 0 1 1 1 0 1 0 1 0 1 0 1 1 1 1 0 0 0 1 1 0 0 0
 0 1 1 0 0 1 0 1 1 0 1 1 0 1 1 1 1 1 1 1 1 1 0]
51 35 51 0.2355773830404695 [0 1 1 1 1 1 0 0 0 1 1 0 0 0 0 1 1 1 0 1 0 1 0 1 0 1 1 1 1 0 0 0 1 1 0 0 0
 0 1 1 0 0 1 0 1 1 0 1 1 0 1 1 1 1 1 1 1 1 1 0]
52 35 52 0.2355773830404695 [0 1 1 1 1 1 0 0 0 1 1 0 0 0 0 1 1 1 0 1 0 1 0 1 0 1 1 1 1 0 0 0 1 1 0 0 0
 0 1 1 0 0 1 0 1 1 0 1 1 0 1 1 1 1 1 1 1 1 1 0]
53 35 55 0.2355773830404695 [0 1 1 1 1 1 0 0 0 1 1 0 0 0 0 1 1 1 0 1 0 1 0 1 0 1 1 1 1 0 0 0 1 1 0 0 0
 0 1 1 0 0 1 0 1 1 0 1 1 0 1 1 1 1 1 1 1 1 1 0]
54 35 52 0.2355773830404695 [0 1 1 1 1 1 0 0 0 1 1 0 0 0 0 1 1 1 0 1 0 1 0 1 0 1 1 1 1 0 0 0 1 1 0 0 0
 0 1 1 0 0 1 0 1 1 0 1 1 0 1 1 1 1 1 1 1 1 1 0]
55 35 54 0.2355773830404695 [0 1 1 1 1 1 0 0 0 1 1 0 0 0 0 1 1 1 0 1 0 1 0 1 0 1 1 1 1 0 0 0 1 1 0 0 0
 0 1 1 0 0 1 0 1 1 0 1 1 0 1 1 1 1 1 1 1 1 1 0]
56 35 52 0.2355773830404695 [0 1 1 1 1 1 0 0 0 1 1 0 0 0 0 1 1 1 0 1 0 1 0 1 0 1 1 1 1 0 0 0 1 1 0 0 0
 0 1 1 0 0 1 0 1 1 0 1 1 0 1 1 1 1 1 1 1 1 1 0]
57 35 53 0.2355773830404695 [0 1 1 1 1 1 0 0 0 1 1 0 0 0 0 1 1 1 0 1 0 1 0 1 0 1 1 1 1 0 0 0 1 1 0 0 0
 0 1 1 0 0 1 0 1 1 0 1 1 0 1 1 1 1 1 1 1 1 1 0]
58 35 52 0.2355773830404695 [0 1 1 1 1 1 0 0 0 1 1 0 0 0 0 1 1 1 0 1 0 1 0 1 0 1 1 1 1 0 0 0 1 1 0 0 0
 0 1 1 0 0 1 0 1 1 0 1 1 0 1 1 1 1 1 1 1 1 1 0]
59 35 53 0.2355773830404695 [0 1 1 1 1 1 0 0 0 1 1 0 0 0 0 1 1 1 0 1 0 1 0 1 0 1 1 1 1 0 0 0 1 1 0 0 0
 0 1 1 0 0 1 0 1 1 0 1 1 0 1 1 1 1 1 1 1 1 1 0]
60 35 53 0.2355773830404695 [0 1 1 1 1 1 0 0 0 1 1 0 0 0 0 1 1 1 0 1 0 1 0 1 0 1 1 1 1 0 0 0 1 1 0 0 0
 0 1 1 0 0 1 0 1 1 0 1 1 0 1 1 1 1 1 1 1 1 1 0]
61 35 56 0.2355773830404695 [0 1 1 1 1 1 0 0 0 1 1 0 0 0 0 1 1 1 0 1 0 1 0 1 0 1 1 1 1 0 0 0 1 1 0 0 0
 0 1 1 0 0 1 0 1 1 0 1 1 0 1 1 1 1 1 1 1 1 1 0]
62 35 52 0.2355773830404695 [0 1 1 1 1 1 0 0 0 1 1 0 0 0 0 1 1 1 0 1 0 1 0 1 0 1 1 1 1 0 0 0 1 1 0 0 0
 0 1 1 0 0 1 0 1 1 0 1 1 0 1 1 1 1 1 1 1 1 1 0]
63 35 50 0.2355773830404695 [0 1 1 1 1 1 0 0 0 1 1 0 0 0 0 1 1 1 0 1 0 1 0 1 0 1 1 1 1 0 0 0 1 1 0 0 0
 0 1 1 0 0 1 0 1 1 0 1 1 0 1 1 1 1 1 1 1 1 1 0]
64 35 52 0.2355773830404695 [0 1 1 1 1 1 0 0 0 1 1 0 0 0 0 1 1 1 0 1 0 1 0 1 0 1 1 1 1 0 0 0 1 1 0 0 0
 0 1 1 0 0 1 0 1 1 0 1 1 0 1 1 1 1 1 1 1 1 1 0]
65 35 51 0.2355773830404695 [0 1 1 1 1 1 0 0 0 1 1 0 0 0 0 1 1 1 0 1 0 1 0 1 0 1 1 1 1 0 0 0 1 1 0 0 0
 0 1 1 0 0 1 0 1 1 0 1 1 0 1 1 1 1 1 1 1 1 1 0]
66 35 52 0.2355773830404695 [0 1 1 1 1 1 0 0 0 1 1 0 0 0 0 1 1 1 0 1 0 1 0 1 0 1 1 1 1 0 0 0 1 1 0 0 0
 0 1 1 0 0 1 0 1 1 0 1 1 0 1 1 1 1 1 1 1 1 1 0]
67 35 52 0.2355773830404695 [0 1 1 1 1 1 0 0 0 1 1 0 0 0 0 1 1 1 0 1 0 1 0 1 0 1 1 1 1 0 0 0 1 1 0 0 0
 0 1 1 0 0 1 0 1 1 0 1 1 0 1 1 1 1 1 1 1 1 1 0]
68 35 53 0.2355773830404695 [0 1 1 1 1 1 0 0 0 1 1 0 0 0 0 1 1 1 0 1 0 1 0 1 0 1 1 1 1 0 0 0 1 1 0 0 0
 0 1 1 0 0 1 0 1 1 0 1 1 0 1 1 1 1 1 1 1 1 1 0]
69 35 52 0.2355773830404695 [0 1 1 1 1 1 0 0 0 1 1 0 0 0 0 1 1 1 0 1 0 1 0 1 0 1 1 1 1 0 0 0 1 1 0 0 0
 0 1 1 0 0 1 0 1 1 0 1 1 0 1 1 1 1 1 1 1 1 1 0]
70 35 51 0.2355773830404695 [0 1 1 1 1 1 0 0 0 1 1 0 0 0 0 1 1 1 0 1 0 1 0 1 0 1 1 1 1 0 0 0 1 1 0 0 0
 0 1 1 0 0 1 0 1 1 0 1 1 0 1 1 1 1 1 1 1 1 1 0]
71 35 55 0.2355773830404695 [0 1 1 1 1 1 0 0 0 1 1 0 0 0 0 1 1 1 0 1 0 1 0 1 0 1 1 1 1 0 0 0 1 1 0 0 0
 0 1 1 0 0 1 0 1 1 0 1 1 0 1 1 1 1 1 1 1 1 1 0]
72 35 53 0.2355773830404695 [0 1 1 1 1 1 0 0 0 1 1 0 0 0 0 1 1 1 0 1 0 1 0 1 0 1 1 1 1 0 0 0 1 1 0 0 0
 0 1 1 0 0 1 0 1 1 0 1 1 0 1 1 1 1 1 1 1 1 1 0]
73 35 55 0.2355773830404695 [0 1 1 1 1 1 0 0 0 1 1 0 0 0 0 1 1 1 0 1 0 1 0 1 0 1 1 1 1 0 0 0 1 1 0 0 0
 0 1 1 0 0 1 0 1 1 0 1 1 0 1 1 1 1 1 1 1 1 1 0]
74 35 52 0.2355773830404695 [0 1 1 1 1 1 0 0 0 1 1 0 0 0 0 1 1 1 0 1 0 1 0 1 0 1 1 1 1 0 0 0 1 1 0 0 0
 0 1 1 0 0 1 0 1 1 0 1 1 0 1 1 1 1 1 1 1 1 1 0]
75 35 54 0.2355773830404695 [0 1 1 1 1 1 0 0 0 1 1 0 0 0 0 1 1 1 0 1 0 1 0 1 0 1 1 1 1 0 0 0 1 1 0 0 0
 0 1 1 0 0 1 0 1 1 0 1 1 0 1 1 1 1 1 1 1 1 1 0]
76 35 51 0.2355773830404695 [0 1 1 1 1 1 0 0 0 1 1 0 0 0 0 1 1 1 0 1 0 1 0 1 0 1 1 1 1 0 0 0 1 1 0 0 0
 0 1 1 0 0 1 0 1 1 0 1 1 0 1 1 1 1 1 1 1 1 1 0]
77 35 53 0.2355773830404695 [0 1 1 1 1 1 0 0 0 1 1 0 0 0 0 1 1 1 0 1 0 1 0 1 0 1 1 1 1 0 0 0 1 1 0 0 0
 0 1 1 0 0 1 0 1 1 0 1 1 0 1 1 1 1 1 1 1 1 1 0]
78 35 55 0.2355773830404695 [0 1 1 1 1 1 0 0 0 1 1 0 0 0 0 1 1 1 0 1 0 1 0 1 0 1 1 1 1 0 0 0 1 1 0 0 0
 0 1 1 0 0 1 0 1 1 0 1 1 0 1 1 1 1 1 1 1 1 1 0]
79 35 55 0.2355773830404695 [0 1 1 1 1 1 0 0 0 1 1 0 0 0 0 1 1 1 0 1 0 1 0 1 0 1 1 1 1 0 0 0 1 1 0 0 0
 0 1 1 0 0 1 0 1 1 0 1 1 0 1 1 1 1 1 1 1 1 1 0]
80 35 51 0.2355773830404695 [0 1 1 1 1 1 0 0 0 1 1 0 0 0 0 1 1 1 0 1 0 1 0 1 0 1 1 1 1 0 0 0 1 1 0 0 0
 0 1 1 0 0 1 0 1 1 0 1 1 0 1 1 1 1 1 1 1 1 1 0]
81 35 54 0.2355773830404695 [0 1 1 1 1 1 0 0 0 1 1 0 0 0 0 1 1 1 0 1 0 1 0 1 0 1 1 1 1 0 0 0 1 1 0 0 0
 0 1 1 0 0 1 0 1 1 0 1 1 0 1 1 1 1 1 1 1 1 1 0]
82 35 53 0.2355773830404695 [0 1 1 1 1 1 0 0 0 1 1 0 0 0 0 1 1 1 0 1 0 1 0 1 0 1 1 1 1 0 0 0 1 1 0 0 0
 0 1 1 0 0 1 0 1 1 0 1 1 0 1 1 1 1 1 1 1 1 1 0]
83 35 57 0.2355773830404695 [0 1 1 1 1 1 0 0 0 1 1 0 0 0 0 1 1 1 0 1 0 1 0 1 0 1 1 1 1 0 0 0 1 1 0 0 0
 0 1 1 0 0 1 0 1 1 0 1 1 0 1 1 1 1 1 1 1 1 1 0]
84 35 52 0.2355773830404695 [0 1 1 1 1 1 0 0 0 1 1 0 0 0 0 1 1 1 0 1 0 1 0 1 0 1 1 1 1 0 0 0 1 1 0 0 0
 0 1 1 0 0 1 0 1 1 0 1 1 0 1 1 1 1 1 1 1 1 1 0]
85 35 53 0.2355773830404695 [0 1 1 1 1 1 0 0 0 1 1 0 0 0 0 1 1 1 0 1 0 1 0 1 0 1 1 1 1 0 0 0 1 1 0 0 0
 0 1 1 0 0 1 0 1 1 0 1 1 0 1 1 1 1 1 1 1 1 1 0]
86 35 52 0.2355773830404695 [0 1 1 1 1 1 0 0 0 1 1 0 0 0 0 1 1 1 0 1 0 1 0 1 0 1 1 1 1 0 0 0 1 1 0 0 0
 0 1 1 0 0 1 0 1 1 0 1 1 0 1 1 1 1 1 1 1 1 1 0]
87 35 51 0.2355773830404695 [0 1 1 1 1 1 0 0 0 1 1 0 0 0 0 1 1 1 0 1 0 1 0 1 0 1 1 1 1 0 0 0 1 1 0 0 0
 0 1 1 0 0 1 0 1 1 0 1 1 0 1 1 1 1 1 1 1 1 1 0]
88 35 50 0.2355773830404695 [0 1 1 1 1 1 0 0 0 1 1 0 0 0 0 1 1 1 0 1 0 1 0 1 0 1 1 1 1 0 0 0 1 1 0 0 0
 0 1 1 0 0 1 0 1 1 0 1 1 0 1 1 1 1 1 1 1 1 1 0]
89 35 52 0.2355773830404695 [0 1 1 1 1 1 0 0 0 1 1 0 0 0 0 1 1 1 0 1 0 1 0 1 0 1 1 1 1 0 0 0 1 1 0 0 0
 0 1 1 0 0 1 0 1 1 0 1 1 0 1 1 1 1 1 1 1 1 1 0]
90 35 54 0.2355773830404695 [0 1 1 1 1 1 0 0 0 1 1 0 0 0 0 1 1 1 0 1 0 1 0 1 0 1 1 1 1 0 0 0 1 1 0 0 0
 0 1 1 0 0 1 0 1 1 0 1 1 0 1 1 1 1 1 1 1 1 1 0]
91 35 52 0.2355773830404695 [0 1 1 1 1 1 0 0 0 1 1 0 0 0 0 1 1 1 0 1 0 1 0 1 0 1 1 1 1 0 0 0 1 1 0 0 0
 0 1 1 0 0 1 0 1 1 0 1 1 0 1 1 1 1 1 1 1 1 1 0]
92 35 51 0.2355773830404695 [0 1 1 1 1 1 0 0 0 1 1 0 0 0 0 1 1 1 0 1 0 1 0 1 0 1 1 1 1 0 0 0 1 1 0 0 0
 0 1 1 0 0 1 0 1 1 0 1 1 0 1 1 1 1 1 1 1 1 1 0]
93 35 54 0.2355773830404695 [0 1 1 1 1 1 0 0 0 1 1 0 0 0 0 1 1 1 0 1 0 1 0 1 0 1 1 1 1 0 0 0 1 1 0 0 0
 0 1 1 0 0 1 0 1 1 0 1 1 0 1 1 1 1 1 1 1 1 1 0]
94 35 52 0.2355773830404695 [0 1 1 1 1 1 0 0 0 1 1 0 0 0 0 1 1 1 0 1 0 1 0 1 0 1 1 1 1 0 0 0 1 1 0 0 0
 0 1 1 0 0 1 0 1 1 0 1 1 0 1 1 1 1 1 1 1 1 1 0]
95 35 59 0.2355773830404695 [0 1 1 1 1 1 0 0 0 1 1 0 0 0 0 1 1 1 0 1 0 1 0 1 0 1 1 1 1 0 0 0 1 1 0 0 0
 0 1 1 0 0 1 0 1 1 0 1 1 0 1 1 1 1 1 1 1 1 1 0]
96 35 53 0.2355773830404695 [0 1 1 1 1 1 0 0 0 1 1 0 0 0 0 1 1 1 0 1 0 1 0 1 0 1 1 1 1 0 0 0 1 1 0 0 0
 0 1 1 0 0 1 0 1 1 0 1 1 0 1 1 1 1 1 1 1 1 1 0]
97 35 49 0.2355773830404695 [0 1 1 1 1 1 0 0 0 1 1 0 0 0 0 1 1 1 0 1 0 1 0 1 0 1 1 1 1 0 0 0 1 1 0 0 0
 0 1 1 0 0 1 0 1 1 0 1 1 0 1 1 1 1 1 1 1 1 1 0]
98 35 52 0.2355773830404695 [0 1 1 1 1 1 0 0 0 1 1 0 0 0 0 1 1 1 0 1 0 1 0 1 0 1 1 1 1 0 0 0 1 1 0 0 0
 0 1 1 0 0 1 0 1 1 0 1 1 0 1 1 1 1 1 1 1 1 1 0]
99 35 53 0.2355773830404695 [0 1 1 1 1 1 0 0 0 1 1 0 0 0 0 1 1 1 0 1 0 1 0 1 0 1 1 1 1 0 0 0 1 1 0 0 0
 0 1 1 0 0 1 0 1 1 0 1 1 0 1 1 1 1 1 1 1 1 1 0]
100 35 53 0.2355773830404695 [0 1 1 1 1 1 0 0 0 1 1 0 0 0 0 1 1 1 0 1 0 1 0 1 0 1 1 1 1 0 0 0 1 1 0 0 0
 0 1 1 0 0 1 0 1 1 0 1 1 0 1 1 1 1 1 1 1 1 1 0]
101 35 51 0.2355773830404695 [0 1 1 1 1 1 0 0 0 1 1 0 0 0 0 1 1 1 0 1 0 1 0 1 0 1 1 1 1 0 0 0 1 1 0 0 0
 0 1 1 0 0 1 0 1 1 0 1 1 0 1 1 1 1 1 1 1 1 1 0]
102 35 55 0.2355773830404695 [0 1 1 1 1 1 0 0 0 1 1 0 0 0 0 1 1 1 0 1 0 1 0 1 0 1 1 1 1 0 0 0 1 1 0 0 0
 0 1 1 0 0 1 0 1 1 0 1 1 0 1 1 1 1 1 1 1 1 1 0]
103 35 54 0.2355773830404695 [0 1 1 1 1 1 0 0 0 1 1 0 0 0 0 1 1 1 0 1 0 1 0 1 0 1 1 1 1 0 0 0 1 1 0 0 0
 0 1 1 0 0 1 0 1 1 0 1 1 0 1 1 1 1 1 1 1 1 1 0]
104 35 50 0.2355773830404695 [0 1 1 1 1 1 0 0 0 1 1 0 0 0 0 1 1 1 0 1 0 1 0 1 0 1 1 1 1 0 0 0 1 1 0 0 0
 0 1 1 0 0 1 0 1 1 0 1 1 0 1 1 1 1 1 1 1 1 1 0]
105 35 51 0.2355773830404695 [0 1 1 1 1 1 0 0 0 1 1 0 0 0 0 1 1 1 0 1 0 1 0 1 0 1 1 1 1 0 0 0 1 1 0 0 0
 0 1 1 0 0 1 0 1 1 0 1 1 0 1 1 1 1 1 1 1 1 1 0]
106 35 54 0.2355773830404695 [0 1 1 1 1 1 0 0 0 1 1 0 0 0 0 1 1 1 0 1 0 1 0 1 0 1 1 1 1 0 0 0 1 1 0 0 0
 0 1 1 0 0 1 0 1 1 0 1 1 0 1 1 1 1 1 1 1 1 1 0]
107 29 53 0.23053435114503817 [0 1 0 1 0 0 1 0 0 0 1 0 0 0 0 0 0 1 0 1 0 1 1 1 1 1 0 1 0 0 1 0 0 1 0 1 1
 0 1 1 0 0 1 1 1 1 1 1 0 0 0 0 1 1 1 0 0 1 1 0]
108 29 54 0.23053435114503817 [0 1 0 1 0 0 1 0 0 0 1 0 0 0 0 0 0 1 0 1 0 1 1 1 1 1 0 1 0 0 1 0 0 1 0 1 1
 0 1 1 0 0 1 1 1 1 1 1 0 0 0 0 1 1 1 0 0 1 1 0]
109 29 52 0.23053435114503817 [0 1 0 1 0 0 1 0 0 0 1 0 0 0 0 0 0 1 0 1 0 1 1 1 1 1 0 1 0 0 1 0 0 1 0 1 1
 0 1 1 0 0 1 1 1 1 1 1 0 0 0 0 1 1 1 0 0 1 1 0]
110 29 54 0.23053435114503817 [0 1 0 1 0 0 1 0 0 0 1 0 0 0 0 0 0 1 0 1 0 1 1 1 1 1 0 1 0 0 1 0 0 1 0 1 1
 0 1 1 0 0 1 1 1 1 1 1 0 0 0 0 1 1 1 0 0 1 1 0]
111 29 49 0.23053435114503817 [0 1 0 1 0 0 1 0 0 0 1 0 0 0 0 0 0 1 0 1 0 1 1 1 1 1 0 1 0 0 1 0 0 1 0 1 1
 0 1 1 0 0 1 1 1 1 1 1 0 0 0 0 1 1 1 0 0 1 1 0]
112 29 51 0.23053435114503817 [0 1 0 1 0 0 1 0 0 0 1 0 0 0 0 0 0 1 0 1 0 1 1 1 1 1 0 1 0 0 1 0 0 1 0 1 1
 0 1 1 0 0 1 1 1 1 1 1 0 0 0 0 1 1 1 0 0 1 1 0]
113 29 53 0.23053435114503817 [0 1 0 1 0 0 1 0 0 0 1 0 0 0 0 0 0 1 0 1 0 1 1 1 1 1 0 1 0 0 1 0 0 1 0 1 1
 0 1 1 0 0 1 1 1 1 1 1 0 0 0 0 1 1 1 0 0 1 1 0]
114 29 51 0.23053435114503817 [0 1 0 1 0 0 1 0 0 0 1 0 0 0 0 0 0 1 0 1 0 1 1 1 1 1 0 1 0 0 1 0 0 1 0 1 1
 0 1 1 0 0 1 1 1 1 1 1 0 0 0 0 1 1 1 0 0 1 1 0]
115 29 53 0.23053435114503817 [0 1 0 1 0 0 1 0 0 0 1 0 0 0 0 0 0 1 0 1 0 1 1 1 1 1 0 1 0 0 1 0 0 1 0 1 1
 0 1 1 0 0 1 1 1 1 1 1 0 0 0 0 1 1 1 0 0 1 1 0]
116 29 56 0.23053435114503817 [0 1 0 1 0 0 1 0 0 0 1 0 0 0 0 0 0 1 0 1 0 1 1 1 1 1 0 1 0 0 1 0 0 1 0 1 1
 0 1 1 0 0 1 1 1 1 1 1 0 0 0 0 1 1 1 0 0 1 1 0]
117 29 57 0.23053435114503817 [0 1 0 1 0 0 1 0 0 0 1 0 0 0 0 0 0 1 0 1 0 1 1 1 1 1 0 1 0 0 1 0 0 1 0 1 1
 0 1 1 0 0 1 1 1 1 1 1 0 0 0 0 1 1 1 0 0 1 1 0]
118 29 52 0.23053435114503817 [0 1 0 1 0 0 1 0 0 0 1 0 0 0 0 0 0 1 0 1 0 1 1 1 1 1 0 1 0 0 1 0 0 1 0 1 1
 0 1 1 0 0 1 1 1 1 1 1 0 0 0 0 1 1 1 0 0 1 1 0]
119 29 49 0.23053435114503817 [0 1 0 1 0 0 1 0 0 0 1 0 0 0 0 0 0 1 0 1 0 1 1 1 1 1 0 1 0 0 1 0 0 1 0 1 1
 0 1 1 0 0 1 1 1 1 1 1 0 0 0 0 1 1 1 0 0 1 1 0]
120 29 54 0.23053435114503817 [0 1 0 1 0 0 1 0 0 0 1 0 0 0 0 0 0 1 0 1 0 1 1 1 1 1 0 1 0 0 1 0 0 1 0 1 1
 0 1 1 0 0 1 1 1 1 1 1 0 0 0 0 1 1 1 0 0 1 1 0]
121 29 50 0.23053435114503817 [0 1 0 1 0 0 1 0 0 0 1 0 0 0 0 0 0 1 0 1 0 1 1 1 1 1 0 1 0 0 1 0 0 1 0 1 1
 0 1 1 0 0 1 1 1 1 1 1 0 0 0 0 1 1 1 0 0 1 1 0]
122 29 52 0.23053435114503817 [0 1 0 1 0 0 1 0 0 0 1 0 0 0 0 0 0 1 0 1 0 1 1 1 1 1 0 1 0 0 1 0 0 1 0 1 1
 0 1 1 0 0 1 1 1 1 1 1 0 0 0 0 1 1 1 0 0 1 1 0]
123 29 53 0.23053435114503817 [0 1 0 1 0 0 1 0 0 0 1 0 0 0 0 0 0 1 0 1 0 1 1 1 1 1 0 1 0 0 1 0 0 1 0 1 1
 0 1 1 0 0 1 1 1 1 1 1 0 0 0 0 1 1 1 0 0 1 1 0]
124 29 53 0.23053435114503817 [0 1 0 1 0 0 1 0 0 0 1 0 0 0 0 0 0 1 0 1 0 1 1 1 1 1 0 1 0 0 1 0 0 1 0 1 1
 0 1 1 0 0 1 1 1 1 1 1 0 0 0 0 1 1 1 0 0 1 1 0]
125 29 55 0.23053435114503817 [0 1 0 1 0 0 1 0 0 0 1 0 0 0 0 0 0 1 0 1 0 1 1 1 1 1 0 1 0 0 1 0 0 1 0 1 1
 0 1 1 0 0 1 1 1 1 1 1 0 0 0 0 1 1 1 0 0 1 1 0]
126 29 51 0.23053435114503817 [0 1 0 1 0 0 1 0 0 0 1 0 0 0 0 0 0 1 0 1 0 1 1 1 1 1 0 1 0 0 1 0 0 1 0 1 1
 0 1 1 0 0 1 1 1 1 1 1 0 0 0 0 1 1 1 0 0 1 1 0]
127 29 54 0.23053435114503817 [0 1 0 1 0 0 1 0 0 0 1 0 0 0 0 0 0 1 0 1 0 1 1 1 1 1 0 1 0 0 1 0 0 1 0 1 1
 0 1 1 0 0 1 1 1 1 1 1 0 0 0 0 1 1 1 0 0 1 1 0]
128 29 52 0.23053435114503817 [0 1 0 1 0 0 1 0 0 0 1 0 0 0 0 0 0 1 0 1 0 1 1 1 1 1 0 1 0 0 1 0 0 1 0 1 1
 0 1 1 0 0 1 1 1 1 1 1 0 0 0 0 1 1 1 0 0 1 1 0]
129 29 51 0.23053435114503817 [0 1 0 1 0 0 1 0 0 0 1 0 0 0 0 0 0 1 0 1 0 1 1 1 1 1 0 1 0 0 1 0 0 1 0 1 1
 0 1 1 0 0 1 1 1 1 1 1 0 0 0 0 1 1 1 0 0 1 1 0]
130 29 55 0.23053435114503817 [0 1 0 1 0 0 1 0 0 0 1 0 0 0 0 0 0 1 0 1 0 1 1 1 1 1 0 1 0 0 1 0 0 1 0 1 1
 0 1 1 0 0 1 1 1 1 1 1 0 0 0 0 1 1 1 0 0 1 1 0]
131 29 56 0.23053435114503817 [0 1 0 1 0 0 1 0 0 0 1 0 0 0 0 0 0 1 0 1 0 1 1 1 1 1 0 1 0 0 1 0 0 1 0 1 1
 0 1 1 0 0 1 1 1 1 1 1 0 0 0 0 1 1 1 0 0 1 1 0]
132 29 58 0.23053435114503817 [0 1 0 1 0 0 1 0 0 0 1 0 0 0 0 0 0 1 0 1 0 1 1 1 1 1 0 1 0 0 1 0 0 1 0 1 1
 0 1 1 0 0 1 1 1 1 1 1 0 0 0 0 1 1 1 0 0 1 1 0]
133 29 55 0.23053435114503817 [0 1 0 1 0 0 1 0 0 0 1 0 0 0 0 0 0 1 0 1 0 1 1 1 1 1 0 1 0 0 1 0 0 1 0 1 1
 0 1 1 0 0 1 1 1 1 1 1 0 0 0 0 1 1 1 0 0 1 1 0]
134 29 53 0.23053435114503817 [0 1 0 1 0 0 1 0 0 0 1 0 0 0 0 0 0 1 0 1 0 1 1 1 1 1 0 1 0 0 1 0 0 1 0 1 1
 0 1 1 0 0 1 1 1 1 1 1 0 0 0 0 1 1 1 0 0 1 1 0]
135 29 51 0.23053435114503817 [0 1 0 1 0 0 1 0 0 0 1 0 0 0 0 0 0 1 0 1 0 1 1 1 1 1 0 1 0 0 1 0 0 1 0 1 1
 0 1 1 0 0 1 1 1 1 1 1 0 0 0 0 1 1 1 0 0 1 1 0]
136 29 51 0.23053435114503817 [0 1 0 1 0 0 1 0 0 0 1 0 0 0 0 0 0 1 0 1 0 1 1 1 1 1 0 1 0 0 1 0 0 1 0 1 1
 0 1 1 0 0 1 1 1 1 1 1 0 0 0 0 1 1 1 0 0 1 1 0]
137 29 54 0.23053435114503817 [0 1 0 1 0 0 1 0 0 0 1 0 0 0 0 0 0 1 0 1 0 1 1 1 1 1 0 1 0 0 1 0 0 1 0 1 1
 0 1 1 0 0 1 1 1 1 1 1 0 0 0 0 1 1 1 0 0 1 1 0]
138 29 56 0.23053435114503817 [0 1 0 1 0 0 1 0 0 0 1 0 0 0 0 0 0 1 0 1 0 1 1 1 1 1 0 1 0 0 1 0 0 1 0 1 1
 0 1 1 0 0 1 1 1 1 1 1 0 0 0 0 1 1 1 0 0 1 1 0]
139 29 54 0.23053435114503817 [0 1 0 1 0 0 1 0 0 0 1 0 0 0 0 0 0 1 0 1 0 1 1 1 1 1 0 1 0 0 1 0 0 1 0 1 1
 0 1 1 0 0 1 1 1 1 1 1 0 0 0 0 1 1 1 0 0 1 1 0]
140 29 51 0.23053435114503817 [0 1 0 1 0 0 1 0 0 0 1 0 0 0 0 0 0 1 0 1 0 1 1 1 1 1 0 1 0 0 1 0 0 1 0 1 1
 0 1 1 0 0 1 1 1 1 1 1 0 0 0 0 1 1 1 0 0 1 1 0]
141 29 57 0.23053435114503817 [0 1 0 1 0 0 1 0 0 0 1 0 0 0 0 0 0 1 0 1 0 1 1 1 1 1 0 1 0 0 1 0 0 1 0 1 1
 0 1 1 0 0 1 1 1 1 1 1 0 0 0 0 1 1 1 0 0 1 1 0]
142 29 56 0.23053435114503817 [0 1 0 1 0 0 1 0 0 0 1 0 0 0 0 0 0 1 0 1 0 1 1 1 1 1 0 1 0 0 1 0 0 1 0 1 1
 0 1 1 0 0 1 1 1 1 1 1 0 0 0 0 1 1 1 0 0 1 1 0]
143 29 55 0.23053435114503817 [0 1 0 1 0 0 1 0 0 0 1 0 0 0 0 0 0 1 0 1 0 1 1 1 1 1 0 1 0 0 1 0 0 1 0 1 1
 0 1 1 0 0 1 1 1 1 1 1 0 0 0 0 1 1 1 0 0 1 1 0]
144 29 51 0.23053435114503817 [0 1 0 1 0 0 1 0 0 0 1 0 0 0 0 0 0 1 0 1 0 1 1 1 1 1 0 1 0 0 1 0 0 1 0 1 1
 0 1 1 0 0 1 1 1 1 1 1 0 0 0 0 1 1 1 0 0 1 1 0]
145 29 55 0.23053435114503817 [0 1 0 1 0 0 1 0 0 0 1 0 0 0 0 0 0 1 0 1 0 1 1 1 1 1 0 1 0 0 1 0 0 1 0 1 1
 0 1 1 0 0 1 1 1 1 1 1 0 0 0 0 1 1 1 0 0 1 1 0]
146 29 53 0.23053435114503817 [0 1 0 1 0 0 1 0 0 0 1 0 0 0 0 0 0 1 0 1 0 1 1 1 1 1 0 1 0 0 1 0 0 1 0 1 1
 0 1 1 0 0 1 1 1 1 1 1 0 0 0 0 1 1 1 0 0 1 1 0]
147 29 54 0.23053435114503817 [0 1 0 1 0 0 1 0 0 0 1 0 0 0 0 0 0 1 0 1 0 1 1 1 1 1 0 1 0 0 1 0 0 1 0 1 1
 0 1 1 0 0 1 1 1 1 1 1 0 0 0 0 1 1 1 0 0 1 1 0]
148 29 50 0.23053435114503817 [0 1 0 1 0 0 1 0 0 0 1 0 0 0 0 0 0 1 0 1 0 1 1 1 1 1 0 1 0 0 1 0 0 1 0 1 1
 0 1 1 0 0 1 1 1 1 1 1 0 0 0 0 1 1 1 0 0 1 1 0]
149 29 51 0.23053435114503817 [0 1 0 1 0 0 1 0 0 0 1 0 0 0 0 0 0 1 0 1 0 1 1 1 1 1 0 1 0 0 1 0 0 1 0 1 1
 0 1 1 0 0 1 1 1 1 1 1 0 0 0 0 1 1 1 0 0 1 1 0]
150 29 53 0.23053435114503817 [0 1 0 1 0 0 1 0 0 0 1 0 0 0 0 0 0 1 0 1 0 1 1 1 1 1 0 1 0 0 1 0 0 1 0 1 1
 0 1 1 0 0 1 1 1 1 1 1 0 0 0 0 1 1 1 0 0 1 1 0]
