0 28 100 0.26585325087748624 [0 0 0 1 1 1 1 0 0 0 1 0 0 0 0 0 1 0 0 0 1 0 0 1 0 1 0 0 0 1 0 1 1 0 0 1 0
 0 0 0 1 1 1 1 1 1 1 1 1 0 1 1 0 1 0 0 0 1 1 1]
1 28 87 0.26585325087748624 [0 0 0 1 1 1 1 0 0 0 1 0 0 0 0 0 1 0 0 0 1 0 0 1 0 1 0 0 0 1 0 1 1 0 0 1 0
 0 0 0 1 1 1 1 1 1 1 1 1 0 1 1 0 1 0 0 0 1 1 1]
2 28 60 0.26585325087748624 [0 0 0 1 1 1 1 0 0 0 1 0 0 0 0 0 1 0 0 0 1 0 0 1 0 1 0 0 0 1 0 1 1 0 0 1 0
 0 0 0 1 1 1 1 1 1 1 1 1 0 1 1 0 1 0 0 0 1 1 1]
3 28 54 0.26585325087748624 [0 0 0 1 1 1 1 0 0 0 1 0 0 0 0 0 1 0 0 0 1 0 0 1 0 1 0 0 0 1 0 1 1 0 0 1 0
 0 0 0 1 1 1 1 1 1 1 1 1 0 1 1 0 1 0 0 0 1 1 1]
4 28 52 0.26585325087748624 [0 0 0 1 1 1 1 0 0 0 1 0 0 0 0 0 1 0 0 0 1 0 0 1 0 1 0 0 0 1 0 1 1 0 0 1 0
 0 0 0 1 1 1 1 1 1 1 1 1 0 1 1 0 1 0 0 0 1 1 1]
5 23 52 0.2649527460181085 [1 1 1 0 0 0 1 0 0 0 0 0 0 0 0 0 1 0 0 0 1 0 1 1 1 1 1 1 1 0 0 1 0 0 0 1 1
 0 0 1 0 0 0 1 1 0 0 1 1 0 0 0 0 1 1 0 0 0 0 0]
6 23 51 0.2649527460181085 [1 1 1 0 0 0 1 0 0 0 0 0 0 0 0 0 1 0 0 0 1 0 1 1 1 1 1 1 1 0 0 1 0 0 0 1 1
 0 0 1 0 0 0 1 1 0 0 1 1 0 0 0 0 1 1 0 0 0 0 0]
7 23 53 0.2649527460181085 [1 1 1 0 0 0 1 0 0 0 0 0 0 0 0 0 1 0 0 0 1 0 1 1 1 1 1 1 1 0 0 1 0 0 0 1 1
 0 0 1 0 0 0 1 1 0 0 1 1 0 0 0 0 1 1 0 0 0 0 0]
8 23 53 0.2649527460181085 [1 1 1 0 0 0 1 0 0 0 0 0 0 0 0 0 1 0 0 0 1 0 1 1 1 1 1 1 1 0 0 1 0 0 0 1 1
 0 0 1 0 0 0 1 1 0 0 1 1 0 0 0 0 1 1 0 0 0 0 0]
9 34 52 0.2635630620167899 [0 1 1 0 0 0 1 0 1 1 0 0 1 0 0 1 0 0 0 1 0 0 1 0 1 1 1 1 1 1 0 1 1 0 1 0 0
 1 1 0 1 0 0 1 1 1 0 1 1 0 1 0 1 1 1 1 0 1 1 1]
10 34 53 0.2635630620167899 [0 1 1 0 0 0 1 0 1 1 0 0 1 0 0 1 0 0 0 1 0 0 1 0 1 1 1 1 1 1 0 1 1 0 1 0 0
 1 1 0 1 0 0 1 1 1 0 1 1 0 1 0 1 1 1 1 0 1 1 1]
11 34 49 0.2635630620167899 [0 1 1 0 0 0 1 0 1 1 0 0 1 0 0 1 0 0 0 1 0 0 1 0 1 1 1 1 1 1 0 1 1 0 1 0 0
 1 1 0 1 0 0 1 1 1 0 1 1 0 1 0 1 1 1 1 0 1 1 1]
12 34 49 0.2635630620167899 [0 1 1 0 0 0 1 0 1 1 0 0 1 0 0 1 0 0 0 1 0 0 1 0 1 1 1 1 1 1 0 1 1 0 1 0 0
 1 1 0 1 0 0 1 1 1 0 1 1 0 1 0 1 1 1 1 0 1 1 1]
13 24 51 0.2616937224048069 [0 0 0 0 0 0 0 1 0 1 0 0 1 0 0 0 1 0 0 1 0 0 0 0 1 0 0 1 1 0 0 1 1 1 1 0 1
 0 0 1 1 0 0 1 1 1 0 1 0 0 1 1 0 1 0 0 0 1 0 1]
14 25 54 0.2565534458971158 [0 1 0 1 1 1 0 1 0 0 0 0 0 1 0 0 1 0 0 1 0 0 0 0 1 0 0 0 0 1 0 0 0 1 1 0 0
 0 0 1 0 0 0 1 1 1 1 0 1 0 1 1 1 1 1 0 0 1 0 1]
15 25 53 0.2565534458971158 [0 1 0 1 1 1 0 1 0 0 0 0 0 1 0 0 1 0 0 1 0 0 0 0 1 0 0 0 0 1 0 0 0 1 1 0 0
 0 0 1 0 0 0 1 1 1 1 0 1 0 1 1 1 1 1 0 0 1 0 1]
16 25 52 0.2565534458971158 [0 1 0 1 1 1 0 1 0 0 0 0 0 1 0 0 1 0 0 1 0 0 0 0 1 0 0 0 0 1 0 0 0 1 1 0 0
 0 0 1 0 0 0 1 1 1 1 0 1 0 1 1 1 1 1 0 0 1 0 1]
17 25 53 0.2565534458971158 [0 1 0 1 1 1 0 1 0 0 0 0 0 1 0 0 1 0 0 1 0 0 0 0 1 0 0 0 0 1 0 0 0 1 1 0 0
 0 0 1 0 0 0 1 1 1 1 0 1 0 1 1 1 1 1 0 0 1 0 1]
18 25 52 0.2565534458971158 [0 1 0 1 1 1 0 1 0 0 0 0 0 1 0 0 1 0 0 1 0 0 0 0 1 0 0 0 0 1 0 0 0 1 1 0 0
 0 0 1 0 0 0 1 1 1 1 0 1 0 1 1 1 1 1 0 0 1 0 1]
19 22 54 0.2546338898383067 [0 0 1 1 0 0 0 1 0 0 0 0 0 0 0 1 1 0 0 1 1 1 1 0 1 0 1 1 0 1 0 0 1 1 0 0 0
 0 1 0 0 0 0 1 1 0 1 0 0 0 0 0 0 1 1 0 0 0 1 0]
20 27 52 0.24561460184138273 [0 0 0 1 0 1 0 1 0 1 0 1 0 0 1 0 0 0 0 0 0 0 1 1 1 0 1 1 0 0 0 1 0 0 0 1 1
 1 1 1 0 1 0 0 1 0 1 0 0 0 1 0 0 1 1 1 0 1 1 1]
21 27 53 0.24561460184138273 [0 0 0 1 0 1 0 1 0 1 0 1 0 0 1 0 0 0 0 0 0 0 1 1 1 0 1 1 0 0 0 1 0 0 0 1 1
 1 1 1 0 1 0 0 1 0 1 0 0 0 1 0 0 1 1 1 0 1 1 1]
22 27 53 0.24561460184138273 [0 0 0 1 0 1 0 1 0 1 0 1 0 0 1 0 0 0 0 0 0 0 1 1 1 0 1 1 0 0 0 1 0 0 0 1 1
 1 1 1 0 1 0 0 1 0 1 0 0 0 1 0 0 1 1 1 0 1 1 1]
23 27 53 0.24561460184138273 [0 0 0 1 0 1 0 1 0 1 0 1 0 0 1 0 0 0 0 0 0 0 1 1 1 0 1 1 0 0 0 1 0 0 0 1 1
 1 1 1 0 1 0 0 1 0 1 0 0 0 1 0 0 1 1 1 0 1 1 1]
24 27 53 0.24561460184138273 [0 0 0 1 0 1 0 1 0 1 0 1 0 0 1 0 0 0 0 0 0 0 1 1 1 0 1 1 0 0 0 1 0 0 0 1 1
 1 1 1 0 1 0 0 1 0 1 0 0 0 1 0 0 1 1 1 0 1 1 1]
25 27 53 0.24561460184138273 [0 0 0 1 0 1 0 1 0 1 0 1 0 0 1 0 0 0 0 0 0 0 1 1 1 0 1 1 0 0 0 1 0 0 0 1 1
 1 1 1 0 1 0 0 1 0 1 0 0 0 1 0 0 1 1 1 0 1 1 1]
26 27 52 0.24561460184138273 [0 0 0 1 0 1 0 1 0 1 0 1 0 0 1 0 0 0 0 0 0 0 1 1 1 0 1 1 0 0 0 1 0 0 0 1 1
 1 1 1 0 1 0 0 1 0 1 0 0 0 1 0 0 1 1 1 0 1 1 1]
27 27 54 0.24561460184138273 [0 0 0 1 0 1 0 1 0 1 0 1 0 0 1 0 0 0 0 0 0 0 1 1 1 0 1 1 0 0 0 1 0 0 0 1 1
 1 1 1 0 1 0 0 1 0 1 0 0 0 1 0 0 1 1 1 0 1 1 1]
28 27 51 0.24561460184138273 [0 0 0 1 0 1 0 1 0 1 0 1 0 0 1 0 0 0 0 0 0 0 1 1 1 0 1 1 0 0 0 1 0 0 0 1 1
 1 1 1 0 1 0 0 1 0 1 0 0 0 1 0 0 1 1 1 0 1 1 1]
29 27 55 0.24561460184138273 [0 0 0 1 0 1 0 1 0 1 0 1 0 0 1 0 0 0 0 0 0 0 1 1 1 0 1 1 0 0 0 1 0 0 0 1 1
 1 1 1 0 1 0 0 1 0 1 0 0 0 1 0 0 1 1 1 0 1 1 1]
30 27 56 0.24561460184138273 [0 0 0 1 0 1 0 1 0 1 0 1 0 0 1 0 0 0 0 0 0 0 1 1 1 0 1 1 0 0 0 1 0 0 0 1 1
 1 1 1 0 1 0 0 1 0 1 0 0 0 1 0 0 1 1 1 0 1 1 1]
31 27 51 0.24561460184138273 [0 0 0 1 0 1 0 1 0 1 0 1 0 0 1 0 0 0 0 0 0 0 1 1 1 0 1 1 0 0 0 1 0 0 0 1 1
 1 1 1 0 1 0 0 1 0 1 0 0 0 1 0 0 1 1 1 0 1 1 1]
32 27 53 0.24561460184138273 [0 0 0 1 0 1 0 1 0 1 0 1 0 0 1 0 0 0 0 0 0 0 1 1 1 0 1 1 0 0 0 1 0 0 0 1 1
 1 1 1 0 1 0 0 1 0 1 0 0 0 1 0 0 1 1 1 0 1 1 1]
33 27 53 0.24561460184138273 [0 0 0 1 0 1 0 1 0 1 0 1 0 0 1 0 0 0 0 0 0 0 1 1 1 0 1 1 0 0 0 1 0 0 0 1 1
 1 1 1 0 1 0 0 1 0 1 0 0 0 1 0 0 1 1 1 0 1 1 1]
34 27 49 0.24561460184138273 [0 0 0 1 0 1 0 1 0 1 0 1 0 0 1 0 0 0 0 0 0 0 1 1 1 0 1 1 0 0 0 1 0 0 0 1 1
 1 1 1 0 1 0 0 1 0 1 0 0 0 1 0 0 1 1 1 0 1 1 1]
35 27 56 0.24561460184138273 [0 0 0 1 0 1 0 1 0 1 0 1 0 0 1 0 0 0 0 0 0 0 1 1 1 0 1 1 0 0 0 1 0 0 0 1 1
 1 1 1 0 1 0 0 1 0 1 0 0 0 1 0 0 1 1 1 0 1 1 1]
36 27 54 0.24561460184138273 [0 0 0 1 0 1 0 1 0 1 0 1 0 0 1 0 0 0 0 0 0 0 1 1 1 0 1 1 0 0 0 1 0 0 0 1 1
 1 1 1 0 1 0 0 1 0 1 0 0 0 1 0 0 1 1 1 0 1 1 1]
37 27 51 0.24561460184138273 [0 0 0 1 0 1 0 1 0 1 0 1 0 0 1 0 0 0 0 0 0 0 1 1 1 0 1 1 0 0 0 1 0 0 0 1 1
 1 1 1 0 1 0 0 1 0 1 0 0 0 1 0 0 1 1 1 0 1 1 1]
38 27 51 0.24561460184138273 [0 0 0 1 0 1 0 1 0 1 0 1 0 0 1 0 0 0 0 0 0 0 1 1 1 0 1 1 0 0 0 1 0 0 0 1 1
 1 1 1 0 1 0 0 1 0 1 0 0 0 1 0 0 1 1 1 0 1 1 1]
39 27 52 0.24561460184138273 [0 0 0 1 0 1 0 1 0 1 0 1 0 0 1 0 0 0 0 0 0 0 1 1 1 0 1 1 0 0 0 1 0 0 0 1 1
 1 1 1 0 1 0 0 1 0 1 0 0 0 1 0 0 1 1 1 0 1 1 1]
40 27 51 0.24561460184138273 [0 0 0 1 0 1 0 1 0 1 0 1 0 0 1 0 0 0 0 0 0 0 1 1 1 0 1 1 0 0 0 1 0 0 0 1 1
 1 1 1 0 1 0 0 1 0 1 0 0 0 1 0 0 1 1 1 0 1 1 1]
41 27 52 0.24561460184138273 [0 0 0 1 0 1 0 1 0 1 0 1 0 0 1 0 0 0 0 0 0 0 1 1 1 0 1 1 0 0 0 1 0 0 0 1 1
 1 1 1 0 1 0 0 1 0 1 0 0 0 1 0 0 1 1 1 0 1 1 1]
42 27 51 0.24561460184138273 [0 0 0 1 0 1 0 1 0 1 0 1 0 0 1 0 0 0 0 0 0 0 1 1 1 0 1 1 0 0 0 1 0 0 0 1 1
 1 1 1 0 1 0 0 1 0 1 0 0 0 1 0 0 1 1 1 0 1 1 1]
43 27 51 0.24561460184138273 [0 0 0 1 0 1 0 1 0 1 0 1 0 0 1 0 0 0 0 0 0 0 1 1 1 0 1 1 0 0 0 1 0 0 0 1 1
 1 1 1 0 1 0 0 1 0 1 0 0 0 1 0 0 1 1 1 0 1 1 1]
44 27 54 0.24561460184138273 [0 0 0 1 0 1 0 1 0 1 0 1 0 0 1 0 0 0 0 0 0 0 1 1 1 0 1 1 0 0 0 1 0 0 0 1 1
 1 1 1 0 1 0 0 1 0 1 0 0 0 1 0 0 1 1 1 0 1 1 1]
45 27 53 0.24561460184138273 [0 0 0 1 0 1 0 1 0 1 0 1 0 0 1 0 0 0 0 0 0 0 1 1 1 0 1 1 0 0 0 1 0 0 0 1 1
 1 1 1 0 1 0 0 1 0 1 0 0 0 1 0 0 1 1 1 0 1 1 1]
46 27 55 0.24561460184138273 [0 0 0 1 0 1 0 1 0 1 0 1 0 0 1 0 0 0 0 0 0 0 1 1 1 0 1 1 0 0 0 1 0 0 0 1 1
 1 1 1 0 1 0 0 1 0 1 0 0 0 1 0 0 1 1 1 0 1 1 1]
47 27 53 0.24561460184138273 [0 0 0 1 0 1 0 1 0 1 0 1 0 0 1 0 0 0 0 0 0 0 1 1 1 0 1 1 0 0 0 1 0 0 0 1 1
 1 1 1 0 1 0 0 1 0 1 0 0 0 1 0 0 1 1 1 0 1 1 1]
48 27 51 0.24561460184138273 [0 0 0 1 0 1 0 1 0 1 0 1 0 0 1 0 0 0 0 0 0 0 1 1 1 0 1 1 0 0 0 1 0 0 0 1 1
 1 1 1 0 1 0 0 1 0 1 0 0 0 1 0 0 1 1 1 0 1 1 1]
49 27 54 0.24561460184138273 [0 0 0 1 0 1 0 1 0 1 0 1 0 0 1 0 0 0 0 0 0 0 1 1 1 0 1 1 0 0 0 1 0 0 0 1 1
 1 1 1 0 1 0 0 1 0 1 0 0 0 1 0 0 1 1 1 0 1 1 1]
50 27 54 0.24561460184138273 [0 0 0 1 0 1 0 1 0 1 0 1 0 0 1 0 0 0 0 0 0 0 1 1 1 0 1 1 0 0 0 1 0 0 0 1 1
 1 1 1 0 1 0 0 1 0 1 0 0 0 1 0 0 1 1 1 0 1 1 1]
51 31 52 0.2405438494748372 [0 0 0 1 0 1 0 0 0 1 0 1 1 0 0 0 0 0 0 0 1 1 0 1 1 0 0 1 0 1 1 1 1 0 0 0 1
 1 1 1 1 0 0 1 1 1 0 1 1 0 1 1 0 1 1 0 1 1 1 0]
52 31 50 0.2405438494748372 [0 0 0 1 0 1 0 0 0 1 0 1 1 0 0 0 0 0 0 0 1 1 0 1 1 0 0 1 0 1 1 1 1 0 0 0 1
 1 1 1 1 0 0 1 1 1 0 1 1 0 1 1 0 1 1 0 1 1 1 0]
53 31 52 0.2405438494748372 [0 0 0 1 0 1 0 0 0 1 0 1 1 0 0 0 0 0 0 0 1 1 0 1 1 0 0 1 0 1 1 1 1 0 0 0 1
 1 1 1 1 0 0 1 1 1 0 1 1 0 1 1 0 1 1 0 1 1 1 0]
54 31 55 0.2405438494748372 [0 0 0 1 0 1 0 0 0 1 0 1 1 0 0 0 0 0 0 0 1 1 0 1 1 0 0 1 0 1 1 1 1 0 0 0 1
 1 1 1 1 0 0 1 1 1 0 1 1 0 1 1 0 1 1 0 1 1 1 0]
55 31 53 0.2405438494748372 [0 0 0 1 0 1 0 0 0 1 0 1 1 0 0 0 0 0 0 0 1 1 0 1 1 0 0 1 0 1 1 1 1 0 0 0 1
 1 1 1 1 0 0 1 1 1 0 1 1 0 1 1 0 1 1 0 1 1 1 0]
56 31 49 0.2405438494748372 [0 0 0 1 0 1 0 0 0 1 0 1 1 0 0 0 0 0 0 0 1 1 0 1 1 0 0 1 0 1 1 1 1 0 0 0 1
 1 1 1 1 0 0 1 1 1 0 1 1 0 1 1 0 1 1 0 1 1 1 0]
57 31 53 0.2405438494748372 [0 0 0 1 0 1 0 0 0 1 0 1 1 0 0 0 0 0 0 0 1 1 0 1 1 0 0 1 0 1 1 1 1 0 0 0 1
 1 1 1 1 0 0 1 1 1 0 1 1 0 1 1 0 1 1 0 1 1 1 0]
58 31 54 0.2405438494748372 [0 0 0 1 0 1 0 0 0 1 0 1 1 0 0 0 0 0 0 0 1 1 0 1 1 0 0 1 0 1 1 1 1 0 0 0 1
 1 1 1 1 0 0 1 1 1 0 1 1 0 1 1 0 1 1 0 1 1 1 0]
59 31 51 0.2405438494748372 [0 0 0 1 0 1 0 0 0 1 0 1 1 0 0 0 0 0 0 0 1 1 0 1 1 0 0 1 0 1 1 1 1 0 0 0 1
 1 1 1 1 0 0 1 1 1 0 1 1 0 1 1 0 1 1 0 1 1 1 0]
60 31 50 0.2405438494748372 [0 0 0 1 0 1 0 0 0 1 0 1 1 0 0 0 0 0 0 0 1 1 0 1 1 0 0 1 0 1 1 1 1 0 0 0 1
 1 1 1 1 0 0 1 1 1 0 1 1 0 1 1 0 1 1 0 1 1 1 0]
61 31 50 0.2405438494748372 [0 0 0 1 0 1 0 0 0 1 0 1 1 0 0 0 0 0 0 0 1 1 0 1 1 0 0 1 0 1 1 1 1 0 0 0 1
 1 1 1 1 0 0 1 1 1 0 1 1 0 1 1 0 1 1 0 1 1 1 0]
62 31 49 0.2405438494748372 [0 0 0 1 0 1 0 0 0 1 0 1 1 0 0 0 0 0 0 0 1 1 0 1 1 0 0 1 0 1 1 1 1 0 0 0 1
 1 1 1 1 0 0 1 1 1 0 1 1 0 1 1 0 1 1 0 1 1 1 0]
63 31 48 0.2405438494748372 [0 0 0 1 0 1 0 0 0 1 0 1 1 0 0 0 0 0 0 0 1 1 0 1 1 0 0 1 0 1 1 1 1 0 0 0 1
 1 1 1 1 0 0 1 1 1 0 1 1 0 1 1 0 1 1 0 1 1 1 0]
64 31 54 0.2405438494748372 [0 0 0 1 0 1 0 0 0 1 0 1 1 0 0 0 0 0 0 0 1 1 0 1 1 0 0 1 0 1 1 1 1 0 0 0 1
 1 1 1 1 0 0 1 1 1 0 1 1 0 1 1 0 1 1 0 1 1 1 0]
65 31 50 0.2405438494748372 [0 0 0 1 0 1 0 0 0 1 0 1 1 0 0 0 0 0 0 0 1 1 0 1 1 0 0 1 0 1 1 1 1 0 0 0 1
 1 1 1 1 0 0 1 1 1 0 1 1 0 1 1 0 1 1 0 1 1 1 0]
66 31 52 0.2405438494748372 [0 0 0 1 0 1 0 0 0 1 0 1 1 0 0 0 0 0 0 0 1 1 0 1 1 0 0 1 0 1 1 1 1 0 0 0 1
 1 1 1 1 0 0 1 1 1 0 1 1 0 1 1 0 1 1 0 1 1 1 0]
67 31 51 0.2405438494748372 [0 0 0 1 0 1 0 0 0 1 0 1 1 0 0 0 0 0 0 0 1 1 0 1 1 0 0 1 0 1 1 1 1 0 0 0 1
 1 1 1 1 0 0 1 1 1 0 1 1 0 1 1 0 1 1 0 1 1 1 0]
68 31 51 0.2405438494748372 [0 0 0 1 0 1 0 0 0 1 0 1 1 0 0 0 0 0 0 0 1 1 0 1 1 0 0 1 0 1 1 1 1 0 0 0 1
 1 1 1 1 0 0 1 1 1 0 1 1 0 1 1 0 1 1 0 1 1 1 0]
69 31 51 0.2405438494748372 [0 0 0 1 0 1 0 0 0 1 0 1 1 0 0 0 0 0 0 0 1 1 0 1 1 0 0 1 0 1 1 1 1 0 0 0 1
 1 1 1 1 0 0 1 1 1 0 1 1 0 1 1 0 1 1 0 1 1 1 0]
70 31 55 0.2405438494748372 [0 0 0 1 0 1 0 0 0 1 0 1 1 0 0 0 0 0 0 0 1 1 0 1 1 0 0 1 0 1 1 1 1 0 0 0 1
 1 1 1 1 0 0 1 1 1 0 1 1 0 1 1 0 1 1 0 1 1 1 0]
71 31 51 0.2405438494748372 [0 0 0 1 0 1 0 0 0 1 0 1 1 0 0 0 0 0 0 0 1 1 0 1 1 0 0 1 0 1 1 1 1 0 0 0 1
 1 1 1 1 0 0 1 1 1 0 1 1 0 1 1 0 1 1 0 1 1 1 0]
72 31 53 0.2405438494748372 [0 0 0 1 0 1 0 0 0 1 0 1 1 0 0 0 0 0 0 0 1 1 0 1 1 0 0 1 0 1 1 1 1 0 0 0 1
 1 1 1 1 0 0 1 1 1 0 1 1 0 1 1 0 1 1 0 1 1 1 0]
73 31 55 0.2405438494748372 [0 0 0 1 0 1 0 0 0 1 0 1 1 0 0 0 0 0 0 0 1 1 0 1 1 0 0 1 0 1 1 1 1 0 0 0 1
 1 1 1 1 0 0 1 1 1 0 1 1 0 1 1 0 1 1 0 1 1 1 0]
74 31 52 0.2405438494748372 [0 0 0 1 0 1 0 0 0 1 0 1 1 0 0 0 0 0 0 0 1 1 0 1 1 0 0 1 0 1 1 1 1 0 0 0 1
 1 1 1 1 0 0 1 1 1 0 1 1 0 1 1 0 1 1 0 1 1 1 0]
75 31 52 0.2405438494748372 [0 0 0 1 0 1 0 0 0 1 0 1 1 0 0 0 0 0 0 0 1 1 0 1 1 0 0 1 0 1 1 1 1 0 0 0 1
 1 1 1 1 0 0 1 1 1 0 1 1 0 1 1 0 1 1 0 1 1 1 0]
76 31 55 0.2405438494748372 [0 0 0 1 0 1 0 0 0 1 0 1 1 0 0 0 0 0 0 0 1 1 0 1 1 0 0 1 0 1 1 1 1 0 0 0 1
 1 1 1 1 0 0 1 1 1 0 1 1 0 1 1 0 1 1 0 1 1 1 0]
77 31 48 0.2405438494748372 [0 0 0 1 0 1 0 0 0 1 0 1 1 0 0 0 0 0 0 0 1 1 0 1 1 0 0 1 0 1 1 1 1 0 0 0 1
 1 1 1 1 0 0 1 1 1 0 1 1 0 1 1 0 1 1 0 1 1 1 0]
78 31 55 0.2405438494748372 [0 0 0 1 0 1 0 0 0 1 0 1 1 0 0 0 0 0 0 0 1 1 0 1 1 0 0 1 0 1 1 1 1 0 0 0 1
 1 1 1 1 0 0 1 1 1 0 1 1 0 1 1 0 1 1 0 1 1 1 0]
79 31 52 0.2405438494748372 [0 0 0 1 0 1 0 0 0 1 0 1 1 0 0 0 0 0 0 0 1 1 0 1 1 0 0 1 0 1 1 1 1 0 0 0 1
 1 1 1 1 0 0 1 1 1 0 1 1 0 1 1 0 1 1 0 1 1 1 0]
80 31 54 0.2405438494748372 [0 0 0 1 0 1 0 0 0 1 0 1 1 0 0 0 0 0 0 0 1 1 0 1 1 0 0 1 0 1 1 1 1 0 0 0 1
 1 1 1 1 0 0 1 1 1 0 1 1 0 1 1 0 1 1 0 1 1 1 0]
81 31 56 0.2405438494748372 [0 0 0 1 0 1 0 0 0 1 0 1 1 0 0 0 0 0 0 0 1 1 0 1 1 0 0 1 0 1 1 1 1 0 0 0 1
 1 1 1 1 0 0 1 1 1 0 1 1 0 1 1 0 1 1 0 1 1 1 0]
82 31 52 0.2405438494748372 [0 0 0 1 0 1 0 0 0 1 0 1 1 0 0 0 0 0 0 0 1 1 0 1 1 0 0 1 0 1 1 1 1 0 0 0 1
 1 1 1 1 0 0 1 1 1 0 1 1 0 1 1 0 1 1 0 1 1 1 0]
83 31 51 0.2405438494748372 [0 0 0 1 0 1 0 0 0 1 0 1 1 0 0 0 0 0 0 0 1 1 0 1 1 0 0 1 0 1 1 1 1 0 0 0 1
 1 1 1 1 0 0 1 1 1 0 1 1 0 1 1 0 1 1 0 1 1 1 0]
84 31 52 0.2405438494748372 [0 0 0 1 0 1 0 0 0 1 0 1 1 0 0 0 0 0 0 0 1 1 0 1 1 0 0 1 0 1 1 1 1 0 0 0 1
 1 1 1 1 0 0 1 1 1 0 1 1 0 1 1 0 1 1 0 1 1 1 0]
85 31 49 0.2405438494748372 [0 0 0 1 0 1 0 0 0 1 0 1 1 0 0 0 0 0 0 0 1 1 0 1 1 0 0 1 0 1 1 1 1 0 0 0 1
 1 1 1 1 0 0 1 1 1 0 1 1 0 1 1 0 1 1 0 1 1 1 0]
86 31 54 0.2405438494748372 [0 0 0 1 0 1 0 0 0 1 0 1 1 0 0 0 0 0 0 0 1 1 0 1 1 0 0 1 0 1 1 1 1 0 0 0 1
 1 1 1 1 0 0 1 1 1 0 1 1 0 1 1 0 1 1 0 1 1 1 0]
87 31 52 0.2405438494748372 [0 0 0 1 0 1 0 0 0 1 0 1 1 0 0 0 0 0 0 0 1 1 0 1 1 0 0 1 0 1 1 1 1 0 0 0 1
 1 1 1 1 0 0 1 1 1 0 1 1 0 1 1 0 1 1 0 1 1 1 0]
88 31 52 0.2405438494748372 [0 0 0 1 0 1 0 0 0 1 0 1 1 0 0 0 0 0 0 0 1 1 0 1 1 0 0 1 0 1 1 1 1 0 0 0 1
 1 1 1 1 0 0 1 1 1 0 1 1 0 1 1 0 1 1 0 1 1 1 0]
89 31 51 0.2405438494748372 [0 0 0 1 0 1 0 0 0 1 0 1 1 0 0 0 0 0 0 0 1 1 0 1 1 0 0 1 0 1 1 1 1 0 0 0 1
 1 1 1 1 0 0 1 1 1 0 1 1 0 1 1 0 1 1 0 1 1 1 0]
90 31 54 0.2405438494748372 [0 0 0 1 0 1 0 0 0 1 0 1 1 0 0 0 0 0 0 0 1 1 0 1 1 0 0 1 0 1 1 1 1 0 0 0 1
 1 1 1 1 0 0 1 1 1 0 1 1 0 1 1 0 1 1 0 1 1 1 0]
91 31 50 0.2405438494748372 [0 0 0 1 0 1 0 0 0 1 0 1 1 0 0 0 0 0 0 0 1 1 0 1 1 0 0 1 0 1 1 1 1 0 0 0 1
 1 1 1 1 0 0 1 1 1 0 1 1 0 1 1 0 1 1 0 1 1 1 0]
92 31 51 0.2405438494748372 [0 0 0 1 0 1 0 0 0 1 0 1 1 0 0 0 0 0 0 0 1 1 0 1 1 0 0 1 0 1 1 1 1 0 0 0 1
 1 1 1 1 0 0 1 1 1 0 1 1 0 1 1 0 1 1 0 1 1 1 0]
93 31 51 0.2405438494748372 [0 0 0 1 0 1 0 0 0 1 0 1 1 0 0 0 0 0 0 0 1 1 0 1 1 0 0 1 0 1 1 1 1 0 0 0 1
 1 1 1 1 0 0 1 1 1 0 1 1 0 1 1 0 1 1 0 1 1 1 0]
94 31 54 0.2405438494748372 [0 0 0 1 0 1 0 0 0 1 0 1 1 0 0 0 0 0 0 0 1 1 0 1 1 0 0 1 0 1 1 1 1 0 0 0 1
 1 1 1 1 0 0 1 1 1 0 1 1 0 1 1 0 1 1 0 1 1 1 0]
95 31 53 0.2405438494748372 [0 0 0 1 0 1 0 0 0 1 0 1 1 0 0 0 0 0 0 0 1 1 0 1 1 0 0 1 0 1 1 1 1 0 0 0 1
 1 1 1 1 0 0 1 1 1 0 1 1 0 1 1 0 1 1 0 1 1 1 0]
96 31 52 0.2405438494748372 [0 0 0 1 0 1 0 0 0 1 0 1 1 0 0 0 0 0 0 0 1 1 0 1 1 0 0 1 0 1 1 1 1 0 0 0 1
 1 1 1 1 0 0 1 1 1 0 1 1 0 1 1 0 1 1 0 1 1 1 0]
97 31 50 0.2405438494748372 [0 0 0 1 0 1 0 0 0 1 0 1 1 0 0 0 0 0 0 0 1 1 0 1 1 0 0 1 0 1 1 1 1 0 0 0 1
 1 1 1 1 0 0 1 1 1 0 1 1 0 1 1 0 1 1 0 1 1 1 0]
98 31 52 0.2405438494748372 [0 0 0 1 0 1 0 0 0 1 0 1 1 0 0 0 0 0 0 0 1 1 0 1 1 0 0 1 0 1 1 1 1 0 0 0 1
 1 1 1 1 0 0 1 1 1 0 1 1 0 1 1 0 1 1 0 1 1 1 0]
99 31 50 0.2405438494748372 [0 0 0 1 0 1 0 0 0 1 0 1 1 0 0 0 0 0 0 0 1 1 0 1 1 0 0 1 0 1 1 1 1 0 0 0 1
 1 1 1 1 0 0 1 1 1 0 1 1 0 1 1 0 1 1 0 1 1 1 0]
100 31 50 0.2405438494748372 [0 0 0 1 0 1 0 0 0 1 0 1 1 0 0 0 0 0 0 0 1 1 0 1 1 0 0 1 0 1 1 1 1 0 0 0 1
 1 1 1 1 0 0 1 1 1 0 1 1 0 1 1 0 1 1 0 1 1 1 0]
101 31 53 0.2405438494748372 [0 0 0 1 0 1 0 0 0 1 0 1 1 0 0 0 0 0 0 0 1 1 0 1 1 0 0 1 0 1 1 1 1 0 0 0 1
 1 1 1 1 0 0 1 1 1 0 1 1 0 1 1 0 1 1 0 1 1 1 0]
102 31 52 0.2405438494748372 [0 0 0 1 0 1 0 0 0 1 0 1 1 0 0 0 0 0 0 0 1 1 0 1 1 0 0 1 0 1 1 1 1 0 0 0 1
 1 1 1 1 0 0 1 1 1 0 1 1 0 1 1 0 1 1 0 1 1 1 0]
103 31 51 0.2405438494748372 [0 0 0 1 0 1 0 0 0 1 0 1 1 0 0 0 0 0 0 0 1 1 0 1 1 0 0 1 0 1 1 1 1 0 0 0 1
 1 1 1 1 0 0 1 1 1 0 1 1 0 1 1 0 1 1 0 1 1 1 0]
104 31 51 0.2405438494748372 [0 0 0 1 0 1 0 0 0 1 0 1 1 0 0 0 0 0 0 0 1 1 0 1 1 0 0 1 0 1 1 1 1 0 0 0 1
 1 1 1 1 0 0 1 1 1 0 1 1 0 1 1 0 1 1 0 1 1 1 0]
105 31 54 0.2405438494748372 [0 0 0 1 0 1 0 0 0 1 0 1 1 0 0 0 0 0 0 0 1 1 0 1 1 0 0 1 0 1 1 1 1 0 0 0 1
 1 1 1 1 0 0 1 1 1 0 1 1 0 1 1 0 1 1 0 1 1 1 0]
106 31 51 0.2405438494748372 [0 0 0 1 0 1 0 0 0 1 0 1 1 0 0 0 0 0 0 0 1 1 0 1 1 0 0 1 0 1 1 1 1 0 0 0 1
 1 1 1 1 0 0 1 1 1 0 1 1 0 1 1 0 1 1 0 1 1 1 0]
107 31 55 0.2405438494748372 [0 0 0 1 0 1 0 0 0 1 0 1 1 0 0 0 0 0 0 0 1 1 0 1 1 0 0 1 0 1 1 1 1 0 0 0 1
 1 1 1 1 0 0 1 1 1 0 1 1 0 1 1 0 1 1 0 1 1 1 0]
108 31 52 0.2405438494748372 [0 0 0 1 0 1 0 0 0 1 0 1 1 0 0 0 0 0 0 0 1 1 0 1 1 0 0 1 0 1 1 1 1 0 0 0 1
 1 1 1 1 0 0 1 1 1 0 1 1 0 1 1 0 1 1 0 1 1 1 0]
109 31 52 0.2405438494748372 [0 0 0 1 0 1 0 0 0 1 0 1 1 0 0 0 0 0 0 0 1 1 0 1 1 0 0 1 0 1 1 1 1 0 0 0 1
 1 1 1 1 0 0 1 1 1 0 1 1 0 1 1 0 1 1 0 1 1 1 0]
110 31 50 0.2405438494748372 [0 0 0 1 0 1 0 0 0 1 0 1 1 0 0 0 0 0 0 0 1 1 0 1 1 0 0 1 0 1 1 1 1 0 0 0 1
 1 1 1 1 0 0 1 1 1 0 1 1 0 1 1 0 1 1 0 1 1 1 0]
111 31 54 0.2405438494748372 [0 0 0 1 0 1 0 0 0 1 0 1 1 0 0 0 0 0 0 0 1 1 0 1 1 0 0 1 0 1 1 1 1 0 0 0 1
 1 1 1 1 0 0 1 1 1 0 1 1 0 1 1 0 1 1 0 1 1 1 0]
112 31 55 0.2405438494748372 [0 0 0 1 0 1 0 0 0 1 0 1 1 0 0 0 0 0 0 0 1 1 0 1 1 0 0 1 0 1 1 1 1 0 0 0 1
 1 1 1 1 0 0 1 1 1 0 1 1 0 1 1 0 1 1 0 1 1 1 0]
113 31 51 0.2405438494748372 [0 0 0 1 0 1 0 0 0 1 0 1 1 0 0 0 0 0 0 0 1 1 0 1 1 0 0 1 0 1 1 1 1 0 0 0 1
 1 1 1 1 0 0 1 1 1 0 1 1 0 1 1 0 1 1 0 1 1 1 0]
114 31 51 0.2405438494748372 [0 0 0 1 0 1 0 0 0 1 0 1 1 0 0 0 0 0 0 0 1 1 0 1 1 0 0 1 0 1 1 1 1 0 0 0 1
 1 1 1 1 0 0 1 1 1 0 1 1 0 1 1 0 1 1 0 1 1 1 0]
115 31 49 0.2405438494748372 [0 0 0 1 0 1 0 0 0 1 0 1 1 0 0 0 0 0 0 0 1 1 0 1 1 0 0 1 0 1 1 1 1 0 0 0 1
 1 1 1 1 0 0 1 1 1 0 1 1 0 1 1 0 1 1 0 1 1 1 0]
116 31 51 0.2405438494748372 [0 0 0 1 0 1 0 0 0 1 0 1 1 0 0 0 0 0 0 0 1 1 0 1 1 0 0 1 0 1 1 1 1 0 0 0 1
 1 1 1 1 0 0 1 1 1 0 1 1 0 1 1 0 1 1 0 1 1 1 0]
117 31 52 0.2405438494748372 [0 0 0 1 0 1 0 0 0 1 0 1 1 0 0 0 0 0 0 0 1 1 0 1 1 0 0 1 0 1 1 1 1 0 0 0 1
 1 1 1 1 0 0 1 1 1 0 1 1 0 1 1 0 1 1 0 1 1 1 0]
118 31 51 0.2405438494748372 [0 0 0 1 0 1 0 0 0 1 0 1 1 0 0 0 0 0 0 0 1 1 0 1 1 0 0 1 0 1 1 1 1 0 0 0 1
 1 1 1 1 0 0 1 1 1 0 1 1 0 1 1 0 1 1 0 1 1 1 0]
119 31 51 0.2405438494748372 [0 0 0 1 0 1 0 0 0 1 0 1 1 0 0 0 0 0 0 0 1 1 0 1 1 0 0 1 0 1 1 1 1 0 0 0 1
 1 1 1 1 0 0 1 1 1 0 1 1 0 1 1 0 1 1 0 1 1 1 0]
120 31 51 0.2405438494748372 [0 0 0 1 0 1 0 0 0 1 0 1 1 0 0 0 0 0 0 0 1 1 0 1 1 0 0 1 0 1 1 1 1 0 0 0 1
 1 1 1 1 0 0 1 1 1 0 1 1 0 1 1 0 1 1 0 1 1 1 0]
121 31 50 0.2405438494748372 [0 0 0 1 0 1 0 0 0 1 0 1 1 0 0 0 0 0 0 0 1 1 0 1 1 0 0 1 0 1 1 1 1 0 0 0 1
 1 1 1 1 0 0 1 1 1 0 1 1 0 1 1 0 1 1 0 1 1 1 0]
122 31 52 0.2405438494748372 [0 0 0 1 0 1 0 0 0 1 0 1 1 0 0 0 0 0 0 0 1 1 0 1 1 0 0 1 0 1 1 1 1 0 0 0 1
 1 1 1 1 0 0 1 1 1 0 1 1 0 1 1 0 1 1 0 1 1 1 0]
123 31 51 0.2405438494748372 [0 0 0 1 0 1 0 0 0 1 0 1 1 0 0 0 0 0 0 0 1 1 0 1 1 0 0 1 0 1 1 1 1 0 0 0 1
 1 1 1 1 0 0 1 1 1 0 1 1 0 1 1 0 1 1 0 1 1 1 0]
124 31 54 0.2405438494748372 [0 0 0 1 0 1 0 0 0 1 0 1 1 0 0 0 0 0 0 0 1 1 0 1 1 0 0 1 0 1 1 1 1 0 0 0 1
 1 1 1 1 0 0 1 1 1 0 1 1 0 1 1 0 1 1 0 1 1 1 0]
125 31 50 0.2405438494748372 [0 0 0 1 0 1 0 0 0 1 0 1 1 0 0 0 0 0 0 0 1 1 0 1 1 0 0 1 0 1 1 1 1 0 0 0 1
 1 1 1 1 0 0 1 1 1 0 1 1 0 1 1 0 1 1 0 1 1 1 0]
126 31 48 0.2405438494748372 [0 0 0 1 0 1 0 0 0 1 0 1 1 0 0 0 0 0 0 0 1 1 0 1 1 0 0 1 0 1 1 1 1 0 0 0 1
 1 1 1 1 0 0 1 1 1 0 1 1 0 1 1 0 1 1 0 1 1 1 0]
127 31 57 0.2405438494748372 [0 0 0 1 0 1 0 0 0 1 0 1 1 0 0 0 0 0 0 0 1 1 0 1 1 0 0 1 0 1 1 1 1 0 0 0 1
 1 1 1 1 0 0 1 1 1 0 1 1 0 1 1 0 1 1 0 1 1 1 0]
128 31 51 0.2405438494748372 [0 0 0 1 0 1 0 0 0 1 0 1 1 0 0 0 0 0 0 0 1 1 0 1 1 0 0 1 0 1 1 1 1 0 0 0 1
 1 1 1 1 0 0 1 1 1 0 1 1 0 1 1 0 1 1 0 1 1 1 0]
129 31 53 0.2405438494748372 [0 0 0 1 0 1 0 0 0 1 0 1 1 0 0 0 0 0 0 0 1 1 0 1 1 0 0 1 0 1 1 1 1 0 0 0 1
 1 1 1 1 0 0 1 1 1 0 1 1 0 1 1 0 1 1 0 1 1 1 0]
130 31 50 0.2405438494748372 [0 0 0 1 0 1 0 0 0 1 0 1 1 0 0 0 0 0 0 0 1 1 0 1 1 0 0 1 0 1 1 1 1 0 0 0 1
 1 1 1 1 0 0 1 1 1 0 1 1 0 1 1 0 1 1 0 1 1 1 0]
131 31 50 0.2405438494748372 [0 0 0 1 0 1 0 0 0 1 0 1 1 0 0 0 0 0 0 0 1 1 0 1 1 0 0 1 0 1 1 1 1 0 0 0 1
 1 1 1 1 0 0 1 1 1 0 1 1 0 1 1 0 1 1 0 1 1 1 0]
132 31 52 0.2405438494748372 [0 0 0 1 0 1 0 0 0 1 0 1 1 0 0 0 0 0 0 0 1 1 0 1 1 0 0 1 0 1 1 1 1 0 0 0 1
 1 1 1 1 0 0 1 1 1 0 1 1 0 1 1 0 1 1 0 1 1 1 0]
133 31 55 0.2405438494748372 [0 0 0 1 0 1 0 0 0 1 0 1 1 0 0 0 0 0 0 0 1 1 0 1 1 0 0 1 0 1 1 1 1 0 0 0 1
 1 1 1 1 0 0 1 1 1 0 1 1 0 1 1 0 1 1 0 1 1 1 0]
134 31 53 0.2405438494748372 [0 0 0 1 0 1 0 0 0 1 0 1 1 0 0 0 0 0 0 0 1 1 0 1 1 0 0 1 0 1 1 1 1 0 0 0 1
 1 1 1 1 0 0 1 1 1 0 1 1 0 1 1 0 1 1 0 1 1 1 0]
135 31 51 0.2405438494748372 [0 0 0 1 0 1 0 0 0 1 0 1 1 0 0 0 0 0 0 0 1 1 0 1 1 0 0 1 0 1 1 1 1 0 0 0 1
 1 1 1 1 0 0 1 1 1 0 1 1 0 1 1 0 1 1 0 1 1 1 0]
136 31 49 0.2405438494748372 [0 0 0 1 0 1 0 0 0 1 0 1 1 0 0 0 0 0 0 0 1 1 0 1 1 0 0 1 0 1 1 1 1 0 0 0 1
 1 1 1 1 0 0 1 1 1 0 1 1 0 1 1 0 1 1 0 1 1 1 0]
137 31 52 0.2405438494748372 [0 0 0 1 0 1 0 0 0 1 0 1 1 0 0 0 0 0 0 0 1 1 0 1 1 0 0 1 0 1 1 1 1 0 0 0 1
 1 1 1 1 0 0 1 1 1 0 1 1 0 1 1 0 1 1 0 1 1 1 0]
138 31 50 0.2405438494748372 [0 0 0 1 0 1 0 0 0 1 0 1 1 0 0 0 0 0 0 0 1 1 0 1 1 0 0 1 0 1 1 1 1 0 0 0 1
 1 1 1 1 0 0 1 1 1 0 1 1 0 1 1 0 1 1 0 1 1 1 0]
139 31 53 0.2405438494748372 [0 0 0 1 0 1 0 0 0 1 0 1 1 0 0 0 0 0 0 0 1 1 0 1 1 0 0 1 0 1 1 1 1 0 0 0 1
 1 1 1 1 0 0 1 1 1 0 1 1 0 1 1 0 1 1 0 1 1 1 0]
140 31 50 0.2405438494748372 [0 0 0 1 0 1 0 0 0 1 0 1 1 0 0 0 0 0 0 0 1 1 0 1 1 0 0 1 0 1 1 1 1 0 0 0 1
 1 1 1 1 0 0 1 1 1 0 1 1 0 1 1 0 1 1 0 1 1 1 0]
141 31 53 0.2405438494748372 [0 0 0 1 0 1 0 0 0 1 0 1 1 0 0 0 0 0 0 0 1 1 0 1 1 0 0 1 0 1 1 1 1 0 0 0 1
 1 1 1 1 0 0 1 1 1 0 1 1 0 1 1 0 1 1 0 1 1 1 0]
142 29 53 0.23878287777204732 [0 0 0 1 0 1 1 0 0 1 0 1 1 0 0 0 0 0 0 0 0 0 1 0 1 0 0 1 0 1 0 1 1 0 1 1 1
 1 1 1 1 0 0 1 1 0 1 1 1 0 0 1 0 1 1 0 0 1 1 0]
143 29 52 0.23878287777204732 [0 0 0 1 0 1 1 0 0 1 0 1 1 0 0 0 0 0 0 0 0 0 1 0 1 0 0 1 0 1 0 1 1 0 1 1 1
 1 1 1 1 0 0 1 1 0 1 1 1 0 0 1 0 1 1 0 0 1 1 0]
144 29 54 0.23878287777204732 [0 0 0 1 0 1 1 0 0 1 0 1 1 0 0 0 0 0 0 0 0 0 1 0 1 0 0 1 0 1 0 1 1 0 1 1 1
 1 1 1 1 0 0 1 1 0 1 1 1 0 0 1 0 1 1 0 0 1 1 0]
145 29 51 0.23878287777204732 [0 0 0 1 0 1 1 0 0 1 0 1 1 0 0 0 0 0 0 0 0 0 1 0 1 0 0 1 0 1 0 1 1 0 1 1 1
 1 1 1 1 0 0 1 1 0 1 1 1 0 0 1 0 1 1 0 0 1 1 0]
146 29 50 0.23878287777204732 [0 0 0 1 0 1 1 0 0 1 0 1 1 0 0 0 0 0 0 0 0 0 1 0 1 0 0 1 0 1 0 1 1 0 1 1 1
 1 1 1 1 0 0 1 1 0 1 1 1 0 0 1 0 1 1 0 0 1 1 0]
147 29 55 0.23878287777204732 [0 0 0 1 0 1 1 0 0 1 0 1 1 0 0 0 0 0 0 0 0 0 1 0 1 0 0 1 0 1 0 1 1 0 1 1 1
 1 1 1 1 0 0 1 1 0 1 1 1 0 0 1 0 1 1 0 0 1 1 0]
148 29 49 0.23878287777204732 [0 0 0 1 0 1 1 0 0 1 0 1 1 0 0 0 0 0 0 0 0 0 1 0 1 0 0 1 0 1 0 1 1 0 1 1 1
 1 1 1 1 0 0 1 1 0 1 1 1 0 0 1 0 1 1 0 0 1 1 0]
149 29 52 0.23878287777204732 [0 0 0 1 0 1 1 0 0 1 0 1 1 0 0 0 0 0 0 0 0 0 1 0 1 0 0 1 0 1 0 1 1 0 1 1 1
 1 1 1 1 0 0 1 1 0 1 1 1 0 0 1 0 1 1 0 0 1 1 0]
150 29 52 0.23878287777204732 [0 0 0 1 0 1 1 0 0 1 0 1 1 0 0 0 0 0 0 0 0 0 1 0 1 0 0 1 0 1 0 1 1 0 1 1 1
 1 1 1 1 0 0 1 1 0 1 1 1 0 0 1 0 1 1 0 0 1 1 0]
