0 25 100 0.2616937224048069 [1 0 0 0 1 1 0 0 1 1 0 1 1 0 0 1 0 0 0 0 0 0 0 1 0 1 1 1 1 1 0 0 0 0 1 1 0
 0 0 0 0 0 0 1 0 0 0 0 0 1 1 1 1 0 1 0 1 1 1 0]
1 25 94 0.2616937224048069 [1 0 0 0 1 1 0 0 1 1 0 1 1 0 0 1 0 0 0 0 0 0 0 1 0 1 1 1 1 1 0 0 0 0 1 1 0
 0 0 0 0 0 0 1 0 0 0 0 0 1 1 1 1 0 1 0 1 1 1 0]
2 25 59 0.2616937224048069 [1 0 0 0 1 1 0 0 1 1 0 1 1 0 0 1 0 0 0 0 0 0 0 1 0 1 1 1 1 1 0 0 0 0 1 1 0
 0 0 0 0 0 0 1 0 0 0 0 0 1 1 1 1 0 1 0 1 1 1 0]
3 25 54 0.2616937224048069 [1 0 0 0 1 1 0 0 1 1 0 1 1 0 0 1 0 0 0 0 0 0 0 1 0 1 1 1 1 1 0 0 0 0 1 1 0
 0 0 0 0 0 0 1 0 0 0 0 0 1 1 1 1 0 1 0 1 1 1 0]
4 25 53 0.2616937224048069 [1 0 0 0 1 1 0 0 1 1 0 1 1 0 0 1 0 0 0 0 0 0 0 1 0 1 1 1 1 1 0 0 0 0 1 1 0
 0 0 0 0 0 0 1 0 0 0 0 0 1 1 1 1 0 1 0 1 1 1 0]
5 25 50 0.2616937224048069 [1 0 0 0 1 1 0 0 1 1 0 1 1 0 0 1 0 0 0 0 0 0 0 1 0 1 1 1 1 1 0 0 0 0 1 1 0
 0 0 0 0 0 0 1 0 0 0 0 0 1 1 1 1 0 1 0 1 1 1 0]
6 25 52 0.2616937224048069 [1 0 0 0 1 1 0 0 1 1 0 1 1 0 0 1 0 0 0 0 0 0 0 1 0 1 1 1 1 1 0 0 0 0 1 1 0
 0 0 0 0 0 0 1 0 0 0 0 0 1 1 1 1 0 1 0 1 1 1 0]
7 34 52 0.2595814796506838 [0 1 1 0 1 0 0 1 0 0 1 0 0 0 0 0 1 0 0 1 0 1 0 0 1 0 1 1 1 0 1 0 1 1 0 0 1
 0 1 1 1 0 1 1 1 1 1 0 1 1 1 1 1 1 1 0 0 1 1 1]
8 34 52 0.2595814796506838 [0 1 1 0 1 0 0 1 0 0 1 0 0 0 0 0 1 0 0 1 0 1 0 0 1 0 1 1 1 0 1 0 1 1 0 0 1
 0 1 1 1 0 1 1 1 1 1 0 1 1 1 1 1 1 1 0 0 1 1 1]
9 34 53 0.2595814796506838 [0 1 1 0 1 0 0 1 0 0 1 0 0 0 0 0 1 0 0 1 0 1 0 0 1 0 1 1 1 0 1 0 1 1 0 0 1
 0 1 1 1 0 1 1 1 1 1 0 1 1 1 1 1 1 1 0 0 1 1 1]
10 34 54 0.2595814796506838 [0 1 1 0 1 0 0 1 0 0 1 0 0 0 0 0 1 0 0 1 0 1 0 0 1 0 1 1 1 0 1 0 1 1 0 0 1
 0 1 1 1 0 1 1 1 1 1 0 1 1 1 1 1 1 1 0 0 1 1 1]
11 37 54 0.2575912432824503 [1 0 0 0 1 1 0 1 1 1 0 0 0 0 0 1 1 0 1 0 0 0 0 1 1 0 1 0 0 1 1 1 1 0 1 1 1
 1 0 1 1 1 0 1 1 1 1 0 1 0 1 1 1 1 1 1 0 1 1 1]
12 37 54 0.2575912432824503 [1 0 0 0 1 1 0 1 1 1 0 0 0 0 0 1 1 0 1 0 0 0 0 1 1 0 1 0 0 1 1 1 1 0 1 1 1
 1 0 1 1 1 0 1 1 1 1 0 1 0 1 1 1 1 1 1 0 1 1 1]
13 37 53 0.2575912432824503 [1 0 0 0 1 1 0 1 1 1 0 0 0 0 0 1 1 0 1 0 0 0 0 1 1 0 1 0 0 1 1 1 1 0 1 1 1
 1 0 1 1 1 0 1 1 1 1 0 1 0 1 1 1 1 1 1 0 1 1 1]
14 37 53 0.2575912432824503 [1 0 0 0 1 1 0 1 1 1 0 0 0 0 0 1 1 0 1 0 0 0 0 1 1 0 1 0 0 1 1 1 1 0 1 1 1
 1 0 1 1 1 0 1 1 1 1 0 1 0 1 1 1 1 1 1 0 1 1 1]
15 37 52 0.2575912432824503 [1 0 0 0 1 1 0 1 1 1 0 0 0 0 0 1 1 0 1 0 0 0 0 1 1 0 1 0 0 1 1 1 1 0 1 1 1
 1 0 1 1 1 0 1 1 1 1 0 1 0 1 1 1 1 1 1 0 1 1 1]
16 30 54 0.25439725439725436 [1 0 0 0 1 1 0 0 1 1 1 1 0 0 0 0 0 0 1 0 0 0 1 1 0 0 1 1 0 1 1 1 0 0 1 0 1
 0 1 0 0 1 0 1 1 1 1 0 1 0 0 0 1 1 1 1 0 1 0 1]
17 30 56 0.25439725439725436 [1 0 0 0 1 1 0 0 1 1 1 1 0 0 0 0 0 0 1 0 0 0 1 1 0 0 1 1 0 1 1 1 0 0 1 0 1
 0 1 0 0 1 0 1 1 1 1 0 1 0 0 0 1 1 1 1 0 1 0 1]
18 30 53 0.25439725439725436 [1 0 0 0 1 1 0 0 1 1 1 1 0 0 0 0 0 0 1 0 0 0 1 1 0 0 1 1 0 1 1 1 0 0 1 0 1
 0 1 0 0 1 0 1 1 1 1 0 1 0 0 0 1 1 1 1 0 1 0 1]
19 30 50 0.25439725439725436 [1 0 0 0 1 1 0 0 1 1 1 1 0 0 0 0 0 0 1 0 0 0 1 1 0 0 1 1 0 1 1 1 0 0 1 0 1
 0 1 0 0 1 0 1 1 1 1 0 1 0 0 0 1 1 1 1 0 1 0 1]
20 30 52 0.25439725439725436 [1 0 0 0 1 1 0 0 1 1 1 1 0 0 0 0 0 0 1 0 0 0 1 1 0 0 1 1 0 1 1 1 0 0 1 0 1
 0 1 0 0 1 0 1 1 1 1 0 1 0 0 0 1 1 1 1 0 1 0 1]
21 31 53 0.2535446478273683 [1 0 0 1 1 1 0 0 0 1 1 0 1 0 0 0 0 0 1 0 0 0 1 1 0 0 1 1 0 1 0 1 0 0 1 0 0
 0 1 1 1 0 1 0 1 1 0 0 1 0 1 1 1 1 1 1 0 1 1 1]
22 31 52 0.2535446478273683 [1 0 0 1 1 1 0 0 0 1 1 0 1 0 0 0 0 0 1 0 0 0 1 1 0 0 1 1 0 1 0 1 0 0 1 0 0
 0 1 1 1 0 1 0 1 1 0 0 1 0 1 1 1 1 1 1 0 1 1 1]
23 31 52 0.2535446478273683 [1 0 0 1 1 1 0 0 0 1 1 0 1 0 0 0 0 0 1 0 0 0 1 1 0 0 1 1 0 1 0 1 0 0 1 0 0
 0 1 1 1 0 1 0 1 1 0 0 1 0 1 1 1 1 1 1 0 1 1 1]
24 31 50 0.2535446478273683 [1 0 0 1 1 1 0 0 0 1 1 0 1 0 0 0 0 0 1 0 0 0 1 1 0 0 1 1 0 1 0 1 0 0 1 0 0
 0 1 1 1 0 1 0 1 1 0 0 1 0 1 1 1 1 1 1 0 1 1 1]
25 31 56 0.2535446478273683 [1 0 0 1 1 1 0 0 0 1 1 0 1 0 0 0 0 0 1 0 0 0 1 1 0 0 1 1 0 1 0 1 0 0 1 0 0
 0 1 1 1 0 1 0 1 1 0 0 1 0 1 1 1 1 1 1 0 1 1 1]
26 31 52 0.2535446478273683 [1 0 0 1 1 1 0 0 0 1 1 0 1 0 0 0 0 0 1 0 0 0 1 1 0 0 1 1 0 1 0 1 0 0 1 0 0
 0 1 1 1 0 1 0 1 1 0 0 1 0 1 1 1 1 1 1 0 1 1 1]
27 31 52 0.2535446478273683 [1 0 0 1 1 1 0 0 0 1 1 0 1 0 0 0 0 0 1 0 0 0 1 1 0 0 1 1 0 1 0 1 0 0 1 0 0
 0 1 1 1 0 1 0 1 1 0 0 1 0 1 1 1 1 1 1 0 1 1 1]
28 31 51 0.2535446478273683 [1 0 0 1 1 1 0 0 0 1 1 0 1 0 0 0 0 0 1 0 0 0 1 1 0 0 1 1 0 1 0 1 0 0 1 0 0
 0 1 1 1 0 1 0 1 1 0 0 1 0 1 1 1 1 1 1 0 1 1 1]
29 31 51 0.2535446478273683 [1 0 0 1 1 1 0 0 0 1 1 0 1 0 0 0 0 0 1 0 0 0 1 1 0 0 1 1 0 1 0 1 0 0 1 0 0
 0 1 1 1 0 1 0 1 1 0 0 1 0 1 1 1 1 1 1 0 1 1 1]
30 31 54 0.2535446478273683 [1 0 0 1 1 1 0 0 0 1 1 0 1 0 0 0 0 0 1 0 0 0 1 1 0 0 1 1 0 1 0 1 0 0 1 0 0
 0 1 1 1 0 1 0 1 1 0 0 1 0 1 1 1 1 1 1 0 1 1 1]
31 31 56 0.2535446478273683 [1 0 0 1 1 1 0 0 0 1 1 0 1 0 0 0 0 0 1 0 0 0 1 1 0 0 1 1 0 1 0 1 0 0 1 0 0
 0 1 1 1 0 1 0 1 1 0 0 1 0 1 1 1 1 1 1 0 1 1 1]
32 31 50 0.2535446478273683 [1 0 0 1 1 1 0 0 0 1 1 0 1 0 0 0 0 0 1 0 0 0 1 1 0 0 1 1 0 1 0 1 0 0 1 0 0
 0 1 1 1 0 1 0 1 1 0 0 1 0 1 1 1 1 1 1 0 1 1 1]
33 31 52 0.2535446478273683 [1 0 0 1 1 1 0 0 0 1 1 0 1 0 0 0 0 0 1 0 0 0 1 1 0 0 1 1 0 1 0 1 0 0 1 0 0
 0 1 1 1 0 1 0 1 1 0 0 1 0 1 1 1 1 1 1 0 1 1 1]
34 31 52 0.2535446478273683 [1 0 0 1 1 1 0 0 0 1 1 0 1 0 0 0 0 0 1 0 0 0 1 1 0 0 1 1 0 1 0 1 0 0 1 0 0
 0 1 1 1 0 1 0 1 1 0 0 1 0 1 1 1 1 1 1 0 1 1 1]
35 31 54 0.2535446478273683 [1 0 0 1 1 1 0 0 0 1 1 0 1 0 0 0 0 0 1 0 0 0 1 1 0 0 1 1 0 1 0 1 0 0 1 0 0
 0 1 1 1 0 1 0 1 1 0 0 1 0 1 1 1 1 1 1 0 1 1 1]
36 31 51 0.2535446478273683 [1 0 0 1 1 1 0 0 0 1 1 0 1 0 0 0 0 0 1 0 0 0 1 1 0 0 1 1 0 1 0 1 0 0 1 0 0
 0 1 1 1 0 1 0 1 1 0 0 1 0 1 1 1 1 1 1 0 1 1 1]
37 31 52 0.2535446478273683 [1 0 0 1 1 1 0 0 0 1 1 0 1 0 0 0 0 0 1 0 0 0 1 1 0 0 1 1 0 1 0 1 0 0 1 0 0
 0 1 1 1 0 1 0 1 1 0 0 1 0 1 1 1 1 1 1 0 1 1 1]
38 31 53 0.2535446478273683 [1 0 0 1 1 1 0 0 0 1 1 0 1 0 0 0 0 0 1 0 0 0 1 1 0 0 1 1 0 1 0 1 0 0 1 0 0
 0 1 1 1 0 1 0 1 1 0 0 1 0 1 1 1 1 1 1 0 1 1 1]
39 32 53 0.25169533169533165 [1 1 0 0 0 1 1 0 0 1 1 1 1 0 0 0 1 0 0 0 0 0 1 0 1 0 1 0 0 1 0 0 0 0 1 1 0
 1 1 1 1 1 0 0 1 1 1 0 1 0 1 0 1 1 1 1 0 1 1 1]
40 32 51 0.25169533169533165 [1 1 0 0 0 1 1 0 0 1 1 1 1 0 0 0 1 0 0 0 0 0 1 0 1 0 1 0 0 1 0 0 0 0 1 1 0
 1 1 1 1 1 0 0 1 1 1 0 1 0 1 0 1 1 1 1 0 1 1 1]
41 32 54 0.25169533169533165 [1 1 0 0 0 1 1 0 0 1 1 1 1 0 0 0 1 0 0 0 0 0 1 0 1 0 1 0 0 1 0 0 0 0 1 1 0
 1 1 1 1 1 0 0 1 1 1 0 1 0 1 0 1 1 1 1 0 1 1 1]
42 32 55 0.25169533169533165 [1 1 0 0 0 1 1 0 0 1 1 1 1 0 0 0 1 0 0 0 0 0 1 0 1 0 1 0 0 1 0 0 0 0 1 1 0
 1 1 1 1 1 0 0 1 1 1 0 1 0 1 0 1 1 1 1 0 1 1 1]
43 32 52 0.25169533169533165 [1 1 0 0 0 1 1 0 0 1 1 1 1 0 0 0 1 0 0 0 0 0 1 0 1 0 1 0 0 1 0 0 0 0 1 1 0
 1 1 1 1 1 0 0 1 1 1 0 1 0 1 0 1 1 1 1 0 1 1 1]
44 32 51 0.25169533169533165 [1 1 0 0 0 1 1 0 0 1 1 1 1 0 0 0 1 0 0 0 0 0 1 0 1 0 1 0 0 1 0 0 0 0 1 1 0
 1 1 1 1 1 0 0 1 1 1 0 1 0 1 0 1 1 1 1 0 1 1 1]
45 26 52 0.2475840301955552 [1 1 0 0 0 1 0 0 0 0 1 1 1 0 0 0 1 0 1 0 0 0 0 0 0 1 1 0 1 0 0 0 0 0 1 0 0
 1 1 1 0 0 0 0 1 1 1 0 1 0 1 1 1 1 1 0 0 1 0 1]
46 26 52 0.2475840301955552 [1 1 0 0 0 1 0 0 0 0 1 1 1 0 0 0 1 0 1 0 0 0 0 0 0 1 1 0 1 0 0 0 0 0 1 0 0
 1 1 1 0 0 0 0 1 1 1 0 1 0 1 1 1 1 1 0 0 1 0 1]
47 26 51 0.2475840301955552 [1 1 0 0 0 1 0 0 0 0 1 1 1 0 0 0 1 0 1 0 0 0 0 0 0 1 1 0 1 0 0 0 0 0 1 0 0
 1 1 1 0 0 0 0 1 1 1 0 1 0 1 1 1 1 1 0 0 1 0 1]
48 26 51 0.2475840301955552 [1 1 0 0 0 1 0 0 0 0 1 1 1 0 0 0 1 0 1 0 0 0 0 0 0 1 1 0 1 0 0 0 0 0 1 0 0
 1 1 1 0 0 0 0 1 1 1 0 1 0 1 1 1 1 1 0 0 1 0 1]
49 23 52 0.23253004387359322 [0 1 0 1 0 1 0 0 0 0 1 0 1 0 0 0 0 0 0 0 0 0 0 0 0 1 1 0 1 1 1 0 0 0 1 0 1
 1 1 1 0 0 0 1 1 1 0 0 0 0 0 0 1 1 1 0 1 0 0 1]
50 23 51 0.23253004387359322 [0 1 0 1 0 1 0 0 0 0 1 0 1 0 0 0 0 0 0 0 0 0 0 0 0 1 1 0 1 1 1 0 0 0 1 0 1
 1 1 1 0 0 0 1 1 1 0 0 0 0 0 0 1 1 1 0 1 0 0 1]
51 23 52 0.23253004387359322 [0 1 0 1 0 1 0 0 0 0 1 0 1 0 0 0 0 0 0 0 0 0 0 0 0 1 1 0 1 1 1 0 0 0 1 0 1
 1 1 1 0 0 0 1 1 1 0 0 0 0 0 0 1 1 1 0 1 0 0 1]
52 23 52 0.23253004387359322 [0 1 0 1 0 1 0 0 0 0 1 0 1 0 0 0 0 0 0 0 0 0 0 0 0 1 1 0 1 1 1 0 0 0 1 0 1
 1 1 1 0 0 0 1 1 1 0 0 0 0 0 0 1 1 1 0 1 0 0 1]
53 23 51 0.23253004387359322 [0 1 0 1 0 1 0 0 0 0 1 0 1 0 0 0 0 0 0 0 0 0 0 0 0 1 1 0 1 1 1 0 0 0 1 0 1
 1 1 1 0 0 0 1 1 1 0 0 0 0 0 0 1 1 1 0 1 0 0 1]
54 23 51 0.23253004387359322 [0 1 0 1 0 1 0 0 0 0 1 0 1 0 0 0 0 0 0 0 0 0 0 0 0 1 1 0 1 1 1 0 0 0 1 0 1
 1 1 1 0 0 0 1 1 1 0 0 0 0 0 0 1 1 1 0 1 0 0 1]
55 23 52 0.23253004387359322 [0 1 0 1 0 1 0 0 0 0 1 0 1 0 0 0 0 0 0 0 0 0 0 0 0 1 1 0 1 1 1 0 0 0 1 0 1
 1 1 1 0 0 0 1 1 1 0 0 0 0 0 0 1 1 1 0 1 0 0 1]
56 23 56 0.23253004387359322 [0 1 0 1 0 1 0 0 0 0 1 0 1 0 0 0 0 0 0 0 0 0 0 0 0 1 1 0 1 1 1 0 0 0 1 0 1
 1 1 1 0 0 0 1 1 1 0 0 0 0 0 0 1 1 1 0 1 0 0 1]
57 23 52 0.23253004387359322 [0 1 0 1 0 1 0 0 0 0 1 0 1 0 0 0 0 0 0 0 0 0 0 0 0 1 1 0 1 1 1 0 0 0 1 0 1
 1 1 1 0 0 0 1 1 1 0 0 0 0 0 0 1 1 1 0 1 0 0 1]
58 23 57 0.23253004387359322 [0 1 0 1 0 1 0 0 0 0 1 0 1 0 0 0 0 0 0 0 0 0 0 0 0 1 1 0 1 1 1 0 0 0 1 0 1
 1 1 1 0 0 0 1 1 1 0 0 0 0 0 0 1 1 1 0 1 0 0 1]
59 23 52 0.23253004387359322 [0 1 0 1 0 1 0 0 0 0 1 0 1 0 0 0 0 0 0 0 0 0 0 0 0 1 1 0 1 1 1 0 0 0 1 0 1
 1 1 1 0 0 0 1 1 1 0 0 0 0 0 0 1 1 1 0 1 0 0 1]
60 23 52 0.23253004387359322 [0 1 0 1 0 1 0 0 0 0 1 0 1 0 0 0 0 0 0 0 0 0 0 0 0 1 1 0 1 1 1 0 0 0 1 0 1
 1 1 1 0 0 0 1 1 1 0 0 0 0 0 0 1 1 1 0 1 0 0 1]
61 23 49 0.23253004387359322 [0 1 0 1 0 1 0 0 0 0 1 0 1 0 0 0 0 0 0 0 0 0 0 0 0 1 1 0 1 1 1 0 0 0 1 0 1
 1 1 1 0 0 0 1 1 1 0 0 0 0 0 0 1 1 1 0 1 0 0 1]
62 23 50 0.23253004387359322 [0 1 0 1 0 1 0 0 0 0 1 0 1 0 0 0 0 0 0 0 0 0 0 0 0 1 1 0 1 1 1 0 0 0 1 0 1
 1 1 1 0 0 0 1 1 1 0 0 0 0 0 0 1 1 1 0 1 0 0 1]
63 23 50 0.23253004387359322 [0 1 0 1 0 1 0 0 0 0 1 0 1 0 0 0 0 0 0 0 0 0 0 0 0 1 1 0 1 1 1 0 0 0 1 0 1
 1 1 1 0 0 0 1 1 1 0 0 0 0 0 0 1 1 1 0 1 0 0 1]
64 23 55 0.23253004387359322 [0 1 0 1 0 1 0 0 0 0 1 0 1 0 0 0 0 0 0 0 0 0 0 0 0 1 1 0 1 1 1 0 0 0 1 0 1
 1 1 1 0 0 0 1 1 1 0 0 0 0 0 0 1 1 1 0 1 0 0 1]
65 23 52 0.23253004387359322 [0 1 0 1 0 1 0 0 0 0 1 0 1 0 0 0 0 0 0 0 0 0 0 0 0 1 1 0 1 1 1 0 0 0 1 0 1
 1 1 1 0 0 0 1 1 1 0 0 0 0 0 0 1 1 1 0 1 0 0 1]
66 23 51 0.23253004387359322 [0 1 0 1 0 1 0 0 0 0 1 0 1 0 0 0 0 0 0 0 0 0 0 0 0 1 1 0 1 1 1 0 0 0 1 0 1
 1 1 1 0 0 0 1 1 1 0 0 0 0 0 0 1 1 1 0 1 0 0 1]
67 23 52 0.23253004387359322 [0 1 0 1 0 1 0 0 0 0 1 0 1 0 0 0 0 0 0 0 0 0 0 0 0 1 1 0 1 1 1 0 0 0 1 0 1
 1 1 1 0 0 0 1 1 1 0 0 0 0 0 0 1 1 1 0 1 0 0 1]
68 23 49 0.23253004387359322 [0 1 0 1 0 1 0 0 0 0 1 0 1 0 0 0 0 0 0 0 0 0 0 0 0 1 1 0 1 1 1 0 0 0 1 0 1
 1 1 1 0 0 0 1 1 1 0 0 0 0 0 0 1 1 1 0 1 0 0 1]
69 23 54 0.23253004387359322 [0 1 0 1 0 1 0 0 0 0 1 0 1 0 0 0 0 0 0 0 0 0 0 0 0 1 1 0 1 1 1 0 0 0 1 0 1
 1 1 1 0 0 0 1 1 1 0 0 0 0 0 0 1 1 1 0 1 0 0 1]
70 23 51 0.23253004387359322 [0 1 0 1 0 1 0 0 0 0 1 0 1 0 0 0 0 0 0 0 0 0 0 0 0 1 1 0 1 1 1 0 0 0 1 0 1
 1 1 1 0 0 0 1 1 1 0 0 0 0 0 0 1 1 1 0 1 0 0 1]
71 23 53 0.23253004387359322 [0 1 0 1 0 1 0 0 0 0 1 0 1 0 0 0 0 0 0 0 0 0 0 0 0 1 1 0 1 1 1 0 0 0 1 0 1
 1 1 1 0 0 0 1 1 1 0 0 0 0 0 0 1 1 1 0 1 0 0 1]
72 23 52 0.23253004387359322 [0 1 0 1 0 1 0 0 0 0 1 0 1 0 0 0 0 0 0 0 0 0 0 0 0 1 1 0 1 1 1 0 0 0 1 0 1
 1 1 1 0 0 0 1 1 1 0 0 0 0 0 0 1 1 1 0 1 0 0 1]
73 23 52 0.23253004387359322 [0 1 0 1 0 1 0 0 0 0 1 0 1 0 0 0 0 0 0 0 0 0 0 0 0 1 1 0 1 1 1 0 0 0 1 0 1
 1 1 1 0 0 0 1 1 1 0 0 0 0 0 0 1 1 1 0 1 0 0 1]
74 23 50 0.23253004387359322 [0 1 0 1 0 1 0 0 0 0 1 0 1 0 0 0 0 0 0 0 0 0 0 0 0 1 1 0 1 1 1 0 0 0 1 0 1
 1 1 1 0 0 0 1 1 1 0 0 0 0 0 0 1 1 1 0 1 0 0 1]
75 28 51 0.23170225669507483 [0 0 0 0 0 1 0 1 0 1 1 1 0 0 0 0 0 0 0 0 0 0 0 0 0 1 0 0 1 1 1 0 0 1 1 1 1
 0 1 1 0 1 1 1 1 1 1 0 0 0 1 1 1 1 1 0 0 1 0 1]
76 28 49 0.23170225669507483 [0 0 0 0 0 1 0 1 0 1 1 1 0 0 0 0 0 0 0 0 0 0 0 0 0 1 0 0 1 1 1 0 0 1 1 1 1
 0 1 1 0 1 1 1 1 1 1 0 0 0 1 1 1 1 1 0 0 1 0 1]
77 28 52 0.23170225669507483 [0 0 0 0 0 1 0 1 0 1 1 1 0 0 0 0 0 0 0 0 0 0 0 0 0 1 0 0 1 1 1 0 0 1 1 1 1
 0 1 1 0 1 1 1 1 1 1 0 0 0 1 1 1 1 1 0 0 1 0 1]
78 28 50 0.23170225669507483 [0 0 0 0 0 1 0 1 0 1 1 1 0 0 0 0 0 0 0 0 0 0 0 0 0 1 0 0 1 1 1 0 0 1 1 1 1
 0 1 1 0 1 1 1 1 1 1 0 0 0 1 1 1 1 1 0 0 1 0 1]
79 28 54 0.23170225669507483 [0 0 0 0 0 1 0 1 0 1 1 1 0 0 0 0 0 0 0 0 0 0 0 0 0 1 0 0 1 1 1 0 0 1 1 1 1
 0 1 1 0 1 1 1 1 1 1 0 0 0 1 1 1 1 1 0 0 1 0 1]
80 28 56 0.23170225669507483 [0 0 0 0 0 1 0 1 0 1 1 1 0 0 0 0 0 0 0 0 0 0 0 0 0 1 0 0 1 1 1 0 0 1 1 1 1
 0 1 1 0 1 1 1 1 1 1 0 0 0 1 1 1 1 1 0 0 1 0 1]
81 28 53 0.23170225669507483 [0 0 0 0 0 1 0 1 0 1 1 1 0 0 0 0 0 0 0 0 0 0 0 0 0 1 0 0 1 1 1 0 0 1 1 1 1
 0 1 1 0 1 1 1 1 1 1 0 0 0 1 1 1 1 1 0 0 1 0 1]
82 28 55 0.23170225669507483 [0 0 0 0 0 1 0 1 0 1 1 1 0 0 0 0 0 0 0 0 0 0 0 0 0 1 0 0 1 1 1 0 0 1 1 1 1
 0 1 1 0 1 1 1 1 1 1 0 0 0 1 1 1 1 1 0 0 1 0 1]
83 28 53 0.23170225669507483 [0 0 0 0 0 1 0 1 0 1 1 1 0 0 0 0 0 0 0 0 0 0 0 0 0 1 0 0 1 1 1 0 0 1 1 1 1
 0 1 1 0 1 1 1 1 1 1 0 0 0 1 1 1 1 1 0 0 1 0 1]
84 28 52 0.23170225669507483 [0 0 0 0 0 1 0 1 0 1 1 1 0 0 0 0 0 0 0 0 0 0 0 0 0 1 0 0 1 1 1 0 0 1 1 1 1
 0 1 1 0 1 1 1 1 1 1 0 0 0 1 1 1 1 1 0 0 1 0 1]
85 28 51 0.23170225669507483 [0 0 0 0 0 1 0 1 0 1 1 1 0 0 0 0 0 0 0 0 0 0 0 0 0 1 0 0 1 1 1 0 0 1 1 1 1
 0 1 1 0 1 1 1 1 1 1 0 0 0 1 1 1 1 1 0 0 1 0 1]
86 28 53 0.23170225669507483 [0 0 0 0 0 1 0 1 0 1 1 1 0 0 0 0 0 0 0 0 0 0 0 0 0 1 0 0 1 1 1 0 0 1 1 1 1
 0 1 1 0 1 1 1 1 1 1 0 0 0 1 1 1 1 1 0 0 1 0 1]
87 28 52 0.23170225669507483 [0 0 0 0 0 1 0 1 0 1 1 1 0 0 0 0 0 0 0 0 0 0 0 0 0 1 0 0 1 1 1 0 0 1 1 1 1
 0 1 1 0 1 1 1 1 1 1 0 0 0 1 1 1 1 1 0 0 1 0 1]
88 28 50 0.23170225669507483 [0 0 0 0 0 1 0 1 0 1 1 1 0 0 0 0 0 0 0 0 0 0 0 0 0 1 0 0 1 1 1 0 0 1 1 1 1
 0 1 1 0 1 1 1 1 1 1 0 0 0 1 1 1 1 1 0 0 1 0 1]
89 28 51 0.23170225669507483 [0 0 0 0 0 1 0 1 0 1 1 1 0 0 0 0 0 0 0 0 0 0 0 0 0 1 0 0 1 1 1 0 0 1 1 1 1
 0 1 1 0 1 1 1 1 1 1 0 0 0 1 1 1 1 1 0 0 1 0 1]
90 28 53 0.23170225669507483 [0 0 0 0 0 1 0 1 0 1 1 1 0 0 0 0 0 0 0 0 0 0 0 0 0 1 0 0 1 1 1 0 0 1 1 1 1
 0 1 1 0 1 1 1 1 1 1 0 0 0 1 1 1 1 1 0 0 1 0 1]
91 28 55 0.23170225669507483 [0 0 0 0 0 1 0 1 0 1 1 1 0 0 0 0 0 0 0 0 0 0 0 0 0 1 0 0 1 1 1 0 0 1 1 1 1
 0 1 1 0 1 1 1 1 1 1 0 0 0 1 1 1 1 1 0 0 1 0 1]
92 28 55 0.23170225669507483 [0 0 0 0 0 1 0 1 0 1 1 1 0 0 0 0 0 0 0 0 0 0 0 0 0 1 0 0 1 1 1 0 0 1 1 1 1
 0 1 1 0 1 1 1 1 1 1 0 0 0 1 1 1 1 1 0 0 1 0 1]
93 28 53 0.23170225669507483 [0 0 0 0 0 1 0 1 0 1 1 1 0 0 0 0 0 0 0 0 0 0 0 0 0 1 0 0 1 1 1 0 0 1 1 1 1
 0 1 1 0 1 1 1 1 1 1 0 0 0 1 1 1 1 1 0 0 1 0 1]
94 28 52 0.23170225669507483 [0 0 0 0 0 1 0 1 0 1 1 1 0 0 0 0 0 0 0 0 0 0 0 0 0 1 0 0 1 1 1 0 0 1 1 1 1
 0 1 1 0 1 1 1 1 1 1 0 0 0 1 1 1 1 1 0 0 1 0 1]
95 28 54 0.23170225669507483 [0 0 0 0 0 1 0 1 0 1 1 1 0 0 0 0 0 0 0 0 0 0 0 0 0 1 0 0 1 1 1 0 0 1 1 1 1
 0 1 1 0 1 1 1 1 1 1 0 0 0 1 1 1 1 1 0 0 1 0 1]
96 28 51 0.23170225669507483 [0 0 0 0 0 1 0 1 0 1 1 1 0 0 0 0 0 0 0 0 0 0 0 0 0 1 0 0 1 1 1 0 0 1 1 1 1
 0 1 1 0 1 1 1 1 1 1 0 0 0 1 1 1 1 1 0 0 1 0 1]
97 28 53 0.23170225669507483 [0 0 0 0 0 1 0 1 0 1 1 1 0 0 0 0 0 0 0 0 0 0 0 0 0 1 0 0 1 1 1 0 0 1 1 1 1
 0 1 1 0 1 1 1 1 1 1 0 0 0 1 1 1 1 1 0 0 1 0 1]
98 28 50 0.23170225669507483 [0 0 0 0 0 1 0 1 0 1 1 1 0 0 0 0 0 0 0 0 0 0 0 0 0 1 0 0 1 1 1 0 0 1 1 1 1
 0 1 1 0 1 1 1 1 1 1 0 0 0 1 1 1 1 1 0 0 1 0 1]
99 28 53 0.23170225669507483 [0 0 0 0 0 1 0 1 0 1 1 1 0 0 0 0 0 0 0 0 0 0 0 0 0 1 0 0 1 1 1 0 0 1 1 1 1
 0 1 1 0 1 1 1 1 1 1 0 0 0 1 1 1 1 1 0 0 1 0 1]
100 28 52 0.23170225669507483 [0 0 0 0 0 1 0 1 0 1 1 1 0 0 0 0 0 0 0 0 0 0 0 0 0 1 0 0 1 1 1 0 0 1 1 1 1
 0 1 1 0 1 1 1 1 1 1 0 0 0 1 1 1 1 1 0 0 1 0 1]
101 28 52 0.23170225669507483 [0 0 0 0 0 1 0 1 0 1 1 1 0 0 0 0 0 0 0 0 0 0 0 0 0 1 0 0 1 1 1 0 0 1 1 1 1
 0 1 1 0 1 1 1 1 1 1 0 0 0 1 1 1 1 1 0 0 1 0 1]
102 28 55 0.23170225669507483 [0 0 0 0 0 1 0 1 0 1 1 1 0 0 0 0 0 0 0 0 0 0 0 0 0 1 0 0 1 1 1 0 0 1 1 1 1
 0 1 1 0 1 1 1 1 1 1 0 0 0 1 1 1 1 1 0 0 1 0 1]
103 28 50 0.23170225669507483 [0 0 0 0 0 1 0 1 0 1 1 1 0 0 0 0 0 0 0 0 0 0 0 0 0 1 0 0 1 1 1 0 0 1 1 1 1
 0 1 1 0 1 1 1 1 1 1 0 0 0 1 1 1 1 1 0 0 1 0 1]
104 28 51 0.23170225669507483 [0 0 0 0 0 1 0 1 0 1 1 1 0 0 0 0 0 0 0 0 0 0 0 0 0 1 0 0 1 1 1 0 0 1 1 1 1
 0 1 1 0 1 1 1 1 1 1 0 0 0 1 1 1 1 1 0 0 1 0 1]
105 28 50 0.23170225669507483 [0 0 0 0 0 1 0 1 0 1 1 1 0 0 0 0 0 0 0 0 0 0 0 0 0 1 0 0 1 1 1 0 0 1 1 1 1
 0 1 1 0 1 1 1 1 1 1 0 0 0 1 1 1 1 1 0 0 1 0 1]
106 28 57 0.23170225669507483 [0 0 0 0 0 1 0 1 0 1 1 1 0 0 0 0 0 0 0 0 0 0 0 0 0 1 0 0 1 1 1 0 0 1 1 1 1
 0 1 1 0 1 1 1 1 1 1 0 0 0 1 1 1 1 1 0 0 1 0 1]
107 28 51 0.23170225669507483 [0 0 0 0 0 1 0 1 0 1 1 1 0 0 0 0 0 0 0 0 0 0 0 0 0 1 0 0 1 1 1 0 0 1 1 1 1
 0 1 1 0 1 1 1 1 1 1 0 0 0 1 1 1 1 1 0 0 1 0 1]
108 28 54 0.23170225669507483 [0 0 0 0 0 1 0 1 0 1 1 1 0 0 0 0 0 0 0 0 0 0 0 0 0 1 0 0 1 1 1 0 0 1 1 1 1
 0 1 1 0 1 1 1 1 1 1 0 0 0 1 1 1 1 1 0 0 1 0 1]
109 28 54 0.23170225669507483 [0 0 0 0 0 1 0 1 0 1 1 1 0 0 0 0 0 0 0 0 0 0 0 0 0 1 0 0 1 1 1 0 0 1 1 1 1
 0 1 1 0 1 1 1 1 1 1 0 0 0 1 1 1 1 1 0 0 1 0 1]
110 28 54 0.23170225669507483 [0 0 0 0 0 1 0 1 0 1 1 1 0 0 0 0 0 0 0 0 0 0 0 0 0 1 0 0 1 1 1 0 0 1 1 1 1
 0 1 1 0 1 1 1 1 1 1 0 0 0 1 1 1 1 1 0 0 1 0 1]
111 28 54 0.23170225669507483 [0 0 0 0 0 1 0 1 0 1 1 1 0 0 0 0 0 0 0 0 0 0 0 0 0 1 0 0 1 1 1 0 0 1 1 1 1
 0 1 1 0 1 1 1 1 1 1 0 0 0 1 1 1 1 1 0 0 1 0 1]
112 28 50 0.23170225669507483 [0 0 0 0 0 1 0 1 0 1 1 1 0 0 0 0 0 0 0 0 0 0 0 0 0 1 0 0 1 1 1 0 0 1 1 1 1
 0 1 1 0 1 1 1 1 1 1 0 0 0 1 1 1 1 1 0 0 1 0 1]
113 28 54 0.23170225669507483 [0 0 0 0 0 1 0 1 0 1 1 1 0 0 0 0 0 0 0 0 0 0 0 0 0 1 0 0 1 1 1 0 0 1 1 1 1
 0 1 1 0 1 1 1 1 1 1 0 0 0 1 1 1 1 1 0 0 1 0 1]
114 28 53 0.23170225669507483 [0 0 0 0 0 1 0 1 0 1 1 1 0 0 0 0 0 0 0 0 0 0 0 0 0 1 0 0 1 1 1 0 0 1 1 1 1
 0 1 1 0 1 1 1 1 1 1 0 0 0 1 1 1 1 1 0 0 1 0 1]
115 28 53 0.23170225669507483 [0 0 0 0 0 1 0 1 0 1 1 1 0 0 0 0 0 0 0 0 0 0 0 0 0 1 0 0 1 1 1 0 0 1 1 1 1
 0 1 1 0 1 1 1 1 1 1 0 0 0 1 1 1 1 1 0 0 1 0 1]
116 28 52 0.23170225669507483 [0 0 0 0 0 1 0 1 0 1 1 1 0 0 0 0 0 0 0 0 0 0 0 0 0 1 0 0 1 1 1 0 0 1 1 1 1
 0 1 1 0 1 1 1 1 1 1 0 0 0 1 1 1 1 1 0 0 1 0 1]
117 28 53 0.23170225669507483 [0 0 0 0 0 1 0 1 0 1 1 1 0 0 0 0 0 0 0 0 0 0 0 0 0 1 0 0 1 1 1 0 0 1 1 1 1
 0 1 1 0 1 1 1 1 1 1 0 0 0 1 1 1 1 1 0 0 1 0 1]
118 28 51 0.23170225669507483 [0 0 0 0 0 1 0 1 0 1 1 1 0 0 0 0 0 0 0 0 0 0 0 0 0 1 0 0 1 1 1 0 0 1 1 1 1
 0 1 1 0 1 1 1 1 1 1 0 0 0 1 1 1 1 1 0 0 1 0 1]
119 28 50 0.23170225669507483 [0 0 0 0 0 1 0 1 0 1 1 1 0 0 0 0 0 0 0 0 0 0 0 0 0 1 0 0 1 1 1 0 0 1 1 1 1
 0 1 1 0 1 1 1 1 1 1 0 0 0 1 1 1 1 1 0 0 1 0 1]
120 28 56 0.23170225669507483 [0 0 0 0 0 1 0 1 0 1 1 1 0 0 0 0 0 0 0 0 0 0 0 0 0 1 0 0 1 1 1 0 0 1 1 1 1
 0 1 1 0 1 1 1 1 1 1 0 0 0 1 1 1 1 1 0 0 1 0 1]
121 28 52 0.23170225669507483 [0 0 0 0 0 1 0 1 0 1 1 1 0 0 0 0 0 0 0 0 0 0 0 0 0 1 0 0 1 1 1 0 0 1 1 1 1
 0 1 1 0 1 1 1 1 1 1 0 0 0 1 1 1 1 1 0 0 1 0 1]
122 28 51 0.23170225669507483 [0 0 0 0 0 1 0 1 0 1 1 1 0 0 0 0 0 0 0 0 0 0 0 0 0 1 0 0 1 1 1 0 0 1 1 1 1
 0 1 1 0 1 1 1 1 1 1 0 0 0 1 1 1 1 1 0 0 1 0 1]
123 28 51 0.23170225669507483 [0 0 0 0 0 1 0 1 0 1 1 1 0 0 0 0 0 0 0 0 0 0 0 0 0 1 0 0 1 1 1 0 0 1 1 1 1
 0 1 1 0 1 1 1 1 1 1 0 0 0 1 1 1 1 1 0 0 1 0 1]
124 28 57 0.23170225669507483 [0 0 0 0 0 1 0 1 0 1 1 1 0 0 0 0 0 0 0 0 0 0 0 0 0 1 0 0 1 1 1 0 0 1 1 1 1
 0 1 1 0 1 1 1 1 1 1 0 0 0 1 1 1 1 1 0 0 1 0 1]
125 28 53 0.23170225669507483 [0 0 0 0 0 1 0 1 0 1 1 1 0 0 0 0 0 0 0 0 0 0 0 0 0 1 0 0 1 1 1 0 0 1 1 1 1
 0 1 1 0 1 1 1 1 1 1 0 0 0 1 1 1 1 1 0 0 1 0 1]
126 28 53 0.23170225669507483 [0 0 0 0 0 1 0 1 0 1 1 1 0 0 0 0 0 0 0 0 0 0 0 0 0 1 0 0 1 1 1 0 0 1 1 1 1
 0 1 1 0 1 1 1 1 1 1 0 0 0 1 1 1 1 1 0 0 1 0 1]
127 28 53 0.23170225669507483 [0 0 0 0 0 1 0 1 0 1 1 1 0 0 0 0 0 0 0 0 0 0 0 0 0 1 0 0 1 1 1 0 0 1 1 1 1
 0 1 1 0 1 1 1 1 1 1 0 0 0 1 1 1 1 1 0 0 1 0 1]
128 28 54 0.23170225669507483 [0 0 0 0 0 1 0 1 0 1 1 1 0 0 0 0 0 0 0 0 0 0 0 0 0 1 0 0 1 1 1 0 0 1 1 1 1
 0 1 1 0 1 1 1 1 1 1 0 0 0 1 1 1 1 1 0 0 1 0 1]
129 28 52 0.23170225669507483 [0 0 0 0 0 1 0 1 0 1 1 1 0 0 0 0 0 0 0 0 0 0 0 0 0 1 0 0 1 1 1 0 0 1 1 1 1
 0 1 1 0 1 1 1 1 1 1 0 0 0 1 1 1 1 1 0 0 1 0 1]
130 28 52 0.23170225669507483 [0 0 0 0 0 1 0 1 0 1 1 1 0 0 0 0 0 0 0 0 0 0 0 0 0 1 0 0 1 1 1 0 0 1 1 1 1
 0 1 1 0 1 1 1 1 1 1 0 0 0 1 1 1 1 1 0 0 1 0 1]
131 28 49 0.23170225669507483 [0 0 0 0 0 1 0 1 0 1 1 1 0 0 0 0 0 0 0 0 0 0 0 0 0 1 0 0 1 1 1 0 0 1 1 1 1
 0 1 1 0 1 1 1 1 1 1 0 0 0 1 1 1 1 1 0 0 1 0 1]
132 28 52 0.23170225669507483 [0 0 0 0 0 1 0 1 0 1 1 1 0 0 0 0 0 0 0 0 0 0 0 0 0 1 0 0 1 1 1 0 0 1 1 1 1
 0 1 1 0 1 1 1 1 1 1 0 0 0 1 1 1 1 1 0 0 1 0 1]
133 28 50 0.23170225669507483 [0 0 0 0 0 1 0 1 0 1 1 1 0 0 0 0 0 0 0 0 0 0 0 0 0 1 0 0 1 1 1 0 0 1 1 1 1
 0 1 1 0 1 1 1 1 1 1 0 0 0 1 1 1 1 1 0 0 1 0 1]
134 28 50 0.23170225669507483 [0 0 0 0 0 1 0 1 0 1 1 1 0 0 0 0 0 0 0 0 0 0 0 0 0 1 0 0 1 1 1 0 0 1 1 1 1
 0 1 1 0 1 1 1 1 1 1 0 0 0 1 1 1 1 1 0 0 1 0 1]
135 28 52 0.23170225669507483 [0 0 0 0 0 1 0 1 0 1 1 1 0 0 0 0 0 0 0 0 0 0 0 0 0 1 0 0 1 1 1 0 0 1 1 1 1
 0 1 1 0 1 1 1 1 1 1 0 0 0 1 1 1 1 1 0 0 1 0 1]
136 28 53 0.23170225669507483 [0 0 0 0 0 1 0 1 0 1 1 1 0 0 0 0 0 0 0 0 0 0 0 0 0 1 0 0 1 1 1 0 0 1 1 1 1
 0 1 1 0 1 1 1 1 1 1 0 0 0 1 1 1 1 1 0 0 1 0 1]
137 28 51 0.23170225669507483 [0 0 0 0 0 1 0 1 0 1 1 1 0 0 0 0 0 0 0 0 0 0 0 0 0 1 0 0 1 1 1 0 0 1 1 1 1
 0 1 1 0 1 1 1 1 1 1 0 0 0 1 1 1 1 1 0 0 1 0 1]
138 28 52 0.23170225669507483 [0 0 0 0 0 1 0 1 0 1 1 1 0 0 0 0 0 0 0 0 0 0 0 0 0 1 0 0 1 1 1 0 0 1 1 1 1
 0 1 1 0 1 1 1 1 1 1 0 0 0 1 1 1 1 1 0 0 1 0 1]
139 28 52 0.23170225669507483 [0 0 0 0 0 1 0 1 0 1 1 1 0 0 0 0 0 0 0 0 0 0 0 0 0 1 0 0 1 1 1 0 0 1 1 1 1
 0 1 1 0 1 1 1 1 1 1 0 0 0 1 1 1 1 1 0 0 1 0 1]
140 28 53 0.23170225669507483 [0 0 0 0 0 1 0 1 0 1 1 1 0 0 0 0 0 0 0 0 0 0 0 0 0 1 0 0 1 1 1 0 0 1 1 1 1
 0 1 1 0 1 1 1 1 1 1 0 0 0 1 1 1 1 1 0 0 1 0 1]
141 28 51 0.23170225669507483 [0 0 0 0 0 1 0 1 0 1 1 1 0 0 0 0 0 0 0 0 0 0 0 0 0 1 0 0 1 1 1 0 0 1 1 1 1
 0 1 1 0 1 1 1 1 1 1 0 0 0 1 1 1 1 1 0 0 1 0 1]
142 28 51 0.23170225669507483 [0 0 0 0 0 1 0 1 0 1 1 1 0 0 0 0 0 0 0 0 0 0 0 0 0 1 0 0 1 1 1 0 0 1 1 1 1
 0 1 1 0 1 1 1 1 1 1 0 0 0 1 1 1 1 1 0 0 1 0 1]
143 28 53 0.23170225669507483 [0 0 0 0 0 1 0 1 0 1 1 1 0 0 0 0 0 0 0 0 0 0 0 0 0 1 0 0 1 1 1 0 0 1 1 1 1
 0 1 1 0 1 1 1 1 1 1 0 0 0 1 1 1 1 1 0 0 1 0 1]
144 28 52 0.23170225669507483 [0 0 0 0 0 1 0 1 0 1 1 1 0 0 0 0 0 0 0 0 0 0 0 0 0 1 0 0 1 1 1 0 0 1 1 1 1
 0 1 1 0 1 1 1 1 1 1 0 0 0 1 1 1 1 1 0 0 1 0 1]
145 28 52 0.23170225669507483 [0 0 0 0 0 1 0 1 0 1 1 1 0 0 0 0 0 0 0 0 0 0 0 0 0 1 0 0 1 1 1 0 0 1 1 1 1
 0 1 1 0 1 1 1 1 1 1 0 0 0 1 1 1 1 1 0 0 1 0 1]
146 28 54 0.23170225669507483 [0 0 0 0 0 1 0 1 0 1 1 1 0 0 0 0 0 0 0 0 0 0 0 0 0 1 0 0 1 1 1 0 0 1 1 1 1
 0 1 1 0 1 1 1 1 1 1 0 0 0 1 1 1 1 1 0 0 1 0 1]
147 28 55 0.23170225669507483 [0 0 0 0 0 1 0 1 0 1 1 1 0 0 0 0 0 0 0 0 0 0 0 0 0 1 0 0 1 1 1 0 0 1 1 1 1
 0 1 1 0 1 1 1 1 1 1 0 0 0 1 1 1 1 1 0 0 1 0 1]
148 28 50 0.23170225669507483 [0 0 0 0 0 1 0 1 0 1 1 1 0 0 0 0 0 0 0 0 0 0 0 0 0 1 0 0 1 1 1 0 0 1 1 1 1
 0 1 1 0 1 1 1 1 1 1 0 0 0 1 1 1 1 1 0 0 1 0 1]
149 28 49 0.23170225669507483 [0 0 0 0 0 1 0 1 0 1 1 1 0 0 0 0 0 0 0 0 0 0 0 0 0 1 0 0 1 1 1 0 0 1 1 1 1
 0 1 1 0 1 1 1 1 1 1 0 0 0 1 1 1 1 1 0 0 1 0 1]
150 28 56 0.23170225669507483 [0 0 0 0 0 1 0 1 0 1 1 1 0 0 0 0 0 0 0 0 0 0 0 0 0 1 0 0 1 1 1 0 0 1 1 1 1
 0 1 1 0 1 1 1 1 1 1 0 0 0 1 1 1 1 1 0 0 1 0 1]
