0 34 100 0.28464855246047505 [1 1 1 1 0 0 1 0 0 1 1 1 1 0 0 0 0 1 0 1 1 1 1 0 0 1 1 1 1 1 0 0 0 1 0 1 1
 1 1 0 1 0 0 0 1 1 1 1 0 1 0 0 0 1 0 0 1 1 1 0]
1 34 89 0.2672124547040665 [1 0 0 0 1 1 1 0 0 1 1 1 1 0 1 0 1 0 0 1 1 1 0 1 1 1 0 0 1 1 1 0 0 0 1 1 1
 0 1 1 0 1 0 0 1 1 1 0 0 1 0 0 0 1 0 0 1 1 1 1]
2 34 63 0.2672124547040665 [1 0 0 0 1 1 1 0 0 1 1 1 1 0 1 0 1 0 0 1 1 1 0 1 1 1 0 0 1 1 1 0 0 0 1 1 1
 0 1 1 0 1 0 0 1 1 1 0 0 1 0 0 0 1 0 0 1 1 1 1]
3 34 53 0.2672124547040665 [1 0 0 0 1 1 1 0 0 1 1 1 1 0 1 0 1 0 0 1 1 1 0 1 1 1 0 0 1 1 1 0 0 0 1 1 1
 0 1 1 0 1 0 0 1 1 1 0 0 1 0 0 0 1 0 0 1 1 1 1]
4 34 52 0.2672124547040665 [1 0 0 0 1 1 1 0 0 1 1 1 1 0 1 0 1 0 0 1 1 1 0 1 1 1 0 0 1 1 1 0 0 0 1 1 1
 0 1 1 0 1 0 0 1 1 1 0 0 1 0 0 0 1 0 0 1 1 1 1]
5 34 53 0.2672124547040665 [1 0 0 0 1 1 1 0 0 1 1 1 1 0 1 0 1 0 0 1 1 1 0 1 1 1 0 0 1 1 1 0 0 0 1 1 1
 0 1 1 0 1 0 0 1 1 1 0 0 1 0 0 0 1 0 0 1 1 1 1]
6 34 51 0.2672124547040665 [1 0 0 0 1 1 1 0 0 1 1 1 1 0 1 0 1 0 0 1 1 1 0 1 1 1 0 0 1 1 1 0 0 0 1 1 1
 0 1 1 0 1 0 0 1 1 1 0 0 1 0 0 0 1 0 0 1 1 1 1]
7 33 51 0.2605675729311371 [1 1 0 1 1 1 0 1 0 0 0 0 1 0 0 0 0 0 0 1 1 0 1 1 1 0 0 0 1 1 1 0 1 0 1 0 1
 1 1 0 0 1 0 0 1 1 0 1 1 1 0 0 1 1 1 1 1 0 1 1]
8 33 54 0.2605675729311371 [1 1 0 1 1 1 0 1 0 0 0 0 1 0 0 0 0 0 0 1 1 0 1 1 1 0 0 0 1 1 1 0 1 0 1 0 1
 1 1 0 0 1 0 0 1 1 0 1 1 1 0 0 1 1 1 1 1 0 1 1]
9 26 51 0.25876902713434813 [1 1 0 0 1 1 1 0 0 1 0 0 1 0 0 0 0 1 0 0 0 1 0 0 0 0 0 1 0 0 1 0 0 0 0 0 0
 1 0 1 1 0 1 1 1 1 0 1 1 0 0 0 1 1 1 1 0 1 0 1]
10 26 56 0.2575912432824503 [1 1 0 1 0 1 1 0 1 1 0 1 0 0 0 0 0 1 0 0 0 1 1 0 0 0 1 0 0 0 0 1 0 1 0 1 0
 1 0 0 1 0 1 0 1 1 1 1 0 0 0 0 0 1 1 0 0 1 0 1]
11 26 51 0.2575912432824503 [1 1 0 1 0 1 1 0 1 1 0 1 0 0 0 0 0 1 0 0 0 1 1 0 0 0 1 0 0 0 0 1 0 1 0 1 0
 1 0 0 1 0 1 0 1 1 1 1 0 0 0 0 0 1 1 0 0 1 0 1]
12 26 52 0.2575912432824503 [1 1 0 1 0 1 1 0 1 1 0 1 0 0 0 0 0 1 0 0 0 1 1 0 0 0 1 0 0 0 0 1 0 1 0 1 0
 1 0 0 1 0 1 0 1 1 1 1 0 0 0 0 0 1 1 0 0 1 0 1]
13 26 55 0.2575912432824503 [1 1 0 1 0 1 1 0 1 1 0 1 0 0 0 0 0 1 0 0 0 1 1 0 0 0 1 0 0 0 0 1 0 1 0 1 0
 1 0 0 1 0 1 0 1 1 1 1 0 0 0 0 0 1 1 0 0 1 0 1]
14 26 53 0.2575912432824503 [1 1 0 1 0 1 1 0 1 1 0 1 0 0 0 0 0 1 0 0 0 1 1 0 0 0 1 0 0 0 0 1 0 1 0 1 0
 1 0 0 1 0 1 0 1 1 1 1 0 0 0 0 0 1 1 0 0 1 0 1]
15 26 50 0.2575912432824503 [1 1 0 1 0 1 1 0 1 1 0 1 0 0 0 0 0 1 0 0 0 1 1 0 0 0 1 0 0 0 0 1 0 1 0 1 0
 1 0 0 1 0 1 0 1 1 1 1 0 0 0 0 0 1 1 0 0 1 0 1]
16 26 54 0.2575912432824503 [1 1 0 1 0 1 1 0 1 1 0 1 0 0 0 0 0 1 0 0 0 1 1 0 0 0 1 0 0 0 0 1 0 1 0 1 0
 1 0 0 1 0 1 0 1 1 1 1 0 0 0 0 0 1 1 0 0 1 0 1]
17 26 54 0.2575912432824503 [1 1 0 1 0 1 1 0 1 1 0 1 0 0 0 0 0 1 0 0 0 1 1 0 0 0 1 0 0 0 0 1 0 1 0 1 0
 1 0 0 1 0 1 0 1 1 1 1 0 0 0 0 0 1 1 0 0 1 0 1]
18 26 56 0.2575912432824503 [1 1 0 1 0 1 1 0 1 1 0 1 0 0 0 0 0 1 0 0 0 1 1 0 0 0 1 0 0 0 0 1 0 1 0 1 0
 1 0 0 1 0 1 0 1 1 1 1 0 0 0 0 0 1 1 0 0 1 0 1]
19 28 53 0.24955280189937235 [1 1 0 1 0 0 1 1 1 1 0 0 0 0 0 0 0 0 0 1 0 0 1 0 0 0 0 1 1 0 1 1 0 0 0 1 1
 1 0 0 1 0 1 0 1 1 0 1 1 0 0 0 1 1 1 1 0 1 0 1]
20 28 50 0.24955280189937235 [1 1 0 1 0 0 1 1 1 1 0 0 0 0 0 0 0 0 0 1 0 0 1 0 0 0 0 1 1 0 1 1 0 0 0 1 1
 1 0 0 1 0 1 0 1 1 0 1 1 0 0 0 1 1 1 1 0 1 0 1]
21 28 52 0.24955280189937235 [1 1 0 1 0 0 1 1 1 1 0 0 0 0 0 0 0 0 0 1 0 0 1 0 0 0 0 1 1 0 1 1 0 0 0 1 1
 1 0 0 1 0 1 0 1 1 0 1 1 0 0 0 1 1 1 1 0 1 0 1]
22 28 52 0.24955280189937235 [1 1 0 1 0 0 1 1 1 1 0 0 0 0 0 0 0 0 0 1 0 0 1 0 0 0 0 1 1 0 1 1 0 0 0 1 1
 1 0 0 1 0 1 0 1 1 0 1 1 0 0 0 1 1 1 1 0 1 0 1]
23 30 53 0.2365102733149843 [0 1 0 1 1 0 0 0 1 1 0 1 0 0 0 0 0 0 0 1 0 1 1 0 0 0 1 1 0 0 1 1 1 0 1 1 1
 1 1 0 1 0 1 0 1 1 0 0 1 0 0 0 1 1 1 1 0 1 0 1]
24 30 54 0.2365102733149843 [0 1 0 1 1 0 0 0 1 1 0 1 0 0 0 0 0 0 0 1 0 1 1 0 0 0 1 1 0 0 1 1 1 0 1 1 1
 1 1 0 1 0 1 0 1 1 0 0 1 0 0 0 1 1 1 1 0 1 0 1]
25 30 51 0.2365102733149843 [0 1 0 1 1 0 0 0 1 1 0 1 0 0 0 0 0 0 0 1 0 1 1 0 0 0 1 1 0 0 1 1 1 0 1 1 1
 1 1 0 1 0 1 0 1 1 0 0 1 0 0 0 1 1 1 1 0 1 0 1]
26 30 52 0.2365102733149843 [0 1 0 1 1 0 0 0 1 1 0 1 0 0 0 0 0 0 0 1 0 1 1 0 0 0 1 1 0 0 1 1 1 0 1 1 1
 1 1 0 1 0 1 0 1 1 0 0 1 0 0 0 1 1 1 1 0 1 0 1]
27 30 51 0.2365102733149843 [0 1 0 1 1 0 0 0 1 1 0 1 0 0 0 0 0 0 0 1 0 1 1 0 0 0 1 1 0 0 1 1 1 0 1 1 1
 1 1 0 1 0 1 0 1 1 0 0 1 0 0 0 1 1 1 1 0 1 0 1]
28 30 53 0.2365102733149843 [0 1 0 1 1 0 0 0 1 1 0 1 0 0 0 0 0 0 0 1 0 1 1 0 0 0 1 1 0 0 1 1 1 0 1 1 1
 1 1 0 1 0 1 0 1 1 0 0 1 0 0 0 1 1 1 1 0 1 0 1]
29 30 55 0.2365102733149843 [0 1 0 1 1 0 0 0 1 1 0 1 0 0 0 0 0 0 0 1 0 1 1 0 0 0 1 1 0 0 1 1 1 0 1 1 1
 1 1 0 1 0 1 0 1 1 0 0 1 0 0 0 1 1 1 1 0 1 0 1]
30 30 55 0.2365102733149843 [0 1 0 1 1 0 0 0 1 1 0 1 0 0 0 0 0 0 0 1 0 1 1 0 0 0 1 1 0 0 1 1 1 0 1 1 1
 1 1 0 1 0 1 0 1 1 0 0 1 0 0 0 1 1 1 1 0 1 0 1]
31 30 53 0.2365102733149843 [0 1 0 1 1 0 0 0 1 1 0 1 0 0 0 0 0 0 0 1 0 1 1 0 0 0 1 1 0 0 1 1 1 0 1 1 1
 1 1 0 1 0 1 0 1 1 0 0 1 0 0 0 1 1 1 1 0 1 0 1]
32 30 52 0.2365102733149843 [0 1 0 1 1 0 0 0 1 1 0 1 0 0 0 0 0 0 0 1 0 1 1 0 0 0 1 1 0 0 1 1 1 0 1 1 1
 1 1 0 1 0 1 0 1 1 0 0 1 0 0 0 1 1 1 1 0 1 0 1]
33 30 53 0.2365102733149843 [0 1 0 1 1 0 0 0 1 1 0 1 0 0 0 0 0 0 0 1 0 1 1 0 0 0 1 1 0 0 1 1 1 0 1 1 1
 1 1 0 1 0 1 0 1 1 0 0 1 0 0 0 1 1 1 1 0 1 0 1]
34 30 54 0.2365102733149843 [0 1 0 1 1 0 0 0 1 1 0 1 0 0 0 0 0 0 0 1 0 1 1 0 0 0 1 1 0 0 1 1 1 0 1 1 1
 1 1 0 1 0 1 0 1 1 0 0 1 0 0 0 1 1 1 1 0 1 0 1]
35 30 55 0.2365102733149843 [0 1 0 1 1 0 0 0 1 1 0 1 0 0 0 0 0 0 0 1 0 1 1 0 0 0 1 1 0 0 1 1 1 0 1 1 1
 1 1 0 1 0 1 0 1 1 0 0 1 0 0 0 1 1 1 1 0 1 0 1]
36 30 53 0.2365102733149843 [0 1 0 1 1 0 0 0 1 1 0 1 0 0 0 0 0 0 0 1 0 1 1 0 0 0 1 1 0 0 1 1 1 0 1 1 1
 1 1 0 1 0 1 0 1 1 0 0 1 0 0 0 1 1 1 1 0 1 0 1]
37 30 52 0.2365102733149843 [0 1 0 1 1 0 0 0 1 1 0 1 0 0 0 0 0 0 0 1 0 1 1 0 0 0 1 1 0 0 1 1 1 0 1 1 1
 1 1 0 1 0 1 0 1 1 0 0 1 0 0 0 1 1 1 1 0 1 0 1]
38 30 57 0.2365102733149843 [0 1 0 1 1 0 0 0 1 1 0 1 0 0 0 0 0 0 0 1 0 1 1 0 0 0 1 1 0 0 1 1 1 0 1 1 1
 1 1 0 1 0 1 0 1 1 0 0 1 0 0 0 1 1 1 1 0 1 0 1]
39 30 53 0.2365102733149843 [0 1 0 1 1 0 0 0 1 1 0 1 0 0 0 0 0 0 0 1 0 1 1 0 0 0 1 1 0 0 1 1 1 0 1 1 1
 1 1 0 1 0 1 0 1 1 0 0 1 0 0 0 1 1 1 1 0 1 0 1]
40 30 52 0.2365102733149843 [0 1 0 1 1 0 0 0 1 1 0 1 0 0 0 0 0 0 0 1 0 1 1 0 0 0 1 1 0 0 1 1 1 0 1 1 1
 1 1 0 1 0 1 0 1 1 0 0 1 0 0 0 1 1 1 1 0 1 0 1]
41 30 53 0.2365102733149843 [0 1 0 1 1 0 0 0 1 1 0 1 0 0 0 0 0 0 0 1 0 1 1 0 0 0 1 1 0 0 1 1 1 0 1 1 1
 1 1 0 1 0 1 0 1 1 0 0 1 0 0 0 1 1 1 1 0 1 0 1]
42 30 50 0.2365102733149843 [0 1 0 1 1 0 0 0 1 1 0 1 0 0 0 0 0 0 0 1 0 1 1 0 0 0 1 1 0 0 1 1 1 0 1 1 1
 1 1 0 1 0 1 0 1 1 0 0 1 0 0 0 1 1 1 1 0 1 0 1]
43 30 52 0.2365102733149843 [0 1 0 1 1 0 0 0 1 1 0 1 0 0 0 0 0 0 0 1 0 1 1 0 0 0 1 1 0 0 1 1 1 0 1 1 1
 1 1 0 1 0 1 0 1 1 0 0 1 0 0 0 1 1 1 1 0 1 0 1]
44 30 55 0.2365102733149843 [0 1 0 1 1 0 0 0 1 1 0 1 0 0 0 0 0 0 0 1 0 1 1 0 0 0 1 1 0 0 1 1 1 0 1 1 1
 1 1 0 1 0 1 0 1 1 0 0 1 0 0 0 1 1 1 1 0 1 0 1]
45 30 54 0.2365102733149843 [0 1 0 1 1 0 0 0 1 1 0 1 0 0 0 0 0 0 0 1 0 1 1 0 0 0 1 1 0 0 1 1 1 0 1 1 1
 1 1 0 1 0 1 0 1 1 0 0 1 0 0 0 1 1 1 1 0 1 0 1]
46 30 57 0.2365102733149843 [0 1 0 1 1 0 0 0 1 1 0 1 0 0 0 0 0 0 0 1 0 1 1 0 0 0 1 1 0 0 1 1 1 0 1 1 1
 1 1 0 1 0 1 0 1 1 0 0 1 0 0 0 1 1 1 1 0 1 0 1]
47 29 54 0.23253004387359322 [0 1 0 1 1 1 0 0 1 1 0 1 0 0 0 0 1 0 0 0 0 0 1 0 0 0 1 1 0 0 0 1 1 0 1 1 1
 1 1 0 1 0 1 0 1 1 0 0 1 0 0 0 1 1 1 1 0 1 0 1]
48 29 52 0.23253004387359322 [0 1 0 1 1 1 0 0 1 1 0 1 0 0 0 0 1 0 0 0 0 0 1 0 0 0 1 1 0 0 0 1 1 0 1 1 1
 1 1 0 1 0 1 0 1 1 0 0 1 0 0 0 1 1 1 1 0 1 0 1]
49 29 57 0.23253004387359322 [0 1 0 1 1 1 0 0 1 1 0 1 0 0 0 0 1 0 0 0 0 0 1 0 0 0 1 1 0 0 0 1 1 0 1 1 1
 1 1 0 1 0 1 0 1 1 0 0 1 0 0 0 1 1 1 1 0 1 0 1]
50 29 49 0.23253004387359322 [0 1 0 1 1 1 0 0 1 1 0 1 0 0 0 0 1 0 0 0 0 0 1 0 0 0 1 1 0 0 0 1 1 0 1 1 1
 1 1 0 1 0 1 0 1 1 0 0 1 0 0 0 1 1 1 1 0 1 0 1]
51 29 51 0.23253004387359322 [0 1 0 1 1 1 0 0 1 1 0 1 0 0 0 0 1 0 0 0 0 0 1 0 0 0 1 1 0 0 0 1 1 0 1 1 1
 1 1 0 1 0 1 0 1 1 0 0 1 0 0 0 1 1 1 1 0 1 0 1]
52 29 53 0.23253004387359322 [0 1 0 1 1 1 0 0 1 1 0 1 0 0 0 0 1 0 0 0 0 0 1 0 0 0 1 1 0 0 0 1 1 0 1 1 1
 1 1 0 1 0 1 0 1 1 0 0 1 0 0 0 1 1 1 1 0 1 0 1]
53 29 54 0.23253004387359322 [0 1 0 1 1 1 0 0 1 1 0 1 0 0 0 0 1 0 0 0 0 0 1 0 0 0 1 1 0 0 0 1 1 0 1 1 1
 1 1 0 1 0 1 0 1 1 0 0 1 0 0 0 1 1 1 1 0 1 0 1]
54 29 55 0.23253004387359322 [0 1 0 1 1 1 0 0 1 1 0 1 0 0 0 0 1 0 0 0 0 0 1 0 0 0 1 1 0 0 0 1 1 0 1 1 1
 1 1 0 1 0 1 0 1 1 0 0 1 0 0 0 1 1 1 1 0 1 0 1]
55 29 53 0.23253004387359322 [0 1 0 1 1 1 0 0 1 1 0 1 0 0 0 0 1 0 0 0 0 0 1 0 0 0 1 1 0 0 0 1 1 0 1 1 1
 1 1 0 1 0 1 0 1 1 0 0 1 0 0 0 1 1 1 1 0 1 0 1]
56 29 52 0.23253004387359322 [0 1 0 1 1 1 0 0 1 1 0 1 0 0 0 0 1 0 0 0 0 0 1 0 0 0 1 1 0 0 0 1 1 0 1 1 1
 1 1 0 1 0 1 0 1 1 0 0 1 0 0 0 1 1 1 1 0 1 0 1]
57 29 53 0.23253004387359322 [0 1 0 1 1 1 0 0 1 1 0 1 0 0 0 0 1 0 0 0 0 0 1 0 0 0 1 1 0 0 0 1 1 0 1 1 1
 1 1 0 1 0 1 0 1 1 0 0 1 0 0 0 1 1 1 1 0 1 0 1]
58 29 53 0.23253004387359322 [0 1 0 1 1 1 0 0 1 1 0 1 0 0 0 0 1 0 0 0 0 0 1 0 0 0 1 1 0 0 0 1 1 0 1 1 1
 1 1 0 1 0 1 0 1 1 0 0 1 0 0 0 1 1 1 1 0 1 0 1]
59 29 50 0.23253004387359322 [0 1 0 1 1 1 0 0 1 1 0 1 0 0 0 0 1 0 0 0 0 0 1 0 0 0 1 1 0 0 0 1 1 0 1 1 1
 1 1 0 1 0 1 0 1 1 0 0 1 0 0 0 1 1 1 1 0 1 0 1]
60 29 51 0.23253004387359322 [0 1 0 1 1 1 0 0 1 1 0 1 0 0 0 0 1 0 0 0 0 0 1 0 0 0 1 1 0 0 0 1 1 0 1 1 1
 1 1 0 1 0 1 0 1 1 0 0 1 0 0 0 1 1 1 1 0 1 0 1]
61 29 54 0.23253004387359322 [0 1 0 1 1 1 0 0 1 1 0 1 0 0 0 0 1 0 0 0 0 0 1 0 0 0 1 1 0 0 0 1 1 0 1 1 1
 1 1 0 1 0 1 0 1 1 0 0 1 0 0 0 1 1 1 1 0 1 0 1]
62 29 52 0.23253004387359322 [0 1 0 1 1 1 0 0 1 1 0 1 0 0 0 0 1 0 0 0 0 0 1 0 0 0 1 1 0 0 0 1 1 0 1 1 1
 1 1 0 1 0 1 0 1 1 0 0 1 0 0 0 1 1 1 1 0 1 0 1]
63 29 51 0.23253004387359322 [0 1 0 1 1 1 0 0 1 1 0 1 0 0 0 0 1 0 0 0 0 0 1 0 0 0 1 1 0 0 0 1 1 0 1 1 1
 1 1 0 1 0 1 0 1 1 0 0 1 0 0 0 1 1 1 1 0 1 0 1]
64 29 54 0.23253004387359322 [0 1 0 1 1 1 0 0 1 1 0 1 0 0 0 0 1 0 0 0 0 0 1 0 0 0 1 1 0 0 0 1 1 0 1 1 1
 1 1 0 1 0 1 0 1 1 0 0 1 0 0 0 1 1 1 1 0 1 0 1]
65 29 51 0.23253004387359322 [0 1 0 1 1 1 0 0 1 1 0 1 0 0 0 0 1 0 0 0 0 0 1 0 0 0 1 1 0 0 0 1 1 0 1 1 1
 1 1 0 1 0 1 0 1 1 0 0 1 0 0 0 1 1 1 1 0 1 0 1]
66 29 51 0.23253004387359322 [0 1 0 1 1 1 0 0 1 1 0 1 0 0 0 0 1 0 0 0 0 0 1 0 0 0 1 1 0 0 0 1 1 0 1 1 1
 1 1 0 1 0 1 0 1 1 0 0 1 0 0 0 1 1 1 1 0 1 0 1]
67 29 50 0.23253004387359322 [0 1 0 1 1 1 0 0 1 1 0 1 0 0 0 0 1 0 0 0 0 0 1 0 0 0 1 1 0 0 0 1 1 0 1 1 1
 1 1 0 1 0 1 0 1 1 0 0 1 0 0 0 1 1 1 1 0 1 0 1]
68 29 50 0.23253004387359322 [0 1 0 1 1 1 0 0 1 1 0 1 0 0 0 0 1 0 0 0 0 0 1 0 0 0 1 1 0 0 0 1 1 0 1 1 1
 1 1 0 1 0 1 0 1 1 0 0 1 0 0 0 1 1 1 1 0 1 0 1]
69 29 52 0.23253004387359322 [0 1 0 1 1 1 0 0 1 1 0 1 0 0 0 0 1 0 0 0 0 0 1 0 0 0 1 1 0 0 0 1 1 0 1 1 1
 1 1 0 1 0 1 0 1 1 0 0 1 0 0 0 1 1 1 1 0 1 0 1]
70 29 51 0.23253004387359322 [0 1 0 1 1 1 0 0 1 1 0 1 0 0 0 0 1 0 0 0 0 0 1 0 0 0 1 1 0 0 0 1 1 0 1 1 1
 1 1 0 1 0 1 0 1 1 0 0 1 0 0 0 1 1 1 1 0 1 0 1]
71 29 51 0.23253004387359322 [0 1 0 1 1 1 0 0 1 1 0 1 0 0 0 0 1 0 0 0 0 0 1 0 0 0 1 1 0 0 0 1 1 0 1 1 1
 1 1 0 1 0 1 0 1 1 0 0 1 0 0 0 1 1 1 1 0 1 0 1]
72 29 52 0.23253004387359322 [0 1 0 1 1 1 0 0 1 1 0 1 0 0 0 0 1 0 0 0 0 0 1 0 0 0 1 1 0 0 0 1 1 0 1 1 1
 1 1 0 1 0 1 0 1 1 0 0 1 0 0 0 1 1 1 1 0 1 0 1]
73 29 52 0.23253004387359322 [0 1 0 1 1 1 0 0 1 1 0 1 0 0 0 0 1 0 0 0 0 0 1 0 0 0 1 1 0 0 0 1 1 0 1 1 1
 1 1 0 1 0 1 0 1 1 0 0 1 0 0 0 1 1 1 1 0 1 0 1]
74 29 52 0.23253004387359322 [0 1 0 1 1 1 0 0 1 1 0 1 0 0 0 0 1 0 0 0 0 0 1 0 0 0 1 1 0 0 0 1 1 0 1 1 1
 1 1 0 1 0 1 0 1 1 0 0 1 0 0 0 1 1 1 1 0 1 0 1]
75 29 50 0.23253004387359322 [0 1 0 1 1 1 0 0 1 1 0 1 0 0 0 0 1 0 0 0 0 0 1 0 0 0 1 1 0 0 0 1 1 0 1 1 1
 1 1 0 1 0 1 0 1 1 0 0 1 0 0 0 1 1 1 1 0 1 0 1]
76 29 55 0.23253004387359322 [0 1 0 1 1 1 0 0 1 1 0 1 0 0 0 0 1 0 0 0 0 0 1 0 0 0 1 1 0 0 0 1 1 0 1 1 1
 1 1 0 1 0 1 0 1 1 0 0 1 0 0 0 1 1 1 1 0 1 0 1]
77 29 51 0.23253004387359322 [0 1 0 1 1 1 0 0 1 1 0 1 0 0 0 0 1 0 0 0 0 0 1 0 0 0 1 1 0 0 0 1 1 0 1 1 1
 1 1 0 1 0 1 0 1 1 0 0 1 0 0 0 1 1 1 1 0 1 0 1]
78 29 52 0.23253004387359322 [0 1 0 1 1 1 0 0 1 1 0 1 0 0 0 0 1 0 0 0 0 0 1 0 0 0 1 1 0 0 0 1 1 0 1 1 1
 1 1 0 1 0 1 0 1 1 0 0 1 0 0 0 1 1 1 1 0 1 0 1]
79 29 49 0.23253004387359322 [0 1 0 1 1 1 0 0 1 1 0 1 0 0 0 0 1 0 0 0 0 0 1 0 0 0 1 1 0 0 0 1 1 0 1 1 1
 1 1 0 1 0 1 0 1 1 0 0 1 0 0 0 1 1 1 1 0 1 0 1]
80 29 51 0.23253004387359322 [0 1 0 1 1 1 0 0 1 1 0 1 0 0 0 0 1 0 0 0 0 0 1 0 0 0 1 1 0 0 0 1 1 0 1 1 1
 1 1 0 1 0 1 0 1 1 0 0 1 0 0 0 1 1 1 1 0 1 0 1]
81 29 52 0.23253004387359322 [0 1 0 1 1 1 0 0 1 1 0 1 0 0 0 0 1 0 0 0 0 0 1 0 0 0 1 1 0 0 0 1 1 0 1 1 1
 1 1 0 1 0 1 0 1 1 0 0 1 0 0 0 1 1 1 1 0 1 0 1]
82 29 49 0.23253004387359322 [0 1 0 1 1 1 0 0 1 1 0 1 0 0 0 0 1 0 0 0 0 0 1 0 0 0 1 1 0 0 0 1 1 0 1 1 1
 1 1 0 1 0 1 0 1 1 0 0 1 0 0 0 1 1 1 1 0 1 0 1]
83 27 52 0.2287914465729014 [0 1 0 1 0 1 1 0 0 1 0 1 0 0 0 0 1 1 0 0 1 0 0 0 0 0 1 1 0 0 0 1 1 0 1 1 1
 0 0 1 0 0 1 1 1 0 0 1 1 0 1 0 1 1 1 0 0 0 1 0]
84 27 52 0.2287914465729014 [0 1 0 1 0 1 1 0 0 1 0 1 0 0 0 0 1 1 0 0 1 0 0 0 0 0 1 1 0 0 0 1 1 0 1 1 1
 0 0 1 0 0 1 1 1 0 0 1 1 0 1 0 1 1 1 0 0 0 1 0]
85 27 53 0.2287914465729014 [0 1 0 1 0 1 1 0 0 1 0 1 0 0 0 0 1 1 0 0 1 0 0 0 0 0 1 1 0 0 0 1 1 0 1 1 1
 0 0 1 0 0 1 1 1 0 0 1 1 0 1 0 1 1 1 0 0 0 1 0]
86 27 51 0.2287914465729014 [0 1 0 1 0 1 1 0 0 1 0 1 0 0 0 0 1 1 0 0 1 0 0 0 0 0 1 1 0 0 0 1 1 0 1 1 1
 0 0 1 0 0 1 1 1 0 0 1 1 0 1 0 1 1 1 0 0 0 1 0]
87 27 57 0.2287914465729014 [0 1 0 1 0 1 1 0 0 1 0 1 0 0 0 0 1 1 0 0 1 0 0 0 0 0 1 1 0 0 0 1 1 0 1 1 1
 0 0 1 0 0 1 1 1 0 0 1 1 0 1 0 1 1 1 0 0 0 1 0]
88 27 52 0.2287914465729014 [0 1 0 1 0 1 1 0 0 1 0 1 0 0 0 0 1 1 0 0 1 0 0 0 0 0 1 1 0 0 0 1 1 0 1 1 1
 0 0 1 0 0 1 1 1 0 0 1 1 0 1 0 1 1 1 0 0 0 1 0]
89 27 51 0.2287914465729014 [0 1 0 1 0 1 1 0 0 1 0 1 0 0 0 0 1 1 0 0 1 0 0 0 0 0 1 1 0 0 0 1 1 0 1 1 1
 0 0 1 0 0 1 1 1 0 0 1 1 0 1 0 1 1 1 0 0 0 1 0]
90 27 51 0.2287914465729014 [0 1 0 1 0 1 1 0 0 1 0 1 0 0 0 0 1 1 0 0 1 0 0 0 0 0 1 1 0 0 0 1 1 0 1 1 1
 0 0 1 0 0 1 1 1 0 0 1 1 0 1 0 1 1 1 0 0 0 1 0]
91 27 56 0.2287914465729014 [0 1 0 1 0 1 1 0 0 1 0 1 0 0 0 0 1 1 0 0 1 0 0 0 0 0 1 1 0 0 0 1 1 0 1 1 1
 0 0 1 0 0 1 1 1 0 0 1 1 0 1 0 1 1 1 0 0 0 1 0]
92 27 55 0.2287914465729014 [0 1 0 1 0 1 1 0 0 1 0 1 0 0 0 0 1 1 0 0 1 0 0 0 0 0 1 1 0 0 0 1 1 0 1 1 1
 0 0 1 0 0 1 1 1 0 0 1 1 0 1 0 1 1 1 0 0 0 1 0]
93 27 52 0.2287914465729014 [0 1 0 1 0 1 1 0 0 1 0 1 0 0 0 0 1 1 0 0 1 0 0 0 0 0 1 1 0 0 0 1 1 0 1 1 1
 0 0 1 0 0 1 1 1 0 0 1 1 0 1 0 1 1 1 0 0 0 1 0]
94 27 52 0.2287914465729014 [0 1 0 1 0 1 1 0 0 1 0 1 0 0 0 0 1 1 0 0 1 0 0 0 0 0 1 1 0 0 0 1 1 0 1 1 1
 0 0 1 0 0 1 1 1 0 0 1 1 0 1 0 1 1 1 0 0 0 1 0]
95 27 53 0.2287914465729014 [0 1 0 1 0 1 1 0 0 1 0 1 0 0 0 0 1 1 0 0 1 0 0 0 0 0 1 1 0 0 0 1 1 0 1 1 1
 0 0 1 0 0 1 1 1 0 0 1 1 0 1 0 1 1 1 0 0 0 1 0]
96 27 50 0.2287914465729014 [0 1 0 1 0 1 1 0 0 1 0 1 0 0 0 0 1 1 0 0 1 0 0 0 0 0 1 1 0 0 0 1 1 0 1 1 1
 0 0 1 0 0 1 1 1 0 0 1 1 0 1 0 1 1 1 0 0 0 1 0]
97 27 56 0.2287914465729014 [0 1 0 1 0 1 1 0 0 1 0 1 0 0 0 0 1 1 0 0 1 0 0 0 0 0 1 1 0 0 0 1 1 0 1 1 1
 0 0 1 0 0 1 1 1 0 0 1 1 0 1 0 1 1 1 0 0 0 1 0]
98 27 50 0.2287914465729014 [0 1 0 1 0 1 1 0 0 1 0 1 0 0 0 0 1 1 0 0 1 0 0 0 0 0 1 1 0 0 0 1 1 0 1 1 1
 0 0 1 0 0 1 1 1 0 0 1 1 0 1 0 1 1 1 0 0 0 1 0]
99 27 56 0.2287914465729014 [0 1 0 1 0 1 1 0 0 1 0 1 0 0 0 0 1 1 0 0 1 0 0 0 0 0 1 1 0 0 0 1 1 0 1 1 1
 0 0 1 0 0 1 1 1 0 0 1 1 0 1 0 1 1 1 0 0 0 1 0]
100 27 51 0.2287914465729014 [0 1 0 1 0 1 1 0 0 1 0 1 0 0 0 0 1 1 0 0 1 0 0 0 0 0 1 1 0 0 0 1 1 0 1 1 1
 0 0 1 0 0 1 1 1 0 0 1 1 0 1 0 1 1 1 0 0 0 1 0]
101 27 51 0.2287914465729014 [0 1 0 1 0 1 1 0 0 1 0 1 0 0 0 0 1 1 0 0 1 0 0 0 0 0 1 1 0 0 0 1 1 0 1 1 1
 0 0 1 0 0 1 1 1 0 0 1 1 0 1 0 1 1 1 0 0 0 1 0]
102 27 56 0.2287914465729014 [0 1 0 1 0 1 1 0 0 1 0 1 0 0 0 0 1 1 0 0 1 0 0 0 0 0 1 1 0 0 0 1 1 0 1 1 1
 0 0 1 0 0 1 1 1 0 0 1 1 0 1 0 1 1 1 0 0 0 1 0]
103 27 53 0.2287914465729014 [0 1 0 1 0 1 1 0 0 1 0 1 0 0 0 0 1 1 0 0 1 0 0 0 0 0 1 1 0 0 0 1 1 0 1 1 1
 0 0 1 0 0 1 1 1 0 0 1 1 0 1 0 1 1 1 0 0 0 1 0]
104 27 50 0.2287914465729014 [0 1 0 1 0 1 1 0 0 1 0 1 0 0 0 0 1 1 0 0 1 0 0 0 0 0 1 1 0 0 0 1 1 0 1 1 1
 0 0 1 0 0 1 1 1 0 0 1 1 0 1 0 1 1 1 0 0 0 1 0]
105 27 53 0.2287914465729014 [0 1 0 1 0 1 1 0 0 1 0 1 0 0 0 0 1 1 0 0 1 0 0 0 0 0 1 1 0 0 0 1 1 0 1 1 1
 0 0 1 0 0 1 1 1 0 0 1 1 0 1 0 1 1 1 0 0 0 1 0]
106 27 55 0.2287914465729014 [0 1 0 1 0 1 1 0 0 1 0 1 0 0 0 0 1 1 0 0 1 0 0 0 0 0 1 1 0 0 0 1 1 0 1 1 1
 0 0 1 0 0 1 1 1 0 0 1 1 0 1 0 1 1 1 0 0 0 1 0]
107 27 52 0.2287914465729014 [0 1 0 1 0 1 1 0 0 1 0 1 0 0 0 0 1 1 0 0 1 0 0 0 0 0 1 1 0 0 0 1 1 0 1 1 1
 0 0 1 0 0 1 1 1 0 0 1 1 0 1 0 1 1 1 0 0 0 1 0]
108 27 49 0.2287914465729014 [0 1 0 1 0 1 1 0 0 1 0 1 0 0 0 0 1 1 0 0 1 0 0 0 0 0 1 1 0 0 0 1 1 0 1 1 1
 0 0 1 0 0 1 1 1 0 0 1 1 0 1 0 1 1 1 0 0 0 1 0]
109 27 54 0.2287914465729014 [0 1 0 1 0 1 1 0 0 1 0 1 0 0 0 0 1 1 0 0 1 0 0 0 0 0 1 1 0 0 0 1 1 0 1 1 1
 0 0 1 0 0 1 1 1 0 0 1 1 0 1 0 1 1 1 0 0 0 1 0]
110 27 55 0.2287914465729014 [0 1 0 1 0 1 1 0 0 1 0 1 0 0 0 0 1 1 0 0 1 0 0 0 0 0 1 1 0 0 0 1 1 0 1 1 1
 0 0 1 0 0 1 1 1 0 0 1 1 0 1 0 1 1 1 0 0 0 1 0]
111 27 54 0.2287914465729014 [0 1 0 1 0 1 1 0 0 1 0 1 0 0 0 0 1 1 0 0 1 0 0 0 0 0 1 1 0 0 0 1 1 0 1 1 1
 0 0 1 0 0 1 1 1 0 0 1 1 0 1 0 1 1 1 0 0 0 1 0]
112 27 54 0.2287914465729014 [0 1 0 1 0 1 1 0 0 1 0 1 0 0 0 0 1 1 0 0 1 0 0 0 0 0 1 1 0 0 0 1 1 0 1 1 1
 0 0 1 0 0 1 1 1 0 0 1 1 0 1 0 1 1 1 0 0 0 1 0]
113 27 51 0.2287914465729014 [0 1 0 1 0 1 1 0 0 1 0 1 0 0 0 0 1 1 0 0 1 0 0 0 0 0 1 1 0 0 0 1 1 0 1 1 1
 0 0 1 0 0 1 1 1 0 0 1 1 0 1 0 1 1 1 0 0 0 1 0]
114 27 50 0.2287914465729014 [0 1 0 1 0 1 1 0 0 1 0 1 0 0 0 0 1 1 0 0 1 0 0 0 0 0 1 1 0 0 0 1 1 0 1 1 1
 0 0 1 0 0 1 1 1 0 0 1 1 0 1 0 1 1 1 0 0 0 1 0]
115 27 53 0.2287914465729014 [0 1 0 1 0 1 1 0 0 1 0 1 0 0 0 0 1 1 0 0 1 0 0 0 0 0 1 1 0 0 0 1 1 0 1 1 1
 0 0 1 0 0 1 1 1 0 0 1 1 0 1 0 1 1 1 0 0 0 1 0]
116 27 51 0.2287914465729014 [0 1 0 1 0 1 1 0 0 1 0 1 0 0 0 0 1 1 0 0 1 0 0 0 0 0 1 1 0 0 0 1 1 0 1 1 1
 0 0 1 0 0 1 1 1 0 0 1 1 0 1 0 1 1 1 0 0 0 1 0]
117 27 53 0.2287914465729014 [0 1 0 1 0 1 1 0 0 1 0 1 0 0 0 0 1 1 0 0 1 0 0 0 0 0 1 1 0 0 0 1 1 0 1 1 1
 0 0 1 0 0 1 1 1 0 0 1 1 0 1 0 1 1 1 0 0 0 1 0]
118 27 56 0.2287914465729014 [0 1 0 1 0 1 1 0 0 1 0 1 0 0 0 0 1 1 0 0 1 0 0 0 0 0 1 1 0 0 0 1 1 0 1 1 1
 0 0 1 0 0 1 1 1 0 0 1 1 0 1 0 1 1 1 0 0 0 1 0]
119 27 53 0.2287914465729014 [0 1 0 1 0 1 1 0 0 1 0 1 0 0 0 0 1 1 0 0 1 0 0 0 0 0 1 1 0 0 0 1 1 0 1 1 1
 0 0 1 0 0 1 1 1 0 0 1 1 0 1 0 1 1 1 0 0 0 1 0]
120 27 53 0.2287914465729014 [0 1 0 1 0 1 1 0 0 1 0 1 0 0 0 0 1 1 0 0 1 0 0 0 0 0 1 1 0 0 0 1 1 0 1 1 1
 0 0 1 0 0 1 1 1 0 0 1 1 0 1 0 1 1 1 0 0 0 1 0]
121 27 54 0.2287914465729014 [0 1 0 1 0 1 1 0 0 1 0 1 0 0 0 0 1 1 0 0 1 0 0 0 0 0 1 1 0 0 0 1 1 0 1 1 1
 0 0 1 0 0 1 1 1 0 0 1 1 0 1 0 1 1 1 0 0 0 1 0]
122 27 51 0.2287914465729014 [0 1 0 1 0 1 1 0 0 1 0 1 0 0 0 0 1 1 0 0 1 0 0 0 0 0 1 1 0 0 0 1 1 0 1 1 1
 0 0 1 0 0 1 1 1 0 0 1 1 0 1 0 1 1 1 0 0 0 1 0]
123 27 51 0.2287914465729014 [0 1 0 1 0 1 1 0 0 1 0 1 0 0 0 0 1 1 0 0 1 0 0 0 0 0 1 1 0 0 0 1 1 0 1 1 1
 0 0 1 0 0 1 1 1 0 0 1 1 0 1 0 1 1 1 0 0 0 1 0]
124 27 52 0.2287914465729014 [0 1 0 1 0 1 1 0 0 1 0 1 0 0 0 0 1 1 0 0 1 0 0 0 0 0 1 1 0 0 0 1 1 0 1 1 1
 0 0 1 0 0 1 1 1 0 0 1 1 0 1 0 1 1 1 0 0 0 1 0]
125 27 50 0.2287914465729014 [0 1 0 1 0 1 1 0 0 1 0 1 0 0 0 0 1 1 0 0 1 0 0 0 0 0 1 1 0 0 0 1 1 0 1 1 1
 0 0 1 0 0 1 1 1 0 0 1 1 0 1 0 1 1 1 0 0 0 1 0]
126 27 53 0.2287914465729014 [0 1 0 1 0 1 1 0 0 1 0 1 0 0 0 0 1 1 0 0 1 0 0 0 0 0 1 1 0 0 0 1 1 0 1 1 1
 0 0 1 0 0 1 1 1 0 0 1 1 0 1 0 1 1 1 0 0 0 1 0]
127 27 53 0.2287914465729014 [0 1 0 1 0 1 1 0 0 1 0 1 0 0 0 0 1 1 0 0 1 0 0 0 0 0 1 1 0 0 0 1 1 0 1 1 1
 0 0 1 0 0 1 1 1 0 0 1 1 0 1 0 1 1 1 0 0 0 1 0]
128 27 55 0.2287914465729014 [0 1 0 1 0 1 1 0 0 1 0 1 0 0 0 0 1 1 0 0 1 0 0 0 0 0 1 1 0 0 0 1 1 0 1 1 1
 0 0 1 0 0 1 1 1 0 0 1 1 0 1 0 1 1 1 0 0 0 1 0]
129 27 55 0.2287914465729014 [0 1 0 1 0 1 1 0 0 1 0 1 0 0 0 0 1 1 0 0 1 0 0 0 0 0 1 1 0 0 0 1 1 0 1 1 1
 0 0 1 0 0 1 1 1 0 0 1 1 0 1 0 1 1 1 0 0 0 1 0]
130 27 52 0.2287914465729014 [0 1 0 1 0 1 1 0 0 1 0 1 0 0 0 0 1 1 0 0 1 0 0 0 0 0 1 1 0 0 0 1 1 0 1 1 1
 0 0 1 0 0 1 1 1 0 0 1 1 0 1 0 1 1 1 0 0 0 1 0]
131 27 52 0.2287914465729014 [0 1 0 1 0 1 1 0 0 1 0 1 0 0 0 0 1 1 0 0 1 0 0 0 0 0 1 1 0 0 0 1 1 0 1 1 1
 0 0 1 0 0 1 1 1 0 0 1 1 0 1 0 1 1 1 0 0 0 1 0]
132 27 53 0.2287914465729014 [0 1 0 1 0 1 1 0 0 1 0 1 0 0 0 0 1 1 0 0 1 0 0 0 0 0 1 1 0 0 0 1 1 0 1 1 1
 0 0 1 0 0 1 1 1 0 0 1 1 0 1 0 1 1 1 0 0 0 1 0]
133 27 55 0.2287914465729014 [0 1 0 1 0 1 1 0 0 1 0 1 0 0 0 0 1 1 0 0 1 0 0 0 0 0 1 1 0 0 0 1 1 0 1 1 1
 0 0 1 0 0 1 1 1 0 0 1 1 0 1 0 1 1 1 0 0 0 1 0]
134 27 54 0.2287914465729014 [0 1 0 1 0 1 1 0 0 1 0 1 0 0 0 0 1 1 0 0 1 0 0 0 0 0 1 1 0 0 0 1 1 0 1 1 1
 0 0 1 0 0 1 1 1 0 0 1 1 0 1 0 1 1 1 0 0 0 1 0]
135 27 52 0.2287914465729014 [0 1 0 1 0 1 1 0 0 1 0 1 0 0 0 0 1 1 0 0 1 0 0 0 0 0 1 1 0 0 0 1 1 0 1 1 1
 0 0 1 0 0 1 1 1 0 0 1 1 0 1 0 1 1 1 0 0 0 1 0]
136 27 52 0.2287914465729014 [0 1 0 1 0 1 1 0 0 1 0 1 0 0 0 0 1 1 0 0 1 0 0 0 0 0 1 1 0 0 0 1 1 0 1 1 1
 0 0 1 0 0 1 1 1 0 0 1 1 0 1 0 1 1 1 0 0 0 1 0]
137 27 50 0.2287914465729014 [0 1 0 1 0 1 1 0 0 1 0 1 0 0 0 0 1 1 0 0 1 0 0 0 0 0 1 1 0 0 0 1 1 0 1 1 1
 0 0 1 0 0 1 1 1 0 0 1 1 0 1 0 1 1 1 0 0 0 1 0]
138 27 53 0.2287914465729014 [0 1 0 1 0 1 1 0 0 1 0 1 0 0 0 0 1 1 0 0 1 0 0 0 0 0 1 1 0 0 0 1 1 0 1 1 1
 0 0 1 0 0 1 1 1 0 0 1 1 0 1 0 1 1 1 0 0 0 1 0]
139 27 51 0.2287914465729014 [0 1 0 1 0 1 1 0 0 1 0 1 0 0 0 0 1 1 0 0 1 0 0 0 0 0 1 1 0 0 0 1 1 0 1 1 1
 0 0 1 0 0 1 1 1 0 0 1 1 0 1 0 1 1 1 0 0 0 1 0]
140 27 50 0.2287914465729014 [0 1 0 1 0 1 1 0 0 1 0 1 0 0 0 0 1 1 0 0 1 0 0 0 0 0 1 1 0 0 0 1 1 0 1 1 1
 0 0 1 0 0 1 1 1 0 0 1 1 0 1 0 1 1 1 0 0 0 1 0]
141 27 53 0.2287914465729014 [0 1 0 1 0 1 1 0 0 1 0 1 0 0 0 0 1 1 0 0 1 0 0 0 0 0 1 1 0 0 0 1 1 0 1 1 1
 0 0 1 0 0 1 1 1 0 0 1 1 0 1 0 1 1 1 0 0 0 1 0]
142 27 53 0.2287914465729014 [0 1 0 1 0 1 1 0 0 1 0 1 0 0 0 0 1 1 0 0 1 0 0 0 0 0 1 1 0 0 0 1 1 0 1 1 1
 0 0 1 0 0 1 1 1 0 0 1 1 0 1 0 1 1 1 0 0 0 1 0]
143 27 51 0.2287914465729014 [0 1 0 1 0 1 1 0 0 1 0 1 0 0 0 0 1 1 0 0 1 0 0 0 0 0 1 1 0 0 0 1 1 0 1 1 1
 0 0 1 0 0 1 1 1 0 0 1 1 0 1 0 1 1 1 0 0 0 1 0]
144 27 53 0.2287914465729014 [0 1 0 1 0 1 1 0 0 1 0 1 0 0 0 0 1 1 0 0 1 0 0 0 0 0 1 1 0 0 0 1 1 0 1 1 1
 0 0 1 0 0 1 1 1 0 0 1 1 0 1 0 1 1 1 0 0 0 1 0]
145 27 50 0.2287914465729014 [0 1 0 1 0 1 1 0 0 1 0 1 0 0 0 0 1 1 0 0 1 0 0 0 0 0 1 1 0 0 0 1 1 0 1 1 1
 0 0 1 0 0 1 1 1 0 0 1 1 0 1 0 1 1 1 0 0 0 1 0]
146 27 54 0.2287914465729014 [0 1 0 1 0 1 1 0 0 1 0 1 0 0 0 0 1 1 0 0 1 0 0 0 0 0 1 1 0 0 0 1 1 0 1 1 1
 0 0 1 0 0 1 1 1 0 0 1 1 0 1 0 1 1 1 0 0 0 1 0]
147 27 51 0.2287914465729014 [0 1 0 1 0 1 1 0 0 1 0 1 0 0 0 0 1 1 0 0 1 0 0 0 0 0 1 1 0 0 0 1 1 0 1 1 1
 0 0 1 0 0 1 1 1 0 0 1 1 0 1 0 1 1 1 0 0 0 1 0]
148 27 54 0.2287914465729014 [0 1 0 1 0 1 1 0 0 1 0 1 0 0 0 0 1 1 0 0 1 0 0 0 0 0 1 1 0 0 0 1 1 0 1 1 1
 0 0 1 0 0 1 1 1 0 0 1 1 0 1 0 1 1 1 0 0 0 1 0]
149 27 51 0.2287914465729014 [0 1 0 1 0 1 1 0 0 1 0 1 0 0 0 0 1 1 0 0 1 0 0 0 0 0 1 1 0 0 0 1 1 0 1 1 1
 0 0 1 0 0 1 1 1 0 0 1 1 0 1 0 1 1 1 0 0 0 1 0]
150 27 54 0.2287914465729014 [0 1 0 1 0 1 1 0 0 1 0 1 0 0 0 0 1 1 0 0 1 0 0 0 0 0 1 1 0 0 0 1 1 0 1 1 1
 0 0 1 0 0 1 1 1 0 0 1 1 0 1 0 1 1 1 0 0 0 1 0]
