0 32 100 0.27169341543016723 [1 0 0 1 0 0 0 1 0 1 0 1 0 0 0 0 0 1 0 0 1 1 1 0 0 1 1 0 1 1 0 1 0 0 1 0 1
 1 0 1 1 1 0 1 1 0 1 0 1 0 0 1 1 1 1 0 1 1 1 1]
1 32 85 0.27169341543016723 [1 0 0 1 0 0 0 1 0 1 0 1 0 0 0 0 0 1 0 0 1 1 1 0 0 1 1 0 1 1 0 1 0 0 1 0 1
 1 0 1 1 1 0 1 1 0 1 0 1 0 0 1 1 1 1 0 1 1 1 1]
2 32 59 0.27169341543016723 [1 0 0 1 0 0 0 1 0 1 0 1 0 0 0 0 0 1 0 0 1 1 1 0 0 1 1 0 1 1 0 1 0 0 1 0 1
 1 0 1 1 1 0 1 1 0 1 0 1 0 0 1 1 1 1 0 1 1 1 1]
3 25 51 0.2635630620167899 [1 1 0 1 0 0 0 1 0 0 0 1 0 0 0 0 0 0 0 0 1 0 0 0 1 1 1 0 0 0 1 0 0 1 1 1 1
 1 0 1 0 0 1 0 1 0 1 1 0 0 0 0 0 1 1 1 0 1 1 0]
4 25 51 0.2635630620167899 [1 1 0 1 0 0 0 1 0 0 0 1 0 0 0 0 0 0 0 0 1 0 0 0 1 1 1 0 0 0 1 0 0 1 1 1 1
 1 0 1 0 0 1 0 1 0 1 1 0 0 0 0 0 1 1 1 0 1 1 0]
5 25 51 0.26296148207383707 [0 1 0 1 0 0 1 1 0 0 1 1 0 0 0 0 0 1 1 0 0 1 0 0 0 1 0 0 0 0 1 0 0 1 1 1 1
 1 0 0 0 1 1 0 1 0 1 1 1 0 0 0 1 0 1 0 1 0 0 0]
6 24 54 0.25169533169533165 [0 1 0 1 0 0 0 0 0 1 1 1 0 0 0 0 0 0 1 0 0 1 0 0 0 1 0 0 1 0 0 0 0 1 0 1 1
 0 0 0 1 1 0 0 1 1 1 1 1 0 0 0 0 0 0 1 1 1 1 1]
7 24 51 0.25169533169533165 [0 1 0 1 0 0 0 0 0 1 1 1 0 0 0 0 0 0 1 0 0 1 0 0 0 1 0 0 1 0 0 0 0 1 0 1 1
 0 0 0 1 1 0 0 1 1 1 1 1 0 0 0 0 0 0 1 1 1 1 1]
8 24 53 0.25169533169533165 [0 1 0 1 0 0 0 0 0 1 1 1 0 0 0 0 0 0 1 0 0 1 0 0 0 1 0 0 1 0 0 0 0 1 0 1 1
 0 0 0 1 1 0 0 1 1 1 1 1 0 0 0 0 0 0 1 1 1 1 1]
9 24 53 0.25169533169533165 [0 1 0 1 0 0 0 0 0 1 1 1 0 0 0 0 0 0 1 0 0 1 0 0 0 1 0 0 1 0 0 0 0 1 0 1 1
 0 0 0 1 1 0 0 1 1 1 1 1 0 0 0 0 0 0 1 1 1 1 1]
10 24 51 0.25169533169533165 [0 1 0 1 0 0 0 0 0 1 1 1 0 0 0 0 0 0 1 0 0 1 0 0 0 1 0 0 1 0 0 0 0 1 0 1 1
 0 0 0 1 1 0 0 1 1 1 1 1 0 0 0 0 0 0 1 1 1 1 1]
11 24 54 0.25169533169533165 [0 1 0 1 0 0 0 0 0 1 1 1 0 0 0 0 0 0 1 0 0 1 0 0 0 1 0 0 1 0 0 0 0 1 0 1 1
 0 0 0 1 1 0 0 1 1 1 1 1 0 0 0 0 0 0 1 1 1 1 1]
12 24 51 0.25169533169533165 [0 1 0 1 0 0 0 0 0 1 1 1 0 0 0 0 0 0 1 0 0 1 0 0 0 1 0 0 1 0 0 0 0 1 0 1 1
 0 0 0 1 1 0 0 1 1 1 1 1 0 0 0 0 0 0 1 1 1 1 1]
13 24 51 0.25169533169533165 [0 1 0 1 0 0 0 0 0 1 1 1 0 0 0 0 0 0 1 0 0 1 0 0 0 1 0 0 1 0 0 0 0 1 0 1 1
 0 0 0 1 1 0 0 1 1 1 1 1 0 0 0 0 0 0 1 1 1 1 1]
14 24 53 0.25169533169533165 [0 1 0 1 0 0 0 0 0 1 1 1 0 0 0 0 0 0 1 0 0 1 0 0 0 1 0 0 1 0 0 0 0 1 0 1 1
 0 0 0 1 1 0 0 1 1 1 1 1 0 0 0 0 0 0 1 1 1 1 1]
15 24 52 0.25169533169533165 [0 1 0 1 0 0 0 0 0 1 1 1 0 0 0 0 0 0 1 0 0 1 0 0 0 1 0 0 1 0 0 0 0 1 0 1 1
 0 0 0 1 1 0 0 1 1 1 1 1 0 0 0 0 0 0 1 1 1 1 1]
16 24 53 0.25169533169533165 [0 1 0 1 0 0 0 0 0 1 1 1 0 0 0 0 0 0 1 0 0 1 0 0 0 1 0 0 1 0 0 0 0 1 0 1 1
 0 0 0 1 1 0 0 1 1 1 1 1 0 0 0 0 0 0 1 1 1 1 1]
17 24 52 0.25169533169533165 [0 1 0 1 0 0 0 0 0 1 1 1 0 0 0 0 0 0 1 0 0 1 0 0 0 1 0 0 1 0 0 0 0 1 0 1 1
 0 0 0 1 1 0 0 1 1 1 1 1 0 0 0 0 0 0 1 1 1 1 1]
18 24 53 0.25169533169533165 [0 1 0 1 0 0 0 0 0 1 1 1 0 0 0 0 0 0 1 0 0 1 0 0 0 1 0 0 1 0 0 0 0 1 0 1 1
 0 0 0 1 1 0 0 1 1 1 1 1 0 0 0 0 0 0 1 1 1 1 1]
19 24 52 0.25169533169533165 [0 1 0 1 0 0 0 0 0 1 1 1 0 0 0 0 0 0 1 0 0 1 0 0 0 1 0 0 1 0 0 0 0 1 0 1 1
 0 0 0 1 1 0 0 1 1 1 1 1 0 0 0 0 0 0 1 1 1 1 1]
20 24 55 0.25169533169533165 [0 1 0 1 0 0 0 0 0 1 1 1 0 0 0 0 0 0 1 0 0 1 0 0 0 1 0 0 1 0 0 0 0 1 0 1 1
 0 0 0 1 1 0 0 1 1 1 1 1 0 0 0 0 0 0 1 1 1 1 1]
21 24 51 0.25169533169533165 [0 1 0 1 0 0 0 0 0 1 1 1 0 0 0 0 0 0 1 0 0 1 0 0 0 1 0 0 1 0 0 0 0 1 0 1 1
 0 0 0 1 1 0 0 1 1 1 1 1 0 0 0 0 0 0 1 1 1 1 1]
22 24 54 0.25169533169533165 [0 1 0 1 0 0 0 0 0 1 1 1 0 0 0 0 0 0 1 0 0 1 0 0 0 1 0 0 1 0 0 0 0 1 0 1 1
 0 0 0 1 1 0 0 1 1 1 1 1 0 0 0 0 0 0 1 1 1 1 1]
23 24 52 0.25169533169533165 [0 1 0 1 0 0 0 0 0 1 1 1 0 0 0 0 0 0 1 0 0 1 0 0 0 1 0 0 1 0 0 0 0 1 0 1 1
 0 0 0 1 1 0 0 1 1 1 1 1 0 0 0 0 0 0 1 1 1 1 1]
24 24 53 0.25169533169533165 [0 1 0 1 0 0 0 0 0 1 1 1 0 0 0 0 0 0 1 0 0 1 0 0 0 1 0 0 1 0 0 0 0 1 0 1 1
 0 0 0 1 1 0 0 1 1 1 1 1 0 0 0 0 0 0 1 1 1 1 1]
25 24 53 0.25169533169533165 [0 1 0 1 0 0 0 0 0 1 1 1 0 0 0 0 0 0 1 0 0 1 0 0 0 1 0 0 1 0 0 0 0 1 0 1 1
 0 0 0 1 1 0 0 1 1 1 1 1 0 0 0 0 0 0 1 1 1 1 1]
26 24 51 0.25169533169533165 [0 1 0 1 0 0 0 0 0 1 1 1 0 0 0 0 0 0 1 0 0 1 0 0 0 1 0 0 1 0 0 0 0 1 0 1 1
 0 0 0 1 1 0 0 1 1 1 1 1 0 0 0 0 0 0 1 1 1 1 1]
27 34 52 0.25010651896037495 [1 0 0 1 1 0 0 0 0 1 1 1 1 1 0 0 0 0 1 0 0 1 0 1 0 1 0 1 1 1 0 1 0 0 1 1 1
 1 1 1 1 0 0 0 1 1 1 1 1 0 0 0 0 1 1 1 1 1 1 0]
28 34 49 0.25010651896037495 [1 0 0 1 1 0 0 0 0 1 1 1 1 1 0 0 0 0 1 0 0 1 0 1 0 1 0 1 1 1 0 1 0 0 1 1 1
 1 1 1 1 0 0 0 1 1 1 1 1 0 0 0 0 1 1 1 1 1 1 0]
29 34 51 0.25010651896037495 [1 0 0 1 1 0 0 0 0 1 1 1 1 1 0 0 0 0 1 0 0 1 0 1 0 1 0 1 1 1 0 1 0 0 1 1 1
 1 1 1 1 0 0 0 1 1 1 1 1 0 0 0 0 1 1 1 1 1 1 0]
30 34 54 0.25010651896037495 [1 0 0 1 1 0 0 0 0 1 1 1 1 1 0 0 0 0 1 0 0 1 0 1 0 1 0 1 1 1 0 1 0 0 1 1 1
 1 1 1 1 0 0 0 1 1 1 1 1 0 0 0 0 1 1 1 1 1 1 0]
31 34 53 0.25010651896037495 [1 0 0 1 1 0 0 0 0 1 1 1 1 1 0 0 0 0 1 0 0 1 0 1 0 1 0 1 1 1 0 1 0 0 1 1 1
 1 1 1 1 0 0 0 1 1 1 1 1 0 0 0 0 1 1 1 1 1 1 0]
32 34 49 0.25010651896037495 [1 0 0 1 1 0 0 0 0 1 1 1 1 1 0 0 0 0 1 0 0 1 0 1 0 1 0 1 1 1 0 1 0 0 1 1 1
 1 1 1 1 0 0 0 1 1 1 1 1 0 0 0 0 1 1 1 1 1 1 0]
33 34 51 0.25010651896037495 [1 0 0 1 1 0 0 0 0 1 1 1 1 1 0 0 0 0 1 0 0 1 0 1 0 1 0 1 1 1 0 1 0 0 1 1 1
 1 1 1 1 0 0 0 1 1 1 1 1 0 0 0 0 1 1 1 1 1 1 0]
34 34 52 0.25010651896037495 [1 0 0 1 1 0 0 0 0 1 1 1 1 1 0 0 0 0 1 0 0 1 0 1 0 1 0 1 1 1 0 1 0 0 1 1 1
 1 1 1 1 0 0 0 1 1 1 1 1 0 0 0 0 1 1 1 1 1 1 0]
35 34 52 0.25010651896037495 [1 0 0 1 1 0 0 0 0 1 1 1 1 1 0 0 0 0 1 0 0 1 0 1 0 1 0 1 1 1 0 1 0 0 1 1 1
 1 1 1 1 0 0 0 1 1 1 1 1 0 0 0 0 1 1 1 1 1 1 0]
36 34 56 0.25010651896037495 [1 0 0 1 1 0 0 0 0 1 1 1 1 1 0 0 0 0 1 0 0 1 0 1 0 1 0 1 1 1 0 1 0 0 1 1 1
 1 1 1 1 0 0 0 1 1 1 1 1 0 0 0 0 1 1 1 1 1 1 0]
37 34 53 0.25010651896037495 [1 0 0 1 1 0 0 0 0 1 1 1 1 1 0 0 0 0 1 0 0 1 0 1 0 1 0 1 1 1 0 1 0 0 1 1 1
 1 1 1 1 0 0 0 1 1 1 1 1 0 0 0 0 1 1 1 1 1 1 0]
38 34 52 0.25010651896037495 [1 0 0 1 1 0 0 0 0 1 1 1 1 1 0 0 0 0 1 0 0 1 0 1 0 1 0 1 1 1 0 1 0 0 1 1 1
 1 1 1 1 0 0 0 1 1 1 1 1 0 0 0 0 1 1 1 1 1 1 0]
39 34 53 0.25010651896037495 [1 0 0 1 1 0 0 0 0 1 1 1 1 1 0 0 0 0 1 0 0 1 0 1 0 1 0 1 1 1 0 1 0 0 1 1 1
 1 1 1 1 0 0 0 1 1 1 1 1 0 0 0 0 1 1 1 1 1 1 0]
40 34 53 0.25010651896037495 [1 0 0 1 1 0 0 0 0 1 1 1 1 1 0 0 0 0 1 0 0 1 0 1 0 1 0 1 1 1 0 1 0 0 1 1 1
 1 1 1 1 0 0 0 1 1 1 1 1 0 0 0 0 1 1 1 1 1 1 0]
41 34 55 0.25010651896037495 [1 0 0 1 1 0 0 0 0 1 1 1 1 1 0 0 0 0 1 0 0 1 0 1 0 1 0 1 1 1 0 1 0 0 1 1 1
 1 1 1 1 0 0 0 1 1 1 1 1 0 0 0 0 1 1 1 1 1 1 0]
42 28 50 0.24877539024230932 [0 1 0 0 0 1 0 1 0 0 1 1 0 1 1 0 0 0 0 0 0 1 0 0 0 0 1 1 1 0 1 0 0 0 1 1 0
 1 1 1 0 0 0 0 1 1 1 1 0 1 0 0 1 1 1 0 1 1 0 1]
43 32 52 0.23952614851199072 [0 1 1 1 1 1 0 0 0 0 1 0 0 0 1 0 0 0 0 0 1 0 1 1 1 0 1 0 0 1 0 1 0 0 1 1 0
 1 1 1 1 1 0 0 1 1 0 1 0 1 0 0 1 1 1 0 1 1 1 1]
44 32 52 0.23952614851199072 [0 1 1 1 1 1 0 0 0 0 1 0 0 0 1 0 0 0 0 0 1 0 1 1 1 0 1 0 0 1 0 1 0 0 1 1 0
 1 1 1 1 1 0 0 1 1 0 1 0 1 0 0 1 1 1 0 1 1 1 1]
45 32 50 0.23952614851199072 [0 1 1 1 1 1 0 0 0 0 1 0 0 0 1 0 0 0 0 0 1 0 1 1 1 0 1 0 0 1 0 1 0 0 1 1 0
 1 1 1 1 1 0 0 1 1 0 1 0 1 0 0 1 1 1 0 1 1 1 1]
46 32 55 0.23952614851199072 [0 1 1 1 1 1 0 0 0 0 1 0 0 0 1 0 0 0 0 0 1 0 1 1 1 0 1 0 0 1 0 1 0 0 1 1 0
 1 1 1 1 1 0 0 1 1 0 1 0 1 0 0 1 1 1 0 1 1 1 1]
47 32 53 0.23952614851199072 [0 1 1 1 1 1 0 0 0 0 1 0 0 0 1 0 0 0 0 0 1 0 1 1 1 0 1 0 0 1 0 1 0 0 1 1 0
 1 1 1 1 1 0 0 1 1 0 1 0 1 0 0 1 1 1 0 1 1 1 1]
48 32 54 0.23952614851199072 [0 1 1 1 1 1 0 0 0 0 1 0 0 0 1 0 0 0 0 0 1 0 1 1 1 0 1 0 0 1 0 1 0 0 1 1 0
 1 1 1 1 1 0 0 1 1 0 1 0 1 0 0 1 1 1 0 1 1 1 1]
49 32 52 0.23952614851199072 [0 1 1 1 1 1 0 0 0 0 1 0 0 0 1 0 0 0 0 0 1 0 1 1 1 0 1 0 0 1 0 1 0 0 1 1 0
 1 1 1 1 1 0 0 1 1 0 1 0 1 0 0 1 1 1 0 1 1 1 1]
50 32 48 0.23952614851199072 [0 1 1 1 1 1 0 0 0 0 1 0 0 0 1 0 0 0 0 0 1 0 1 1 1 0 1 0 0 1 0 1 0 0 1 1 0
 1 1 1 1 1 0 0 1 1 0 1 0 1 0 0 1 1 1 0 1 1 1 1]
51 32 55 0.23952614851199072 [0 1 1 1 1 1 0 0 0 0 1 0 0 0 1 0 0 0 0 0 1 0 1 1 1 0 1 0 0 1 0 1 0 0 1 1 0
 1 1 1 1 1 0 0 1 1 0 1 0 1 0 0 1 1 1 0 1 1 1 1]
52 32 53 0.23952614851199072 [0 1 1 1 1 1 0 0 0 0 1 0 0 0 1 0 0 0 0 0 1 0 1 1 1 0 1 0 0 1 0 1 0 0 1 1 0
 1 1 1 1 1 0 0 1 1 0 1 0 1 0 0 1 1 1 0 1 1 1 1]
53 32 53 0.23952614851199072 [0 1 1 1 1 1 0 0 0 0 1 0 0 0 1 0 0 0 0 0 1 0 1 1 1 0 1 0 0 1 0 1 0 0 1 1 0
 1 1 1 1 1 0 0 1 1 0 1 0 1 0 0 1 1 1 0 1 1 1 1]
54 32 54 0.23952614851199072 [0 1 1 1 1 1 0 0 0 0 1 0 0 0 1 0 0 0 0 0 1 0 1 1 1 0 1 0 0 1 0 1 0 0 1 1 0
 1 1 1 1 1 0 0 1 1 0 1 0 1 0 0 1 1 1 0 1 1 1 1]
55 32 51 0.23952614851199072 [0 1 1 1 1 1 0 0 0 0 1 0 0 0 1 0 0 0 0 0 1 0 1 1 1 0 1 0 0 1 0 1 0 0 1 1 0
 1 1 1 1 1 0 0 1 1 0 1 0 1 0 0 1 1 1 0 1 1 1 1]
56 32 56 0.23952614851199072 [0 1 1 1 1 1 0 0 0 0 1 0 0 0 1 0 0 0 0 0 1 0 1 1 1 0 1 0 0 1 0 1 0 0 1 1 0
 1 1 1 1 1 0 0 1 1 0 1 0 1 0 0 1 1 1 0 1 1 1 1]
57 32 53 0.23952614851199072 [0 1 1 1 1 1 0 0 0 0 1 0 0 0 1 0 0 0 0 0 1 0 1 1 1 0 1 0 0 1 0 1 0 0 1 1 0
 1 1 1 1 1 0 0 1 1 0 1 0 1 0 0 1 1 1 0 1 1 1 1]
58 32 53 0.23952614851199072 [0 1 1 1 1 1 0 0 0 0 1 0 0 0 1 0 0 0 0 0 1 0 1 1 1 0 1 0 0 1 0 1 0 0 1 1 0
 1 1 1 1 1 0 0 1 1 0 1 0 1 0 0 1 1 1 0 1 1 1 1]
59 32 53 0.23952614851199072 [0 1 1 1 1 1 0 0 0 0 1 0 0 0 1 0 0 0 0 0 1 0 1 1 1 0 1 0 0 1 0 1 0 0 1 1 0
 1 1 1 1 1 0 0 1 1 0 1 0 1 0 0 1 1 1 0 1 1 1 1]
60 32 52 0.23952614851199072 [0 1 1 1 1 1 0 0 0 0 1 0 0 0 1 0 0 0 0 0 1 0 1 1 1 0 1 0 0 1 0 1 0 0 1 1 0
 1 1 1 1 1 0 0 1 1 0 1 0 1 0 0 1 1 1 0 1 1 1 1]
61 32 51 0.23952614851199072 [0 1 1 1 1 1 0 0 0 0 1 0 0 0 1 0 0 0 0 0 1 0 1 1 1 0 1 0 0 1 0 1 0 0 1 1 0
 1 1 1 1 1 0 0 1 1 0 1 0 1 0 0 1 1 1 0 1 1 1 1]
62 32 50 0.23952614851199072 [0 1 1 1 1 1 0 0 0 0 1 0 0 0 1 0 0 0 0 0 1 0 1 1 1 0 1 0 0 1 0 1 0 0 1 1 0
 1 1 1 1 1 0 0 1 1 0 1 0 1 0 0 1 1 1 0 1 1 1 1]
63 32 52 0.23952614851199072 [0 1 1 1 1 1 0 0 0 0 1 0 0 0 1 0 0 0 0 0 1 0 1 1 1 0 1 0 0 1 0 1 0 0 1 1 0
 1 1 1 1 1 0 0 1 1 0 1 0 1 0 0 1 1 1 0 1 1 1 1]
64 32 54 0.23952614851199072 [0 1 1 1 1 1 0 0 0 0 1 0 0 0 1 0 0 0 0 0 1 0 1 1 1 0 1 0 0 1 0 1 0 0 1 1 0
 1 1 1 1 1 0 0 1 1 0 1 0 1 0 0 1 1 1 0 1 1 1 1]
65 32 55 0.23952614851199072 [0 1 1 1 1 1 0 0 0 0 1 0 0 0 1 0 0 0 0 0 1 0 1 1 1 0 1 0 0 1 0 1 0 0 1 1 0
 1 1 1 1 1 0 0 1 1 0 1 0 1 0 0 1 1 1 0 1 1 1 1]
66 32 52 0.23952614851199072 [0 1 1 1 1 1 0 0 0 0 1 0 0 0 1 0 0 0 0 0 1 0 1 1 1 0 1 0 0 1 0 1 0 0 1 1 0
 1 1 1 1 1 0 0 1 1 0 1 0 1 0 0 1 1 1 0 1 1 1 1]
67 32 52 0.23952614851199072 [0 1 1 1 1 1 0 0 0 0 1 0 0 0 1 0 0 0 0 0 1 0 1 1 1 0 1 0 0 1 0 1 0 0 1 1 0
 1 1 1 1 1 0 0 1 1 0 1 0 1 0 0 1 1 1 0 1 1 1 1]
68 32 53 0.23952614851199072 [0 1 1 1 1 1 0 0 0 0 1 0 0 0 1 0 0 0 0 0 1 0 1 1 1 0 1 0 0 1 0 1 0 0 1 1 0
 1 1 1 1 1 0 0 1 1 0 1 0 1 0 0 1 1 1 0 1 1 1 1]
69 32 51 0.23952614851199072 [0 1 1 1 1 1 0 0 0 0 1 0 0 0 1 0 0 0 0 0 1 0 1 1 1 0 1 0 0 1 0 1 0 0 1 1 0
 1 1 1 1 1 0 0 1 1 0 1 0 1 0 0 1 1 1 0 1 1 1 1]
70 32 55 0.23952614851199072 [0 1 1 1 1 1 0 0 0 0 1 0 0 0 1 0 0 0 0 0 1 0 1 1 1 0 1 0 0 1 0 1 0 0 1 1 0
 1 1 1 1 1 0 0 1 1 0 1 0 1 0 0 1 1 1 0 1 1 1 1]
71 32 52 0.23952614851199072 [0 1 1 1 1 1 0 0 0 0 1 0 0 0 1 0 0 0 0 0 1 0 1 1 1 0 1 0 0 1 0 1 0 0 1 1 0
 1 1 1 1 1 0 0 1 1 0 1 0 1 0 0 1 1 1 0 1 1 1 1]
72 32 55 0.23952614851199072 [0 1 1 1 1 1 0 0 0 0 1 0 0 0 1 0 0 0 0 0 1 0 1 1 1 0 1 0 0 1 0 1 0 0 1 1 0
 1 1 1 1 1 0 0 1 1 0 1 0 1 0 0 1 1 1 0 1 1 1 1]
73 33 54 0.23253004387359322 [0 1 0 1 1 1 1 0 0 1 1 0 1 0 0 0 0 0 0 0 1 0 1 0 1 1 1 1 1 0 0 1 0 0 1 1 1
 0 0 1 0 0 0 1 1 1 0 0 1 1 1 0 1 1 1 1 1 1 0 1]
74 33 51 0.23253004387359322 [0 1 0 1 1 1 1 0 0 1 1 0 1 0 0 0 0 0 0 0 1 0 1 0 1 1 1 1 1 0 0 1 0 0 1 1 1
 0 0 1 0 0 0 1 1 1 0 0 1 1 1 0 1 1 1 1 1 1 0 1]
75 33 49 0.23253004387359322 [0 1 0 1 1 1 1 0 0 1 1 0 1 0 0 0 0 0 0 0 1 0 1 0 1 1 1 1 1 0 0 1 0 0 1 1 1
 0 0 1 0 0 0 1 1 1 0 0 1 1 1 0 1 1 1 1 1 1 0 1]
76 33 53 0.23253004387359322 [0 1 0 1 1 1 1 0 0 1 1 0 1 0 0 0 0 0 0 0 1 0 1 0 1 1 1 1 1 0 0 1 0 0 1 1 1
 0 0 1 0 0 0 1 1 1 0 0 1 1 1 0 1 1 1 1 1 1 0 1]
77 33 53 0.23253004387359322 [0 1 0 1 1 1 1 0 0 1 1 0 1 0 0 0 0 0 0 0 1 0 1 0 1 1 1 1 1 0 0 1 0 0 1 1 1
 0 0 1 0 0 0 1 1 1 0 0 1 1 1 0 1 1 1 1 1 1 0 1]
78 33 54 0.23253004387359322 [0 1 0 1 1 1 1 0 0 1 1 0 1 0 0 0 0 0 0 0 1 0 1 0 1 1 1 1 1 0 0 1 0 0 1 1 1
 0 0 1 0 0 0 1 1 1 0 0 1 1 1 0 1 1 1 1 1 1 0 1]
79 33 53 0.23253004387359322 [0 1 0 1 1 1 1 0 0 1 1 0 1 0 0 0 0 0 0 0 1 0 1 0 1 1 1 1 1 0 0 1 0 0 1 1 1
 0 0 1 0 0 0 1 1 1 0 0 1 1 1 0 1 1 1 1 1 1 0 1]
80 33 52 0.23253004387359322 [0 1 0 1 1 1 1 0 0 1 1 0 1 0 0 0 0 0 0 0 1 0 1 0 1 1 1 1 1 0 0 1 0 0 1 1 1
 0 0 1 0 0 0 1 1 1 0 0 1 1 1 0 1 1 1 1 1 1 0 1]
81 33 54 0.23253004387359322 [0 1 0 1 1 1 1 0 0 1 1 0 1 0 0 0 0 0 0 0 1 0 1 0 1 1 1 1 1 0 0 1 0 0 1 1 1
 0 0 1 0 0 0 1 1 1 0 0 1 1 1 0 1 1 1 1 1 1 0 1]
82 33 52 0.23253004387359322 [0 1 0 1 1 1 1 0 0 1 1 0 1 0 0 0 0 0 0 0 1 0 1 0 1 1 1 1 1 0 0 1 0 0 1 1 1
 0 0 1 0 0 0 1 1 1 0 0 1 1 1 0 1 1 1 1 1 1 0 1]
83 33 55 0.23253004387359322 [0 1 0 1 1 1 1 0 0 1 1 0 1 0 0 0 0 0 0 0 1 0 1 0 1 1 1 1 1 0 0 1 0 0 1 1 1
 0 0 1 0 0 0 1 1 1 0 0 1 1 1 0 1 1 1 1 1 1 0 1]
84 33 51 0.23253004387359322 [0 1 0 1 1 1 1 0 0 1 1 0 1 0 0 0 0 0 0 0 1 0 1 0 1 1 1 1 1 0 0 1 0 0 1 1 1
 0 0 1 0 0 0 1 1 1 0 0 1 1 1 0 1 1 1 1 1 1 0 1]
85 33 55 0.23253004387359322 [0 1 0 1 1 1 1 0 0 1 1 0 1 0 0 0 0 0 0 0 1 0 1 0 1 1 1 1 1 0 0 1 0 0 1 1 1
 0 0 1 0 0 0 1 1 1 0 0 1 1 1 0 1 1 1 1 1 1 0 1]
86 33 54 0.23253004387359322 [0 1 0 1 1 1 1 0 0 1 1 0 1 0 0 0 0 0 0 0 1 0 1 0 1 1 1 1 1 0 0 1 0 0 1 1 1
 0 0 1 0 0 0 1 1 1 0 0 1 1 1 0 1 1 1 1 1 1 0 1]
87 33 52 0.23253004387359322 [0 1 0 1 1 1 1 0 0 1 1 0 1 0 0 0 0 0 0 0 1 0 1 0 1 1 1 1 1 0 0 1 0 0 1 1 1
 0 0 1 0 0 0 1 1 1 0 0 1 1 1 0 1 1 1 1 1 1 0 1]
88 33 50 0.23253004387359322 [0 1 0 1 1 1 1 0 0 1 1 0 1 0 0 0 0 0 0 0 1 0 1 0 1 1 1 1 1 0 0 1 0 0 1 1 1
 0 0 1 0 0 0 1 1 1 0 0 1 1 1 0 1 1 1 1 1 1 0 1]
89 33 54 0.23253004387359322 [0 1 0 1 1 1 1 0 0 1 1 0 1 0 0 0 0 0 0 0 1 0 1 0 1 1 1 1 1 0 0 1 0 0 1 1 1
 0 0 1 0 0 0 1 1 1 0 0 1 1 1 0 1 1 1 1 1 1 0 1]
90 33 52 0.23253004387359322 [0 1 0 1 1 1 1 0 0 1 1 0 1 0 0 0 0 0 0 0 1 0 1 0 1 1 1 1 1 0 0 1 0 0 1 1 1
 0 0 1 0 0 0 1 1 1 0 0 1 1 1 0 1 1 1 1 1 1 0 1]
91 33 50 0.23253004387359322 [0 1 0 1 1 1 1 0 0 1 1 0 1 0 0 0 0 0 0 0 1 0 1 0 1 1 1 1 1 0 0 1 0 0 1 1 1
 0 0 1 0 0 0 1 1 1 0 0 1 1 1 0 1 1 1 1 1 1 0 1]
92 33 50 0.23253004387359322 [0 1 0 1 1 1 1 0 0 1 1 0 1 0 0 0 0 0 0 0 1 0 1 0 1 1 1 1 1 0 0 1 0 0 1 1 1
 0 0 1 0 0 0 1 1 1 0 0 1 1 1 0 1 1 1 1 1 1 0 1]
93 33 53 0.23253004387359322 [0 1 0 1 1 1 1 0 0 1 1 0 1 0 0 0 0 0 0 0 1 0 1 0 1 1 1 1 1 0 0 1 0 0 1 1 1
 0 0 1 0 0 0 1 1 1 0 0 1 1 1 0 1 1 1 1 1 1 0 1]
94 33 53 0.23253004387359322 [0 1 0 1 1 1 1 0 0 1 1 0 1 0 0 0 0 0 0 0 1 0 1 0 1 1 1 1 1 0 0 1 0 0 1 1 1
 0 0 1 0 0 0 1 1 1 0 0 1 1 1 0 1 1 1 1 1 1 0 1]
95 33 52 0.23253004387359322 [0 1 0 1 1 1 1 0 0 1 1 0 1 0 0 0 0 0 0 0 1 0 1 0 1 1 1 1 1 0 0 1 0 0 1 1 1
 0 0 1 0 0 0 1 1 1 0 0 1 1 1 0 1 1 1 1 1 1 0 1]
96 33 48 0.23253004387359322 [0 1 0 1 1 1 1 0 0 1 1 0 1 0 0 0 0 0 0 0 1 0 1 0 1 1 1 1 1 0 0 1 0 0 1 1 1
 0 0 1 0 0 0 1 1 1 0 0 1 1 1 0 1 1 1 1 1 1 0 1]
97 33 51 0.23253004387359322 [0 1 0 1 1 1 1 0 0 1 1 0 1 0 0 0 0 0 0 0 1 0 1 0 1 1 1 1 1 0 0 1 0 0 1 1 1
 0 0 1 0 0 0 1 1 1 0 0 1 1 1 0 1 1 1 1 1 1 0 1]
98 33 53 0.23253004387359322 [0 1 0 1 1 1 1 0 0 1 1 0 1 0 0 0 0 0 0 0 1 0 1 0 1 1 1 1 1 0 0 1 0 0 1 1 1
 0 0 1 0 0 0 1 1 1 0 0 1 1 1 0 1 1 1 1 1 1 0 1]
99 33 53 0.23253004387359322 [0 1 0 1 1 1 1 0 0 1 1 0 1 0 0 0 0 0 0 0 1 0 1 0 1 1 1 1 1 0 0 1 0 0 1 1 1
 0 0 1 0 0 0 1 1 1 0 0 1 1 1 0 1 1 1 1 1 1 0 1]
100 33 53 0.23253004387359322 [0 1 0 1 1 1 1 0 0 1 1 0 1 0 0 0 0 0 0 0 1 0 1 0 1 1 1 1 1 0 0 1 0 0 1 1 1
 0 0 1 0 0 0 1 1 1 0 0 1 1 1 0 1 1 1 1 1 1 0 1]
101 33 54 0.23253004387359322 [0 1 0 1 1 1 1 0 0 1 1 0 1 0 0 0 0 0 0 0 1 0 1 0 1 1 1 1 1 0 0 1 0 0 1 1 1
 0 0 1 0 0 0 1 1 1 0 0 1 1 1 0 1 1 1 1 1 1 0 1]
102 33 52 0.23253004387359322 [0 1 0 1 1 1 1 0 0 1 1 0 1 0 0 0 0 0 0 0 1 0 1 0 1 1 1 1 1 0 0 1 0 0 1 1 1
 0 0 1 0 0 0 1 1 1 0 0 1 1 1 0 1 1 1 1 1 1 0 1]
103 33 54 0.23253004387359322 [0 1 0 1 1 1 1 0 0 1 1 0 1 0 0 0 0 0 0 0 1 0 1 0 1 1 1 1 1 0 0 1 0 0 1 1 1
 0 0 1 0 0 0 1 1 1 0 0 1 1 1 0 1 1 1 1 1 1 0 1]
104 33 52 0.23253004387359322 [0 1 0 1 1 1 1 0 0 1 1 0 1 0 0 0 0 0 0 0 1 0 1 0 1 1 1 1 1 0 0 1 0 0 1 1 1
 0 0 1 0 0 0 1 1 1 0 0 1 1 1 0 1 1 1 1 1 1 0 1]
105 33 53 0.23253004387359322 [0 1 0 1 1 1 1 0 0 1 1 0 1 0 0 0 0 0 0 0 1 0 1 0 1 1 1 1 1 0 0 1 0 0 1 1 1
 0 0 1 0 0 0 1 1 1 0 0 1 1 1 0 1 1 1 1 1 1 0 1]
106 33 51 0.23253004387359322 [0 1 0 1 1 1 1 0 0 1 1 0 1 0 0 0 0 0 0 0 1 0 1 0 1 1 1 1 1 0 0 1 0 0 1 1 1
 0 0 1 0 0 0 1 1 1 0 0 1 1 1 0 1 1 1 1 1 1 0 1]
107 33 51 0.23253004387359322 [0 1 0 1 1 1 1 0 0 1 1 0 1 0 0 0 0 0 0 0 1 0 1 0 1 1 1 1 1 0 0 1 0 0 1 1 1
 0 0 1 0 0 0 1 1 1 0 0 1 1 1 0 1 1 1 1 1 1 0 1]
108 33 52 0.23253004387359322 [0 1 0 1 1 1 1 0 0 1 1 0 1 0 0 0 0 0 0 0 1 0 1 0 1 1 1 1 1 0 0 1 0 0 1 1 1
 0 0 1 0 0 0 1 1 1 0 0 1 1 1 0 1 1 1 1 1 1 0 1]
109 33 54 0.23253004387359322 [0 1 0 1 1 1 1 0 0 1 1 0 1 0 0 0 0 0 0 0 1 0 1 0 1 1 1 1 1 0 0 1 0 0 1 1 1
 0 0 1 0 0 0 1 1 1 0 0 1 1 1 0 1 1 1 1 1 1 0 1]
110 33 58 0.23253004387359322 [0 1 0 1 1 1 1 0 0 1 1 0 1 0 0 0 0 0 0 0 1 0 1 0 1 1 1 1 1 0 0 1 0 0 1 1 1
 0 0 1 0 0 0 1 1 1 0 0 1 1 1 0 1 1 1 1 1 1 0 1]
111 33 53 0.23253004387359322 [0 1 0 1 1 1 1 0 0 1 1 0 1 0 0 0 0 0 0 0 1 0 1 0 1 1 1 1 1 0 0 1 0 0 1 1 1
 0 0 1 0 0 0 1 1 1 0 0 1 1 1 0 1 1 1 1 1 1 0 1]
112 33 52 0.23253004387359322 [0 1 0 1 1 1 1 0 0 1 1 0 1 0 0 0 0 0 0 0 1 0 1 0 1 1 1 1 1 0 0 1 0 0 1 1 1
 0 0 1 0 0 0 1 1 1 0 0 1 1 1 0 1 1 1 1 1 1 0 1]
113 33 50 0.23253004387359322 [0 1 0 1 1 1 1 0 0 1 1 0 1 0 0 0 0 0 0 0 1 0 1 0 1 1 1 1 1 0 0 1 0 0 1 1 1
 0 0 1 0 0 0 1 1 1 0 0 1 1 1 0 1 1 1 1 1 1 0 1]
114 33 54 0.23253004387359322 [0 1 0 1 1 1 1 0 0 1 1 0 1 0 0 0 0 0 0 0 1 0 1 0 1 1 1 1 1 0 0 1 0 0 1 1 1
 0 0 1 0 0 0 1 1 1 0 0 1 1 1 0 1 1 1 1 1 1 0 1]
115 33 51 0.23253004387359322 [0 1 0 1 1 1 1 0 0 1 1 0 1 0 0 0 0 0 0 0 1 0 1 0 1 1 1 1 1 0 0 1 0 0 1 1 1
 0 0 1 0 0 0 1 1 1 0 0 1 1 1 0 1 1 1 1 1 1 0 1]
116 33 56 0.23253004387359322 [0 1 0 1 1 1 1 0 0 1 1 0 1 0 0 0 0 0 0 0 1 0 1 0 1 1 1 1 1 0 0 1 0 0 1 1 1
 0 0 1 0 0 0 1 1 1 0 0 1 1 1 0 1 1 1 1 1 1 0 1]
117 33 49 0.23253004387359322 [0 1 0 1 1 1 1 0 0 1 1 0 1 0 0 0 0 0 0 0 1 0 1 0 1 1 1 1 1 0 0 1 0 0 1 1 1
 0 0 1 0 0 0 1 1 1 0 0 1 1 1 0 1 1 1 1 1 1 0 1]
118 33 52 0.23253004387359322 [0 1 0 1 1 1 1 0 0 1 1 0 1 0 0 0 0 0 0 0 1 0 1 0 1 1 1 1 1 0 0 1 0 0 1 1 1
 0 0 1 0 0 0 1 1 1 0 0 1 1 1 0 1 1 1 1 1 1 0 1]
119 33 52 0.23253004387359322 [0 1 0 1 1 1 1 0 0 1 1 0 1 0 0 0 0 0 0 0 1 0 1 0 1 1 1 1 1 0 0 1 0 0 1 1 1
 0 0 1 0 0 0 1 1 1 0 0 1 1 1 0 1 1 1 1 1 1 0 1]
120 33 52 0.23253004387359322 [0 1 0 1 1 1 1 0 0 1 1 0 1 0 0 0 0 0 0 0 1 0 1 0 1 1 1 1 1 0 0 1 0 0 1 1 1
 0 0 1 0 0 0 1 1 1 0 0 1 1 1 0 1 1 1 1 1 1 0 1]
121 33 52 0.23253004387359322 [0 1 0 1 1 1 1 0 0 1 1 0 1 0 0 0 0 0 0 0 1 0 1 0 1 1 1 1 1 0 0 1 0 0 1 1 1
 0 0 1 0 0 0 1 1 1 0 0 1 1 1 0 1 1 1 1 1 1 0 1]
122 33 51 0.23253004387359322 [0 1 0 1 1 1 1 0 0 1 1 0 1 0 0 0 0 0 0 0 1 0 1 0 1 1 1 1 1 0 0 1 0 0 1 1 1
 0 0 1 0 0 0 1 1 1 0 0 1 1 1 0 1 1 1 1 1 1 0 1]
123 33 50 0.23253004387359322 [0 1 0 1 1 1 1 0 0 1 1 0 1 0 0 0 0 0 0 0 1 0 1 0 1 1 1 1 1 0 0 1 0 0 1 1 1
 0 0 1 0 0 0 1 1 1 0 0 1 1 1 0 1 1 1 1 1 1 0 1]
124 33 51 0.23253004387359322 [0 1 0 1 1 1 1 0 0 1 1 0 1 0 0 0 0 0 0 0 1 0 1 0 1 1 1 1 1 0 0 1 0 0 1 1 1
 0 0 1 0 0 0 1 1 1 0 0 1 1 1 0 1 1 1 1 1 1 0 1]
125 33 52 0.23253004387359322 [0 1 0 1 1 1 1 0 0 1 1 0 1 0 0 0 0 0 0 0 1 0 1 0 1 1 1 1 1 0 0 1 0 0 1 1 1
 0 0 1 0 0 0 1 1 1 0 0 1 1 1 0 1 1 1 1 1 1 0 1]
126 33 53 0.23253004387359322 [0 1 0 1 1 1 1 0 0 1 1 0 1 0 0 0 0 0 0 0 1 0 1 0 1 1 1 1 1 0 0 1 0 0 1 1 1
 0 0 1 0 0 0 1 1 1 0 0 1 1 1 0 1 1 1 1 1 1 0 1]
127 33 50 0.23253004387359322 [0 1 0 1 1 1 1 0 0 1 1 0 1 0 0 0 0 0 0 0 1 0 1 0 1 1 1 1 1 0 0 1 0 0 1 1 1
 0 0 1 0 0 0 1 1 1 0 0 1 1 1 0 1 1 1 1 1 1 0 1]
128 33 52 0.23253004387359322 [0 1 0 1 1 1 1 0 0 1 1 0 1 0 0 0 0 0 0 0 1 0 1 0 1 1 1 1 1 0 0 1 0 0 1 1 1
 0 0 1 0 0 0 1 1 1 0 0 1 1 1 0 1 1 1 1 1 1 0 1]
129 33 50 0.23253004387359322 [0 1 0 1 1 1 1 0 0 1 1 0 1 0 0 0 0 0 0 0 1 0 1 0 1 1 1 1 1 0 0 1 0 0 1 1 1
 0 0 1 0 0 0 1 1 1 0 0 1 1 1 0 1 1 1 1 1 1 0 1]
130 33 51 0.23253004387359322 [0 1 0 1 1 1 1 0 0 1 1 0 1 0 0 0 0 0 0 0 1 0 1 0 1 1 1 1 1 0 0 1 0 0 1 1 1
 0 0 1 0 0 0 1 1 1 0 0 1 1 1 0 1 1 1 1 1 1 0 1]
131 33 53 0.23253004387359322 [0 1 0 1 1 1 1 0 0 1 1 0 1 0 0 0 0 0 0 0 1 0 1 0 1 1 1 1 1 0 0 1 0 0 1 1 1
 0 0 1 0 0 0 1 1 1 0 0 1 1 1 0 1 1 1 1 1 1 0 1]
132 33 53 0.23253004387359322 [0 1 0 1 1 1 1 0 0 1 1 0 1 0 0 0 0 0 0 0 1 0 1 0 1 1 1 1 1 0 0 1 0 0 1 1 1
 0 0 1 0 0 0 1 1 1 0 0 1 1 1 0 1 1 1 1 1 1 0 1]
133 33 56 0.23253004387359322 [0 1 0 1 1 1 1 0 0 1 1 0 1 0 0 0 0 0 0 0 1 0 1 0 1 1 1 1 1 0 0 1 0 0 1 1 1
 0 0 1 0 0 0 1 1 1 0 0 1 1 1 0 1 1 1 1 1 1 0 1]
134 33 54 0.23253004387359322 [0 1 0 1 1 1 1 0 0 1 1 0 1 0 0 0 0 0 0 0 1 0 1 0 1 1 1 1 1 0 0 1 0 0 1 1 1
 0 0 1 0 0 0 1 1 1 0 0 1 1 1 0 1 1 1 1 1 1 0 1]
135 33 51 0.23253004387359322 [0 1 0 1 1 1 1 0 0 1 1 0 1 0 0 0 0 0 0 0 1 0 1 0 1 1 1 1 1 0 0 1 0 0 1 1 1
 0 0 1 0 0 0 1 1 1 0 0 1 1 1 0 1 1 1 1 1 1 0 1]
136 33 57 0.23253004387359322 [0 1 0 1 1 1 1 0 0 1 1 0 1 0 0 0 0 0 0 0 1 0 1 0 1 1 1 1 1 0 0 1 0 0 1 1 1
 0 0 1 0 0 0 1 1 1 0 0 1 1 1 0 1 1 1 1 1 1 0 1]
137 33 52 0.23253004387359322 [0 1 0 1 1 1 1 0 0 1 1 0 1 0 0 0 0 0 0 0 1 0 1 0 1 1 1 1 1 0 0 1 0 0 1 1 1
 0 0 1 0 0 0 1 1 1 0 0 1 1 1 0 1 1 1 1 1 1 0 1]
138 33 52 0.23253004387359322 [0 1 0 1 1 1 1 0 0 1 1 0 1 0 0 0 0 0 0 0 1 0 1 0 1 1 1 1 1 0 0 1 0 0 1 1 1
 0 0 1 0 0 0 1 1 1 0 0 1 1 1 0 1 1 1 1 1 1 0 1]
139 33 54 0.23253004387359322 [0 1 0 1 1 1 1 0 0 1 1 0 1 0 0 0 0 0 0 0 1 0 1 0 1 1 1 1 1 0 0 1 0 0 1 1 1
 0 0 1 0 0 0 1 1 1 0 0 1 1 1 0 1 1 1 1 1 1 0 1]
140 33 50 0.23253004387359322 [0 1 0 1 1 1 1 0 0 1 1 0 1 0 0 0 0 0 0 0 1 0 1 0 1 1 1 1 1 0 0 1 0 0 1 1 1
 0 0 1 0 0 0 1 1 1 0 0 1 1 1 0 1 1 1 1 1 1 0 1]
141 33 51 0.23253004387359322 [0 1 0 1 1 1 1 0 0 1 1 0 1 0 0 0 0 0 0 0 1 0 1 0 1 1 1 1 1 0 0 1 0 0 1 1 1
 0 0 1 0 0 0 1 1 1 0 0 1 1 1 0 1 1 1 1 1 1 0 1]
142 33 50 0.23253004387359322 [0 1 0 1 1 1 1 0 0 1 1 0 1 0 0 0 0 0 0 0 1 0 1 0 1 1 1 1 1 0 0 1 0 0 1 1 1
 0 0 1 0 0 0 1 1 1 0 0 1 1 1 0 1 1 1 1 1 1 0 1]
143 33 51 0.23253004387359322 [0 1 0 1 1 1 1 0 0 1 1 0 1 0 0 0 0 0 0 0 1 0 1 0 1 1 1 1 1 0 0 1 0 0 1 1 1
 0 0 1 0 0 0 1 1 1 0 0 1 1 1 0 1 1 1 1 1 1 0 1]
144 33 48 0.23253004387359322 [0 1 0 1 1 1 1 0 0 1 1 0 1 0 0 0 0 0 0 0 1 0 1 0 1 1 1 1 1 0 0 1 0 0 1 1 1
 0 0 1 0 0 0 1 1 1 0 0 1 1 1 0 1 1 1 1 1 1 0 1]
145 26 54 0.23170225669507483 [0 0 0 1 0 1 0 0 1 1 1 0 0 0 0 0 0 0 0 0 0 0 1 0 0 1 0 1 1 1 0 0 0 0 1 1 1
 0 1 1 0 0 0 0 1 1 0 0 1 1 0 0 1 1 1 1 1 1 0 1]
146 26 53 0.23170225669507483 [0 0 0 1 0 1 0 0 1 1 1 0 0 0 0 0 0 0 0 0 0 0 1 0 0 1 0 1 1 1 0 0 0 0 1 1 1
 0 1 1 0 0 0 0 1 1 0 0 1 1 0 0 1 1 1 1 1 1 0 1]
147 28 52 0.21647425897035888 [0 0 0 1 0 1 0 0 1 0 1 0 0 0 0 0 0 0 0 0 0 0 0 0 1 1 1 1 1 1 0 1 0 0 1 1 1
 0 0 1 0 0 0 1 1 1 0 0 1 1 0 0 1 1 1 1 1 1 1 1]
148 28 53 0.21647425897035888 [0 0 0 1 0 1 0 0 1 0 1 0 0 0 0 0 0 0 0 0 0 0 0 0 1 1 1 1 1 1 0 1 0 0 1 1 1
 0 0 1 0 0 0 1 1 1 0 0 1 1 0 0 1 1 1 1 1 1 1 1]
149 28 54 0.21647425897035888 [0 0 0 1 0 1 0 0 1 0 1 0 0 0 0 0 0 0 0 0 0 0 0 0 1 1 1 1 1 1 0 1 0 0 1 1 1
 0 0 1 0 0 0 1 1 1 0 0 1 1 0 0 1 1 1 1 1 1 1 1]
150 28 54 0.21647425897035888 [0 0 0 1 0 1 0 0 1 0 1 0 0 0 0 0 0 0 0 0 0 0 0 0 1 1 1 1 1 1 0 1 0 0 1 1 1
 0 0 1 0 0 0 1 1 1 0 0 1 1 0 0 1 1 1 1 1 1 1 1]
