0 25 100 0.2766043592685067 [0 0 1 1 0 0 0 0 1 1 0 0 0 1 0 0 0 0 0 0 1 1 0 0 0 0 1 1 0 0 0 0 0 0 0 1 1
 1 0 1 0 0 1 0 1 1 1 0 1 0 1 1 1 1 1 1 0 1 0 0]
1 31 85 0.25876902713434813 [0 0 1 1 0 1 0 0 0 1 0 1 1 0 0 1 1 0 0 0 1 0 1 0 0 0 1 0 0 0 1 1 0 1 1 0 1
 0 0 1 1 0 1 0 1 1 1 1 1 1 1 1 0 1 0 1 0 1 1 0]
2 24 57 0.2565534458971158 [0 0 0 1 1 0 0 0 0 0 0 1 0 0 0 1 0 1 0 0 0 0 0 0 1 0 1 0 1 1 0 0 1 0 0 0 1
 0 0 1 1 0 0 0 1 1 1 1 1 0 1 0 1 1 1 0 0 1 0 1]
3 25 55 0.25489172971562746 [0 1 0 1 1 0 0 0 0 0 0 0 0 0 0 0 0 0 0 0 0 0 1 0 0 1 1 1 1 1 0 0 1 0 0 1 1
 0 0 1 0 0 1 0 1 1 1 1 1 0 1 0 0 1 1 1 0 1 0 1]
4 26 53 0.2446318520921179 [0 1 0 1 0 0 0 0 0 0 1 1 0 0 0 0 1 0 0 1 0 0 1 0 0 1 1 1 0 1 0 0 1 0 1 0 1
 0 0 1 0 0 1 0 1 1 1 1 1 0 1 0 0 1 1 1 0 0 0 1]
5 26 53 0.2446318520921179 [0 1 0 1 0 0 0 0 0 0 1 1 0 0 0 0 1 0 0 1 0 0 1 0 0 1 1 1 0 1 0 0 1 0 1 0 1
 0 0 1 0 0 1 0 1 1 1 1 1 0 1 0 0 1 1 1 0 0 0 1]
6 21 52 0.24012551353799372 [0 0 0 1 0 0 0 0 0 0 1 1 0 1 1 0 0 0 0 0 1 1 0 0 0 0 0 1 0 1 0 0 0 1 0 1 1
 0 0 1 0 0 1 1 0 1 0 1 1 1 1 0 0 1 0 0 0 0 0 0]
7 21 52 0.24012551353799372 [0 0 0 1 0 0 0 0 0 0 1 1 0 1 1 0 0 0 0 0 1 1 0 0 0 0 0 1 0 1 0 0 0 1 0 1 1
 0 0 1 0 0 1 1 0 1 0 1 1 1 1 0 0 1 0 0 0 0 0 0]
8 21 52 0.24012551353799372 [0 0 0 1 0 0 0 0 0 0 1 1 0 1 1 0 0 0 0 0 1 1 0 0 0 0 0 1 0 1 0 0 0 1 0 1 1
 0 0 1 0 0 1 1 0 1 0 1 1 1 1 0 0 1 0 0 0 0 0 0]
9 21 56 0.24012551353799372 [0 0 0 1 0 0 0 0 0 0 1 1 0 1 1 0 0 0 0 0 1 1 0 0 0 0 0 1 0 1 0 0 0 1 0 1 1
 0 0 1 0 0 1 1 0 1 0 1 1 1 1 0 0 1 0 0 0 0 0 0]
10 21 55 0.24012551353799372 [0 0 0 1 0 0 0 0 0 0 1 1 0 1 1 0 0 0 0 0 1 1 0 0 0 0 0 1 0 1 0 0 0 1 0 1 1
 0 0 1 0 0 1 1 0 1 0 1 1 1 1 0 0 1 0 0 0 0 0 0]
11 21 53 0.24012551353799372 [0 0 0 1 0 0 0 0 0 0 1 1 0 1 1 0 0 0 0 0 1 1 0 0 0 0 0 1 0 1 0 0 0 1 0 1 1
 0 0 1 0 0 1 1 0 1 0 1 1 1 1 0 0 1 0 0 0 0 0 0]
12 21 51 0.24012551353799372 [0 0 0 1 0 0 0 0 0 0 1 1 0 1 1 0 0 0 0 0 1 1 0 0 0 0 0 1 0 1 0 0 0 1 0 1 1
 0 0 1 0 0 1 1 0 1 0 1 1 1 1 0 0 1 0 0 0 0 0 0]
13 21 50 0.24012551353799372 [0 0 0 1 0 0 0 0 0 0 1 1 0 1 1 0 0 0 0 0 1 1 0 0 0 0 0 1 0 1 0 0 0 1 0 1 1
 0 0 1 0 0 1 1 0 1 0 1 1 1 1 0 0 1 0 0 0 0 0 0]
14 21 51 0.24012551353799372 [0 0 0 1 0 0 0 0 0 0 1 1 0 1 1 0 0 0 0 0 1 1 0 0 0 0 0 1 0 1 0 0 0 1 0 1 1
 0 0 1 0 0 1 1 0 1 0 1 1 1 1 0 0 1 0 0 0 0 0 0]
15 21 55 0.24012551353799372 [0 0 0 1 0 0 0 0 0 0 1 1 0 1 1 0 0 0 0 0 1 1 0 0 0 0 0 1 0 1 0 0 0 1 0 1 1
 0 0 1 0 0 1 1 0 1 0 1 1 1 1 0 0 1 0 0 0 0 0 0]
16 21 52 0.24012551353799372 [0 0 0 1 0 0 0 0 0 0 1 1 0 1 1 0 0 0 0 0 1 1 0 0 0 0 0 1 0 1 0 0 0 1 0 1 1
 0 0 1 0 0 1 1 0 1 0 1 1 1 1 0 0 1 0 0 0 0 0 0]
17 21 50 0.24012551353799372 [0 0 0 1 0 0 0 0 0 0 1 1 0 1 1 0 0 0 0 0 1 1 0 0 0 0 0 1 0 1 0 0 0 1 0 1 1
 0 0 1 0 0 1 1 0 1 0 1 1 1 1 0 0 1 0 0 0 0 0 0]
18 21 51 0.24012551353799372 [0 0 0 1 0 0 0 0 0 0 1 1 0 1 1 0 0 0 0 0 1 1 0 0 0 0 0 1 0 1 0 0 0 1 0 1 1
 0 0 1 0 0 1 1 0 1 0 1 1 1 1 0 0 1 0 0 0 0 0 0]
19 21 52 0.24012551353799372 [0 0 0 1 0 0 0 0 0 0 1 1 0 1 1 0 0 0 0 0 1 1 0 0 0 0 0 1 0 1 0 0 0 1 0 1 1
 0 0 1 0 0 1 1 0 1 0 1 1 1 1 0 0 1 0 0 0 0 0 0]
20 21 50 0.24012551353799372 [0 0 0 1 0 0 0 0 0 0 1 1 0 1 1 0 0 0 0 0 1 1 0 0 0 0 0 1 0 1 0 0 0 1 0 1 1
 0 0 1 0 0 1 1 0 1 0 1 1 1 1 0 0 1 0 0 0 0 0 0]
21 21 50 0.24012551353799372 [0 0 0 1 0 0 0 0 0 0 1 1 0 1 1 0 0 0 0 0 1 1 0 0 0 0 0 1 0 1 0 0 0 1 0 1 1
 0 0 1 0 0 1 1 0 1 0 1 1 1 1 0 0 1 0 0 0 0 0 0]
22 21 53 0.24012551353799372 [0 0 0 1 0 0 0 0 0 0 1 1 0 1 1 0 0 0 0 0 1 1 0 0 0 0 0 1 0 1 0 0 0 1 0 1 1
 0 0 1 0 0 1 1 0 1 0 1 1 1 1 0 0 1 0 0 0 0 0 0]
23 21 53 0.24012551353799372 [0 0 0 1 0 0 0 0 0 0 1 1 0 1 1 0 0 0 0 0 1 1 0 0 0 0 0 1 0 1 0 0 0 1 0 1 1
 0 0 1 0 0 1 1 0 1 0 1 1 1 1 0 0 1 0 0 0 0 0 0]
24 21 54 0.24012551353799372 [0 0 0 1 0 0 0 0 0 0 1 1 0 1 1 0 0 0 0 0 1 1 0 0 0 0 0 1 0 1 0 0 0 1 0 1 1
 0 0 1 0 0 1 1 0 1 0 1 1 1 1 0 0 1 0 0 0 0 0 0]
25 21 54 0.24012551353799372 [0 0 0 1 0 0 0 0 0 0 1 1 0 1 1 0 0 0 0 0 1 1 0 0 0 0 0 1 0 1 0 0 0 1 0 1 1
 0 0 1 0 0 1 1 0 1 0 1 1 1 1 0 0 1 0 0 0 0 0 0]
26 21 53 0.24012551353799372 [0 0 0 1 0 0 0 0 0 0 1 1 0 1 1 0 0 0 0 0 1 1 0 0 0 0 0 1 0 1 0 0 0 1 0 1 1
 0 0 1 0 0 1 1 0 1 0 1 1 1 1 0 0 1 0 0 0 0 0 0]
27 21 52 0.24012551353799372 [0 0 0 1 0 0 0 0 0 0 1 1 0 1 1 0 0 0 0 0 1 1 0 0 0 0 0 1 0 1 0 0 0 1 0 1 1
 0 0 1 0 0 1 1 0 1 0 1 1 1 1 0 0 1 0 0 0 0 0 0]
28 21 56 0.24012551353799372 [0 0 0 1 0 0 0 0 0 0 1 1 0 1 1 0 0 0 0 0 1 1 0 0 0 0 0 1 0 1 0 0 0 1 0 1 1
 0 0 1 0 0 1 1 0 1 0 1 1 1 1 0 0 1 0 0 0 0 0 0]
29 21 53 0.24012551353799372 [0 0 0 1 0 0 0 0 0 0 1 1 0 1 1 0 0 0 0 0 1 1 0 0 0 0 0 1 0 1 0 0 0 1 0 1 1
 0 0 1 0 0 1 1 0 1 0 1 1 1 1 0 0 1 0 0 0 0 0 0]
30 21 55 0.24012551353799372 [0 0 0 1 0 0 0 0 0 0 1 1 0 1 1 0 0 0 0 0 1 1 0 0 0 0 0 1 0 1 0 0 0 1 0 1 1
 0 0 1 0 0 1 1 0 1 0 1 1 1 1 0 0 1 0 0 0 0 0 0]
31 21 53 0.24012551353799372 [0 0 0 1 0 0 0 0 0 0 1 1 0 1 1 0 0 0 0 0 1 1 0 0 0 0 0 1 0 1 0 0 0 1 0 1 1
 0 0 1 0 0 1 1 0 1 0 1 1 1 1 0 0 1 0 0 0 0 0 0]
32 21 50 0.24012551353799372 [0 0 0 1 0 0 0 0 0 0 1 1 0 1 1 0 0 0 0 0 1 1 0 0 0 0 0 1 0 1 0 0 0 1 0 1 1
 0 0 1 0 0 1 1 0 1 0 1 1 1 1 0 0 1 0 0 0 0 0 0]
33 21 51 0.24012551353799372 [0 0 0 1 0 0 0 0 0 0 1 1 0 1 1 0 0 0 0 0 1 1 0 0 0 0 0 1 0 1 0 0 0 1 0 1 1
 0 0 1 0 0 1 1 0 1 0 1 1 1 1 0 0 1 0 0 0 0 0 0]
34 21 53 0.24012551353799372 [0 0 0 1 0 0 0 0 0 0 1 1 0 1 1 0 0 0 0 0 1 1 0 0 0 0 0 1 0 1 0 0 0 1 0 1 1
 0 0 1 0 0 1 1 0 1 0 1 1 1 1 0 0 1 0 0 0 0 0 0]
35 21 53 0.24012551353799372 [0 0 0 1 0 0 0 0 0 0 1 1 0 1 1 0 0 0 0 0 1 1 0 0 0 0 0 1 0 1 0 0 0 1 0 1 1
 0 0 1 0 0 1 1 0 1 0 1 1 1 1 0 0 1 0 0 0 0 0 0]
36 21 53 0.24012551353799372 [0 0 0 1 0 0 0 0 0 0 1 1 0 1 1 0 0 0 0 0 1 1 0 0 0 0 0 1 0 1 0 0 0 1 0 1 1
 0 0 1 0 0 1 1 0 1 0 1 1 1 1 0 0 1 0 0 0 0 0 0]
37 21 51 0.24012551353799372 [0 0 0 1 0 0 0 0 0 0 1 1 0 1 1 0 0 0 0 0 1 1 0 0 0 0 0 1 0 1 0 0 0 1 0 1 1
 0 0 1 0 0 1 1 0 1 0 1 1 1 1 0 0 1 0 0 0 0 0 0]
38 21 54 0.24012551353799372 [0 0 0 1 0 0 0 0 0 0 1 1 0 1 1 0 0 0 0 0 1 1 0 0 0 0 0 1 0 1 0 0 0 1 0 1 1
 0 0 1 0 0 1 1 0 1 0 1 1 1 1 0 0 1 0 0 0 0 0 0]
39 21 56 0.24012551353799372 [0 0 0 1 0 0 0 0 0 0 1 1 0 1 1 0 0 0 0 0 1 1 0 0 0 0 0 1 0 1 0 0 0 1 0 1 1
 0 0 1 0 0 1 1 0 1 0 1 1 1 1 0 0 1 0 0 0 0 0 0]
40 21 53 0.24012551353799372 [0 0 0 1 0 0 0 0 0 0 1 1 0 1 1 0 0 0 0 0 1 1 0 0 0 0 0 1 0 1 0 0 0 1 0 1 1
 0 0 1 0 0 1 1 0 1 0 1 1 1 1 0 0 1 0 0 0 0 0 0]
41 21 55 0.24012551353799372 [0 0 0 1 0 0 0 0 0 0 1 1 0 1 1 0 0 0 0 0 1 1 0 0 0 0 0 1 0 1 0 0 0 1 0 1 1
 0 0 1 0 0 1 1 0 1 0 1 1 1 1 0 0 1 0 0 0 0 0 0]
42 21 50 0.24012551353799372 [0 0 0 1 0 0 0 0 0 0 1 1 0 1 1 0 0 0 0 0 1 1 0 0 0 0 0 1 0 1 0 0 0 1 0 1 1
 0 0 1 0 0 1 1 0 1 0 1 1 1 1 0 0 1 0 0 0 0 0 0]
43 21 53 0.24012551353799372 [0 0 0 1 0 0 0 0 0 0 1 1 0 1 1 0 0 0 0 0 1 1 0 0 0 0 0 1 0 1 0 0 0 1 0 1 1
 0 0 1 0 0 1 1 0 1 0 1 1 1 1 0 0 1 0 0 0 0 0 0]
44 21 53 0.24012551353799372 [0 0 0 1 0 0 0 0 0 0 1 1 0 1 1 0 0 0 0 0 1 1 0 0 0 0 0 1 0 1 0 0 0 1 0 1 1
 0 0 1 0 0 1 1 0 1 0 1 1 1 1 0 0 1 0 0 0 0 0 0]
45 21 52 0.24012551353799372 [0 0 0 1 0 0 0 0 0 0 1 1 0 1 1 0 0 0 0 0 1 1 0 0 0 0 0 1 0 1 0 0 0 1 0 1 1
 0 0 1 0 0 1 1 0 1 0 1 1 1 1 0 0 1 0 0 0 0 0 0]
46 21 51 0.24012551353799372 [0 0 0 1 0 0 0 0 0 0 1 1 0 1 1 0 0 0 0 0 1 1 0 0 0 0 0 1 0 1 0 0 0 1 0 1 1
 0 0 1 0 0 1 1 0 1 0 1 1 1 1 0 0 1 0 0 0 0 0 0]
47 21 53 0.24012551353799372 [0 0 0 1 0 0 0 0 0 0 1 1 0 1 1 0 0 0 0 0 1 1 0 0 0 0 0 1 0 1 0 0 0 1 0 1 1
 0 0 1 0 0 1 1 0 1 0 1 1 1 1 0 0 1 0 0 0 0 0 0]
48 21 52 0.24012551353799372 [0 0 0 1 0 0 0 0 0 0 1 1 0 1 1 0 0 0 0 0 1 1 0 0 0 0 0 1 0 1 0 0 0 1 0 1 1
 0 0 1 0 0 1 1 0 1 0 1 1 1 1 0 0 1 0 0 0 0 0 0]
49 21 54 0.24012551353799372 [0 0 0 1 0 0 0 0 0 0 1 1 0 1 1 0 0 0 0 0 1 1 0 0 0 0 0 1 0 1 0 0 0 1 0 1 1
 0 0 1 0 0 1 1 0 1 0 1 1 1 1 0 0 1 0 0 0 0 0 0]
50 21 52 0.24012551353799372 [0 0 0 1 0 0 0 0 0 0 1 1 0 1 1 0 0 0 0 0 1 1 0 0 0 0 0 1 0 1 0 0 0 1 0 1 1
 0 0 1 0 0 1 1 0 1 0 1 1 1 1 0 0 1 0 0 0 0 0 0]
51 21 54 0.24012551353799372 [0 0 0 1 0 0 0 0 0 0 1 1 0 1 1 0 0 0 0 0 1 1 0 0 0 0 0 1 0 1 0 0 0 1 0 1 1
 0 0 1 0 0 1 1 0 1 0 1 1 1 1 0 0 1 0 0 0 0 0 0]
52 21 55 0.24012551353799372 [0 0 0 1 0 0 0 0 0 0 1 1 0 1 1 0 0 0 0 0 1 1 0 0 0 0 0 1 0 1 0 0 0 1 0 1 1
 0 0 1 0 0 1 1 0 1 0 1 1 1 1 0 0 1 0 0 0 0 0 0]
53 21 50 0.24012551353799372 [0 0 0 1 0 0 0 0 0 0 1 1 0 1 1 0 0 0 0 0 1 1 0 0 0 0 0 1 0 1 0 0 0 1 0 1 1
 0 0 1 0 0 1 1 0 1 0 1 1 1 1 0 0 1 0 0 0 0 0 0]
54 21 51 0.24012551353799372 [0 0 0 1 0 0 0 0 0 0 1 1 0 1 1 0 0 0 0 0 1 1 0 0 0 0 0 1 0 1 0 0 0 1 0 1 1
 0 0 1 0 0 1 1 0 1 0 1 1 1 1 0 0 1 0 0 0 0 0 0]
55 21 50 0.24012551353799372 [0 0 0 1 0 0 0 0 0 0 1 1 0 1 1 0 0 0 0 0 1 1 0 0 0 0 0 1 0 1 0 0 0 1 0 1 1
 0 0 1 0 0 1 1 0 1 0 1 1 1 1 0 0 1 0 0 0 0 0 0]
56 21 54 0.24012551353799372 [0 0 0 1 0 0 0 0 0 0 1 1 0 1 1 0 0 0 0 0 1 1 0 0 0 0 0 1 0 1 0 0 0 1 0 1 1
 0 0 1 0 0 1 1 0 1 0 1 1 1 1 0 0 1 0 0 0 0 0 0]
57 21 55 0.24012551353799372 [0 0 0 1 0 0 0 0 0 0 1 1 0 1 1 0 0 0 0 0 1 1 0 0 0 0 0 1 0 1 0 0 0 1 0 1 1
 0 0 1 0 0 1 1 0 1 0 1 1 1 1 0 0 1 0 0 0 0 0 0]
58 21 54 0.24012551353799372 [0 0 0 1 0 0 0 0 0 0 1 1 0 1 1 0 0 0 0 0 1 1 0 0 0 0 0 1 0 1 0 0 0 1 0 1 1
 0 0 1 0 0 1 1 0 1 0 1 1 1 1 0 0 1 0 0 0 0 0 0]
59 21 55 0.24012551353799372 [0 0 0 1 0 0 0 0 0 0 1 1 0 1 1 0 0 0 0 0 1 1 0 0 0 0 0 1 0 1 0 0 0 1 0 1 1
 0 0 1 0 0 1 1 0 1 0 1 1 1 1 0 0 1 0 0 0 0 0 0]
60 21 53 0.24012551353799372 [0 0 0 1 0 0 0 0 0 0 1 1 0 1 1 0 0 0 0 0 1 1 0 0 0 0 0 1 0 1 0 0 0 1 0 1 1
 0 0 1 0 0 1 1 0 1 0 1 1 1 1 0 0 1 0 0 0 0 0 0]
61 21 52 0.24012551353799372 [0 0 0 1 0 0 0 0 0 0 1 1 0 1 1 0 0 0 0 0 1 1 0 0 0 0 0 1 0 1 0 0 0 1 0 1 1
 0 0 1 0 0 1 1 0 1 0 1 1 1 1 0 0 1 0 0 0 0 0 0]
62 21 55 0.24012551353799372 [0 0 0 1 0 0 0 0 0 0 1 1 0 1 1 0 0 0 0 0 1 1 0 0 0 0 0 1 0 1 0 0 0 1 0 1 1
 0 0 1 0 0 1 1 0 1 0 1 1 1 1 0 0 1 0 0 0 0 0 0]
63 21 52 0.24012551353799372 [0 0 0 1 0 0 0 0 0 0 1 1 0 1 1 0 0 0 0 0 1 1 0 0 0 0 0 1 0 1 0 0 0 1 0 1 1
 0 0 1 0 0 1 1 0 1 0 1 1 1 1 0 0 1 0 0 0 0 0 0]
64 21 51 0.24012551353799372 [0 0 0 1 0 0 0 0 0 0 1 1 0 1 1 0 0 0 0 0 1 1 0 0 0 0 0 1 0 1 0 0 0 1 0 1 1
 0 0 1 0 0 1 1 0 1 0 1 1 1 1 0 0 1 0 0 0 0 0 0]
65 21 52 0.24012551353799372 [0 0 0 1 0 0 0 0 0 0 1 1 0 1 1 0 0 0 0 0 1 1 0 0 0 0 0 1 0 1 0 0 0 1 0 1 1
 0 0 1 0 0 1 1 0 1 0 1 1 1 1 0 0 1 0 0 0 0 0 0]
66 21 52 0.24012551353799372 [0 0 0 1 0 0 0 0 0 0 1 1 0 1 1 0 0 0 0 0 1 1 0 0 0 0 0 1 0 1 0 0 0 1 0 1 1
 0 0 1 0 0 1 1 0 1 0 1 1 1 1 0 0 1 0 0 0 0 0 0]
67 21 53 0.24012551353799372 [0 0 0 1 0 0 0 0 0 0 1 1 0 1 1 0 0 0 0 0 1 1 0 0 0 0 0 1 0 1 0 0 0 1 0 1 1
 0 0 1 0 0 1 1 0 1 0 1 1 1 1 0 0 1 0 0 0 0 0 0]
68 21 52 0.24012551353799372 [0 0 0 1 0 0 0 0 0 0 1 1 0 1 1 0 0 0 0 0 1 1 0 0 0 0 0 1 0 1 0 0 0 1 0 1 1
 0 0 1 0 0 1 1 0 1 0 1 1 1 1 0 0 1 0 0 0 0 0 0]
69 21 55 0.24012551353799372 [0 0 0 1 0 0 0 0 0 0 1 1 0 1 1 0 0 0 0 0 1 1 0 0 0 0 0 1 0 1 0 0 0 1 0 1 1
 0 0 1 0 0 1 1 0 1 0 1 1 1 1 0 0 1 0 0 0 0 0 0]
70 21 50 0.24012551353799372 [0 0 0 1 0 0 0 0 0 0 1 1 0 1 1 0 0 0 0 0 1 1 0 0 0 0 0 1 0 1 0 0 0 1 0 1 1
 0 0 1 0 0 1 1 0 1 0 1 1 1 1 0 0 1 0 0 0 0 0 0]
71 21 50 0.24012551353799372 [0 0 0 1 0 0 0 0 0 0 1 1 0 1 1 0 0 0 0 0 1 1 0 0 0 0 0 1 0 1 0 0 0 1 0 1 1
 0 0 1 0 0 1 1 0 1 0 1 1 1 1 0 0 1 0 0 0 0 0 0]
72 21 52 0.24012551353799372 [0 0 0 1 0 0 0 0 0 0 1 1 0 1 1 0 0 0 0 0 1 1 0 0 0 0 0 1 0 1 0 0 0 1 0 1 1
 0 0 1 0 0 1 1 0 1 0 1 1 1 1 0 0 1 0 0 0 0 0 0]
73 21 55 0.24012551353799372 [0 0 0 1 0 0 0 0 0 0 1 1 0 1 1 0 0 0 0 0 1 1 0 0 0 0 0 1 0 1 0 0 0 1 0 1 1
 0 0 1 0 0 1 1 0 1 0 1 1 1 1 0 0 1 0 0 0 0 0 0]
74 21 51 0.24012551353799372 [0 0 0 1 0 0 0 0 0 0 1 1 0 1 1 0 0 0 0 0 1 1 0 0 0 0 0 1 0 1 0 0 0 1 0 1 1
 0 0 1 0 0 1 1 0 1 0 1 1 1 1 0 0 1 0 0 0 0 0 0]
75 21 50 0.24012551353799372 [0 0 0 1 0 0 0 0 0 0 1 1 0 1 1 0 0 0 0 0 1 1 0 0 0 0 0 1 0 1 0 0 0 1 0 1 1
 0 0 1 0 0 1 1 0 1 0 1 1 1 1 0 0 1 0 0 0 0 0 0]
76 21 55 0.24012551353799372 [0 0 0 1 0 0 0 0 0 0 1 1 0 1 1 0 0 0 0 0 1 1 0 0 0 0 0 1 0 1 0 0 0 1 0 1 1
 0 0 1 0 0 1 1 0 1 0 1 1 1 1 0 0 1 0 0 0 0 0 0]
77 21 51 0.24012551353799372 [0 0 0 1 0 0 0 0 0 0 1 1 0 1 1 0 0 0 0 0 1 1 0 0 0 0 0 1 0 1 0 0 0 1 0 1 1
 0 0 1 0 0 1 1 0 1 0 1 1 1 1 0 0 1 0 0 0 0 0 0]
78 21 52 0.24012551353799372 [0 0 0 1 0 0 0 0 0 0 1 1 0 1 1 0 0 0 0 0 1 1 0 0 0 0 0 1 0 1 0 0 0 1 0 1 1
 0 0 1 0 0 1 1 0 1 0 1 1 1 1 0 0 1 0 0 0 0 0 0]
79 21 50 0.24012551353799372 [0 0 0 1 0 0 0 0 0 0 1 1 0 1 1 0 0 0 0 0 1 1 0 0 0 0 0 1 0 1 0 0 0 1 0 1 1
 0 0 1 0 0 1 1 0 1 0 1 1 1 1 0 0 1 0 0 0 0 0 0]
80 21 55 0.24012551353799372 [0 0 0 1 0 0 0 0 0 0 1 1 0 1 1 0 0 0 0 0 1 1 0 0 0 0 0 1 0 1 0 0 0 1 0 1 1
 0 0 1 0 0 1 1 0 1 0 1 1 1 1 0 0 1 0 0 0 0 0 0]
81 21 51 0.24012551353799372 [0 0 0 1 0 0 0 0 0 0 1 1 0 1 1 0 0 0 0 0 1 1 0 0 0 0 0 1 0 1 0 0 0 1 0 1 1
 0 0 1 0 0 1 1 0 1 0 1 1 1 1 0 0 1 0 0 0 0 0 0]
82 21 50 0.24012551353799372 [0 0 0 1 0 0 0 0 0 0 1 1 0 1 1 0 0 0 0 0 1 1 0 0 0 0 0 1 0 1 0 0 0 1 0 1 1
 0 0 1 0 0 1 1 0 1 0 1 1 1 1 0 0 1 0 0 0 0 0 0]
83 21 51 0.24012551353799372 [0 0 0 1 0 0 0 0 0 0 1 1 0 1 1 0 0 0 0 0 1 1 0 0 0 0 0 1 0 1 0 0 0 1 0 1 1
 0 0 1 0 0 1 1 0 1 0 1 1 1 1 0 0 1 0 0 0 0 0 0]
84 21 54 0.24012551353799372 [0 0 0 1 0 0 0 0 0 0 1 1 0 1 1 0 0 0 0 0 1 1 0 0 0 0 0 1 0 1 0 0 0 1 0 1 1
 0 0 1 0 0 1 1 0 1 0 1 1 1 1 0 0 1 0 0 0 0 0 0]
85 21 52 0.24012551353799372 [0 0 0 1 0 0 0 0 0 0 1 1 0 1 1 0 0 0 0 0 1 1 0 0 0 0 0 1 0 1 0 0 0 1 0 1 1
 0 0 1 0 0 1 1 0 1 0 1 1 1 1 0 0 1 0 0 0 0 0 0]
86 21 54 0.24012551353799372 [0 0 0 1 0 0 0 0 0 0 1 1 0 1 1 0 0 0 0 0 1 1 0 0 0 0 0 1 0 1 0 0 0 1 0 1 1
 0 0 1 0 0 1 1 0 1 0 1 1 1 1 0 0 1 0 0 0 0 0 0]
87 21 52 0.24012551353799372 [0 0 0 1 0 0 0 0 0 0 1 1 0 1 1 0 0 0 0 0 1 1 0 0 0 0 0 1 0 1 0 0 0 1 0 1 1
 0 0 1 0 0 1 1 0 1 0 1 1 1 1 0 0 1 0 0 0 0 0 0]
88 21 53 0.24012551353799372 [0 0 0 1 0 0 0 0 0 0 1 1 0 1 1 0 0 0 0 0 1 1 0 0 0 0 0 1 0 1 0 0 0 1 0 1 1
 0 0 1 0 0 1 1 0 1 0 1 1 1 1 0 0 1 0 0 0 0 0 0]
89 21 54 0.24012551353799372 [0 0 0 1 0 0 0 0 0 0 1 1 0 1 1 0 0 0 0 0 1 1 0 0 0 0 0 1 0 1 0 0 0 1 0 1 1
 0 0 1 0 0 1 1 0 1 0 1 1 1 1 0 0 1 0 0 0 0 0 0]
90 21 49 0.24012551353799372 [0 0 0 1 0 0 0 0 0 0 1 1 0 1 1 0 0 0 0 0 1 1 0 0 0 0 0 1 0 1 0 0 0 1 0 1 1
 0 0 1 0 0 1 1 0 1 0 1 1 1 1 0 0 1 0 0 0 0 0 0]
91 21 56 0.24012551353799372 [0 0 0 1 0 0 0 0 0 0 1 1 0 1 1 0 0 0 0 0 1 1 0 0 0 0 0 1 0 1 0 0 0 1 0 1 1
 0 0 1 0 0 1 1 0 1 0 1 1 1 1 0 0 1 0 0 0 0 0 0]
92 21 52 0.24012551353799372 [0 0 0 1 0 0 0 0 0 0 1 1 0 1 1 0 0 0 0 0 1 1 0 0 0 0 0 1 0 1 0 0 0 1 0 1 1
 0 0 1 0 0 1 1 0 1 0 1 1 1 1 0 0 1 0 0 0 0 0 0]
93 21 48 0.24012551353799372 [0 0 0 1 0 0 0 0 0 0 1 1 0 1 1 0 0 0 0 0 1 1 0 0 0 0 0 1 0 1 0 0 0 1 0 1 1
 0 0 1 0 0 1 1 0 1 0 1 1 1 1 0 0 1 0 0 0 0 0 0]
94 21 51 0.24012551353799372 [0 0 0 1 0 0 0 0 0 0 1 1 0 1 1 0 0 0 0 0 1 1 0 0 0 0 0 1 0 1 0 0 0 1 0 1 1
 0 0 1 0 0 1 1 0 1 0 1 1 1 1 0 0 1 0 0 0 0 0 0]
95 21 55 0.24012551353799372 [0 0 0 1 0 0 0 0 0 0 1 1 0 1 1 0 0 0 0 0 1 1 0 0 0 0 0 1 0 1 0 0 0 1 0 1 1
 0 0 1 0 0 1 1 0 1 0 1 1 1 1 0 0 1 0 0 0 0 0 0]
96 21 52 0.24012551353799372 [0 0 0 1 0 0 0 0 0 0 1 1 0 1 1 0 0 0 0 0 1 1 0 0 0 0 0 1 0 1 0 0 0 1 0 1 1
 0 0 1 0 0 1 1 0 1 0 1 1 1 1 0 0 1 0 0 0 0 0 0]
97 21 53 0.24012551353799372 [0 0 0 1 0 0 0 0 0 0 1 1 0 1 1 0 0 0 0 0 1 1 0 0 0 0 0 1 0 1 0 0 0 1 0 1 1
 0 0 1 0 0 1 1 0 1 0 1 1 1 1 0 0 1 0 0 0 0 0 0]
98 21 52 0.24012551353799372 [0 0 0 1 0 0 0 0 0 0 1 1 0 1 1 0 0 0 0 0 1 1 0 0 0 0 0 1 0 1 0 0 0 1 0 1 1
 0 0 1 0 0 1 1 0 1 0 1 1 1 1 0 0 1 0 0 0 0 0 0]
99 21 55 0.24012551353799372 [0 0 0 1 0 0 0 0 0 0 1 1 0 1 1 0 0 0 0 0 1 1 0 0 0 0 0 1 0 1 0 0 0 1 0 1 1
 0 0 1 0 0 1 1 0 1 0 1 1 1 1 0 0 1 0 0 0 0 0 0]
100 21 50 0.24012551353799372 [0 0 0 1 0 0 0 0 0 0 1 1 0 1 1 0 0 0 0 0 1 1 0 0 0 0 0 1 0 1 0 0 0 1 0 1 1
 0 0 1 0 0 1 1 0 1 0 1 1 1 1 0 0 1 0 0 0 0 0 0]
101 21 49 0.24012551353799372 [0 0 0 1 0 0 0 0 0 0 1 1 0 1 1 0 0 0 0 0 1 1 0 0 0 0 0 1 0 1 0 0 0 1 0 1 1
 0 0 1 0 0 1 1 0 1 0 1 1 1 1 0 0 1 0 0 0 0 0 0]
102 21 49 0.24012551353799372 [0 0 0 1 0 0 0 0 0 0 1 1 0 1 1 0 0 0 0 0 1 1 0 0 0 0 0 1 0 1 0 0 0 1 0 1 1
 0 0 1 0 0 1 1 0 1 0 1 1 1 1 0 0 1 0 0 0 0 0 0]
103 21 53 0.24012551353799372 [0 0 0 1 0 0 0 0 0 0 1 1 0 1 1 0 0 0 0 0 1 1 0 0 0 0 0 1 0 1 0 0 0 1 0 1 1
 0 0 1 0 0 1 1 0 1 0 1 1 1 1 0 0 1 0 0 0 0 0 0]
104 21 51 0.24012551353799372 [0 0 0 1 0 0 0 0 0 0 1 1 0 1 1 0 0 0 0 0 1 1 0 0 0 0 0 1 0 1 0 0 0 1 0 1 1
 0 0 1 0 0 1 1 0 1 0 1 1 1 1 0 0 1 0 0 0 0 0 0]
105 21 53 0.24012551353799372 [0 0 0 1 0 0 0 0 0 0 1 1 0 1 1 0 0 0 0 0 1 1 0 0 0 0 0 1 0 1 0 0 0 1 0 1 1
 0 0 1 0 0 1 1 0 1 0 1 1 1 1 0 0 1 0 0 0 0 0 0]
106 21 51 0.24012551353799372 [0 0 0 1 0 0 0 0 0 0 1 1 0 1 1 0 0 0 0 0 1 1 0 0 0 0 0 1 0 1 0 0 0 1 0 1 1
 0 0 1 0 0 1 1 0 1 0 1 1 1 1 0 0 1 0 0 0 0 0 0]
107 21 52 0.24012551353799372 [0 0 0 1 0 0 0 0 0 0 1 1 0 1 1 0 0 0 0 0 1 1 0 0 0 0 0 1 0 1 0 0 0 1 0 1 1
 0 0 1 0 0 1 1 0 1 0 1 1 1 1 0 0 1 0 0 0 0 0 0]
108 21 50 0.24012551353799372 [0 0 0 1 0 0 0 0 0 0 1 1 0 1 1 0 0 0 0 0 1 1 0 0 0 0 0 1 0 1 0 0 0 1 0 1 1
 0 0 1 0 0 1 1 0 1 0 1 1 1 1 0 0 1 0 0 0 0 0 0]
109 21 52 0.24012551353799372 [0 0 0 1 0 0 0 0 0 0 1 1 0 1 1 0 0 0 0 0 1 1 0 0 0 0 0 1 0 1 0 0 0 1 0 1 1
 0 0 1 0 0 1 1 0 1 0 1 1 1 1 0 0 1 0 0 0 0 0 0]
110 21 51 0.24012551353799372 [0 0 0 1 0 0 0 0 0 0 1 1 0 1 1 0 0 0 0 0 1 1 0 0 0 0 0 1 0 1 0 0 0 1 0 1 1
 0 0 1 0 0 1 1 0 1 0 1 1 1 1 0 0 1 0 0 0 0 0 0]
111 21 56 0.24012551353799372 [0 0 0 1 0 0 0 0 0 0 1 1 0 1 1 0 0 0 0 0 1 1 0 0 0 0 0 1 0 1 0 0 0 1 0 1 1
 0 0 1 0 0 1 1 0 1 0 1 1 1 1 0 0 1 0 0 0 0 0 0]
112 21 53 0.24012551353799372 [0 0 0 1 0 0 0 0 0 0 1 1 0 1 1 0 0 0 0 0 1 1 0 0 0 0 0 1 0 1 0 0 0 1 0 1 1
 0 0 1 0 0 1 1 0 1 0 1 1 1 1 0 0 1 0 0 0 0 0 0]
113 21 51 0.24012551353799372 [0 0 0 1 0 0 0 0 0 0 1 1 0 1 1 0 0 0 0 0 1 1 0 0 0 0 0 1 0 1 0 0 0 1 0 1 1
 0 0 1 0 0 1 1 0 1 0 1 1 1 1 0 0 1 0 0 0 0 0 0]
114 21 54 0.24012551353799372 [0 0 0 1 0 0 0 0 0 0 1 1 0 1 1 0 0 0 0 0 1 1 0 0 0 0 0 1 0 1 0 0 0 1 0 1 1
 0 0 1 0 0 1 1 0 1 0 1 1 1 1 0 0 1 0 0 0 0 0 0]
115 21 54 0.24012551353799372 [0 0 0 1 0 0 0 0 0 0 1 1 0 1 1 0 0 0 0 0 1 1 0 0 0 0 0 1 0 1 0 0 0 1 0 1 1
 0 0 1 0 0 1 1 0 1 0 1 1 1 1 0 0 1 0 0 0 0 0 0]
116 21 55 0.24012551353799372 [0 0 0 1 0 0 0 0 0 0 1 1 0 1 1 0 0 0 0 0 1 1 0 0 0 0 0 1 0 1 0 0 0 1 0 1 1
 0 0 1 0 0 1 1 0 1 0 1 1 1 1 0 0 1 0 0 0 0 0 0]
117 21 52 0.24012551353799372 [0 0 0 1 0 0 0 0 0 0 1 1 0 1 1 0 0 0 0 0 1 1 0 0 0 0 0 1 0 1 0 0 0 1 0 1 1
 0 0 1 0 0 1 1 0 1 0 1 1 1 1 0 0 1 0 0 0 0 0 0]
118 21 51 0.24012551353799372 [0 0 0 1 0 0 0 0 0 0 1 1 0 1 1 0 0 0 0 0 1 1 0 0 0 0 0 1 0 1 0 0 0 1 0 1 1
 0 0 1 0 0 1 1 0 1 0 1 1 1 1 0 0 1 0 0 0 0 0 0]
119 21 52 0.24012551353799372 [0 0 0 1 0 0 0 0 0 0 1 1 0 1 1 0 0 0 0 0 1 1 0 0 0 0 0 1 0 1 0 0 0 1 0 1 1
 0 0 1 0 0 1 1 0 1 0 1 1 1 1 0 0 1 0 0 0 0 0 0]
120 21 53 0.24012551353799372 [0 0 0 1 0 0 0 0 0 0 1 1 0 1 1 0 0 0 0 0 1 1 0 0 0 0 0 1 0 1 0 0 0 1 0 1 1
 0 0 1 0 0 1 1 0 1 0 1 1 1 1 0 0 1 0 0 0 0 0 0]
121 21 51 0.24012551353799372 [0 0 0 1 0 0 0 0 0 0 1 1 0 1 1 0 0 0 0 0 1 1 0 0 0 0 0 1 0 1 0 0 0 1 0 1 1
 0 0 1 0 0 1 1 0 1 0 1 1 1 1 0 0 1 0 0 0 0 0 0]
122 21 55 0.24012551353799372 [0 0 0 1 0 0 0 0 0 0 1 1 0 1 1 0 0 0 0 0 1 1 0 0 0 0 0 1 0 1 0 0 0 1 0 1 1
 0 0 1 0 0 1 1 0 1 0 1 1 1 1 0 0 1 0 0 0 0 0 0]
123 21 51 0.24012551353799372 [0 0 0 1 0 0 0 0 0 0 1 1 0 1 1 0 0 0 0 0 1 1 0 0 0 0 0 1 0 1 0 0 0 1 0 1 1
 0 0 1 0 0 1 1 0 1 0 1 1 1 1 0 0 1 0 0 0 0 0 0]
124 21 53 0.24012551353799372 [0 0 0 1 0 0 0 0 0 0 1 1 0 1 1 0 0 0 0 0 1 1 0 0 0 0 0 1 0 1 0 0 0 1 0 1 1
 0 0 1 0 0 1 1 0 1 0 1 1 1 1 0 0 1 0 0 0 0 0 0]
125 21 53 0.24012551353799372 [0 0 0 1 0 0 0 0 0 0 1 1 0 1 1 0 0 0 0 0 1 1 0 0 0 0 0 1 0 1 0 0 0 1 0 1 1
 0 0 1 0 0 1 1 0 1 0 1 1 1 1 0 0 1 0 0 0 0 0 0]
126 21 48 0.24012551353799372 [0 0 0 1 0 0 0 0 0 0 1 1 0 1 1 0 0 0 0 0 1 1 0 0 0 0 0 1 0 1 0 0 0 1 0 1 1
 0 0 1 0 0 1 1 0 1 0 1 1 1 1 0 0 1 0 0 0 0 0 0]
127 21 52 0.24012551353799372 [0 0 0 1 0 0 0 0 0 0 1 1 0 1 1 0 0 0 0 0 1 1 0 0 0 0 0 1 0 1 0 0 0 1 0 1 1
 0 0 1 0 0 1 1 0 1 0 1 1 1 1 0 0 1 0 0 0 0 0 0]
128 21 52 0.24012551353799372 [0 0 0 1 0 0 0 0 0 0 1 1 0 1 1 0 0 0 0 0 1 1 0 0 0 0 0 1 0 1 0 0 0 1 0 1 1
 0 0 1 0 0 1 1 0 1 0 1 1 1 1 0 0 1 0 0 0 0 0 0]
129 21 51 0.24012551353799372 [0 0 0 1 0 0 0 0 0 0 1 1 0 1 1 0 0 0 0 0 1 1 0 0 0 0 0 1 0 1 0 0 0 1 0 1 1
 0 0 1 0 0 1 1 0 1 0 1 1 1 1 0 0 1 0 0 0 0 0 0]
130 21 53 0.24012551353799372 [0 0 0 1 0 0 0 0 0 0 1 1 0 1 1 0 0 0 0 0 1 1 0 0 0 0 0 1 0 1 0 0 0 1 0 1 1
 0 0 1 0 0 1 1 0 1 0 1 1 1 1 0 0 1 0 0 0 0 0 0]
131 21 52 0.24012551353799372 [0 0 0 1 0 0 0 0 0 0 1 1 0 1 1 0 0 0 0 0 1 1 0 0 0 0 0 1 0 1 0 0 0 1 0 1 1
 0 0 1 0 0 1 1 0 1 0 1 1 1 1 0 0 1 0 0 0 0 0 0]
132 21 54 0.24012551353799372 [0 0 0 1 0 0 0 0 0 0 1 1 0 1 1 0 0 0 0 0 1 1 0 0 0 0 0 1 0 1 0 0 0 1 0 1 1
 0 0 1 0 0 1 1 0 1 0 1 1 1 1 0 0 1 0 0 0 0 0 0]
133 21 52 0.24012551353799372 [0 0 0 1 0 0 0 0 0 0 1 1 0 1 1 0 0 0 0 0 1 1 0 0 0 0 0 1 0 1 0 0 0 1 0 1 1
 0 0 1 0 0 1 1 0 1 0 1 1 1 1 0 0 1 0 0 0 0 0 0]
134 21 52 0.24012551353799372 [0 0 0 1 0 0 0 0 0 0 1 1 0 1 1 0 0 0 0 0 1 1 0 0 0 0 0 1 0 1 0 0 0 1 0 1 1
 0 0 1 0 0 1 1 0 1 0 1 1 1 1 0 0 1 0 0 0 0 0 0]
135 21 55 0.24012551353799372 [0 0 0 1 0 0 0 0 0 0 1 1 0 1 1 0 0 0 0 0 1 1 0 0 0 0 0 1 0 1 0 0 0 1 0 1 1
 0 0 1 0 0 1 1 0 1 0 1 1 1 1 0 0 1 0 0 0 0 0 0]
136 21 51 0.24012551353799372 [0 0 0 1 0 0 0 0 0 0 1 1 0 1 1 0 0 0 0 0 1 1 0 0 0 0 0 1 0 1 0 0 0 1 0 1 1
 0 0 1 0 0 1 1 0 1 0 1 1 1 1 0 0 1 0 0 0 0 0 0]
137 28 52 0.23727829732344397 [0 1 0 1 0 1 0 0 0 1 1 1 1 0 0 1 0 0 0 0 1 0 0 0 0 1 0 1 0 1 0 0 0 0 0 1 1
 1 0 0 0 0 0 1 1 1 1 1 1 1 0 0 1 1 0 1 1 1 0 1]
138 28 51 0.23727829732344397 [0 1 0 1 0 1 0 0 0 1 1 1 1 0 0 1 0 0 0 0 1 0 0 0 0 1 0 1 0 1 0 0 0 0 0 1 1
 1 0 0 0 0 0 1 1 1 1 1 1 1 0 0 1 1 0 1 1 1 0 1]
139 28 55 0.23727829732344397 [0 1 0 1 0 1 0 0 0 1 1 1 1 0 0 1 0 0 0 0 1 0 0 0 0 1 0 1 0 1 0 0 0 0 0 1 1
 1 0 0 0 0 0 1 1 1 1 1 1 1 0 0 1 1 0 1 1 1 0 1]
140 28 53 0.23727829732344397 [0 1 0 1 0 1 0 0 0 1 1 1 1 0 0 1 0 0 0 0 1 0 0 0 0 1 0 1 0 1 0 0 0 0 0 1 1
 1 0 0 0 0 0 1 1 1 1 1 1 1 0 0 1 1 0 1 1 1 0 1]
141 28 49 0.23727829732344397 [0 1 0 1 0 1 0 0 0 1 1 1 1 0 0 1 0 0 0 0 1 0 0 0 0 1 0 1 0 1 0 0 0 0 0 1 1
 1 0 0 0 0 0 1 1 1 1 1 1 1 0 0 1 1 0 1 1 1 0 1]
142 28 51 0.23727829732344397 [0 1 0 1 0 1 0 0 0 1 1 1 1 0 0 1 0 0 0 0 1 0 0 0 0 1 0 1 0 1 0 0 0 0 0 1 1
 1 0 0 0 0 0 1 1 1 1 1 1 1 0 0 1 1 0 1 1 1 0 1]
143 28 52 0.23727829732344397 [0 1 0 1 0 1 0 0 0 1 1 1 1 0 0 1 0 0 0 0 1 0 0 0 0 1 0 1 0 1 0 0 0 0 0 1 1
 1 0 0 0 0 0 1 1 1 1 1 1 1 0 0 1 1 0 1 1 1 0 1]
144 28 51 0.23727829732344397 [0 1 0 1 0 1 0 0 0 1 1 1 1 0 0 1 0 0 0 0 1 0 0 0 0 1 0 1 0 1 0 0 0 0 0 1 1
 1 0 0 0 0 0 1 1 1 1 1 1 1 0 0 1 1 0 1 1 1 0 1]
145 28 53 0.23727829732344397 [0 1 0 1 0 1 0 0 0 1 1 1 1 0 0 1 0 0 0 0 1 0 0 0 0 1 0 1 0 1 0 0 0 0 0 1 1
 1 0 0 0 0 0 1 1 1 1 1 1 1 0 0 1 1 0 1 1 1 0 1]
146 28 53 0.23727829732344397 [0 1 0 1 0 1 0 0 0 1 1 1 1 0 0 1 0 0 0 0 1 0 0 0 0 1 0 1 0 1 0 0 0 0 0 1 1
 1 0 0 0 0 0 1 1 1 1 1 1 1 0 0 1 1 0 1 1 1 0 1]
147 28 51 0.23727829732344397 [0 1 0 1 0 1 0 0 0 1 1 1 1 0 0 1 0 0 0 0 1 0 0 0 0 1 0 1 0 1 0 0 0 0 0 1 1
 1 0 0 0 0 0 1 1 1 1 1 1 1 0 0 1 1 0 1 1 1 0 1]
148 28 53 0.23727829732344397 [0 1 0 1 0 1 0 0 0 1 1 1 1 0 0 1 0 0 0 0 1 0 0 0 0 1 0 1 0 1 0 0 0 0 0 1 1
 1 0 0 0 0 0 1 1 1 1 1 1 1 0 0 1 1 0 1 1 1 0 1]
149 28 50 0.23727829732344397 [0 1 0 1 0 1 0 0 0 1 1 1 1 0 0 1 0 0 0 0 1 0 0 0 0 1 0 1 0 1 0 0 0 0 0 1 1
 1 0 0 0 0 0 1 1 1 1 1 1 1 0 0 1 1 0 1 1 1 0 1]
150 28 54 0.23727829732344397 [0 1 0 1 0 1 0 0 0 1 1 1 1 0 0 1 0 0 0 0 1 0 0 0 0 1 0 1 0 1 0 0 0 0 0 1 1
 1 0 0 0 0 0 1 1 1 1 1 1 1 0 0 1 1 0 1 1 1 0 1]
