0 26 100 0.2635630620167899 [0 1 0 1 0 1 0 0 0 0 1 1 0 0 0 0 1 0 0 0 0 0 1 0 1 0 1 0 0 1 0 0 1 0 1 0 0
 0 1 1 0 1 1 0 1 1 1 0 0 0 0 1 0 1 1 1 1 0 1 1]
1 31 85 0.26296148207383707 [0 0 0 1 1 0 0 0 1 1 1 1 1 0 0 0 1 0 0 1 1 1 1 0 1 1 0 0 1 1 0 1 0 1 0 0 1
 0 1 0 0 1 0 0 1 1 0 1 0 0 1 0 1 0 1 1 1 1 1 0]
2 31 58 0.26296148207383707 [0 0 0 1 1 0 0 0 1 1 1 1 1 0 0 0 1 0 0 1 1 1 1 0 1 1 0 0 1 1 0 1 0 1 0 0 1
 0 1 0 0 1 0 0 1 1 0 1 0 0 1 0 1 0 1 1 1 1 1 0]
3 34 53 0.25439725439725436 [1 0 0 1 1 0 1 0 1 1 1 1 1 0 0 0 1 1 1 0 1 0 0 1 0 0 1 0 1 1 0 1 0 1 1 0 1
 0 0 1 0 0 0 1 1 1 1 1 1 1 0 0 1 1 1 1 0 0 1 0]
4 34 53 0.25439725439725436 [1 0 0 1 1 0 1 0 1 1 1 1 1 0 0 0 1 1 1 0 1 0 0 1 0 0 1 0 1 1 0 1 0 1 1 0 1
 0 0 1 0 0 0 1 1 1 1 1 1 1 0 0 1 1 1 1 0 0 1 0]
5 34 51 0.25439725439725436 [1 0 0 1 1 0 1 0 1 1 1 1 1 0 0 0 1 1 1 0 1 0 0 1 0 0 1 0 1 1 0 1 0 1 1 0 1
 0 0 1 0 0 0 1 1 1 1 1 1 1 0 0 1 1 1 1 0 0 1 0]
6 34 53 0.25439725439725436 [1 0 0 1 1 0 1 0 1 1 1 1 1 0 0 0 1 1 1 0 1 0 0 1 0 0 1 0 1 1 0 1 0 1 1 0 1
 0 0 1 0 0 0 1 1 1 1 1 1 1 0 0 1 1 1 1 0 0 1 0]
7 34 54 0.25439725439725436 [1 0 0 1 1 0 1 0 1 1 1 1 1 0 0 0 1 1 1 0 1 0 0 1 0 0 1 0 1 1 0 1 0 1 1 0 1
 0 0 1 0 0 0 1 1 1 1 1 1 1 0 0 1 1 1 1 0 0 1 0]
8 34 51 0.25439725439725436 [1 0 0 1 1 0 1 0 1 1 1 1 1 0 0 0 1 1 1 0 1 0 0 1 0 0 1 0 1 1 0 1 0 1 1 0 1
 0 0 1 0 0 0 1 1 1 1 1 1 1 0 0 1 1 1 1 0 0 1 0]
9 34 51 0.25439725439725436 [1 0 0 1 1 0 1 0 1 1 1 1 1 0 0 0 1 1 1 0 1 0 0 1 0 0 1 0 1 1 0 1 0 1 1 0 1
 0 0 1 0 0 0 1 1 1 1 1 1 1 0 0 1 1 1 1 0 0 1 0]
10 34 53 0.25439725439725436 [1 0 0 1 1 0 1 0 1 1 1 1 1 0 0 0 1 1 1 0 1 0 0 1 0 0 1 0 1 1 0 1 0 1 1 0 1
 0 0 1 0 0 0 1 1 1 1 1 1 1 0 0 1 1 1 1 0 0 1 0]
11 34 49 0.25439725439725436 [1 0 0 1 1 0 1 0 1 1 1 1 1 0 0 0 1 1 1 0 1 0 0 1 0 0 1 0 1 1 0 1 0 1 1 0 1
 0 0 1 0 0 0 1 1 1 1 1 1 1 0 0 1 1 1 1 0 0 1 0]
12 34 51 0.25439725439725436 [1 0 0 1 1 0 1 0 1 1 1 1 1 0 0 0 1 1 1 0 1 0 0 1 0 0 1 0 1 1 0 1 0 1 1 0 1
 0 0 1 0 0 0 1 1 1 1 1 1 1 0 0 1 1 1 1 0 0 1 0]
13 34 56 0.25439725439725436 [1 0 0 1 1 0 1 0 1 1 1 1 1 0 0 0 1 1 1 0 1 0 0 1 0 0 1 0 1 1 0 1 0 1 1 0 1
 0 0 1 0 0 0 1 1 1 1 1 1 1 0 0 1 1 1 1 0 0 1 0]
14 34 51 0.25439725439725436 [1 0 0 1 1 0 1 0 1 1 1 1 1 0 0 0 1 1 1 0 1 0 0 1 0 0 1 0 1 1 0 1 0 1 1 0 1
 0 0 1 0 0 0 1 1 1 1 1 1 1 0 0 1 1 1 1 0 0 1 0]
15 34 57 0.25439725439725436 [1 0 0 1 1 0 1 0 1 1 1 1 1 0 0 0 1 1 1 0 1 0 0 1 0 0 1 0 1 1 0 1 0 1 1 0 1
 0 0 1 0 0 0 1 1 1 1 1 1 1 0 0 1 1 1 1 0 0 1 0]
16 34 52 0.25439725439725436 [1 0 0 1 1 0 1 0 1 1 1 1 1 0 0 0 1 1 1 0 1 0 0 1 0 0 1 0 1 1 0 1 0 1 1 0 1
 0 0 1 0 0 0 1 1 1 1 1 1 1 0 0 1 1 1 1 0 0 1 0]
17 26 53 0.25169533169533165 [0 1 0 1 0 1 1 1 0 0 1 0 1 0 0 0 0 1 0 0 0 1 0 0 1 0 1 0 0 0 0 0 1 1 1 1 0
 0 0 1 1 0 0 1 1 0 0 1 1 0 0 0 0 1 0 1 1 0 1 1]
18 26 53 0.25169533169533165 [0 1 0 1 0 1 1 1 0 0 1 0 1 0 0 0 0 1 0 0 0 1 0 0 1 0 1 0 0 0 0 0 1 1 1 1 0
 0 0 1 1 0 0 1 1 0 0 1 1 0 0 0 0 1 0 1 1 0 1 1]
19 26 51 0.25169533169533165 [0 1 0 1 0 1 1 1 0 0 1 0 1 0 0 0 0 1 0 0 0 1 0 0 1 0 1 0 0 0 0 0 1 1 1 1 0
 0 0 1 1 0 0 1 1 0 0 1 1 0 0 0 0 1 0 1 1 0 1 1]
20 26 54 0.25169533169533165 [0 1 0 1 0 1 1 1 0 0 1 0 1 0 0 0 0 1 0 0 0 1 0 0 1 0 1 0 0 0 0 0 1 1 1 1 0
 0 0 1 1 0 0 1 1 0 0 1 1 0 0 0 0 1 0 1 1 0 1 1]
21 26 50 0.25169533169533165 [0 1 0 1 0 1 1 1 0 0 1 0 1 0 0 0 0 1 0 0 0 1 0 0 1 0 1 0 0 0 0 0 1 1 1 1 0
 0 0 1 1 0 0 1 1 0 0 1 1 0 0 0 0 1 0 1 1 0 1 1]
22 26 51 0.25169533169533165 [0 1 0 1 0 1 1 1 0 0 1 0 1 0 0 0 0 1 0 0 0 1 0 0 1 0 1 0 0 0 0 0 1 1 1 1 0
 0 0 1 1 0 0 1 1 0 0 1 1 0 0 0 0 1 0 1 1 0 1 1]
23 26 51 0.25169533169533165 [0 1 0 1 0 1 1 1 0 0 1 0 1 0 0 0 0 1 0 0 0 1 0 0 1 0 1 0 0 0 0 0 1 1 1 1 0
 0 0 1 1 0 0 1 1 0 0 1 1 0 0 0 0 1 0 1 1 0 1 1]
24 26 53 0.25169533169533165 [0 1 0 1 0 1 1 1 0 0 1 0 1 0 0 0 0 1 0 0 0 1 0 0 1 0 1 0 0 0 0 0 1 1 1 1 0
 0 0 1 1 0 0 1 1 0 0 1 1 0 0 0 0 1 0 1 1 0 1 1]
25 26 52 0.25169533169533165 [0 1 0 1 0 1 1 1 0 0 1 0 1 0 0 0 0 1 0 0 0 1 0 0 1 0 1 0 0 0 0 0 1 1 1 1 0
 0 0 1 1 0 0 1 1 0 0 1 1 0 0 0 0 1 0 1 1 0 1 1]
26 26 53 0.25169533169533165 [0 1 0 1 0 1 1 1 0 0 1 0 1 0 0 0 0 1 0 0 0 1 0 0 1 0 1 0 0 0 0 0 1 1 1 1 0
 0 0 1 1 0 0 1 1 0 0 1 1 0 0 0 0 1 0 1 1 0 1 1]
27 26 51 0.25169533169533165 [0 1 0 1 0 1 1 1 0 0 1 0 1 0 0 0 0 1 0 0 0 1 0 0 1 0 1 0 0 0 0 0 1 1 1 1 0
 0 0 1 1 0 0 1 1 0 0 1 1 0 0 0 0 1 0 1 1 0 1 1]
28 23 53 0.25010651896037495 [0 0 0 1 0 0 0 1 0 1 1 0 0 0 0 0 0 0 0 0 0 1 1 0 1 1 1 1 0 0 0 0 1 1 1 0 0
 0 1 1 0 1 0 1 1 0 0 1 1 0 0 0 1 1 0 1 0 0 0 0]
29 23 53 0.25010651896037495 [0 0 0 1 0 0 0 1 0 1 1 0 0 0 0 0 0 0 0 0 0 1 1 0 1 1 1 1 0 0 0 0 1 1 1 0 0
 0 1 1 0 1 0 1 1 0 0 1 1 0 0 0 1 1 0 1 0 0 0 0]
30 23 53 0.25010651896037495 [0 0 0 1 0 0 0 1 0 1 1 0 0 0 0 0 0 0 0 0 0 1 1 0 1 1 1 1 0 0 0 0 1 1 1 0 0
 0 1 1 0 1 0 1 1 0 0 1 1 0 0 0 1 1 0 1 0 0 0 0]
31 23 50 0.25010651896037495 [0 0 0 1 0 0 0 1 0 1 1 0 0 0 0 0 0 0 0 0 0 1 1 0 1 1 1 1 0 0 0 0 1 1 1 0 0
 0 1 1 0 1 0 1 1 0 0 1 1 0 0 0 1 1 0 1 0 0 0 0]
32 23 51 0.25010651896037495 [0 0 0 1 0 0 0 1 0 1 1 0 0 0 0 0 0 0 0 0 0 1 1 0 1 1 1 1 0 0 0 0 1 1 1 0 0
 0 1 1 0 1 0 1 1 0 0 1 1 0 0 0 1 1 0 1 0 0 0 0]
33 23 53 0.25010651896037495 [0 0 0 1 0 0 0 1 0 1 1 0 0 0 0 0 0 0 0 0 0 1 1 0 1 1 1 1 0 0 0 0 1 1 1 0 0
 0 1 1 0 1 0 1 1 0 0 1 1 0 0 0 1 1 0 1 0 0 0 0]
34 23 52 0.25010651896037495 [0 0 0 1 0 0 0 1 0 1 1 0 0 0 0 0 0 0 0 0 0 1 1 0 1 1 1 1 0 0 0 0 1 1 1 0 0
 0 1 1 0 1 0 1 1 0 0 1 1 0 0 0 1 1 0 1 0 0 0 0]
35 23 51 0.25010651896037495 [0 0 0 1 0 0 0 1 0 1 1 0 0 0 0 0 0 0 0 0 0 1 1 0 1 1 1 1 0 0 0 0 1 1 1 0 0
 0 1 1 0 1 0 1 1 0 0 1 1 0 0 0 1 1 0 1 0 0 0 0]
36 23 57 0.25010651896037495 [0 0 0 1 0 0 0 1 0 1 1 0 0 0 0 0 0 0 0 0 0 1 1 0 1 1 1 1 0 0 0 0 1 1 1 0 0
 0 1 1 0 1 0 1 1 0 0 1 1 0 0 0 1 1 0 1 0 0 0 0]
37 26 52 0.24955280189937235 [0 1 1 1 0 1 1 0 0 0 1 1 0 0 0 0 1 0 0 0 0 0 1 0 1 0 1 0 0 1 0 0 0 1 0 0 1
 0 1 1 1 1 0 0 1 1 1 1 1 0 0 0 0 1 0 1 1 0 0 0]
38 26 52 0.24955280189937235 [0 1 1 1 0 1 1 0 0 0 1 1 0 0 0 0 1 0 0 0 0 0 1 0 1 0 1 0 0 1 0 0 0 1 0 0 1
 0 1 1 1 1 0 0 1 1 1 1 1 0 0 0 0 1 0 1 1 0 0 0]
39 26 53 0.24955280189937235 [0 1 1 1 0 1 1 0 0 0 1 1 0 0 0 0 1 0 0 0 0 0 1 0 1 0 1 0 0 1 0 0 0 1 0 0 1
 0 1 1 1 1 0 0 1 1 1 1 1 0 0 0 0 1 0 1 1 0 0 0]
40 26 55 0.24955280189937235 [0 1 1 1 0 1 1 0 0 0 1 1 0 0 0 0 1 0 0 0 0 0 1 0 1 0 1 0 0 1 0 0 0 1 0 0 1
 0 1 1 1 1 0 0 1 1 1 1 1 0 0 0 0 1 0 1 1 0 0 0]
41 24 54 0.2446318520921179 [0 1 0 1 0 0 1 1 0 0 1 1 0 0 0 1 0 0 0 0 0 0 1 0 0 0 1 0 0 1 0 0 0 0 0 1 1
 0 1 0 0 1 0 1 1 1 1 1 1 0 0 0 0 1 1 0 1 1 0 0]
42 24 55 0.2446318520921179 [0 1 0 1 0 0 1 1 0 0 1 1 0 0 0 1 0 0 0 0 0 0 1 0 0 0 1 0 0 1 0 0 0 0 0 1 1
 0 1 0 0 1 0 1 1 1 1 1 1 0 0 0 0 1 1 0 1 1 0 0]
43 24 53 0.2446318520921179 [0 1 0 1 0 0 1 1 0 0 1 1 0 0 0 1 0 0 0 0 0 0 1 0 0 0 1 0 0 1 0 0 0 0 0 1 1
 0 1 0 0 1 0 1 1 1 1 1 1 0 0 0 0 1 1 0 1 1 0 0]
44 24 55 0.2446318520921179 [0 1 0 1 0 0 1 1 0 0 1 1 0 0 0 1 0 0 0 0 0 0 1 0 0 0 1 0 0 1 0 0 0 0 0 1 1
 0 1 0 0 1 0 1 1 1 1 1 1 0 0 0 0 1 1 0 1 1 0 0]
45 24 50 0.2446318520921179 [0 1 0 1 0 0 1 1 0 0 1 1 0 0 0 1 0 0 0 0 0 0 1 0 0 0 1 0 0 1 0 0 0 0 0 1 1
 0 1 0 0 1 0 1 1 1 1 1 1 0 0 0 0 1 1 0 1 1 0 0]
46 24 51 0.2446318520921179 [0 1 0 1 0 0 1 1 0 0 1 1 0 0 0 1 0 0 0 0 0 0 1 0 0 0 1 0 0 1 0 0 0 0 0 1 1
 0 1 0 0 1 0 1 1 1 1 1 1 0 0 0 0 1 1 0 1 1 0 0]
47 24 52 0.2446318520921179 [0 1 0 1 0 0 1 1 0 0 1 1 0 0 0 1 0 0 0 0 0 0 1 0 0 0 1 0 0 1 0 0 0 0 0 1 1
 0 1 0 0 1 0 1 1 1 1 1 1 0 0 0 0 1 1 0 1 1 0 0]
48 24 50 0.2446318520921179 [0 1 0 1 0 0 1 1 0 0 1 1 0 0 0 1 0 0 0 0 0 0 1 0 0 0 1 0 0 1 0 0 0 0 0 1 1
 0 1 0 0 1 0 1 1 1 1 1 1 0 0 0 0 1 1 0 1 1 0 0]
49 24 52 0.2446318520921179 [0 1 0 1 0 0 1 1 0 0 1 1 0 0 0 1 0 0 0 0 0 0 1 0 0 0 1 0 0 1 0 0 0 0 0 1 1
 0 1 0 0 1 0 1 1 1 1 1 1 0 0 0 0 1 1 0 1 1 0 0]
50 24 50 0.2446318520921179 [0 1 0 1 0 0 1 1 0 0 1 1 0 0 0 1 0 0 0 0 0 0 1 0 0 0 1 0 0 1 0 0 0 0 0 1 1
 0 1 0 0 1 0 1 1 1 1 1 1 0 0 0 0 1 1 0 1 1 0 0]
51 24 54 0.2446318520921179 [0 1 0 1 0 0 1 1 0 0 1 1 0 0 0 1 0 0 0 0 0 0 1 0 0 0 1 0 0 1 0 0 0 0 0 1 1
 0 1 0 0 1 0 1 1 1 1 1 1 0 0 0 0 1 1 0 1 1 0 0]
52 24 53 0.2446318520921179 [0 1 0 1 0 0 1 1 0 0 1 1 0 0 0 1 0 0 0 0 0 0 1 0 0 0 1 0 0 1 0 0 0 0 0 1 1
 0 1 0 0 1 0 1 1 1 1 1 1 0 0 0 0 1 1 0 1 1 0 0]
53 24 49 0.2446318520921179 [0 1 0 1 0 0 1 1 0 0 1 1 0 0 0 1 0 0 0 0 0 0 1 0 0 0 1 0 0 1 0 0 0 0 0 1 1
 0 1 0 0 1 0 1 1 1 1 1 1 0 0 0 0 1 1 0 1 1 0 0]
54 24 52 0.2446318520921179 [0 1 0 1 0 0 1 1 0 0 1 1 0 0 0 1 0 0 0 0 0 0 1 0 0 0 1 0 0 1 0 0 0 0 0 1 1
 0 1 0 0 1 0 1 1 1 1 1 1 0 0 0 0 1 1 0 1 1 0 0]
55 24 51 0.2446318520921179 [0 1 0 1 0 0 1 1 0 0 1 1 0 0 0 1 0 0 0 0 0 0 1 0 0 0 1 0 0 1 0 0 0 0 0 1 1
 0 1 0 0 1 0 1 1 1 1 1 1 0 0 0 0 1 1 0 1 1 0 0]
56 24 51 0.2446318520921179 [0 1 0 1 0 0 1 1 0 0 1 1 0 0 0 1 0 0 0 0 0 0 1 0 0 0 1 0 0 1 0 0 0 0 0 1 1
 0 1 0 0 1 0 1 1 1 1 1 1 0 0 0 0 1 1 0 1 1 0 0]
57 24 54 0.2446318520921179 [0 1 0 1 0 0 1 1 0 0 1 1 0 0 0 1 0 0 0 0 0 0 1 0 0 0 1 0 0 1 0 0 0 0 0 1 1
 0 1 0 0 1 0 1 1 1 1 1 1 0 0 0 0 1 1 0 1 1 0 0]
58 24 52 0.2446318520921179 [0 1 0 1 0 0 1 1 0 0 1 1 0 0 0 1 0 0 0 0 0 0 1 0 0 0 1 0 0 1 0 0 0 0 0 1 1
 0 1 0 0 1 0 1 1 1 1 1 1 0 0 0 0 1 1 0 1 1 0 0]
59 24 56 0.2446318520921179 [0 1 0 1 0 0 1 1 0 0 1 1 0 0 0 1 0 0 0 0 0 0 1 0 0 0 1 0 0 1 0 0 0 0 0 1 1
 0 1 0 0 1 0 1 1 1 1 1 1 0 0 0 0 1 1 0 1 1 0 0]
60 28 51 0.2405438494748372 [0 1 0 1 0 0 0 0 0 1 0 1 0 0 0 0 0 0 0 0 1 0 1 0 0 0 0 0 1 1 1 1 0 0 1 1 1
 1 1 1 0 0 1 0 1 1 1 1 1 0 0 1 1 0 1 0 1 1 1 0]
61 28 51 0.2405438494748372 [0 1 0 1 0 0 0 0 0 1 0 1 0 0 0 0 0 0 0 0 1 0 1 0 0 0 0 0 1 1 1 1 0 0 1 1 1
 1 1 1 0 0 1 0 1 1 1 1 1 0 0 1 1 0 1 0 1 1 1 0]
62 28 53 0.2405438494748372 [0 1 0 1 0 0 0 0 0 1 0 1 0 0 0 0 0 0 0 0 1 0 1 0 0 0 0 0 1 1 1 1 0 0 1 1 1
 1 1 1 0 0 1 0 1 1 1 1 1 0 0 1 1 0 1 0 1 1 1 0]
63 28 50 0.2405438494748372 [0 1 0 1 0 0 0 0 0 1 0 1 0 0 0 0 0 0 0 0 1 0 1 0 0 0 0 0 1 1 1 1 0 0 1 1 1
 1 1 1 0 0 1 0 1 1 1 1 1 0 0 1 1 0 1 0 1 1 1 0]
64 28 53 0.2405438494748372 [0 1 0 1 0 0 0 0 0 1 0 1 0 0 0 0 0 0 0 0 1 0 1 0 0 0 0 0 1 1 1 1 0 0 1 1 1
 1 1 1 0 0 1 0 1 1 1 1 1 0 0 1 1 0 1 0 1 1 1 0]
65 28 49 0.2405438494748372 [0 1 0 1 0 0 0 0 0 1 0 1 0 0 0 0 0 0 0 0 1 0 1 0 0 0 0 0 1 1 1 1 0 0 1 1 1
 1 1 1 0 0 1 0 1 1 1 1 1 0 0 1 1 0 1 0 1 1 1 0]
66 28 53 0.2405438494748372 [0 1 0 1 0 0 0 0 0 1 0 1 0 0 0 0 0 0 0 0 1 0 1 0 0 0 0 0 1 1 1 1 0 0 1 1 1
 1 1 1 0 0 1 0 1 1 1 1 1 0 0 1 1 0 1 0 1 1 1 0]
67 28 51 0.2405438494748372 [0 1 0 1 0 0 0 0 0 1 0 1 0 0 0 0 0 0 0 0 1 0 1 0 0 0 0 0 1 1 1 1 0 0 1 1 1
 1 1 1 0 0 1 0 1 1 1 1 1 0 0 1 1 0 1 0 1 1 1 0]
68 28 51 0.2405438494748372 [0 1 0 1 0 0 0 0 0 1 0 1 0 0 0 0 0 0 0 0 1 0 1 0 0 0 0 0 1 1 1 1 0 0 1 1 1
 1 1 1 0 0 1 0 1 1 1 1 1 0 0 1 1 0 1 0 1 1 1 0]
69 28 52 0.2405438494748372 [0 1 0 1 0 0 0 0 0 1 0 1 0 0 0 0 0 0 0 0 1 0 1 0 0 0 0 0 1 1 1 1 0 0 1 1 1
 1 1 1 0 0 1 0 1 1 1 1 1 0 0 1 1 0 1 0 1 1 1 0]
70 28 53 0.2405438494748372 [0 1 0 1 0 0 0 0 0 1 0 1 0 0 0 0 0 0 0 0 1 0 1 0 0 0 0 0 1 1 1 1 0 0 1 1 1
 1 1 1 0 0 1 0 1 1 1 1 1 0 0 1 1 0 1 0 1 1 1 0]
71 28 54 0.2405438494748372 [0 1 0 1 0 0 0 0 0 1 0 1 0 0 0 0 0 0 0 0 1 0 1 0 0 0 0 0 1 1 1 1 0 0 1 1 1
 1 1 1 0 0 1 0 1 1 1 1 1 0 0 1 1 0 1 0 1 1 1 0]
72 28 51 0.2405438494748372 [0 1 0 1 0 0 0 0 0 1 0 1 0 0 0 0 0 0 0 0 1 0 1 0 0 0 0 0 1 1 1 1 0 0 1 1 1
 1 1 1 0 0 1 0 1 1 1 1 1 0 0 1 1 0 1 0 1 1 1 0]
73 28 52 0.2405438494748372 [0 1 0 1 0 0 0 0 0 1 0 1 0 0 0 0 0 0 0 0 1 0 1 0 0 0 0 0 1 1 1 1 0 0 1 1 1
 1 1 1 0 0 1 0 1 1 1 1 1 0 0 1 1 0 1 0 1 1 1 0]
74 28 51 0.2405438494748372 [0 1 0 1 0 0 0 0 0 1 0 1 0 0 0 0 0 0 0 0 1 0 1 0 0 0 0 0 1 1 1 1 0 0 1 1 1
 1 1 1 0 0 1 0 1 1 1 1 1 0 0 1 1 0 1 0 1 1 1 0]
75 28 50 0.2405438494748372 [0 1 0 1 0 0 0 0 0 1 0 1 0 0 0 0 0 0 0 0 1 0 1 0 0 0 0 0 1 1 1 1 0 0 1 1 1
 1 1 1 0 0 1 0 1 1 1 1 1 0 0 1 1 0 1 0 1 1 1 0]
76 28 53 0.2405438494748372 [0 1 0 1 0 0 0 0 0 1 0 1 0 0 0 0 0 0 0 0 1 0 1 0 0 0 0 0 1 1 1 1 0 0 1 1 1
 1 1 1 0 0 1 0 1 1 1 1 1 0 0 1 1 0 1 0 1 1 1 0]
77 28 53 0.2405438494748372 [0 1 0 1 0 0 0 0 0 1 0 1 0 0 0 0 0 0 0 0 1 0 1 0 0 0 0 0 1 1 1 1 0 0 1 1 1
 1 1 1 0 0 1 0 1 1 1 1 1 0 0 1 1 0 1 0 1 1 1 0]
78 28 54 0.2405438494748372 [0 1 0 1 0 0 0 0 0 1 0 1 0 0 0 0 0 0 0 0 1 0 1 0 0 0 0 0 1 1 1 1 0 0 1 1 1
 1 1 1 0 0 1 0 1 1 1 1 1 0 0 1 1 0 1 0 1 1 1 0]
79 28 52 0.2405438494748372 [0 1 0 1 0 0 0 0 0 1 0 1 0 0 0 0 0 0 0 0 1 0 1 0 0 0 0 0 1 1 1 1 0 0 1 1 1
 1 1 1 0 0 1 0 1 1 1 1 1 0 0 1 1 0 1 0 1 1 1 0]
80 28 54 0.2405438494748372 [0 1 0 1 0 0 0 0 0 1 0 1 0 0 0 0 0 0 0 0 1 0 1 0 0 0 0 0 1 1 1 1 0 0 1 1 1
 1 1 1 0 0 1 0 1 1 1 1 1 0 0 1 1 0 1 0 1 1 1 0]
81 28 55 0.2405438494748372 [0 1 0 1 0 0 0 0 0 1 0 1 0 0 0 0 0 0 0 0 1 0 1 0 0 0 0 0 1 1 1 1 0 0 1 1 1
 1 1 1 0 0 1 0 1 1 1 1 1 0 0 1 1 0 1 0 1 1 1 0]
82 28 53 0.2405438494748372 [0 1 0 1 0 0 0 0 0 1 0 1 0 0 0 0 0 0 0 0 1 0 1 0 0 0 0 0 1 1 1 1 0 0 1 1 1
 1 1 1 0 0 1 0 1 1 1 1 1 0 0 1 1 0 1 0 1 1 1 0]
83 28 51 0.2405438494748372 [0 1 0 1 0 0 0 0 0 1 0 1 0 0 0 0 0 0 0 0 1 0 1 0 0 0 0 0 1 1 1 1 0 0 1 1 1
 1 1 1 0 0 1 0 1 1 1 1 1 0 0 1 1 0 1 0 1 1 1 0]
84 28 51 0.2405438494748372 [0 1 0 1 0 0 0 0 0 1 0 1 0 0 0 0 0 0 0 0 1 0 1 0 0 0 0 0 1 1 1 1 0 0 1 1 1
 1 1 1 0 0 1 0 1 1 1 1 1 0 0 1 1 0 1 0 1 1 1 0]
85 28 51 0.2405438494748372 [0 1 0 1 0 0 0 0 0 1 0 1 0 0 0 0 0 0 0 0 1 0 1 0 0 0 0 0 1 1 1 1 0 0 1 1 1
 1 1 1 0 0 1 0 1 1 1 1 1 0 0 1 1 0 1 0 1 1 1 0]
86 28 52 0.2405438494748372 [0 1 0 1 0 0 0 0 0 1 0 1 0 0 0 0 0 0 0 0 1 0 1 0 0 0 0 0 1 1 1 1 0 0 1 1 1
 1 1 1 0 0 1 0 1 1 1 1 1 0 0 1 1 0 1 0 1 1 1 0]
87 28 56 0.2405438494748372 [0 1 0 1 0 0 0 0 0 1 0 1 0 0 0 0 0 0 0 0 1 0 1 0 0 0 0 0 1 1 1 1 0 0 1 1 1
 1 1 1 0 0 1 0 1 1 1 1 1 0 0 1 1 0 1 0 1 1 1 0]
88 28 54 0.2405438494748372 [0 1 0 1 0 0 0 0 0 1 0 1 0 0 0 0 0 0 0 0 1 0 1 0 0 0 0 0 1 1 1 1 0 0 1 1 1
 1 1 1 0 0 1 0 1 1 1 1 1 0 0 1 1 0 1 0 1 1 1 0]
89 28 49 0.2405438494748372 [0 1 0 1 0 0 0 0 0 1 0 1 0 0 0 0 0 0 0 0 1 0 1 0 0 0 0 0 1 1 1 1 0 0 1 1 1
 1 1 1 0 0 1 0 1 1 1 1 1 0 0 1 1 0 1 0 1 1 1 0]
90 28 52 0.2405438494748372 [0 1 0 1 0 0 0 0 0 1 0 1 0 0 0 0 0 0 0 0 1 0 1 0 0 0 0 0 1 1 1 1 0 0 1 1 1
 1 1 1 0 0 1 0 1 1 1 1 1 0 0 1 1 0 1 0 1 1 1 0]
91 28 53 0.2405438494748372 [0 1 0 1 0 0 0 0 0 1 0 1 0 0 0 0 0 0 0 0 1 0 1 0 0 0 0 0 1 1 1 1 0 0 1 1 1
 1 1 1 0 0 1 0 1 1 1 1 1 0 0 1 1 0 1 0 1 1 1 0]
92 28 53 0.2405438494748372 [0 1 0 1 0 0 0 0 0 1 0 1 0 0 0 0 0 0 0 0 1 0 1 0 0 0 0 0 1 1 1 1 0 0 1 1 1
 1 1 1 0 0 1 0 1 1 1 1 1 0 0 1 1 0 1 0 1 1 1 0]
93 28 52 0.2405438494748372 [0 1 0 1 0 0 0 0 0 1 0 1 0 0 0 0 0 0 0 0 1 0 1 0 0 0 0 0 1 1 1 1 0 0 1 1 1
 1 1 1 0 0 1 0 1 1 1 1 1 0 0 1 1 0 1 0 1 1 1 0]
94 28 53 0.2405438494748372 [0 1 0 1 0 0 0 0 0 1 0 1 0 0 0 0 0 0 0 0 1 0 1 0 0 0 0 0 1 1 1 1 0 0 1 1 1
 1 1 1 0 0 1 0 1 1 1 1 1 0 0 1 1 0 1 0 1 1 1 0]
95 28 51 0.2405438494748372 [0 1 0 1 0 0 0 0 0 1 0 1 0 0 0 0 0 0 0 0 1 0 1 0 0 0 0 0 1 1 1 1 0 0 1 1 1
 1 1 1 0 0 1 0 1 1 1 1 1 0 0 1 1 0 1 0 1 1 1 0]
96 28 52 0.2405438494748372 [0 1 0 1 0 0 0 0 0 1 0 1 0 0 0 0 0 0 0 0 1 0 1 0 0 0 0 0 1 1 1 1 0 0 1 1 1
 1 1 1 0 0 1 0 1 1 1 1 1 0 0 1 1 0 1 0 1 1 1 0]
97 28 54 0.2405438494748372 [0 1 0 1 0 0 0 0 0 1 0 1 0 0 0 0 0 0 0 0 1 0 1 0 0 0 0 0 1 1 1 1 0 0 1 1 1
 1 1 1 0 0 1 0 1 1 1 1 1 0 0 1 1 0 1 0 1 1 1 0]
98 28 57 0.2405438494748372 [0 1 0 1 0 0 0 0 0 1 0 1 0 0 0 0 0 0 0 0 1 0 1 0 0 0 0 0 1 1 1 1 0 0 1 1 1
 1 1 1 0 0 1 0 1 1 1 1 1 0 0 1 1 0 1 0 1 1 1 0]
99 33 52 0.23757828810020876 [1 1 1 1 0 1 1 1 0 1 1 1 0 0 0 0 0 0 0 0 0 1 1 1 1 0 0 1 1 1 0 0 0 1 1 0 1
 1 1 1 0 1 0 0 1 0 1 1 1 0 0 0 0 1 1 1 0 1 0 1]
100 33 57 0.23757828810020876 [1 1 1 1 0 1 1 1 0 1 1 1 0 0 0 0 0 0 0 0 0 1 1 1 1 0 0 1 1 1 0 0 0 1 1 0 1
 1 1 1 0 1 0 0 1 0 1 1 1 0 0 0 0 1 1 1 0 1 0 1]
101 33 55 0.23757828810020876 [1 1 1 1 0 1 1 1 0 1 1 1 0 0 0 0 0 0 0 0 0 1 1 1 1 0 0 1 1 1 0 0 0 1 1 0 1
 1 1 1 0 1 0 0 1 0 1 1 1 0 0 0 0 1 1 1 0 1 0 1]
102 33 50 0.23757828810020876 [1 1 1 1 0 1 1 1 0 1 1 1 0 0 0 0 0 0 0 0 0 1 1 1 1 0 0 1 1 1 0 0 0 1 1 0 1
 1 1 1 0 1 0 0 1 0 1 1 1 0 0 0 0 1 1 1 0 1 0 1]
103 33 48 0.23757828810020876 [1 1 1 1 0 1 1 1 0 1 1 1 0 0 0 0 0 0 0 0 0 1 1 1 1 0 0 1 1 1 0 0 0 1 1 0 1
 1 1 1 0 1 0 0 1 0 1 1 1 0 0 0 0 1 1 1 0 1 0 1]
104 33 50 0.23757828810020876 [1 1 1 1 0 1 1 1 0 1 1 1 0 0 0 0 0 0 0 0 0 1 1 1 1 0 0 1 1 1 0 0 0 1 1 0 1
 1 1 1 0 1 0 0 1 0 1 1 1 0 0 0 0 1 1 1 0 1 0 1]
105 33 54 0.23757828810020876 [1 1 1 1 0 1 1 1 0 1 1 1 0 0 0 0 0 0 0 0 0 1 1 1 1 0 0 1 1 1 0 0 0 1 1 0 1
 1 1 1 0 1 0 0 1 0 1 1 1 0 0 0 0 1 1 1 0 1 0 1]
106 33 52 0.23757828810020876 [1 1 1 1 0 1 1 1 0 1 1 1 0 0 0 0 0 0 0 0 0 1 1 1 1 0 0 1 1 1 0 0 0 1 1 0 1
 1 1 1 0 1 0 0 1 0 1 1 1 0 0 0 0 1 1 1 0 1 0 1]
107 33 49 0.23757828810020876 [1 1 1 1 0 1 1 1 0 1 1 1 0 0 0 0 0 0 0 0 0 1 1 1 1 0 0 1 1 1 0 0 0 1 1 0 1
 1 1 1 0 1 0 0 1 0 1 1 1 0 0 0 0 1 1 1 0 1 0 1]
108 33 52 0.23757828810020876 [1 1 1 1 0 1 1 1 0 1 1 1 0 0 0 0 0 0 0 0 0 1 1 1 1 0 0 1 1 1 0 0 0 1 1 0 1
 1 1 1 0 1 0 0 1 0 1 1 1 0 0 0 0 1 1 1 0 1 0 1]
109 33 55 0.23757828810020876 [1 1 1 1 0 1 1 1 0 1 1 1 0 0 0 0 0 0 0 0 0 1 1 1 1 0 0 1 1 1 0 0 0 1 1 0 1
 1 1 1 0 1 0 0 1 0 1 1 1 0 0 0 0 1 1 1 0 1 0 1]
110 33 53 0.23757828810020876 [1 1 1 1 0 1 1 1 0 1 1 1 0 0 0 0 0 0 0 0 0 1 1 1 1 0 0 1 1 1 0 0 0 1 1 0 1
 1 1 1 0 1 0 0 1 0 1 1 1 0 0 0 0 1 1 1 0 1 0 1]
111 33 49 0.23757828810020876 [1 1 1 1 0 1 1 1 0 1 1 1 0 0 0 0 0 0 0 0 0 1 1 1 1 0 0 1 1 1 0 0 0 1 1 0 1
 1 1 1 0 1 0 0 1 0 1 1 1 0 0 0 0 1 1 1 0 1 0 1]
112 33 54 0.23757828810020876 [1 1 1 1 0 1 1 1 0 1 1 1 0 0 0 0 0 0 0 0 0 1 1 1 1 0 0 1 1 1 0 0 0 1 1 0 1
 1 1 1 0 1 0 0 1 0 1 1 1 0 0 0 0 1 1 1 0 1 0 1]
113 33 53 0.23757828810020876 [1 1 1 1 0 1 1 1 0 1 1 1 0 0 0 0 0 0 0 0 0 1 1 1 1 0 0 1 1 1 0 0 0 1 1 0 1
 1 1 1 0 1 0 0 1 0 1 1 1 0 0 0 0 1 1 1 0 1 0 1]
114 33 54 0.23757828810020876 [1 1 1 1 0 1 1 1 0 1 1 1 0 0 0 0 0 0 0 0 0 1 1 1 1 0 0 1 1 1 0 0 0 1 1 0 1
 1 1 1 0 1 0 0 1 0 1 1 1 0 0 0 0 1 1 1 0 1 0 1]
115 33 54 0.23757828810020876 [1 1 1 1 0 1 1 1 0 1 1 1 0 0 0 0 0 0 0 0 0 1 1 1 1 0 0 1 1 1 0 0 0 1 1 0 1
 1 1 1 0 1 0 0 1 0 1 1 1 0 0 0 0 1 1 1 0 1 0 1]
116 33 53 0.23757828810020876 [1 1 1 1 0 1 1 1 0 1 1 1 0 0 0 0 0 0 0 0 0 1 1 1 1 0 0 1 1 1 0 0 0 1 1 0 1
 1 1 1 0 1 0 0 1 0 1 1 1 0 0 0 0 1 1 1 0 1 0 1]
117 33 52 0.23757828810020876 [1 1 1 1 0 1 1 1 0 1 1 1 0 0 0 0 0 0 0 0 0 1 1 1 1 0 0 1 1 1 0 0 0 1 1 0 1
 1 1 1 0 1 0 0 1 0 1 1 1 0 0 0 0 1 1 1 0 1 0 1]
118 33 50 0.23757828810020876 [1 1 1 1 0 1 1 1 0 1 1 1 0 0 0 0 0 0 0 0 0 1 1 1 1 0 0 1 1 1 0 0 0 1 1 0 1
 1 1 1 0 1 0 0 1 0 1 1 1 0 0 0 0 1 1 1 0 1 0 1]
119 33 53 0.23757828810020876 [1 1 1 1 0 1 1 1 0 1 1 1 0 0 0 0 0 0 0 0 0 1 1 1 1 0 0 1 1 1 0 0 0 1 1 0 1
 1 1 1 0 1 0 0 1 0 1 1 1 0 0 0 0 1 1 1 0 1 0 1]
120 33 51 0.23757828810020876 [1 1 1 1 0 1 1 1 0 1 1 1 0 0 0 0 0 0 0 0 0 1 1 1 1 0 0 1 1 1 0 0 0 1 1 0 1
 1 1 1 0 1 0 0 1 0 1 1 1 0 0 0 0 1 1 1 0 1 0 1]
121 33 49 0.23757828810020876 [1 1 1 1 0 1 1 1 0 1 1 1 0 0 0 0 0 0 0 0 0 1 1 1 1 0 0 1 1 1 0 0 0 1 1 0 1
 1 1 1 0 1 0 0 1 0 1 1 1 0 0 0 0 1 1 1 0 1 0 1]
122 33 49 0.23757828810020876 [1 1 1 1 0 1 1 1 0 1 1 1 0 0 0 0 0 0 0 0 0 1 1 1 1 0 0 1 1 1 0 0 0 1 1 0 1
 1 1 1 0 1 0 0 1 0 1 1 1 0 0 0 0 1 1 1 0 1 0 1]
123 33 51 0.23757828810020876 [1 1 1 1 0 1 1 1 0 1 1 1 0 0 0 0 0 0 0 0 0 1 1 1 1 0 0 1 1 1 0 0 0 1 1 0 1
 1 1 1 0 1 0 0 1 0 1 1 1 0 0 0 0 1 1 1 0 1 0 1]
124 33 50 0.23757828810020876 [1 1 1 1 0 1 1 1 0 1 1 1 0 0 0 0 0 0 0 0 0 1 1 1 1 0 0 1 1 1 0 0 0 1 1 0 1
 1 1 1 0 1 0 0 1 0 1 1 1 0 0 0 0 1 1 1 0 1 0 1]
125 33 52 0.23757828810020876 [1 1 1 1 0 1 1 1 0 1 1 1 0 0 0 0 0 0 0 0 0 1 1 1 1 0 0 1 1 1 0 0 0 1 1 0 1
 1 1 1 0 1 0 0 1 0 1 1 1 0 0 0 0 1 1 1 0 1 0 1]
126 33 55 0.23757828810020876 [1 1 1 1 0 1 1 1 0 1 1 1 0 0 0 0 0 0 0 0 0 1 1 1 1 0 0 1 1 1 0 0 0 1 1 0 1
 1 1 1 0 1 0 0 1 0 1 1 1 0 0 0 0 1 1 1 0 1 0 1]
127 33 49 0.23757828810020876 [1 1 1 1 0 1 1 1 0 1 1 1 0 0 0 0 0 0 0 0 0 1 1 1 1 0 0 1 1 1 0 0 0 1 1 0 1
 1 1 1 0 1 0 0 1 0 1 1 1 0 0 0 0 1 1 1 0 1 0 1]
128 33 53 0.23757828810020876 [1 1 1 1 0 1 1 1 0 1 1 1 0 0 0 0 0 0 0 0 0 1 1 1 1 0 0 1 1 1 0 0 0 1 1 0 1
 1 1 1 0 1 0 0 1 0 1 1 1 0 0 0 0 1 1 1 0 1 0 1]
129 33 52 0.23757828810020876 [1 1 1 1 0 1 1 1 0 1 1 1 0 0 0 0 0 0 0 0 0 1 1 1 1 0 0 1 1 1 0 0 0 1 1 0 1
 1 1 1 0 1 0 0 1 0 1 1 1 0 0 0 0 1 1 1 0 1 0 1]
130 33 56 0.23757828810020876 [1 1 1 1 0 1 1 1 0 1 1 1 0 0 0 0 0 0 0 0 0 1 1 1 1 0 0 1 1 1 0 0 0 1 1 0 1
 1 1 1 0 1 0 0 1 0 1 1 1 0 0 0 0 1 1 1 0 1 0 1]
131 33 53 0.23757828810020876 [1 1 1 1 0 1 1 1 0 1 1 1 0 0 0 0 0 0 0 0 0 1 1 1 1 0 0 1 1 1 0 0 0 1 1 0 1
 1 1 1 0 1 0 0 1 0 1 1 1 0 0 0 0 1 1 1 0 1 0 1]
132 33 53 0.23757828810020876 [1 1 1 1 0 1 1 1 0 1 1 1 0 0 0 0 0 0 0 0 0 1 1 1 1 0 0 1 1 1 0 0 0 1 1 0 1
 1 1 1 0 1 0 0 1 0 1 1 1 0 0 0 0 1 1 1 0 1 0 1]
133 33 57 0.23757828810020876 [1 1 1 1 0 1 1 1 0 1 1 1 0 0 0 0 0 0 0 0 0 1 1 1 1 0 0 1 1 1 0 0 0 1 1 0 1
 1 1 1 0 1 0 0 1 0 1 1 1 0 0 0 0 1 1 1 0 1 0 1]
134 33 54 0.23757828810020876 [1 1 1 1 0 1 1 1 0 1 1 1 0 0 0 0 0 0 0 0 0 1 1 1 1 0 0 1 1 1 0 0 0 1 1 0 1
 1 1 1 0 1 0 0 1 0 1 1 1 0 0 0 0 1 1 1 0 1 0 1]
135 33 51 0.23757828810020876 [1 1 1 1 0 1 1 1 0 1 1 1 0 0 0 0 0 0 0 0 0 1 1 1 1 0 0 1 1 1 0 0 0 1 1 0 1
 1 1 1 0 1 0 0 1 0 1 1 1 0 0 0 0 1 1 1 0 1 0 1]
136 33 53 0.23757828810020876 [1 1 1 1 0 1 1 1 0 1 1 1 0 0 0 0 0 0 0 0 0 1 1 1 1 0 0 1 1 1 0 0 0 1 1 0 1
 1 1 1 0 1 0 0 1 0 1 1 1 0 0 0 0 1 1 1 0 1 0 1]
137 33 57 0.23757828810020876 [1 1 1 1 0 1 1 1 0 1 1 1 0 0 0 0 0 0 0 0 0 1 1 1 1 0 0 1 1 1 0 0 0 1 1 0 1
 1 1 1 0 1 0 0 1 0 1 1 1 0 0 0 0 1 1 1 0 1 0 1]
138 33 52 0.23757828810020876 [1 1 1 1 0 1 1 1 0 1 1 1 0 0 0 0 0 0 0 0 0 1 1 1 1 0 0 1 1 1 0 0 0 1 1 0 1
 1 1 1 0 1 0 0 1 0 1 1 1 0 0 0 0 1 1 1 0 1 0 1]
139 33 52 0.23757828810020876 [1 1 1 1 0 1 1 1 0 1 1 1 0 0 0 0 0 0 0 0 0 1 1 1 1 0 0 1 1 1 0 0 0 1 1 0 1
 1 1 1 0 1 0 0 1 0 1 1 1 0 0 0 0 1 1 1 0 1 0 1]
140 33 51 0.23757828810020876 [1 1 1 1 0 1 1 1 0 1 1 1 0 0 0 0 0 0 0 0 0 1 1 1 1 0 0 1 1 1 0 0 0 1 1 0 1
 1 1 1 0 1 0 0 1 0 1 1 1 0 0 0 0 1 1 1 0 1 0 1]
141 33 52 0.23757828810020876 [1 1 1 1 0 1 1 1 0 1 1 1 0 0 0 0 0 0 0 0 0 1 1 1 1 0 0 1 1 1 0 0 0 1 1 0 1
 1 1 1 0 1 0 0 1 0 1 1 1 0 0 0 0 1 1 1 0 1 0 1]
142 33 53 0.23757828810020876 [1 1 1 1 0 1 1 1 0 1 1 1 0 0 0 0 0 0 0 0 0 1 1 1 1 0 0 1 1 1 0 0 0 1 1 0 1
 1 1 1 0 1 0 0 1 0 1 1 1 0 0 0 0 1 1 1 0 1 0 1]
143 33 52 0.23757828810020876 [1 1 1 1 0 1 1 1 0 1 1 1 0 0 0 0 0 0 0 0 0 1 1 1 1 0 0 1 1 1 0 0 0 1 1 0 1
 1 1 1 0 1 0 0 1 0 1 1 1 0 0 0 0 1 1 1 0 1 0 1]
144 33 53 0.23757828810020876 [1 1 1 1 0 1 1 1 0 1 1 1 0 0 0 0 0 0 0 0 0 1 1 1 1 0 0 1 1 1 0 0 0 1 1 0 1
 1 1 1 0 1 0 0 1 0 1 1 1 0 0 0 0 1 1 1 0 1 0 1]
145 33 50 0.23757828810020876 [1 1 1 1 0 1 1 1 0 1 1 1 0 0 0 0 0 0 0 0 0 1 1 1 1 0 0 1 1 1 0 0 0 1 1 0 1
 1 1 1 0 1 0 0 1 0 1 1 1 0 0 0 0 1 1 1 0 1 0 1]
146 33 53 0.23757828810020876 [1 1 1 1 0 1 1 1 0 1 1 1 0 0 0 0 0 0 0 0 0 1 1 1 1 0 0 1 1 1 0 0 0 1 1 0 1
 1 1 1 0 1 0 0 1 0 1 1 1 0 0 0 0 1 1 1 0 1 0 1]
147 33 51 0.23757828810020876 [1 1 1 1 0 1 1 1 0 1 1 1 0 0 0 0 0 0 0 0 0 1 1 1 1 0 0 1 1 1 0 0 0 1 1 0 1
 1 1 1 0 1 0 0 1 0 1 1 1 0 0 0 0 1 1 1 0 1 0 1]
148 33 53 0.23757828810020876 [1 1 1 1 0 1 1 1 0 1 1 1 0 0 0 0 0 0 0 0 0 1 1 1 1 0 0 1 1 1 0 0 0 1 1 0 1
 1 1 1 0 1 0 0 1 0 1 1 1 0 0 0 0 1 1 1 0 1 0 1]
149 33 55 0.23757828810020876 [1 1 1 1 0 1 1 1 0 1 1 1 0 0 0 0 0 0 0 0 0 1 1 1 1 0 0 1 1 1 0 0 0 1 1 0 1
 1 1 1 0 1 0 0 1 0 1 1 1 0 0 0 0 1 1 1 0 1 0 1]
150 33 52 0.23757828810020876 [1 1 1 1 0 1 1 1 0 1 1 1 0 0 0 0 0 0 0 0 0 1 1 1 1 0 0 1 1 1 0 0 0 1 1 0 1
 1 1 1 0 1 0 0 1 0 1 1 1 0 0 0 0 1 1 1 0 1 0 1]
