0 27 100 0.2595814796506838 [1 1 0 0 0 1 0 1 1 0 1 0 0 0 0 0 0 0 0 1 1 0 1 1 0 0 1 1 0 1 1 0 0 1 0 0 1
 1 1 0 0 0 1 1 1 1 1 0 0 0 0 0 1 0 1 0 0 1 1 0]
1 27 91 0.2595814796506838 [1 1 0 0 0 1 0 1 1 0 1 0 0 0 0 0 0 0 0 1 1 0 1 1 0 0 1 1 0 1 1 0 0 1 0 0 1
 1 1 0 0 0 1 1 1 1 1 0 0 0 0 0 1 0 1 0 0 1 1 0]
2 29 59 0.23952614851199072 [0 1 0 1 0 1 0 0 0 0 1 0 0 0 0 1 0 0 0 1 1 1 0 1 0 1 1 1 0 0 1 1 0 1 1 0 1
 0 1 1 0 1 1 1 1 1 0 0 0 0 0 0 0 1 1 1 0 0 1 1]
3 29 55 0.23952614851199072 [0 1 0 1 0 1 0 0 0 0 1 0 0 0 0 1 0 0 0 1 1 1 0 1 0 1 1 1 0 0 1 1 0 1 1 0 1
 0 1 1 0 1 1 1 1 1 0 0 0 0 0 0 0 1 1 1 0 0 1 1]
4 29 51 0.23952614851199072 [0 1 0 1 0 1 0 0 0 0 1 0 0 0 0 1 0 0 0 1 1 1 0 1 0 1 1 1 0 0 1 1 0 1 1 0 1
 0 1 1 0 1 1 1 1 1 0 0 0 0 0 0 0 1 1 1 0 0 1 1]
5 29 56 0.23952614851199072 [0 1 0 1 0 1 0 0 0 0 1 0 0 0 0 1 0 0 0 1 1 1 0 1 0 1 1 1 0 0 1 1 0 1 1 0 1
 0 1 1 0 1 1 1 1 1 0 0 0 0 0 0 0 1 1 1 0 0 1 1]
6 29 50 0.23952614851199072 [0 1 0 1 0 1 0 0 0 0 1 0 0 0 0 1 0 0 0 1 1 1 0 1 0 1 1 1 0 0 1 1 0 1 1 0 1
 0 1 1 0 1 1 1 1 1 0 0 0 0 0 0 0 1 1 1 0 0 1 1]
7 29 54 0.23952614851199072 [0 1 0 1 0 1 0 0 0 0 1 0 0 0 0 1 0 0 0 1 1 1 0 1 0 1 1 1 0 0 1 1 0 1 1 0 1
 0 1 1 0 1 1 1 1 1 0 0 0 0 0 0 0 1 1 1 0 0 1 1]
8 29 52 0.23952614851199072 [0 1 0 1 0 1 0 0 0 0 1 0 0 0 0 1 0 0 0 1 1 1 0 1 0 1 1 1 0 0 1 1 0 1 1 0 1
 0 1 1 0 1 1 1 1 1 0 0 0 0 0 0 0 1 1 1 0 0 1 1]
9 29 52 0.23952614851199072 [0 1 0 1 0 1 0 0 0 0 1 0 0 0 0 1 0 0 0 1 1 1 0 1 0 1 1 1 0 0 1 1 0 1 1 0 1
 0 1 1 0 1 1 1 1 1 0 0 0 0 0 0 0 1 1 1 0 0 1 1]
10 29 51 0.23952614851199072 [0 1 0 1 0 1 0 0 0 0 1 0 0 0 0 1 0 0 0 1 1 1 0 1 0 1 1 1 0 0 1 1 0 1 1 0 1
 0 1 1 0 1 1 1 1 1 0 0 0 0 0 0 0 1 1 1 0 0 1 1]
11 29 56 0.23952614851199072 [0 1 0 1 0 1 0 0 0 0 1 0 0 0 0 1 0 0 0 1 1 1 0 1 0 1 1 1 0 0 1 1 0 1 1 0 1
 0 1 1 0 1 1 1 1 1 0 0 0 0 0 0 0 1 1 1 0 0 1 1]
12 29 56 0.23952614851199072 [0 1 0 1 0 1 0 0 0 0 1 0 0 0 0 1 0 0 0 1 1 1 0 1 0 1 1 1 0 0 1 1 0 1 1 0 1
 0 1 1 0 1 1 1 1 1 0 0 0 0 0 0 0 1 1 1 0 0 1 1]
13 29 54 0.23952614851199072 [0 1 0 1 0 1 0 0 0 0 1 0 0 0 0 1 0 0 0 1 1 1 0 1 0 1 1 1 0 0 1 1 0 1 1 0 1
 0 1 1 0 1 1 1 1 1 0 0 0 0 0 0 0 1 1 1 0 0 1 1]
14 29 52 0.23952614851199072 [0 1 0 1 0 1 0 0 0 0 1 0 0 0 0 1 0 0 0 1 1 1 0 1 0 1 1 1 0 0 1 1 0 1 1 0 1
 0 1 1 0 1 1 1 1 1 0 0 0 0 0 0 0 1 1 1 0 0 1 1]
15 29 52 0.23952614851199072 [0 1 0 1 0 1 0 0 0 0 1 0 0 0 0 1 0 0 0 1 1 1 0 1 0 1 1 1 0 0 1 1 0 1 1 0 1
 0 1 1 0 1 1 1 1 1 0 0 0 0 0 0 0 1 1 1 0 0 1 1]
16 29 51 0.23952614851199072 [0 1 0 1 0 1 0 0 0 0 1 0 0 0 0 1 0 0 0 1 1 1 0 1 0 1 1 1 0 0 1 1 0 1 1 0 1
 0 1 1 0 1 1 1 1 1 0 0 0 0 0 0 0 1 1 1 0 0 1 1]
17 29 53 0.23952614851199072 [0 1 0 1 0 1 0 0 0 0 1 0 0 0 0 1 0 0 0 1 1 1 0 1 0 1 1 1 0 0 1 1 0 1 1 0 1
 0 1 1 0 1 1 1 1 1 0 0 0 0 0 0 0 1 1 1 0 0 1 1]
18 29 53 0.23952614851199072 [0 1 0 1 0 1 0 0 0 0 1 0 0 0 0 1 0 0 0 1 1 1 0 1 0 1 1 1 0 0 1 1 0 1 1 0 1
 0 1 1 0 1 1 1 1 1 0 0 0 0 0 0 0 1 1 1 0 0 1 1]
19 29 53 0.23952614851199072 [0 1 0 1 0 1 0 0 0 0 1 0 0 0 0 1 0 0 0 1 1 1 0 1 0 1 1 1 0 0 1 1 0 1 1 0 1
 0 1 1 0 1 1 1 1 1 0 0 0 0 0 0 0 1 1 1 0 0 1 1]
20 29 54 0.23952614851199072 [0 1 0 1 0 1 0 0 0 0 1 0 0 0 0 1 0 0 0 1 1 1 0 1 0 1 1 1 0 0 1 1 0 1 1 0 1
 0 1 1 0 1 1 1 1 1 0 0 0 0 0 0 0 1 1 1 0 0 1 1]
21 29 52 0.23952614851199072 [0 1 0 1 0 1 0 0 0 0 1 0 0 0 0 1 0 0 0 1 1 1 0 1 0 1 1 1 0 0 1 1 0 1 1 0 1
 0 1 1 0 1 1 1 1 1 0 0 0 0 0 0 0 1 1 1 0 0 1 1]
22 29 53 0.23952614851199072 [0 1 0 1 0 1 0 0 0 0 1 0 0 0 0 1 0 0 0 1 1 1 0 1 0 1 1 1 0 0 1 1 0 1 1 0 1
 0 1 1 0 1 1 1 1 1 0 0 0 0 0 0 0 1 1 1 0 0 1 1]
23 29 51 0.23952614851199072 [0 1 0 1 0 1 0 0 0 0 1 0 0 0 0 1 0 0 0 1 1 1 0 1 0 1 1 1 0 0 1 1 0 1 1 0 1
 0 1 1 0 1 1 1 1 1 0 0 0 0 0 0 0 1 1 1 0 0 1 1]
24 29 52 0.23952614851199072 [0 1 0 1 0 1 0 0 0 0 1 0 0 0 0 1 0 0 0 1 1 1 0 1 0 1 1 1 0 0 1 1 0 1 1 0 1
 0 1 1 0 1 1 1 1 1 0 0 0 0 0 0 0 1 1 1 0 0 1 1]
25 29 52 0.23952614851199072 [0 1 0 1 0 1 0 0 0 0 1 0 0 0 0 1 0 0 0 1 1 1 0 1 0 1 1 1 0 0 1 1 0 1 1 0 1
 0 1 1 0 1 1 1 1 1 0 0 0 0 0 0 0 1 1 1 0 0 1 1]
26 29 52 0.23952614851199072 [0 1 0 1 0 1 0 0 0 0 1 0 0 0 0 1 0 0 0 1 1 1 0 1 0 1 1 1 0 0 1 1 0 1 1 0 1
 0 1 1 0 1 1 1 1 1 0 0 0 0 0 0 0 1 1 1 0 0 1 1]
27 29 50 0.23952614851199072 [0 1 0 1 0 1 0 0 0 0 1 0 0 0 0 1 0 0 0 1 1 1 0 1 0 1 1 1 0 0 1 1 0 1 1 0 1
 0 1 1 0 1 1 1 1 1 0 0 0 0 0 0 0 1 1 1 0 0 1 1]
28 29 53 0.23952614851199072 [0 1 0 1 0 1 0 0 0 0 1 0 0 0 0 1 0 0 0 1 1 1 0 1 0 1 1 1 0 0 1 1 0 1 1 0 1
 0 1 1 0 1 1 1 1 1 0 0 0 0 0 0 0 1 1 1 0 0 1 1]
29 29 53 0.23952614851199072 [0 1 0 1 0 1 0 0 0 0 1 0 0 0 0 1 0 0 0 1 1 1 0 1 0 1 1 1 0 0 1 1 0 1 1 0 1
 0 1 1 0 1 1 1 1 1 0 0 0 0 0 0 0 1 1 1 0 0 1 1]
30 29 53 0.23952614851199072 [0 1 0 1 0 1 0 0 0 0 1 0 0 0 0 1 0 0 0 1 1 1 0 1 0 1 1 1 0 0 1 1 0 1 1 0 1
 0 1 1 0 1 1 1 1 1 0 0 0 0 0 0 0 1 1 1 0 0 1 1]
31 29 56 0.23952614851199072 [0 1 0 1 0 1 0 0 0 0 1 0 0 0 0 1 0 0 0 1 1 1 0 1 0 1 1 1 0 0 1 1 0 1 1 0 1
 0 1 1 0 1 1 1 1 1 0 0 0 0 0 0 0 1 1 1 0 0 1 1]
32 29 51 0.23952614851199072 [0 1 0 1 0 1 0 0 0 0 1 0 0 0 0 1 0 0 0 1 1 1 0 1 0 1 1 1 0 0 1 1 0 1 1 0 1
 0 1 1 0 1 1 1 1 1 0 0 0 0 0 0 0 1 1 1 0 0 1 1]
33 31 53 0.22170747849106542 [0 0 0 1 0 1 0 0 0 0 1 0 0 0 0 1 0 0 0 1 1 1 1 1 0 0 1 1 1 1 1 0 0 1 1 0 1
 0 1 1 0 1 1 1 1 1 0 0 0 1 0 0 1 1 1 1 1 0 0 1]
34 31 47 0.22170747849106542 [0 0 0 1 0 1 0 0 0 0 1 0 0 0 0 1 0 0 0 1 1 1 1 1 0 0 1 1 1 1 1 0 0 1 1 0 1
 0 1 1 0 1 1 1 1 1 0 0 0 1 0 0 1 1 1 1 1 0 0 1]
35 31 51 0.22170747849106542 [0 0 0 1 0 1 0 0 0 0 1 0 0 0 0 1 0 0 0 1 1 1 1 1 0 0 1 1 1 1 1 0 0 1 1 0 1
 0 1 1 0 1 1 1 1 1 0 0 0 1 0 0 1 1 1 1 1 0 0 1]
36 31 57 0.22170747849106542 [0 0 0 1 0 1 0 0 0 0 1 0 0 0 0 1 0 0 0 1 1 1 1 1 0 0 1 1 1 1 1 0 0 1 1 0 1
 0 1 1 0 1 1 1 1 1 0 0 0 1 0 0 1 1 1 1 1 0 0 1]
37 31 54 0.22170747849106542 [0 0 0 1 0 1 0 0 0 0 1 0 0 0 0 1 0 0 0 1 1 1 1 1 0 0 1 1 1 1 1 0 0 1 1 0 1
 0 1 1 0 1 1 1 1 1 0 0 0 1 0 0 1 1 1 1 1 0 0 1]
38 31 52 0.22170747849106542 [0 0 0 1 0 1 0 0 0 0 1 0 0 0 0 1 0 0 0 1 1 1 1 1 0 0 1 1 1 1 1 0 0 1 1 0 1
 0 1 1 0 1 1 1 1 1 0 0 0 1 0 0 1 1 1 1 1 0 0 1]
39 31 53 0.22170747849106542 [0 0 0 1 0 1 0 0 0 0 1 0 0 0 0 1 0 0 0 1 1 1 1 1 0 0 1 1 1 1 1 0 0 1 1 0 1
 0 1 1 0 1 1 1 1 1 0 0 0 1 0 0 1 1 1 1 1 0 0 1]
40 31 50 0.22170747849106542 [0 0 0 1 0 1 0 0 0 0 1 0 0 0 0 1 0 0 0 1 1 1 1 1 0 0 1 1 1 1 1 0 0 1 1 0 1
 0 1 1 0 1 1 1 1 1 0 0 0 1 0 0 1 1 1 1 1 0 0 1]
41 31 53 0.22170747849106542 [0 0 0 1 0 1 0 0 0 0 1 0 0 0 0 1 0 0 0 1 1 1 1 1 0 0 1 1 1 1 1 0 0 1 1 0 1
 0 1 1 0 1 1 1 1 1 0 0 0 1 0 0 1 1 1 1 1 0 0 1]
42 31 58 0.22170747849106542 [0 0 0 1 0 1 0 0 0 0 1 0 0 0 0 1 0 0 0 1 1 1 1 1 0 0 1 1 1 1 1 0 0 1 1 0 1
 0 1 1 0 1 1 1 1 1 0 0 0 1 0 0 1 1 1 1 1 0 0 1]
43 31 50 0.22170747849106542 [0 0 0 1 0 1 0 0 0 0 1 0 0 0 0 1 0 0 0 1 1 1 1 1 0 0 1 1 1 1 1 0 0 1 1 0 1
 0 1 1 0 1 1 1 1 1 0 0 0 1 0 0 1 1 1 1 1 0 0 1]
44 31 50 0.22170747849106542 [0 0 0 1 0 1 0 0 0 0 1 0 0 0 0 1 0 0 0 1 1 1 1 1 0 0 1 1 1 1 1 0 0 1 1 0 1
 0 1 1 0 1 1 1 1 1 0 0 0 1 0 0 1 1 1 1 1 0 0 1]
45 31 52 0.22170747849106542 [0 0 0 1 0 1 0 0 0 0 1 0 0 0 0 1 0 0 0 1 1 1 1 1 0 0 1 1 1 1 1 0 0 1 1 0 1
 0 1 1 0 1 1 1 1 1 0 0 0 1 0 0 1 1 1 1 1 0 0 1]
46 31 51 0.22170747849106542 [0 0 0 1 0 1 0 0 0 0 1 0 0 0 0 1 0 0 0 1 1 1 1 1 0 0 1 1 1 1 1 0 0 1 1 0 1
 0 1 1 0 1 1 1 1 1 0 0 0 1 0 0 1 1 1 1 1 0 0 1]
47 31 51 0.22170747849106542 [0 0 0 1 0 1 0 0 0 0 1 0 0 0 0 1 0 0 0 1 1 1 1 1 0 0 1 1 1 1 1 0 0 1 1 0 1
 0 1 1 0 1 1 1 1 1 0 0 0 1 0 0 1 1 1 1 1 0 0 1]
48 31 50 0.22170747849106542 [0 0 0 1 0 1 0 0 0 0 1 0 0 0 0 1 0 0 0 1 1 1 1 1 0 0 1 1 1 1 1 0 0 1 1 0 1
 0 1 1 0 1 1 1 1 1 0 0 0 1 0 0 1 1 1 1 1 0 0 1]
49 31 52 0.22170747849106542 [0 0 0 1 0 1 0 0 0 0 1 0 0 0 0 1 0 0 0 1 1 1 1 1 0 0 1 1 1 1 1 0 0 1 1 0 1
 0 1 1 0 1 1 1 1 1 0 0 0 1 0 0 1 1 1 1 1 0 0 1]
50 31 52 0.22170747849106542 [0 0 0 1 0 1 0 0 0 0 1 0 0 0 0 1 0 0 0 1 1 1 1 1 0 0 1 1 1 1 1 0 0 1 1 0 1
 0 1 1 0 1 1 1 1 1 0 0 0 1 0 0 1 1 1 1 1 0 0 1]
51 31 56 0.22170747849106542 [0 0 0 1 0 1 0 0 0 0 1 0 0 0 0 1 0 0 0 1 1 1 1 1 0 0 1 1 1 1 1 0 0 1 1 0 1
 0 1 1 0 1 1 1 1 1 0 0 0 1 0 0 1 1 1 1 1 0 0 1]
52 31 54 0.22170747849106542 [0 0 0 1 0 1 0 0 0 0 1 0 0 0 0 1 0 0 0 1 1 1 1 1 0 0 1 1 1 1 1 0 0 1 1 0 1
 0 1 1 0 1 1 1 1 1 0 0 0 1 0 0 1 1 1 1 1 0 0 1]
53 31 55 0.22170747849106542 [0 0 0 1 0 1 0 0 0 0 1 0 0 0 0 1 0 0 0 1 1 1 1 1 0 0 1 1 1 1 1 0 0 1 1 0 1
 0 1 1 0 1 1 1 1 1 0 0 0 1 0 0 1 1 1 1 1 0 0 1]
54 31 55 0.22170747849106542 [0 0 0 1 0 1 0 0 0 0 1 0 0 0 0 1 0 0 0 1 1 1 1 1 0 0 1 1 1 1 1 0 0 1 1 0 1
 0 1 1 0 1 1 1 1 1 0 0 0 1 0 0 1 1 1 1 1 0 0 1]
55 31 50 0.22170747849106542 [0 0 0 1 0 1 0 0 0 0 1 0 0 0 0 1 0 0 0 1 1 1 1 1 0 0 1 1 1 1 1 0 0 1 1 0 1
 0 1 1 0 1 1 1 1 1 0 0 0 1 0 0 1 1 1 1 1 0 0 1]
56 31 51 0.22170747849106542 [0 0 0 1 0 1 0 0 0 0 1 0 0 0 0 1 0 0 0 1 1 1 1 1 0 0 1 1 1 1 1 0 0 1 1 0 1
 0 1 1 0 1 1 1 1 1 0 0 0 1 0 0 1 1 1 1 1 0 0 1]
57 31 53 0.22170747849106542 [0 0 0 1 0 1 0 0 0 0 1 0 0 0 0 1 0 0 0 1 1 1 1 1 0 0 1 1 1 1 1 0 0 1 1 0 1
 0 1 1 0 1 1 1 1 1 0 0 0 1 0 0 1 1 1 1 1 0 0 1]
58 31 53 0.22170747849106542 [0 0 0 1 0 1 0 0 0 0 1 0 0 0 0 1 0 0 0 1 1 1 1 1 0 0 1 1 1 1 1 0 0 1 1 0 1
 0 1 1 0 1 1 1 1 1 0 0 0 1 0 0 1 1 1 1 1 0 0 1]
59 31 54 0.22170747849106542 [0 0 0 1 0 1 0 0 0 0 1 0 0 0 0 1 0 0 0 1 1 1 1 1 0 0 1 1 1 1 1 0 0 1 1 0 1
 0 1 1 0 1 1 1 1 1 0 0 0 1 0 0 1 1 1 1 1 0 0 1]
60 31 48 0.22170747849106542 [0 0 0 1 0 1 0 0 0 0 1 0 0 0 0 1 0 0 0 1 1 1 1 1 0 0 1 1 1 1 1 0 0 1 1 0 1
 0 1 1 0 1 1 1 1 1 0 0 0 1 0 0 1 1 1 1 1 0 0 1]
61 31 54 0.22170747849106542 [0 0 0 1 0 1 0 0 0 0 1 0 0 0 0 1 0 0 0 1 1 1 1 1 0 0 1 1 1 1 1 0 0 1 1 0 1
 0 1 1 0 1 1 1 1 1 0 0 0 1 0 0 1 1 1 1 1 0 0 1]
62 31 54 0.22170747849106542 [0 0 0 1 0 1 0 0 0 0 1 0 0 0 0 1 0 0 0 1 1 1 1 1 0 0 1 1 1 1 1 0 0 1 1 0 1
 0 1 1 0 1 1 1 1 1 0 0 0 1 0 0 1 1 1 1 1 0 0 1]
63 31 53 0.22170747849106542 [0 0 0 1 0 1 0 0 0 0 1 0 0 0 0 1 0 0 0 1 1 1 1 1 0 0 1 1 1 1 1 0 0 1 1 0 1
 0 1 1 0 1 1 1 1 1 0 0 0 1 0 0 1 1 1 1 1 0 0 1]
64 31 54 0.22170747849106542 [0 0 0 1 0 1 0 0 0 0 1 0 0 0 0 1 0 0 0 1 1 1 1 1 0 0 1 1 1 1 1 0 0 1 1 0 1
 0 1 1 0 1 1 1 1 1 0 0 0 1 0 0 1 1 1 1 1 0 0 1]
65 31 54 0.22170747849106542 [0 0 0 1 0 1 0 0 0 0 1 0 0 0 0 1 0 0 0 1 1 1 1 1 0 0 1 1 1 1 1 0 0 1 1 0 1
 0 1 1 0 1 1 1 1 1 0 0 0 1 0 0 1 1 1 1 1 0 0 1]
66 31 57 0.22170747849106542 [0 0 0 1 0 1 0 0 0 0 1 0 0 0 0 1 0 0 0 1 1 1 1 1 0 0 1 1 1 1 1 0 0 1 1 0 1
 0 1 1 0 1 1 1 1 1 0 0 0 1 0 0 1 1 1 1 1 0 0 1]
67 31 52 0.22170747849106542 [0 0 0 1 0 1 0 0 0 0 1 0 0 0 0 1 0 0 0 1 1 1 1 1 0 0 1 1 1 1 1 0 0 1 1 0 1
 0 1 1 0 1 1 1 1 1 0 0 0 1 0 0 1 1 1 1 1 0 0 1]
68 31 50 0.22170747849106542 [0 0 0 1 0 1 0 0 0 0 1 0 0 0 0 1 0 0 0 1 1 1 1 1 0 0 1 1 1 1 1 0 0 1 1 0 1
 0 1 1 0 1 1 1 1 1 0 0 0 1 0 0 1 1 1 1 1 0 0 1]
69 31 50 0.22170747849106542 [0 0 0 1 0 1 0 0 0 0 1 0 0 0 0 1 0 0 0 1 1 1 1 1 0 0 1 1 1 1 1 0 0 1 1 0 1
 0 1 1 0 1 1 1 1 1 0 0 0 1 0 0 1 1 1 1 1 0 0 1]
70 31 49 0.22170747849106542 [0 0 0 1 0 1 0 0 0 0 1 0 0 0 0 1 0 0 0 1 1 1 1 1 0 0 1 1 1 1 1 0 0 1 1 0 1
 0 1 1 0 1 1 1 1 1 0 0 0 1 0 0 1 1 1 1 1 0 0 1]
71 31 53 0.22170747849106542 [0 0 0 1 0 1 0 0 0 0 1 0 0 0 0 1 0 0 0 1 1 1 1 1 0 0 1 1 1 1 1 0 0 1 1 0 1
 0 1 1 0 1 1 1 1 1 0 0 0 1 0 0 1 1 1 1 1 0 0 1]
72 31 52 0.22170747849106542 [0 0 0 1 0 1 0 0 0 0 1 0 0 0 0 1 0 0 0 1 1 1 1 1 0 0 1 1 1 1 1 0 0 1 1 0 1
 0 1 1 0 1 1 1 1 1 0 0 0 1 0 0 1 1 1 1 1 0 0 1]
73 31 53 0.22170747849106542 [0 0 0 1 0 1 0 0 0 0 1 0 0 0 0 1 0 0 0 1 1 1 1 1 0 0 1 1 1 1 1 0 0 1 1 0 1
 0 1 1 0 1 1 1 1 1 0 0 0 1 0 0 1 1 1 1 1 0 0 1]
74 31 53 0.22170747849106542 [0 0 0 1 0 1 0 0 0 0 1 0 0 0 0 1 0 0 0 1 1 1 1 1 0 0 1 1 1 1 1 0 0 1 1 0 1
 0 1 1 0 1 1 1 1 1 0 0 0 1 0 0 1 1 1 1 1 0 0 1]
75 31 51 0.22170747849106542 [0 0 0 1 0 1 0 0 0 0 1 0 0 0 0 1 0 0 0 1 1 1 1 1 0 0 1 1 1 1 1 0 0 1 1 0 1
 0 1 1 0 1 1 1 1 1 0 0 0 1 0 0 1 1 1 1 1 0 0 1]
76 31 53 0.22170747849106542 [0 0 0 1 0 1 0 0 0 0 1 0 0 0 0 1 0 0 0 1 1 1 1 1 0 0 1 1 1 1 1 0 0 1 1 0 1
 0 1 1 0 1 1 1 1 1 0 0 0 1 0 0 1 1 1 1 1 0 0 1]
77 31 53 0.22170747849106542 [0 0 0 1 0 1 0 0 0 0 1 0 0 0 0 1 0 0 0 1 1 1 1 1 0 0 1 1 1 1 1 0 0 1 1 0 1
 0 1 1 0 1 1 1 1 1 0 0 0 1 0 0 1 1 1 1 1 0 0 1]
78 31 51 0.22170747849106542 [0 0 0 1 0 1 0 0 0 0 1 0 0 0 0 1 0 0 0 1 1 1 1 1 0 0 1 1 1 1 1 0 0 1 1 0 1
 0 1 1 0 1 1 1 1 1 0 0 0 1 0 0 1 1 1 1 1 0 0 1]
79 31 50 0.22170747849106542 [0 0 0 1 0 1 0 0 0 0 1 0 0 0 0 1 0 0 0 1 1 1 1 1 0 0 1 1 1 1 1 0 0 1 1 0 1
 0 1 1 0 1 1 1 1 1 0 0 0 1 0 0 1 1 1 1 1 0 0 1]
80 31 54 0.22170747849106542 [0 0 0 1 0 1 0 0 0 0 1 0 0 0 0 1 0 0 0 1 1 1 1 1 0 0 1 1 1 1 1 0 0 1 1 0 1
 0 1 1 0 1 1 1 1 1 0 0 0 1 0 0 1 1 1 1 1 0 0 1]
81 31 52 0.22170747849106542 [0 0 0 1 0 1 0 0 0 0 1 0 0 0 0 1 0 0 0 1 1 1 1 1 0 0 1 1 1 1 1 0 0 1 1 0 1
 0 1 1 0 1 1 1 1 1 0 0 0 1 0 0 1 1 1 1 1 0 0 1]
82 31 51 0.22170747849106542 [0 0 0 1 0 1 0 0 0 0 1 0 0 0 0 1 0 0 0 1 1 1 1 1 0 0 1 1 1 1 1 0 0 1 1 0 1
 0 1 1 0 1 1 1 1 1 0 0 0 1 0 0 1 1 1 1 1 0 0 1]
83 31 51 0.22170747849106542 [0 0 0 1 0 1 0 0 0 0 1 0 0 0 0 1 0 0 0 1 1 1 1 1 0 0 1 1 1 1 1 0 0 1 1 0 1
 0 1 1 0 1 1 1 1 1 0 0 0 1 0 0 1 1 1 1 1 0 0 1]
84 31 55 0.22170747849106542 [0 0 0 1 0 1 0 0 0 0 1 0 0 0 0 1 0 0 0 1 1 1 1 1 0 0 1 1 1 1 1 0 0 1 1 0 1
 0 1 1 0 1 1 1 1 1 0 0 0 1 0 0 1 1 1 1 1 0 0 1]
85 31 54 0.22170747849106542 [0 0 0 1 0 1 0 0 0 0 1 0 0 0 0 1 0 0 0 1 1 1 1 1 0 0 1 1 1 1 1 0 0 1 1 0 1
 0 1 1 0 1 1 1 1 1 0 0 0 1 0 0 1 1 1 1 1 0 0 1]
86 31 52 0.22170747849106542 [0 0 0 1 0 1 0 0 0 0 1 0 0 0 0 1 0 0 0 1 1 1 1 1 0 0 1 1 1 1 1 0 0 1 1 0 1
 0 1 1 0 1 1 1 1 1 0 0 0 1 0 0 1 1 1 1 1 0 0 1]
87 31 50 0.22170747849106542 [0 0 0 1 0 1 0 0 0 0 1 0 0 0 0 1 0 0 0 1 1 1 1 1 0 0 1 1 1 1 1 0 0 1 1 0 1
 0 1 1 0 1 1 1 1 1 0 0 0 1 0 0 1 1 1 1 1 0 0 1]
88 31 52 0.22170747849106542 [0 0 0 1 0 1 0 0 0 0 1 0 0 0 0 1 0 0 0 1 1 1 1 1 0 0 1 1 1 1 1 0 0 1 1 0 1
 0 1 1 0 1 1 1 1 1 0 0 0 1 0 0 1 1 1 1 1 0 0 1]
89 31 49 0.22170747849106542 [0 0 0 1 0 1 0 0 0 0 1 0 0 0 0 1 0 0 0 1 1 1 1 1 0 0 1 1 1 1 1 0 0 1 1 0 1
 0 1 1 0 1 1 1 1 1 0 0 0 1 0 0 1 1 1 1 1 0 0 1]
90 31 53 0.22170747849106542 [0 0 0 1 0 1 0 0 0 0 1 0 0 0 0 1 0 0 0 1 1 1 1 1 0 0 1 1 1 1 1 0 0 1 1 0 1
 0 1 1 0 1 1 1 1 1 0 0 0 1 0 0 1 1 1 1 1 0 0 1]
91 31 52 0.22170747849106542 [0 0 0 1 0 1 0 0 0 0 1 0 0 0 0 1 0 0 0 1 1 1 1 1 0 0 1 1 1 1 1 0 0 1 1 0 1
 0 1 1 0 1 1 1 1 1 0 0 0 1 0 0 1 1 1 1 1 0 0 1]
92 31 53 0.22170747849106542 [0 0 0 1 0 1 0 0 0 0 1 0 0 0 0 1 0 0 0 1 1 1 1 1 0 0 1 1 1 1 1 0 0 1 1 0 1
 0 1 1 0 1 1 1 1 1 0 0 0 1 0 0 1 1 1 1 1 0 0 1]
93 31 52 0.22170747849106542 [0 0 0 1 0 1 0 0 0 0 1 0 0 0 0 1 0 0 0 1 1 1 1 1 0 0 1 1 1 1 1 0 0 1 1 0 1
 0 1 1 0 1 1 1 1 1 0 0 0 1 0 0 1 1 1 1 1 0 0 1]
94 31 51 0.22170747849106542 [0 0 0 1 0 1 0 0 0 0 1 0 0 0 0 1 0 0 0 1 1 1 1 1 0 0 1 1 1 1 1 0 0 1 1 0 1
 0 1 1 0 1 1 1 1 1 0 0 0 1 0 0 1 1 1 1 1 0 0 1]
95 31 52 0.22170747849106542 [0 0 0 1 0 1 0 0 0 0 1 0 0 0 0 1 0 0 0 1 1 1 1 1 0 0 1 1 1 1 1 0 0 1 1 0 1
 0 1 1 0 1 1 1 1 1 0 0 0 1 0 0 1 1 1 1 1 0 0 1]
96 31 51 0.22170747849106542 [0 0 0 1 0 1 0 0 0 0 1 0 0 0 0 1 0 0 0 1 1 1 1 1 0 0 1 1 1 1 1 0 0 1 1 0 1
 0 1 1 0 1 1 1 1 1 0 0 0 1 0 0 1 1 1 1 1 0 0 1]
97 31 53 0.22170747849106542 [0 0 0 1 0 1 0 0 0 0 1 0 0 0 0 1 0 0 0 1 1 1 1 1 0 0 1 1 1 1 1 0 0 1 1 0 1
 0 1 1 0 1 1 1 1 1 0 0 0 1 0 0 1 1 1 1 1 0 0 1]
98 31 54 0.22170747849106542 [0 0 0 1 0 1 0 0 0 0 1 0 0 0 0 1 0 0 0 1 1 1 1 1 0 0 1 1 1 1 1 0 0 1 1 0 1
 0 1 1 0 1 1 1 1 1 0 0 0 1 0 0 1 1 1 1 1 0 0 1]
99 31 53 0.22170747849106542 [0 0 0 1 0 1 0 0 0 0 1 0 0 0 0 1 0 0 0 1 1 1 1 1 0 0 1 1 1 1 1 0 0 1 1 0 1
 0 1 1 0 1 1 1 1 1 0 0 0 1 0 0 1 1 1 1 1 0 0 1]
100 31 51 0.22170747849106542 [0 0 0 1 0 1 0 0 0 0 1 0 0 0 0 1 0 0 0 1 1 1 1 1 0 0 1 1 1 1 1 0 0 1 1 0 1
 0 1 1 0 1 1 1 1 1 0 0 0 1 0 0 1 1 1 1 1 0 0 1]
101 31 54 0.22170747849106542 [0 0 0 1 0 1 0 0 0 0 1 0 0 0 0 1 0 0 0 1 1 1 1 1 0 0 1 1 1 1 1 0 0 1 1 0 1
 0 1 1 0 1 1 1 1 1 0 0 0 1 0 0 1 1 1 1 1 0 0 1]
102 31 54 0.22170747849106542 [0 0 0 1 0 1 0 0 0 0 1 0 0 0 0 1 0 0 0 1 1 1 1 1 0 0 1 1 1 1 1 0 0 1 1 0 1
 0 1 1 0 1 1 1 1 1 0 0 0 1 0 0 1 1 1 1 1 0 0 1]
103 31 56 0.22170747849106542 [0 0 0 1 0 1 0 0 0 0 1 0 0 0 0 1 0 0 0 1 1 1 1 1 0 0 1 1 1 1 1 0 0 1 1 0 1
 0 1 1 0 1 1 1 1 1 0 0 0 1 0 0 1 1 1 1 1 0 0 1]
104 31 51 0.22170747849106542 [0 0 0 1 0 1 0 0 0 0 1 0 0 0 0 1 0 0 0 1 1 1 1 1 0 0 1 1 1 1 1 0 0 1 1 0 1
 0 1 1 0 1 1 1 1 1 0 0 0 1 0 0 1 1 1 1 1 0 0 1]
105 31 50 0.22170747849106542 [0 0 0 1 0 1 0 0 0 0 1 0 0 0 0 1 0 0 0 1 1 1 1 1 0 0 1 1 1 1 1 0 0 1 1 0 1
 0 1 1 0 1 1 1 1 1 0 0 0 1 0 0 1 1 1 1 1 0 0 1]
106 31 55 0.22170747849106542 [0 0 0 1 0 1 0 0 0 0 1 0 0 0 0 1 0 0 0 1 1 1 1 1 0 0 1 1 1 1 1 0 0 1 1 0 1
 0 1 1 0 1 1 1 1 1 0 0 0 1 0 0 1 1 1 1 1 0 0 1]
107 31 51 0.22170747849106542 [0 0 0 1 0 1 0 0 0 0 1 0 0 0 0 1 0 0 0 1 1 1 1 1 0 0 1 1 1 1 1 0 0 1 1 0 1
 0 1 1 0 1 1 1 1 1 0 0 0 1 0 0 1 1 1 1 1 0 0 1]
108 31 53 0.22170747849106542 [0 0 0 1 0 1 0 0 0 0 1 0 0 0 0 1 0 0 0 1 1 1 1 1 0 0 1 1 1 1 1 0 0 1 1 0 1
 0 1 1 0 1 1 1 1 1 0 0 0 1 0 0 1 1 1 1 1 0 0 1]
109 31 53 0.22170747849106542 [0 0 0 1 0 1 0 0 0 0 1 0 0 0 0 1 0 0 0 1 1 1 1 1 0 0 1 1 1 1 1 0 0 1 1 0 1
 0 1 1 0 1 1 1 1 1 0 0 0 1 0 0 1 1 1 1 1 0 0 1]
110 31 56 0.22170747849106542 [0 0 0 1 0 1 0 0 0 0 1 0 0 0 0 1 0 0 0 1 1 1 1 1 0 0 1 1 1 1 1 0 0 1 1 0 1
 0 1 1 0 1 1 1 1 1 0 0 0 1 0 0 1 1 1 1 1 0 0 1]
111 31 56 0.22170747849106542 [0 0 0 1 0 1 0 0 0 0 1 0 0 0 0 1 0 0 0 1 1 1 1 1 0 0 1 1 1 1 1 0 0 1 1 0 1
 0 1 1 0 1 1 1 1 1 0 0 0 1 0 0 1 1 1 1 1 0 0 1]
112 31 49 0.22170747849106542 [0 0 0 1 0 1 0 0 0 0 1 0 0 0 0 1 0 0 0 1 1 1 1 1 0 0 1 1 1 1 1 0 0 1 1 0 1
 0 1 1 0 1 1 1 1 1 0 0 0 1 0 0 1 1 1 1 1 0 0 1]
113 31 53 0.22170747849106542 [0 0 0 1 0 1 0 0 0 0 1 0 0 0 0 1 0 0 0 1 1 1 1 1 0 0 1 1 1 1 1 0 0 1 1 0 1
 0 1 1 0 1 1 1 1 1 0 0 0 1 0 0 1 1 1 1 1 0 0 1]
114 31 51 0.22170747849106542 [0 0 0 1 0 1 0 0 0 0 1 0 0 0 0 1 0 0 0 1 1 1 1 1 0 0 1 1 1 1 1 0 0 1 1 0 1
 0 1 1 0 1 1 1 1 1 0 0 0 1 0 0 1 1 1 1 1 0 0 1]
115 31 54 0.22170747849106542 [0 0 0 1 0 1 0 0 0 0 1 0 0 0 0 1 0 0 0 1 1 1 1 1 0 0 1 1 1 1 1 0 0 1 1 0 1
 0 1 1 0 1 1 1 1 1 0 0 0 1 0 0 1 1 1 1 1 0 0 1]
116 31 52 0.22170747849106542 [0 0 0 1 0 1 0 0 0 0 1 0 0 0 0 1 0 0 0 1 1 1 1 1 0 0 1 1 1 1 1 0 0 1 1 0 1
 0 1 1 0 1 1 1 1 1 0 0 0 1 0 0 1 1 1 1 1 0 0 1]
117 31 50 0.22170747849106542 [0 0 0 1 0 1 0 0 0 0 1 0 0 0 0 1 0 0 0 1 1 1 1 1 0 0 1 1 1 1 1 0 0 1 1 0 1
 0 1 1 0 1 1 1 1 1 0 0 0 1 0 0 1 1 1 1 1 0 0 1]
118 31 51 0.22170747849106542 [0 0 0 1 0 1 0 0 0 0 1 0 0 0 0 1 0 0 0 1 1 1 1 1 0 0 1 1 1 1 1 0 0 1 1 0 1
 0 1 1 0 1 1 1 1 1 0 0 0 1 0 0 1 1 1 1 1 0 0 1]
119 31 53 0.22170747849106542 [0 0 0 1 0 1 0 0 0 0 1 0 0 0 0 1 0 0 0 1 1 1 1 1 0 0 1 1 1 1 1 0 0 1 1 0 1
 0 1 1 0 1 1 1 1 1 0 0 0 1 0 0 1 1 1 1 1 0 0 1]
120 31 52 0.22170747849106542 [0 0 0 1 0 1 0 0 0 0 1 0 0 0 0 1 0 0 0 1 1 1 1 1 0 0 1 1 1 1 1 0 0 1 1 0 1
 0 1 1 0 1 1 1 1 1 0 0 0 1 0 0 1 1 1 1 1 0 0 1]
121 31 54 0.22170747849106542 [0 0 0 1 0 1 0 0 0 0 1 0 0 0 0 1 0 0 0 1 1 1 1 1 0 0 1 1 1 1 1 0 0 1 1 0 1
 0 1 1 0 1 1 1 1 1 0 0 0 1 0 0 1 1 1 1 1 0 0 1]
122 31 53 0.22170747849106542 [0 0 0 1 0 1 0 0 0 0 1 0 0 0 0 1 0 0 0 1 1 1 1 1 0 0 1 1 1 1 1 0 0 1 1 0 1
 0 1 1 0 1 1 1 1 1 0 0 0 1 0 0 1 1 1 1 1 0 0 1]
123 31 54 0.22170747849106542 [0 0 0 1 0 1 0 0 0 0 1 0 0 0 0 1 0 0 0 1 1 1 1 1 0 0 1 1 1 1 1 0 0 1 1 0 1
 0 1 1 0 1 1 1 1 1 0 0 0 1 0 0 1 1 1 1 1 0 0 1]
124 31 53 0.22170747849106542 [0 0 0 1 0 1 0 0 0 0 1 0 0 0 0 1 0 0 0 1 1 1 1 1 0 0 1 1 1 1 1 0 0 1 1 0 1
 0 1 1 0 1 1 1 1 1 0 0 0 1 0 0 1 1 1 1 1 0 0 1]
125 31 52 0.22170747849106542 [0 0 0 1 0 1 0 0 0 0 1 0 0 0 0 1 0 0 0 1 1 1 1 1 0 0 1 1 1 1 1 0 0 1 1 0 1
 0 1 1 0 1 1 1 1 1 0 0 0 1 0 0 1 1 1 1 1 0 0 1]
126 31 54 0.22170747849106542 [0 0 0 1 0 1 0 0 0 0 1 0 0 0 0 1 0 0 0 1 1 1 1 1 0 0 1 1 1 1 1 0 0 1 1 0 1
 0 1 1 0 1 1 1 1 1 0 0 0 1 0 0 1 1 1 1 1 0 0 1]
127 31 51 0.22170747849106542 [0 0 0 1 0 1 0 0 0 0 1 0 0 0 0 1 0 0 0 1 1 1 1 1 0 0 1 1 1 1 1 0 0 1 1 0 1
 0 1 1 0 1 1 1 1 1 0 0 0 1 0 0 1 1 1 1 1 0 0 1]
128 31 51 0.22170747849106542 [0 0 0 1 0 1 0 0 0 0 1 0 0 0 0 1 0 0 0 1 1 1 1 1 0 0 1 1 1 1 1 0 0 1 1 0 1
 0 1 1 0 1 1 1 1 1 0 0 0 1 0 0 1 1 1 1 1 0 0 1]
129 31 53 0.22170747849106542 [0 0 0 1 0 1 0 0 0 0 1 0 0 0 0 1 0 0 0 1 1 1 1 1 0 0 1 1 1 1 1 0 0 1 1 0 1
 0 1 1 0 1 1 1 1 1 0 0 0 1 0 0 1 1 1 1 1 0 0 1]
130 31 53 0.22170747849106542 [0 0 0 1 0 1 0 0 0 0 1 0 0 0 0 1 0 0 0 1 1 1 1 1 0 0 1 1 1 1 1 0 0 1 1 0 1
 0 1 1 0 1 1 1 1 1 0 0 0 1 0 0 1 1 1 1 1 0 0 1]
131 31 50 0.22170747849106542 [0 0 0 1 0 1 0 0 0 0 1 0 0 0 0 1 0 0 0 1 1 1 1 1 0 0 1 1 1 1 1 0 0 1 1 0 1
 0 1 1 0 1 1 1 1 1 0 0 0 1 0 0 1 1 1 1 1 0 0 1]
132 31 49 0.22170747849106542 [0 0 0 1 0 1 0 0 0 0 1 0 0 0 0 1 0 0 0 1 1 1 1 1 0 0 1 1 1 1 1 0 0 1 1 0 1
 0 1 1 0 1 1 1 1 1 0 0 0 1 0 0 1 1 1 1 1 0 0 1]
133 31 55 0.22170747849106542 [0 0 0 1 0 1 0 0 0 0 1 0 0 0 0 1 0 0 0 1 1 1 1 1 0 0 1 1 1 1 1 0 0 1 1 0 1
 0 1 1 0 1 1 1 1 1 0 0 0 1 0 0 1 1 1 1 1 0 0 1]
134 31 52 0.22170747849106542 [0 0 0 1 0 1 0 0 0 0 1 0 0 0 0 1 0 0 0 1 1 1 1 1 0 0 1 1 1 1 1 0 0 1 1 0 1
 0 1 1 0 1 1 1 1 1 0 0 0 1 0 0 1 1 1 1 1 0 0 1]
135 31 52 0.22170747849106542 [0 0 0 1 0 1 0 0 0 0 1 0 0 0 0 1 0 0 0 1 1 1 1 1 0 0 1 1 1 1 1 0 0 1 1 0 1
 0 1 1 0 1 1 1 1 1 0 0 0 1 0 0 1 1 1 1 1 0 0 1]
136 31 53 0.22170747849106542 [0 0 0 1 0 1 0 0 0 0 1 0 0 0 0 1 0 0 0 1 1 1 1 1 0 0 1 1 1 1 1 0 0 1 1 0 1
 0 1 1 0 1 1 1 1 1 0 0 0 1 0 0 1 1 1 1 1 0 0 1]
137 31 52 0.22170747849106542 [0 0 0 1 0 1 0 0 0 0 1 0 0 0 0 1 0 0 0 1 1 1 1 1 0 0 1 1 1 1 1 0 0 1 1 0 1
 0 1 1 0 1 1 1 1 1 0 0 0 1 0 0 1 1 1 1 1 0 0 1]
138 31 50 0.22170747849106542 [0 0 0 1 0 1 0 0 0 0 1 0 0 0 0 1 0 0 0 1 1 1 1 1 0 0 1 1 1 1 1 0 0 1 1 0 1
 0 1 1 0 1 1 1 1 1 0 0 0 1 0 0 1 1 1 1 1 0 0 1]
139 31 51 0.22170747849106542 [0 0 0 1 0 1 0 0 0 0 1 0 0 0 0 1 0 0 0 1 1 1 1 1 0 0 1 1 1 1 1 0 0 1 1 0 1
 0 1 1 0 1 1 1 1 1 0 0 0 1 0 0 1 1 1 1 1 0 0 1]
140 31 54 0.22170747849106542 [0 0 0 1 0 1 0 0 0 0 1 0 0 0 0 1 0 0 0 1 1 1 1 1 0 0 1 1 1 1 1 0 0 1 1 0 1
 0 1 1 0 1 1 1 1 1 0 0 0 1 0 0 1 1 1 1 1 0 0 1]
141 31 51 0.22170747849106542 [0 0 0 1 0 1 0 0 0 0 1 0 0 0 0 1 0 0 0 1 1 1 1 1 0 0 1 1 1 1 1 0 0 1 1 0 1
 0 1 1 0 1 1 1 1 1 0 0 0 1 0 0 1 1 1 1 1 0 0 1]
142 31 55 0.22170747849106542 [0 0 0 1 0 1 0 0 0 0 1 0 0 0 0 1 0 0 0 1 1 1 1 1 0 0 1 1 1 1 1 0 0 1 1 0 1
 0 1 1 0 1 1 1 1 1 0 0 0 1 0 0 1 1 1 1 1 0 0 1]
143 31 53 0.22170747849106542 [0 0 0 1 0 1 0 0 0 0 1 0 0 0 0 1 0 0 0 1 1 1 1 1 0 0 1 1 1 1 1 0 0 1 1 0 1
 0 1 1 0 1 1 1 1 1 0 0 0 1 0 0 1 1 1 1 1 0 0 1]
144 31 53 0.22170747849106542 [0 0 0 1 0 1 0 0 0 0 1 0 0 0 0 1 0 0 0 1 1 1 1 1 0 0 1 1 1 1 1 0 0 1 1 0 1
 0 1 1 0 1 1 1 1 1 0 0 0 1 0 0 1 1 1 1 1 0 0 1]
145 31 51 0.22170747849106542 [0 0 0 1 0 1 0 0 0 0 1 0 0 0 0 1 0 0 0 1 1 1 1 1 0 0 1 1 1 1 1 0 0 1 1 0 1
 0 1 1 0 1 1 1 1 1 0 0 0 1 0 0 1 1 1 1 1 0 0 1]
146 31 50 0.22170747849106542 [0 0 0 1 0 1 0 0 0 0 1 0 0 0 0 1 0 0 0 1 1 1 1 1 0 0 1 1 1 1 1 0 0 1 1 0 1
 0 1 1 0 1 1 1 1 1 0 0 0 1 0 0 1 1 1 1 1 0 0 1]
147 31 51 0.22170747849106542 [0 0 0 1 0 1 0 0 0 0 1 0 0 0 0 1 0 0 0 1 1 1 1 1 0 0 1 1 1 1 1 0 0 1 1 0 1
 0 1 1 0 1 1 1 1 1 0 0 0 1 0 0 1 1 1 1 1 0 0 1]
148 31 53 0.22170747849106542 [0 0 0 1 0 1 0 0 0 0 1 0 0 0 0 1 0 0 0 1 1 1 1 1 0 0 1 1 1 1 1 0 0 1 1 0 1
 0 1 1 0 1 1 1 1 1 0 0 0 1 0 0 1 1 1 1 1 0 0 1]
149 31 55 0.22170747849106542 [0 0 0 1 0 1 0 0 0 0 1 0 0 0 0 1 0 0 0 1 1 1 1 1 0 0 1 1 1 1 1 0 0 1 1 0 1
 0 1 1 0 1 1 1 1 1 0 0 0 1 0 0 1 1 1 1 1 0 0 1]
150 31 52 0.22170747849106542 [0 0 0 1 0 1 0 0 0 0 1 0 0 0 0 1 0 0 0 1 1 1 1 1 0 0 1 1 1 1 1 0 0 1 1 0 1
 0 1 1 0 1 1 1 1 1 0 0 0 1 0 0 1 1 1 1 1 0 0 1]
