0 34 100 0.27169341543016723 [1 0 1 0 1 0 0 0 1 1 0 1 1 1 0 1 0 0 1 0 1 0 1 0 1 1 1 0 1 0 1 0 0 0 1 0 1
 0 0 1 1 1 0 0 1 1 0 1 1 0 1 0 0 1 1 1 1 1 1 1]
1 34 88 0.27169341543016723 [1 0 1 0 1 0 0 0 1 1 0 1 1 1 0 1 0 0 1 0 1 0 1 0 1 1 1 0 1 0 1 0 0 0 1 0 1
 0 0 1 1 1 0 0 1 1 0 1 1 0 1 0 0 1 1 1 1 1 1 1]
2 34 57 0.27169341543016723 [1 0 1 0 1 0 0 0 1 1 0 1 1 1 0 1 0 0 1 0 1 0 1 0 1 1 1 0 1 0 1 0 0 0 1 0 1
 0 0 1 1 1 0 0 1 1 0 1 1 0 1 0 0 1 1 1 1 1 1 1]
3 34 54 0.27169341543016723 [1 0 1 0 1 0 0 0 1 1 0 1 1 1 0 1 0 0 1 0 1 0 1 0 1 1 1 0 1 0 1 0 0 0 1 0 1
 0 0 1 1 1 0 0 1 1 0 1 1 0 1 0 0 1 1 1 1 1 1 1]
4 30 53 0.25586304713527064 [1 0 0 1 0 0 0 0 1 1 1 1 1 1 0 1 0 0 0 1 0 0 1 1 0 1 1 1 1 0 1 0 0 0 0 1 1
 0 1 0 1 0 0 1 1 1 0 1 0 0 1 0 0 1 0 0 1 1 0 1]
5 30 53 0.25586304713527064 [1 0 0 1 0 0 0 0 1 1 1 1 1 1 0 1 0 0 0 1 0 0 1 1 0 1 1 1 1 0 1 0 0 0 0 1 1
 0 1 0 1 0 0 1 1 1 0 1 0 0 1 0 0 1 0 0 1 1 0 1]
6 30 52 0.25586304713527064 [1 0 0 1 0 0 0 0 1 1 1 1 1 1 0 1 0 0 0 1 0 0 1 1 0 1 1 1 1 0 1 0 0 0 0 1 1
 0 1 0 1 0 0 1 1 1 0 1 0 0 1 0 0 1 0 0 1 1 0 1]
7 30 51 0.25586304713527064 [1 0 0 1 0 0 0 0 1 1 1 1 1 1 0 1 0 0 0 1 0 0 1 1 0 1 1 1 1 0 1 0 0 0 0 1 1
 0 1 0 1 0 0 1 1 1 0 1 0 0 1 0 0 1 0 0 1 1 0 1]
8 27 51 0.24955280189937235 [0 1 1 1 0 0 0 0 1 0 0 1 0 0 0 0 0 0 0 0 0 0 1 0 0 0 0 0 0 0 1 1 0 0 1 1 1
 0 1 1 0 0 1 0 1 1 0 1 1 0 1 1 1 1 1 1 1 1 1 0]
9 27 49 0.24955280189937235 [0 1 1 1 0 0 0 0 1 0 0 1 0 0 0 0 0 0 0 0 0 0 1 0 0 0 0 0 0 0 1 1 0 0 1 1 1
 0 1 1 0 0 1 0 1 1 0 1 1 0 1 1 1 1 1 1 1 1 1 0]
10 33 54 0.24877539024230932 [0 0 0 1 0 1 0 0 0 1 1 0 1 0 0 0 1 0 0 0 1 1 0 1 0 1 0 0 1 0 1 1 0 0 1 1 1
 1 0 1 1 0 1 1 1 0 1 1 1 0 0 1 1 1 0 1 1 1 1 1]
11 33 54 0.24877539024230932 [0 0 0 1 0 1 0 0 0 1 1 0 1 0 0 0 1 0 0 0 1 1 0 1 0 1 0 0 1 0 1 1 0 0 1 1 1
 1 0 1 1 0 1 1 1 0 1 1 1 0 0 1 1 1 0 1 1 1 1 1]
12 33 51 0.24877539024230932 [0 0 0 1 0 1 0 0 0 1 1 0 1 0 0 0 1 0 0 0 1 1 0 1 0 1 0 0 1 0 1 1 0 0 1 1 1
 1 0 1 1 0 1 1 1 0 1 1 1 0 0 1 1 1 0 1 1 1 1 1]
13 33 50 0.24877539024230932 [0 0 0 1 0 1 0 0 0 1 1 0 1 0 0 0 1 0 0 0 1 1 0 1 0 1 0 0 1 0 1 1 0 0 1 1 1
 1 0 1 1 0 1 1 1 0 1 1 1 0 0 1 1 1 0 1 1 1 1 1]
14 33 51 0.24877539024230932 [0 0 0 1 0 1 0 0 0 1 1 0 1 0 0 0 1 0 0 0 1 1 0 1 0 1 0 0 1 0 1 1 0 0 1 1 1
 1 0 1 1 0 1 1 1 0 1 1 1 0 0 1 1 1 0 1 1 1 1 1]
15 25 52 0.24160768781247977 [0 0 0 0 0 1 0 0 0 1 0 1 1 0 0 0 1 0 1 0 0 1 0 0 1 0 1 0 1 0 0 0 0 0 1 1 1
 0 0 1 0 0 0 1 1 0 1 1 1 0 0 0 1 1 1 1 0 1 1 0]
16 25 53 0.24160768781247977 [0 0 0 0 0 1 0 0 0 1 0 1 1 0 0 0 1 0 1 0 0 1 0 0 1 0 1 0 1 0 0 0 0 0 1 1 1
 0 0 1 0 0 0 1 1 0 1 1 1 0 0 0 1 1 1 1 0 1 1 0]
17 25 54 0.24160768781247977 [0 0 0 0 0 1 0 0 0 1 0 1 1 0 0 0 1 0 1 0 0 1 0 0 1 0 1 0 1 0 0 0 0 0 1 1 1
 0 0 1 0 0 0 1 1 0 1 1 1 0 0 0 1 1 1 1 0 1 1 0]
18 25 53 0.24160768781247977 [0 0 0 0 0 1 0 0 0 1 0 1 1 0 0 0 1 0 1 0 0 1 0 0 1 0 1 0 1 0 0 0 0 0 1 1 1
 0 0 1 0 0 0 1 1 0 1 1 1 0 0 0 1 1 1 1 0 1 1 0]
19 25 54 0.24160768781247977 [0 0 0 0 0 1 0 0 0 1 0 1 1 0 0 0 1 0 1 0 0 1 0 0 1 0 1 0 1 0 0 0 0 0 1 1 1
 0 0 1 0 0 0 1 1 0 1 1 1 0 0 0 1 1 1 1 0 1 1 0]
20 25 56 0.24160768781247977 [0 0 0 0 0 1 0 0 0 1 0 1 1 0 0 0 1 0 1 0 0 1 0 0 1 0 1 0 1 0 0 0 0 0 1 1 1
 0 0 1 0 0 0 1 1 0 1 1 1 0 0 0 1 1 1 1 0 1 1 0]
21 25 53 0.24160768781247977 [0 0 0 0 0 1 0 0 0 1 0 1 1 0 0 0 1 0 1 0 0 1 0 0 1 0 1 0 1 0 0 0 0 0 1 1 1
 0 0 1 0 0 0 1 1 0 1 1 1 0 0 0 1 1 1 1 0 1 1 0]
22 25 54 0.24160768781247977 [0 0 0 0 0 1 0 0 0 1 0 1 1 0 0 0 1 0 1 0 0 1 0 0 1 0 1 0 1 0 0 0 0 0 1 1 1
 0 0 1 0 0 0 1 1 0 1 1 1 0 0 0 1 1 1 1 0 1 1 0]
23 25 53 0.24160768781247977 [0 0 0 0 0 1 0 0 0 1 0 1 1 0 0 0 1 0 1 0 0 1 0 0 1 0 1 0 1 0 0 0 0 0 1 1 1
 0 0 1 0 0 0 1 1 0 1 1 1 0 0 0 1 1 1 1 0 1 1 0]
24 25 50 0.24160768781247977 [0 0 0 0 0 1 0 0 0 1 0 1 1 0 0 0 1 0 1 0 0 1 0 0 1 0 1 0 1 0 0 0 0 0 1 1 1
 0 0 1 0 0 0 1 1 0 1 1 1 0 0 0 1 1 1 1 0 1 1 0]
25 25 56 0.24160768781247977 [0 0 0 0 0 1 0 0 0 1 0 1 1 0 0 0 1 0 1 0 0 1 0 0 1 0 1 0 1 0 0 0 0 0 1 1 1
 0 0 1 0 0 0 1 1 0 1 1 1 0 0 0 1 1 1 1 0 1 1 0]
26 25 50 0.24160768781247977 [0 0 0 0 0 1 0 0 0 1 0 1 1 0 0 0 1 0 1 0 0 1 0 0 1 0 1 0 1 0 0 0 0 0 1 1 1
 0 0 1 0 0 0 1 1 0 1 1 1 0 0 0 1 1 1 1 0 1 1 0]
27 25 55 0.24160768781247977 [0 0 0 0 0 1 0 0 0 1 0 1 1 0 0 0 1 0 1 0 0 1 0 0 1 0 1 0 1 0 0 0 0 0 1 1 1
 0 0 1 0 0 0 1 1 0 1 1 1 0 0 0 1 1 1 1 0 1 1 0]
28 25 47 0.24160768781247977 [0 0 0 0 0 1 0 0 0 1 0 1 1 0 0 0 1 0 1 0 0 1 0 0 1 0 1 0 1 0 0 0 0 0 1 1 1
 0 0 1 0 0 0 1 1 0 1 1 1 0 0 0 1 1 1 1 0 1 1 0]
29 25 53 0.24160768781247977 [0 0 0 0 0 1 0 0 0 1 0 1 1 0 0 0 1 0 1 0 0 1 0 0 1 0 1 0 1 0 0 0 0 0 1 1 1
 0 0 1 0 0 0 1 1 0 1 1 1 0 0 0 1 1 1 1 0 1 1 0]
30 25 51 0.24160768781247977 [0 0 0 0 0 1 0 0 0 1 0 1 1 0 0 0 1 0 1 0 0 1 0 0 1 0 1 0 1 0 0 0 0 0 1 1 1
 0 0 1 0 0 0 1 1 0 1 1 1 0 0 0 1 1 1 1 0 1 1 0]
31 25 50 0.24160768781247977 [0 0 0 0 0 1 0 0 0 1 0 1 1 0 0 0 1 0 1 0 0 1 0 0 1 0 1 0 1 0 0 0 0 0 1 1 1
 0 0 1 0 0 0 1 1 0 1 1 1 0 0 0 1 1 1 1 0 1 1 0]
32 25 52 0.24160768781247977 [0 0 0 0 0 1 0 0 0 1 0 1 1 0 0 0 1 0 1 0 0 1 0 0 1 0 1 0 1 0 0 0 0 0 1 1 1
 0 0 1 0 0 0 1 1 0 1 1 1 0 0 0 1 1 1 1 0 1 1 0]
33 25 50 0.24160768781247977 [0 0 0 0 0 1 0 0 0 1 0 1 1 0 0 0 1 0 1 0 0 1 0 0 1 0 1 0 1 0 0 0 0 0 1 1 1
 0 0 1 0 0 0 1 1 0 1 1 1 0 0 0 1 1 1 1 0 1 1 0]
34 25 53 0.24160768781247977 [0 0 0 0 0 1 0 0 0 1 0 1 1 0 0 0 1 0 1 0 0 1 0 0 1 0 1 0 1 0 0 0 0 0 1 1 1
 0 0 1 0 0 0 1 1 0 1 1 1 0 0 0 1 1 1 1 0 1 1 0]
35 25 52 0.24160768781247977 [0 0 0 0 0 1 0 0 0 1 0 1 1 0 0 0 1 0 1 0 0 1 0 0 1 0 1 0 1 0 0 0 0 0 1 1 1
 0 0 1 0 0 0 1 1 0 1 1 1 0 0 0 1 1 1 1 0 1 1 0]
36 25 53 0.24160768781247977 [0 0 0 0 0 1 0 0 0 1 0 1 1 0 0 0 1 0 1 0 0 1 0 0 1 0 1 0 1 0 0 0 0 0 1 1 1
 0 0 1 0 0 0 1 1 0 1 1 1 0 0 0 1 1 1 1 0 1 1 0]
37 25 50 0.24160768781247977 [0 0 0 0 0 1 0 0 0 1 0 1 1 0 0 0 1 0 1 0 0 1 0 0 1 0 1 0 1 0 0 0 0 0 1 1 1
 0 0 1 0 0 0 1 1 0 1 1 1 0 0 0 1 1 1 1 0 1 1 0]
38 25 52 0.24160768781247977 [0 0 0 0 0 1 0 0 0 1 0 1 1 0 0 0 1 0 1 0 0 1 0 0 1 0 1 0 1 0 0 0 0 0 1 1 1
 0 0 1 0 0 0 1 1 0 1 1 1 0 0 0 1 1 1 1 0 1 1 0]
39 25 53 0.24160768781247977 [0 0 0 0 0 1 0 0 0 1 0 1 1 0 0 0 1 0 1 0 0 1 0 0 1 0 1 0 1 0 0 0 0 0 1 1 1
 0 0 1 0 0 0 1 1 0 1 1 1 0 0 0 1 1 1 1 0 1 1 0]
40 25 52 0.24160768781247977 [0 0 0 0 0 1 0 0 0 1 0 1 1 0 0 0 1 0 1 0 0 1 0 0 1 0 1 0 1 0 0 0 0 0 1 1 1
 0 0 1 0 0 0 1 1 0 1 1 1 0 0 0 1 1 1 1 0 1 1 0]
41 25 52 0.24160768781247977 [0 0 0 0 0 1 0 0 0 1 0 1 1 0 0 0 1 0 1 0 0 1 0 0 1 0 1 0 1 0 0 0 0 0 1 1 1
 0 0 1 0 0 0 1 1 0 1 1 1 0 0 0 1 1 1 1 0 1 1 0]
42 25 48 0.24160768781247977 [0 0 0 0 0 1 0 0 0 1 0 1 1 0 0 0 1 0 1 0 0 1 0 0 1 0 1 0 1 0 0 0 0 0 1 1 1
 0 0 1 0 0 0 1 1 0 1 1 1 0 0 0 1 1 1 1 0 1 1 0]
43 25 53 0.24160768781247977 [0 0 0 0 0 1 0 0 0 1 0 1 1 0 0 0 1 0 1 0 0 1 0 0 1 0 1 0 1 0 0 0 0 0 1 1 1
 0 0 1 0 0 0 1 1 0 1 1 1 0 0 0 1 1 1 1 0 1 1 0]
44 25 50 0.24160768781247977 [0 0 0 0 0 1 0 0 0 1 0 1 1 0 0 0 1 0 1 0 0 1 0 0 1 0 1 0 1 0 0 0 0 0 1 1 1
 0 0 1 0 0 0 1 1 0 1 1 1 0 0 0 1 1 1 1 0 1 1 0]
45 25 53 0.24160768781247977 [0 0 0 0 0 1 0 0 0 1 0 1 1 0 0 0 1 0 1 0 0 1 0 0 1 0 1 0 1 0 0 0 0 0 1 1 1
 0 0 1 0 0 0 1 1 0 1 1 1 0 0 0 1 1 1 1 0 1 1 0]
46 30 59 0.23463114754098346 [0 1 0 0 0 1 0 1 0 1 0 1 0 0 0 0 1 0 1 0 0 1 0 0 1 0 1 0 1 1 0 0 1 0 0 1 1
 0 1 1 0 1 1 1 1 1 1 1 1 0 1 0 0 1 1 0 0 1 1 0]
47 30 51 0.23463114754098346 [0 1 0 0 0 1 0 1 0 1 0 1 0 0 0 0 1 0 1 0 0 1 0 0 1 0 1 0 1 1 0 0 1 0 0 1 1
 0 1 1 0 1 1 1 1 1 1 1 1 0 1 0 0 1 1 0 0 1 1 0]
48 30 51 0.23463114754098346 [0 1 0 0 0 1 0 1 0 1 0 1 0 0 0 0 1 0 1 0 0 1 0 0 1 0 1 0 1 1 0 0 1 0 0 1 1
 0 1 1 0 1 1 1 1 1 1 1 1 0 1 0 0 1 1 0 0 1 1 0]
49 30 55 0.23463114754098346 [0 1 0 0 0 1 0 1 0 1 0 1 0 0 0 0 1 0 1 0 0 1 0 0 1 0 1 0 1 1 0 0 1 0 0 1 1
 0 1 1 0 1 1 1 1 1 1 1 1 0 1 0 0 1 1 0 0 1 1 0]
50 30 51 0.23463114754098346 [0 1 0 0 0 1 0 1 0 1 0 1 0 0 0 0 1 0 1 0 0 1 0 0 1 0 1 0 1 1 0 0 1 0 0 1 1
 0 1 1 0 1 1 1 1 1 1 1 1 0 1 0 0 1 1 0 0 1 1 0]
51 30 50 0.23463114754098346 [0 1 0 0 0 1 0 1 0 1 0 1 0 0 0 0 1 0 1 0 0 1 0 0 1 0 1 0 1 1 0 0 1 0 0 1 1
 0 1 1 0 1 1 1 1 1 1 1 1 0 1 0 0 1 1 0 0 1 1 0]
52 30 54 0.23463114754098346 [0 1 0 0 0 1 0 1 0 1 0 1 0 0 0 0 1 0 1 0 0 1 0 0 1 0 1 0 1 1 0 0 1 0 0 1 1
 0 1 1 0 1 1 1 1 1 1 1 1 0 1 0 0 1 1 0 0 1 1 0]
53 30 51 0.23463114754098346 [0 1 0 0 0 1 0 1 0 1 0 1 0 0 0 0 1 0 1 0 0 1 0 0 1 0 1 0 1 1 0 0 1 0 0 1 1
 0 1 1 0 1 1 1 1 1 1 1 1 0 1 0 0 1 1 0 0 1 1 0]
54 30 52 0.23463114754098346 [0 1 0 0 0 1 0 1 0 1 0 1 0 0 0 0 1 0 1 0 0 1 0 0 1 0 1 0 1 1 0 0 1 0 0 1 1
 0 1 1 0 1 1 1 1 1 1 1 1 0 1 0 0 1 1 0 0 1 1 0]
55 30 54 0.23463114754098346 [0 1 0 0 0 1 0 1 0 1 0 1 0 0 0 0 1 0 1 0 0 1 0 0 1 0 1 0 1 1 0 0 1 0 0 1 1
 0 1 1 0 1 1 1 1 1 1 1 1 0 1 0 0 1 1 0 0 1 1 0]
56 30 52 0.23463114754098346 [0 1 0 0 0 1 0 1 0 1 0 1 0 0 0 0 1 0 1 0 0 1 0 0 1 0 1 0 1 1 0 0 1 0 0 1 1
 0 1 1 0 1 1 1 1 1 1 1 1 0 1 0 0 1 1 0 0 1 1 0]
57 30 54 0.23463114754098346 [0 1 0 0 0 1 0 1 0 1 0 1 0 0 0 0 1 0 1 0 0 1 0 0 1 0 1 0 1 1 0 0 1 0 0 1 1
 0 1 1 0 1 1 1 1 1 1 1 1 0 1 0 0 1 1 0 0 1 1 0]
58 30 52 0.23463114754098346 [0 1 0 0 0 1 0 1 0 1 0 1 0 0 0 0 1 0 1 0 0 1 0 0 1 0 1 0 1 1 0 0 1 0 0 1 1
 0 1 1 0 1 1 1 1 1 1 1 1 0 1 0 0 1 1 0 0 1 1 0]
59 30 54 0.23463114754098346 [0 1 0 0 0 1 0 1 0 1 0 1 0 0 0 0 1 0 1 0 0 1 0 0 1 0 1 0 1 1 0 0 1 0 0 1 1
 0 1 1 0 1 1 1 1 1 1 1 1 0 1 0 0 1 1 0 0 1 1 0]
60 30 51 0.23463114754098346 [0 1 0 0 0 1 0 1 0 1 0 1 0 0 0 0 1 0 1 0 0 1 0 0 1 0 1 0 1 1 0 0 1 0 0 1 1
 0 1 1 0 1 1 1 1 1 1 1 1 0 1 0 0 1 1 0 0 1 1 0]
61 30 50 0.23463114754098346 [0 1 0 0 0 1 0 1 0 1 0 1 0 0 0 0 1 0 1 0 0 1 0 0 1 0 1 0 1 1 0 0 1 0 0 1 1
 0 1 1 0 1 1 1 1 1 1 1 1 0 1 0 0 1 1 0 0 1 1 0]
62 30 49 0.23463114754098346 [0 1 0 0 0 1 0 1 0 1 0 1 0 0 0 0 1 0 1 0 0 1 0 0 1 0 1 0 1 1 0 0 1 0 0 1 1
 0 1 1 0 1 1 1 1 1 1 1 1 0 1 0 0 1 1 0 0 1 1 0]
63 30 50 0.23463114754098346 [0 1 0 0 0 1 0 1 0 1 0 1 0 0 0 0 1 0 1 0 0 1 0 0 1 0 1 0 1 1 0 0 1 0 0 1 1
 0 1 1 0 1 1 1 1 1 1 1 1 0 1 0 0 1 1 0 0 1 1 0]
64 30 53 0.23463114754098346 [0 1 0 0 0 1 0 1 0 1 0 1 0 0 0 0 1 0 1 0 0 1 0 0 1 0 1 0 1 1 0 0 1 0 0 1 1
 0 1 1 0 1 1 1 1 1 1 1 1 0 1 0 0 1 1 0 0 1 1 0]
65 30 55 0.23463114754098346 [0 1 0 0 0 1 0 1 0 1 0 1 0 0 0 0 1 0 1 0 0 1 0 0 1 0 1 0 1 1 0 0 1 0 0 1 1
 0 1 1 0 1 1 1 1 1 1 1 1 0 1 0 0 1 1 0 0 1 1 0]
66 30 53 0.23463114754098346 [0 1 0 0 0 1 0 1 0 1 0 1 0 0 0 0 1 0 1 0 0 1 0 0 1 0 1 0 1 1 0 0 1 0 0 1 1
 0 1 1 0 1 1 1 1 1 1 1 1 0 1 0 0 1 1 0 0 1 1 0]
67 30 51 0.23463114754098346 [0 1 0 0 0 1 0 1 0 1 0 1 0 0 0 0 1 0 1 0 0 1 0 0 1 0 1 0 1 1 0 0 1 0 0 1 1
 0 1 1 0 1 1 1 1 1 1 1 1 0 1 0 0 1 1 0 0 1 1 0]
68 30 52 0.23463114754098346 [0 1 0 0 0 1 0 1 0 1 0 1 0 0 0 0 1 0 1 0 0 1 0 0 1 0 1 0 1 1 0 0 1 0 0 1 1
 0 1 1 0 1 1 1 1 1 1 1 1 0 1 0 0 1 1 0 0 1 1 0]
69 30 49 0.23463114754098346 [0 1 0 0 0 1 0 1 0 1 0 1 0 0 0 0 1 0 1 0 0 1 0 0 1 0 1 0 1 1 0 0 1 0 0 1 1
 0 1 1 0 1 1 1 1 1 1 1 1 0 1 0 0 1 1 0 0 1 1 0]
70 30 51 0.23463114754098346 [0 1 0 0 0 1 0 1 0 1 0 1 0 0 0 0 1 0 1 0 0 1 0 0 1 0 1 0 1 1 0 0 1 0 0 1 1
 0 1 1 0 1 1 1 1 1 1 1 1 0 1 0 0 1 1 0 0 1 1 0]
71 30 52 0.23463114754098346 [0 1 0 0 0 1 0 1 0 1 0 1 0 0 0 0 1 0 1 0 0 1 0 0 1 0 1 0 1 1 0 0 1 0 0 1 1
 0 1 1 0 1 1 1 1 1 1 1 1 0 1 0 0 1 1 0 0 1 1 0]
72 30 53 0.23463114754098346 [0 1 0 0 0 1 0 1 0 1 0 1 0 0 0 0 1 0 1 0 0 1 0 0 1 0 1 0 1 1 0 0 1 0 0 1 1
 0 1 1 0 1 1 1 1 1 1 1 1 0 1 0 0 1 1 0 0 1 1 0]
73 30 51 0.23463114754098346 [0 1 0 0 0 1 0 1 0 1 0 1 0 0 0 0 1 0 1 0 0 1 0 0 1 0 1 0 1 1 0 0 1 0 0 1 1
 0 1 1 0 1 1 1 1 1 1 1 1 0 1 0 0 1 1 0 0 1 1 0]
74 30 53 0.23463114754098346 [0 1 0 0 0 1 0 1 0 1 0 1 0 0 0 0 1 0 1 0 0 1 0 0 1 0 1 0 1 1 0 0 1 0 0 1 1
 0 1 1 0 1 1 1 1 1 1 1 1 0 1 0 0 1 1 0 0 1 1 0]
75 30 50 0.23463114754098346 [0 1 0 0 0 1 0 1 0 1 0 1 0 0 0 0 1 0 1 0 0 1 0 0 1 0 1 0 1 1 0 0 1 0 0 1 1
 0 1 1 0 1 1 1 1 1 1 1 1 0 1 0 0 1 1 0 0 1 1 0]
76 30 52 0.23463114754098346 [0 1 0 0 0 1 0 1 0 1 0 1 0 0 0 0 1 0 1 0 0 1 0 0 1 0 1 0 1 1 0 0 1 0 0 1 1
 0 1 1 0 1 1 1 1 1 1 1 1 0 1 0 0 1 1 0 0 1 1 0]
77 30 54 0.23463114754098346 [0 1 0 0 0 1 0 1 0 1 0 1 0 0 0 0 1 0 1 0 0 1 0 0 1 0 1 0 1 1 0 0 1 0 0 1 1
 0 1 1 0 1 1 1 1 1 1 1 1 0 1 0 0 1 1 0 0 1 1 0]
78 30 52 0.23463114754098346 [0 1 0 0 0 1 0 1 0 1 0 1 0 0 0 0 1 0 1 0 0 1 0 0 1 0 1 0 1 1 0 0 1 0 0 1 1
 0 1 1 0 1 1 1 1 1 1 1 1 0 1 0 0 1 1 0 0 1 1 0]
79 30 53 0.23463114754098346 [0 1 0 0 0 1 0 1 0 1 0 1 0 0 0 0 1 0 1 0 0 1 0 0 1 0 1 0 1 1 0 0 1 0 0 1 1
 0 1 1 0 1 1 1 1 1 1 1 1 0 1 0 0 1 1 0 0 1 1 0]
80 30 52 0.23463114754098346 [0 1 0 0 0 1 0 1 0 1 0 1 0 0 0 0 1 0 1 0 0 1 0 0 1 0 1 0 1 1 0 0 1 0 0 1 1
 0 1 1 0 1 1 1 1 1 1 1 1 0 1 0 0 1 1 0 0 1 1 0]
81 30 54 0.23463114754098346 [0 1 0 0 0 1 0 1 0 1 0 1 0 0 0 0 1 0 1 0 0 1 0 0 1 0 1 0 1 1 0 0 1 0 0 1 1
 0 1 1 0 1 1 1 1 1 1 1 1 0 1 0 0 1 1 0 0 1 1 0]
82 30 53 0.23463114754098346 [0 1 0 0 0 1 0 1 0 1 0 1 0 0 0 0 1 0 1 0 0 1 0 0 1 0 1 0 1 1 0 0 1 0 0 1 1
 0 1 1 0 1 1 1 1 1 1 1 1 0 1 0 0 1 1 0 0 1 1 0]
83 30 51 0.23463114754098346 [0 1 0 0 0 1 0 1 0 1 0 1 0 0 0 0 1 0 1 0 0 1 0 0 1 0 1 0 1 1 0 0 1 0 0 1 1
 0 1 1 0 1 1 1 1 1 1 1 1 0 1 0 0 1 1 0 0 1 1 0]
84 30 52 0.23463114754098346 [0 1 0 0 0 1 0 1 0 1 0 1 0 0 0 0 1 0 1 0 0 1 0 0 1 0 1 0 1 1 0 0 1 0 0 1 1
 0 1 1 0 1 1 1 1 1 1 1 1 0 1 0 0 1 1 0 0 1 1 0]
85 30 50 0.23463114754098346 [0 1 0 0 0 1 0 1 0 1 0 1 0 0 0 0 1 0 1 0 0 1 0 0 1 0 1 0 1 1 0 0 1 0 0 1 1
 0 1 1 0 1 1 1 1 1 1 1 1 0 1 0 0 1 1 0 0 1 1 0]
86 30 53 0.23463114754098346 [0 1 0 0 0 1 0 1 0 1 0 1 0 0 0 0 1 0 1 0 0 1 0 0 1 0 1 0 1 1 0 0 1 0 0 1 1
 0 1 1 0 1 1 1 1 1 1 1 1 0 1 0 0 1 1 0 0 1 1 0]
87 30 52 0.23463114754098346 [0 1 0 0 0 1 0 1 0 1 0 1 0 0 0 0 1 0 1 0 0 1 0 0 1 0 1 0 1 1 0 0 1 0 0 1 1
 0 1 1 0 1 1 1 1 1 1 1 1 0 1 0 0 1 1 0 0 1 1 0]
88 30 53 0.23463114754098346 [0 1 0 0 0 1 0 1 0 1 0 1 0 0 0 0 1 0 1 0 0 1 0 0 1 0 1 0 1 1 0 0 1 0 0 1 1
 0 1 1 0 1 1 1 1 1 1 1 1 0 1 0 0 1 1 0 0 1 1 0]
89 30 52 0.23463114754098346 [0 1 0 0 0 1 0 1 0 1 0 1 0 0 0 0 1 0 1 0 0 1 0 0 1 0 1 0 1 1 0 0 1 0 0 1 1
 0 1 1 0 1 1 1 1 1 1 1 1 0 1 0 0 1 1 0 0 1 1 0]
90 30 51 0.23463114754098346 [0 1 0 0 0 1 0 1 0 1 0 1 0 0 0 0 1 0 1 0 0 1 0 0 1 0 1 0 1 1 0 0 1 0 0 1 1
 0 1 1 0 1 1 1 1 1 1 1 1 0 1 0 0 1 1 0 0 1 1 0]
91 30 51 0.23463114754098346 [0 1 0 0 0 1 0 1 0 1 0 1 0 0 0 0 1 0 1 0 0 1 0 0 1 0 1 0 1 1 0 0 1 0 0 1 1
 0 1 1 0 1 1 1 1 1 1 1 1 0 1 0 0 1 1 0 0 1 1 0]
92 30 52 0.23463114754098346 [0 1 0 0 0 1 0 1 0 1 0 1 0 0 0 0 1 0 1 0 0 1 0 0 1 0 1 0 1 1 0 0 1 0 0 1 1
 0 1 1 0 1 1 1 1 1 1 1 1 0 1 0 0 1 1 0 0 1 1 0]
93 30 56 0.23463114754098346 [0 1 0 0 0 1 0 1 0 1 0 1 0 0 0 0 1 0 1 0 0 1 0 0 1 0 1 0 1 1 0 0 1 0 0 1 1
 0 1 1 0 1 1 1 1 1 1 1 1 0 1 0 0 1 1 0 0 1 1 0]
94 30 52 0.23463114754098346 [0 1 0 0 0 1 0 1 0 1 0 1 0 0 0 0 1 0 1 0 0 1 0 0 1 0 1 0 1 1 0 0 1 0 0 1 1
 0 1 1 0 1 1 1 1 1 1 1 1 0 1 0 0 1 1 0 0 1 1 0]
95 30 52 0.23463114754098346 [0 1 0 0 0 1 0 1 0 1 0 1 0 0 0 0 1 0 1 0 0 1 0 0 1 0 1 0 1 1 0 0 1 0 0 1 1
 0 1 1 0 1 1 1 1 1 1 1 1 0 1 0 0 1 1 0 0 1 1 0]
96 30 56 0.23463114754098346 [0 1 0 0 0 1 0 1 0 1 0 1 0 0 0 0 1 0 1 0 0 1 0 0 1 0 1 0 1 1 0 0 1 0 0 1 1
 0 1 1 0 1 1 1 1 1 1 1 1 0 1 0 0 1 1 0 0 1 1 0]
97 30 53 0.23463114754098346 [0 1 0 0 0 1 0 1 0 1 0 1 0 0 0 0 1 0 1 0 0 1 0 0 1 0 1 0 1 1 0 0 1 0 0 1 1
 0 1 1 0 1 1 1 1 1 1 1 1 0 1 0 0 1 1 0 0 1 1 0]
98 30 52 0.23463114754098346 [0 1 0 0 0 1 0 1 0 1 0 1 0 0 0 0 1 0 1 0 0 1 0 0 1 0 1 0 1 1 0 0 1 0 0 1 1
 0 1 1 0 1 1 1 1 1 1 1 1 0 1 0 0 1 1 0 0 1 1 0]
99 30 51 0.23463114754098346 [0 1 0 0 0 1 0 1 0 1 0 1 0 0 0 0 1 0 1 0 0 1 0 0 1 0 1 0 1 1 0 0 1 0 0 1 1
 0 1 1 0 1 1 1 1 1 1 1 1 0 1 0 0 1 1 0 0 1 1 0]
100 30 49 0.23463114754098346 [0 1 0 0 0 1 0 1 0 1 0 1 0 0 0 0 1 0 1 0 0 1 0 0 1 0 1 0 1 1 0 0 1 0 0 1 1
 0 1 1 0 1 1 1 1 1 1 1 1 0 1 0 0 1 1 0 0 1 1 0]
101 30 52 0.23463114754098346 [0 1 0 0 0 1 0 1 0 1 0 1 0 0 0 0 1 0 1 0 0 1 0 0 1 0 1 0 1 1 0 0 1 0 0 1 1
 0 1 1 0 1 1 1 1 1 1 1 1 0 1 0 0 1 1 0 0 1 1 0]
102 30 56 0.23463114754098346 [0 1 0 0 0 1 0 1 0 1 0 1 0 0 0 0 1 0 1 0 0 1 0 0 1 0 1 0 1 1 0 0 1 0 0 1 1
 0 1 1 0 1 1 1 1 1 1 1 1 0 1 0 0 1 1 0 0 1 1 0]
103 30 51 0.23463114754098346 [0 1 0 0 0 1 0 1 0 1 0 1 0 0 0 0 1 0 1 0 0 1 0 0 1 0 1 0 1 1 0 0 1 0 0 1 1
 0 1 1 0 1 1 1 1 1 1 1 1 0 1 0 0 1 1 0 0 1 1 0]
104 30 54 0.23463114754098346 [0 1 0 0 0 1 0 1 0 1 0 1 0 0 0 0 1 0 1 0 0 1 0 0 1 0 1 0 1 1 0 0 1 0 0 1 1
 0 1 1 0 1 1 1 1 1 1 1 1 0 1 0 0 1 1 0 0 1 1 0]
105 30 52 0.23463114754098346 [0 1 0 0 0 1 0 1 0 1 0 1 0 0 0 0 1 0 1 0 0 1 0 0 1 0 1 0 1 1 0 0 1 0 0 1 1
 0 1 1 0 1 1 1 1 1 1 1 1 0 1 0 0 1 1 0 0 1 1 0]
106 30 54 0.23463114754098346 [0 1 0 0 0 1 0 1 0 1 0 1 0 0 0 0 1 0 1 0 0 1 0 0 1 0 1 0 1 1 0 0 1 0 0 1 1
 0 1 1 0 1 1 1 1 1 1 1 1 0 1 0 0 1 1 0 0 1 1 0]
107 30 52 0.23463114754098346 [0 1 0 0 0 1 0 1 0 1 0 1 0 0 0 0 1 0 1 0 0 1 0 0 1 0 1 0 1 1 0 0 1 0 0 1 1
 0 1 1 0 1 1 1 1 1 1 1 1 0 1 0 0 1 1 0 0 1 1 0]
108 30 51 0.23463114754098346 [0 1 0 0 0 1 0 1 0 1 0 1 0 0 0 0 1 0 1 0 0 1 0 0 1 0 1 0 1 1 0 0 1 0 0 1 1
 0 1 1 0 1 1 1 1 1 1 1 1 0 1 0 0 1 1 0 0 1 1 0]
109 30 51 0.23463114754098346 [0 1 0 0 0 1 0 1 0 1 0 1 0 0 0 0 1 0 1 0 0 1 0 0 1 0 1 0 1 1 0 0 1 0 0 1 1
 0 1 1 0 1 1 1 1 1 1 1 1 0 1 0 0 1 1 0 0 1 1 0]
110 30 55 0.23463114754098346 [0 1 0 0 0 1 0 1 0 1 0 1 0 0 0 0 1 0 1 0 0 1 0 0 1 0 1 0 1 1 0 0 1 0 0 1 1
 0 1 1 0 1 1 1 1 1 1 1 1 0 1 0 0 1 1 0 0 1 1 0]
111 30 52 0.23463114754098346 [0 1 0 0 0 1 0 1 0 1 0 1 0 0 0 0 1 0 1 0 0 1 0 0 1 0 1 0 1 1 0 0 1 0 0 1 1
 0 1 1 0 1 1 1 1 1 1 1 1 0 1 0 0 1 1 0 0 1 1 0]
112 30 50 0.23463114754098346 [0 1 0 0 0 1 0 1 0 1 0 1 0 0 0 0 1 0 1 0 0 1 0 0 1 0 1 0 1 1 0 0 1 0 0 1 1
 0 1 1 0 1 1 1 1 1 1 1 1 0 1 0 0 1 1 0 0 1 1 0]
113 30 51 0.23463114754098346 [0 1 0 0 0 1 0 1 0 1 0 1 0 0 0 0 1 0 1 0 0 1 0 0 1 0 1 0 1 1 0 0 1 0 0 1 1
 0 1 1 0 1 1 1 1 1 1 1 1 0 1 0 0 1 1 0 0 1 1 0]
114 30 54 0.23463114754098346 [0 1 0 0 0 1 0 1 0 1 0 1 0 0 0 0 1 0 1 0 0 1 0 0 1 0 1 0 1 1 0 0 1 0 0 1 1
 0 1 1 0 1 1 1 1 1 1 1 1 0 1 0 0 1 1 0 0 1 1 0]
115 30 54 0.23463114754098346 [0 1 0 0 0 1 0 1 0 1 0 1 0 0 0 0 1 0 1 0 0 1 0 0 1 0 1 0 1 1 0 0 1 0 0 1 1
 0 1 1 0 1 1 1 1 1 1 1 1 0 1 0 0 1 1 0 0 1 1 0]
116 30 51 0.23463114754098346 [0 1 0 0 0 1 0 1 0 1 0 1 0 0 0 0 1 0 1 0 0 1 0 0 1 0 1 0 1 1 0 0 1 0 0 1 1
 0 1 1 0 1 1 1 1 1 1 1 1 0 1 0 0 1 1 0 0 1 1 0]
117 30 52 0.23463114754098346 [0 1 0 0 0 1 0 1 0 1 0 1 0 0 0 0 1 0 1 0 0 1 0 0 1 0 1 0 1 1 0 0 1 0 0 1 1
 0 1 1 0 1 1 1 1 1 1 1 1 0 1 0 0 1 1 0 0 1 1 0]
118 30 56 0.23463114754098346 [0 1 0 0 0 1 0 1 0 1 0 1 0 0 0 0 1 0 1 0 0 1 0 0 1 0 1 0 1 1 0 0 1 0 0 1 1
 0 1 1 0 1 1 1 1 1 1 1 1 0 1 0 0 1 1 0 0 1 1 0]
119 30 53 0.23463114754098346 [0 1 0 0 0 1 0 1 0 1 0 1 0 0 0 0 1 0 1 0 0 1 0 0 1 0 1 0 1 1 0 0 1 0 0 1 1
 0 1 1 0 1 1 1 1 1 1 1 1 0 1 0 0 1 1 0 0 1 1 0]
120 30 53 0.23463114754098346 [0 1 0 0 0 1 0 1 0 1 0 1 0 0 0 0 1 0 1 0 0 1 0 0 1 0 1 0 1 1 0 0 1 0 0 1 1
 0 1 1 0 1 1 1 1 1 1 1 1 0 1 0 0 1 1 0 0 1 1 0]
121 30 54 0.23463114754098346 [0 1 0 0 0 1 0 1 0 1 0 1 0 0 0 0 1 0 1 0 0 1 0 0 1 0 1 0 1 1 0 0 1 0 0 1 1
 0 1 1 0 1 1 1 1 1 1 1 1 0 1 0 0 1 1 0 0 1 1 0]
122 30 53 0.23463114754098346 [0 1 0 0 0 1 0 1 0 1 0 1 0 0 0 0 1 0 1 0 0 1 0 0 1 0 1 0 1 1 0 0 1 0 0 1 1
 0 1 1 0 1 1 1 1 1 1 1 1 0 1 0 0 1 1 0 0 1 1 0]
123 30 53 0.23463114754098346 [0 1 0 0 0 1 0 1 0 1 0 1 0 0 0 0 1 0 1 0 0 1 0 0 1 0 1 0 1 1 0 0 1 0 0 1 1
 0 1 1 0 1 1 1 1 1 1 1 1 0 1 0 0 1 1 0 0 1 1 0]
124 30 54 0.23463114754098346 [0 1 0 0 0 1 0 1 0 1 0 1 0 0 0 0 1 0 1 0 0 1 0 0 1 0 1 0 1 1 0 0 1 0 0 1 1
 0 1 1 0 1 1 1 1 1 1 1 1 0 1 0 0 1 1 0 0 1 1 0]
125 30 53 0.23463114754098346 [0 1 0 0 0 1 0 1 0 1 0 1 0 0 0 0 1 0 1 0 0 1 0 0 1 0 1 0 1 1 0 0 1 0 0 1 1
 0 1 1 0 1 1 1 1 1 1 1 1 0 1 0 0 1 1 0 0 1 1 0]
126 30 52 0.23463114754098346 [0 1 0 0 0 1 0 1 0 1 0 1 0 0 0 0 1 0 1 0 0 1 0 0 1 0 1 0 1 1 0 0 1 0 0 1 1
 0 1 1 0 1 1 1 1 1 1 1 1 0 1 0 0 1 1 0 0 1 1 0]
127 30 51 0.23463114754098346 [0 1 0 0 0 1 0 1 0 1 0 1 0 0 0 0 1 0 1 0 0 1 0 0 1 0 1 0 1 1 0 0 1 0 0 1 1
 0 1 1 0 1 1 1 1 1 1 1 1 0 1 0 0 1 1 0 0 1 1 0]
128 30 54 0.23463114754098346 [0 1 0 0 0 1 0 1 0 1 0 1 0 0 0 0 1 0 1 0 0 1 0 0 1 0 1 0 1 1 0 0 1 0 0 1 1
 0 1 1 0 1 1 1 1 1 1 1 1 0 1 0 0 1 1 0 0 1 1 0]
129 30 51 0.23463114754098346 [0 1 0 0 0 1 0 1 0 1 0 1 0 0 0 0 1 0 1 0 0 1 0 0 1 0 1 0 1 1 0 0 1 0 0 1 1
 0 1 1 0 1 1 1 1 1 1 1 1 0 1 0 0 1 1 0 0 1 1 0]
130 30 53 0.23463114754098346 [0 1 0 0 0 1 0 1 0 1 0 1 0 0 0 0 1 0 1 0 0 1 0 0 1 0 1 0 1 1 0 0 1 0 0 1 1
 0 1 1 0 1 1 1 1 1 1 1 1 0 1 0 0 1 1 0 0 1 1 0]
131 30 56 0.23463114754098346 [0 1 0 0 0 1 0 1 0 1 0 1 0 0 0 0 1 0 1 0 0 1 0 0 1 0 1 0 1 1 0 0 1 0 0 1 1
 0 1 1 0 1 1 1 1 1 1 1 1 0 1 0 0 1 1 0 0 1 1 0]
132 30 57 0.23463114754098346 [0 1 0 0 0 1 0 1 0 1 0 1 0 0 0 0 1 0 1 0 0 1 0 0 1 0 1 0 1 1 0 0 1 0 0 1 1
 0 1 1 0 1 1 1 1 1 1 1 1 0 1 0 0 1 1 0 0 1 1 0]
133 30 50 0.23463114754098346 [0 1 0 0 0 1 0 1 0 1 0 1 0 0 0 0 1 0 1 0 0 1 0 0 1 0 1 0 1 1 0 0 1 0 0 1 1
 0 1 1 0 1 1 1 1 1 1 1 1 0 1 0 0 1 1 0 0 1 1 0]
134 30 51 0.23463114754098346 [0 1 0 0 0 1 0 1 0 1 0 1 0 0 0 0 1 0 1 0 0 1 0 0 1 0 1 0 1 1 0 0 1 0 0 1 1
 0 1 1 0 1 1 1 1 1 1 1 1 0 1 0 0 1 1 0 0 1 1 0]
135 30 52 0.23463114754098346 [0 1 0 0 0 1 0 1 0 1 0 1 0 0 0 0 1 0 1 0 0 1 0 0 1 0 1 0 1 1 0 0 1 0 0 1 1
 0 1 1 0 1 1 1 1 1 1 1 1 0 1 0 0 1 1 0 0 1 1 0]
136 30 49 0.23463114754098346 [0 1 0 0 0 1 0 1 0 1 0 1 0 0 0 0 1 0 1 0 0 1 0 0 1 0 1 0 1 1 0 0 1 0 0 1 1
 0 1 1 0 1 1 1 1 1 1 1 1 0 1 0 0 1 1 0 0 1 1 0]
137 30 53 0.23463114754098346 [0 1 0 0 0 1 0 1 0 1 0 1 0 0 0 0 1 0 1 0 0 1 0 0 1 0 1 0 1 1 0 0 1 0 0 1 1
 0 1 1 0 1 1 1 1 1 1 1 1 0 1 0 0 1 1 0 0 1 1 0]
138 30 54 0.23463114754098346 [0 1 0 0 0 1 0 1 0 1 0 1 0 0 0 0 1 0 1 0 0 1 0 0 1 0 1 0 1 1 0 0 1 0 0 1 1
 0 1 1 0 1 1 1 1 1 1 1 1 0 1 0 0 1 1 0 0 1 1 0]
139 30 52 0.23463114754098346 [0 1 0 0 0 1 0 1 0 1 0 1 0 0 0 0 1 0 1 0 0 1 0 0 1 0 1 0 1 1 0 0 1 0 0 1 1
 0 1 1 0 1 1 1 1 1 1 1 1 0 1 0 0 1 1 0 0 1 1 0]
140 30 51 0.23463114754098346 [0 1 0 0 0 1 0 1 0 1 0 1 0 0 0 0 1 0 1 0 0 1 0 0 1 0 1 0 1 1 0 0 1 0 0 1 1
 0 1 1 0 1 1 1 1 1 1 1 1 0 1 0 0 1 1 0 0 1 1 0]
141 30 52 0.23463114754098346 [0 1 0 0 0 1 0 1 0 1 0 1 0 0 0 0 1 0 1 0 0 1 0 0 1 0 1 0 1 1 0 0 1 0 0 1 1
 0 1 1 0 1 1 1 1 1 1 1 1 0 1 0 0 1 1 0 0 1 1 0]
142 30 53 0.23463114754098346 [0 1 0 0 0 1 0 1 0 1 0 1 0 0 0 0 1 0 1 0 0 1 0 0 1 0 1 0 1 1 0 0 1 0 0 1 1
 0 1 1 0 1 1 1 1 1 1 1 1 0 1 0 0 1 1 0 0 1 1 0]
143 30 52 0.23463114754098346 [0 1 0 0 0 1 0 1 0 1 0 1 0 0 0 0 1 0 1 0 0 1 0 0 1 0 1 0 1 1 0 0 1 0 0 1 1
 0 1 1 0 1 1 1 1 1 1 1 1 0 1 0 0 1 1 0 0 1 1 0]
144 30 52 0.23463114754098346 [0 1 0 0 0 1 0 1 0 1 0 1 0 0 0 0 1 0 1 0 0 1 0 0 1 0 1 0 1 1 0 0 1 0 0 1 1
 0 1 1 0 1 1 1 1 1 1 1 1 0 1 0 0 1 1 0 0 1 1 0]
145 30 50 0.23463114754098346 [0 1 0 0 0 1 0 1 0 1 0 1 0 0 0 0 1 0 1 0 0 1 0 0 1 0 1 0 1 1 0 0 1 0 0 1 1
 0 1 1 0 1 1 1 1 1 1 1 1 0 1 0 0 1 1 0 0 1 1 0]
146 30 55 0.23463114754098346 [0 1 0 0 0 1 0 1 0 1 0 1 0 0 0 0 1 0 1 0 0 1 0 0 1 0 1 0 1 1 0 0 1 0 0 1 1
 0 1 1 0 1 1 1 1 1 1 1 1 0 1 0 0 1 1 0 0 1 1 0]
147 27 53 0.2275739607445223 [0 1 0 1 0 1 0 1 0 1 0 1 0 0 0 0 1 0 0 0 0 1 1 0 1 0 0 0 0 1 0 0 0 0 0 1 1
 1 0 1 0 0 0 1 1 1 1 1 1 0 1 0 1 1 1 0 0 1 1 0]
148 27 49 0.2275739607445223 [0 1 0 1 0 1 0 1 0 1 0 1 0 0 0 0 1 0 0 0 0 1 1 0 1 0 0 0 0 1 0 0 0 0 0 1 1
 1 0 1 0 0 0 1 1 1 1 1 1 0 1 0 1 1 1 0 0 1 1 0]
149 27 54 0.2275739607445223 [0 1 0 1 0 1 0 1 0 1 0 1 0 0 0 0 1 0 0 0 0 1 1 0 1 0 0 0 0 1 0 0 0 0 0 1 1
 1 0 1 0 0 0 1 1 1 1 1 1 0 1 0 1 1 1 0 0 1 1 0]
150 27 54 0.2275739607445223 [0 1 0 1 0 1 0 1 0 1 0 1 0 0 0 0 1 0 0 0 0 1 1 0 1 0 0 0 0 1 0 0 0 0 0 1 1
 1 0 1 0 0 0 1 1 1 1 1 1 0 1 0 1 1 1 0 0 1 1 0]
