0 33 100 0.26657789613848193 [1 0 1 0 1 0 0 1 0 0 1 0 1 0 0 1 0 0 1 0 0 0 0 1 1 0 0 1 0 1 1 0 1 1 0 1 1
 1 0 0 0 1 1 1 1 1 0 1 0 1 0 0 1 1 1 1 1 1 1 1]
1 33 90 0.26657789613848193 [1 0 1 0 1 0 0 1 0 0 1 0 1 0 0 1 0 0 1 0 0 0 0 1 1 0 0 1 0 1 1 0 1 1 0 1 1
 1 0 0 0 1 1 1 1 1 0 1 0 1 0 0 1 1 1 1 1 1 1 1]
2 33 55 0.26657789613848193 [1 0 1 0 1 0 0 1 0 0 1 0 1 0 0 1 0 0 1 0 0 0 0 1 1 0 0 1 0 1 1 0 1 1 0 1 1
 1 0 0 0 1 1 1 1 1 0 1 0 1 0 0 1 1 1 1 1 1 1 1]
3 33 52 0.26657789613848193 [1 0 1 0 1 0 0 1 0 0 1 0 1 0 0 1 0 0 1 0 0 0 0 1 1 0 0 1 0 1 1 0 1 1 0 1 1
 1 0 0 0 1 1 1 1 1 0 1 0 1 0 0 1 1 1 1 1 1 1 1]
4 33 51 0.26657789613848193 [1 0 1 0 1 0 0 1 0 0 1 0 1 0 0 1 0 0 1 0 0 0 0 1 1 0 0 1 0 1 1 0 1 1 0 1 1
 1 0 0 0 1 1 1 1 1 0 1 0 1 0 0 1 1 1 1 1 1 1 1]
5 33 54 0.26657789613848193 [1 0 1 0 1 0 0 1 0 0 1 0 1 0 0 1 0 0 1 0 0 0 0 1 1 0 0 1 0 1 1 0 1 1 0 1 1
 1 0 0 0 1 1 1 1 1 0 1 0 1 0 0 1 1 1 1 1 1 1 1]
6 31 52 0.26296148207383707 [1 0 1 0 0 0 0 0 1 0 1 1 0 0 0 1 0 0 0 0 0 1 1 1 1 1 1 1 0 0 1 1 0 0 1 0 0
 0 1 0 1 1 0 1 1 0 1 1 1 0 0 1 1 1 1 0 1 1 0 1]
7 31 52 0.26296148207383707 [1 0 1 0 0 0 0 0 1 0 1 1 0 0 0 1 0 0 0 0 0 1 1 1 1 1 1 1 0 0 1 1 0 0 1 0 0
 0 1 0 1 1 0 1 1 0 1 1 1 0 0 1 1 1 1 0 1 1 0 1]
8 31 51 0.26296148207383707 [1 0 1 0 0 0 0 0 1 0 1 1 0 0 0 1 0 0 0 0 0 1 1 1 1 1 1 1 0 0 1 1 0 0 1 0 0
 0 1 0 1 1 0 1 1 0 1 1 1 0 0 1 1 1 1 0 1 1 0 1]
9 31 52 0.26296148207383707 [1 0 1 0 0 0 0 0 1 0 1 1 0 0 0 1 0 0 0 0 0 1 1 1 1 1 1 1 0 0 1 1 0 0 1 0 0
 0 1 0 1 1 0 1 1 0 1 1 1 0 0 1 1 1 1 0 1 1 0 1]
10 23 55 0.2546338898383067 [0 1 0 0 0 1 0 0 1 0 1 0 0 0 0 0 0 0 0 1 1 0 1 0 1 1 0 1 0 1 1 1 0 0 1 1 0
 0 0 0 0 1 0 0 1 0 0 1 0 0 0 1 1 1 1 0 1 0 0 0]
11 23 56 0.2546338898383067 [0 1 0 0 0 1 0 0 1 0 1 0 0 0 0 0 0 0 0 1 1 0 1 0 1 1 0 1 0 1 1 1 0 0 1 1 0
 0 0 0 0 1 0 0 1 0 0 1 0 0 0 1 1 1 1 0 1 0 0 0]
12 30 53 0.2475840301955552 [0 1 1 0 0 0 0 0 0 0 0 1 1 0 0 1 0 0 1 0 0 0 0 0 1 1 0 1 1 0 0 0 0 1 0 1 1
 1 1 0 0 1 1 1 1 1 1 1 1 1 1 0 1 1 1 0 0 1 0 1]
13 30 54 0.2475840301955552 [0 1 1 0 0 0 0 0 0 0 0 1 1 0 0 1 0 0 1 0 0 0 0 0 1 1 0 1 1 0 0 0 0 1 0 1 1
 1 1 0 0 1 1 1 1 1 1 1 1 1 1 0 1 1 1 0 0 1 0 1]
14 30 51 0.2475840301955552 [0 1 1 0 0 0 0 0 0 0 0 1 1 0 0 1 0 0 1 0 0 0 0 0 1 1 0 1 1 0 0 0 0 1 0 1 1
 1 1 0 0 1 1 1 1 1 1 1 1 1 1 0 1 1 1 0 0 1 0 1]
15 30 53 0.2475840301955552 [0 1 1 0 0 0 0 0 0 0 0 1 1 0 0 1 0 0 1 0 0 0 0 0 1 1 0 1 1 0 0 0 0 1 0 1 1
 1 1 0 0 1 1 1 1 1 1 1 1 1 1 0 1 1 1 0 0 1 0 1]
16 30 54 0.2475840301955552 [0 1 1 0 0 0 0 0 0 0 0 1 1 0 0 1 0 0 1 0 0 0 0 0 1 1 0 1 1 0 0 0 0 1 0 1 1
 1 1 0 0 1 1 1 1 1 1 1 1 1 1 0 1 1 1 0 0 1 0 1]
17 30 52 0.2475840301955552 [0 1 1 0 0 0 0 0 0 0 0 1 1 0 0 1 0 0 1 0 0 0 0 0 1 1 0 1 1 0 0 0 0 1 0 1 1
 1 1 0 0 1 1 1 1 1 1 1 1 1 1 0 1 1 1 0 0 1 0 1]
18 30 54 0.2475840301955552 [0 1 1 0 0 0 0 0 0 0 0 1 1 0 0 1 0 0 1 0 0 0 0 0 1 1 0 1 1 0 0 0 0 1 0 1 1
 1 1 0 0 1 1 1 1 1 1 1 1 1 1 0 1 1 1 0 0 1 0 1]
19 30 52 0.2475840301955552 [0 1 1 0 0 0 0 0 0 0 0 1 1 0 0 1 0 0 1 0 0 0 0 0 1 1 0 1 1 0 0 0 0 1 0 1 1
 1 1 0 0 1 1 1 1 1 1 1 1 1 1 0 1 1 1 0 0 1 0 1]
20 30 54 0.2475840301955552 [0 1 1 0 0 0 0 0 0 0 0 1 1 0 0 1 0 0 1 0 0 0 0 0 1 1 0 1 1 0 0 0 0 1 0 1 1
 1 1 0 0 1 1 1 1 1 1 1 1 1 1 0 1 1 1 0 0 1 0 1]
21 30 51 0.2475840301955552 [0 1 1 0 0 0 0 0 0 0 0 1 1 0 0 1 0 0 1 0 0 0 0 0 1 1 0 1 1 0 0 0 0 1 0 1 1
 1 1 0 0 1 1 1 1 1 1 1 1 1 1 0 1 1 1 0 0 1 0 1]
22 30 55 0.2475840301955552 [0 1 1 0 0 0 0 0 0 0 0 1 1 0 0 1 0 0 1 0 0 0 0 0 1 1 0 1 1 0 0 0 0 1 0 1 1
 1 1 0 0 1 1 1 1 1 1 1 1 1 1 0 1 1 1 0 0 1 0 1]
23 30 54 0.2475840301955552 [0 1 1 0 0 0 0 0 0 0 0 1 1 0 0 1 0 0 1 0 0 0 0 0 1 1 0 1 1 0 0 0 0 1 0 1 1
 1 1 0 0 1 1 1 1 1 1 1 1 1 1 0 1 1 1 0 0 1 0 1]
24 30 52 0.2475840301955552 [0 1 1 0 0 0 0 0 0 0 0 1 1 0 0 1 0 0 1 0 0 0 0 0 1 1 0 1 1 0 0 0 0 1 0 1 1
 1 1 0 0 1 1 1 1 1 1 1 1 1 1 0 1 1 1 0 0 1 0 1]
25 26 54 0.2355773830404695 [1 0 0 0 0 0 1 0 0 0 0 1 0 0 0 0 1 0 0 0 0 0 0 0 1 1 0 1 1 0 0 1 0 1 0 1 1
 1 1 0 0 0 1 1 1 1 0 1 0 0 1 0 1 1 1 0 1 1 0 1]
26 26 52 0.2355773830404695 [1 0 0 0 0 0 1 0 0 0 0 1 0 0 0 0 1 0 0 0 0 0 0 0 1 1 0 1 1 0 0 1 0 1 0 1 1
 1 1 0 0 0 1 1 1 1 0 1 0 0 1 0 1 1 1 0 1 1 0 1]
27 26 52 0.2355773830404695 [1 0 0 0 0 0 1 0 0 0 0 1 0 0 0 0 1 0 0 0 0 0 0 0 1 1 0 1 1 0 0 1 0 1 0 1 1
 1 1 0 0 0 1 1 1 1 0 1 0 0 1 0 1 1 1 0 1 1 0 1]
28 26 54 0.2355773830404695 [1 0 0 0 0 0 1 0 0 0 0 1 0 0 0 0 1 0 0 0 0 0 0 0 1 1 0 1 1 0 0 1 0 1 0 1 1
 1 1 0 0 0 1 1 1 1 0 1 0 0 1 0 1 1 1 0 1 1 0 1]
29 26 56 0.2355773830404695 [1 0 0 0 0 0 1 0 0 0 0 1 0 0 0 0 1 0 0 0 0 0 0 0 1 1 0 1 1 0 0 1 0 1 0 1 1
 1 1 0 0 0 1 1 1 1 0 1 0 0 1 0 1 1 1 0 1 1 0 1]
30 26 52 0.2355773830404695 [1 0 0 0 0 0 1 0 0 0 0 1 0 0 0 0 1 0 0 0 0 0 0 0 1 1 0 1 1 0 0 1 0 1 0 1 1
 1 1 0 0 0 1 1 1 1 0 1 0 0 1 0 1 1 1 0 1 1 0 1]
31 26 50 0.2355773830404695 [1 0 0 0 0 0 1 0 0 0 0 1 0 0 0 0 1 0 0 0 0 0 0 0 1 1 0 1 1 0 0 1 0 1 0 1 1
 1 1 0 0 0 1 1 1 1 0 1 0 0 1 0 1 1 1 0 1 1 0 1]
32 26 52 0.2355773830404695 [1 0 0 0 0 0 1 0 0 0 0 1 0 0 0 0 1 0 0 0 0 0 0 0 1 1 0 1 1 0 0 1 0 1 0 1 1
 1 1 0 0 0 1 1 1 1 0 1 0 0 1 0 1 1 1 0 1 1 0 1]
33 26 51 0.2355773830404695 [1 0 0 0 0 0 1 0 0 0 0 1 0 0 0 0 1 0 0 0 0 0 0 0 1 1 0 1 1 0 0 1 0 1 0 1 1
 1 1 0 0 0 1 1 1 1 0 1 0 0 1 0 1 1 1 0 1 1 0 1]
34 26 53 0.2355773830404695 [1 0 0 0 0 0 1 0 0 0 0 1 0 0 0 0 1 0 0 0 0 0 0 0 1 1 0 1 1 0 0 1 0 1 0 1 1
 1 1 0 0 0 1 1 1 1 0 1 0 0 1 0 1 1 1 0 1 1 0 1]
35 26 50 0.2355773830404695 [1 0 0 0 0 0 1 0 0 0 0 1 0 0 0 0 1 0 0 0 0 0 0 0 1 1 0 1 1 0 0 1 0 1 0 1 1
 1 1 0 0 0 1 1 1 1 0 1 0 0 1 0 1 1 1 0 1 1 0 1]
36 26 49 0.2355773830404695 [1 0 0 0 0 0 1 0 0 0 0 1 0 0 0 0 1 0 0 0 0 0 0 0 1 1 0 1 1 0 0 1 0 1 0 1 1
 1 1 0 0 0 1 1 1 1 0 1 0 0 1 0 1 1 1 0 1 1 0 1]
37 25 52 0.2316806589577064 [1 0 0 0 0 0 0 0 0 0 0 1 0 0 0 1 0 0 0 0 0 1 0 1 1 1 1 1 1 0 0 0 0 0 0 1 0
 1 1 0 0 0 1 0 1 1 1 1 0 0 1 0 1 0 1 1 1 1 0 1]
38 25 53 0.2316806589577064 [1 0 0 0 0 0 0 0 0 0 0 1 0 0 0 1 0 0 0 0 0 1 0 1 1 1 1 1 1 0 0 0 0 0 0 1 0
 1 1 0 0 0 1 0 1 1 1 1 0 0 1 0 1 0 1 1 1 1 0 1]
39 25 52 0.2316806589577064 [1 0 0 0 0 0 0 0 0 0 0 1 0 0 0 1 0 0 0 0 0 1 0 1 1 1 1 1 1 0 0 0 0 0 0 1 0
 1 1 0 0 0 1 0 1 1 1 1 0 0 1 0 1 0 1 1 1 1 0 1]
40 25 55 0.2316806589577064 [1 0 0 0 0 0 0 0 0 0 0 1 0 0 0 1 0 0 0 0 0 1 0 1 1 1 1 1 1 0 0 0 0 0 0 1 0
 1 1 0 0 0 1 0 1 1 1 1 0 0 1 0 1 0 1 1 1 1 0 1]
41 25 55 0.2316806589577064 [1 0 0 0 0 0 0 0 0 0 0 1 0 0 0 1 0 0 0 0 0 1 0 1 1 1 1 1 1 0 0 0 0 0 0 1 0
 1 1 0 0 0 1 0 1 1 1 1 0 0 1 0 1 0 1 1 1 1 0 1]
42 25 56 0.2316806589577064 [1 0 0 0 0 0 0 0 0 0 0 1 0 0 0 1 0 0 0 0 0 1 0 1 1 1 1 1 1 0 0 0 0 0 0 1 0
 1 1 0 0 0 1 0 1 1 1 1 0 0 1 0 1 0 1 1 1 1 0 1]
43 25 58 0.2316806589577064 [1 0 0 0 0 0 0 0 0 0 0 1 0 0 0 1 0 0 0 0 0 1 0 1 1 1 1 1 1 0 0 0 0 0 0 1 0
 1 1 0 0 0 1 0 1 1 1 1 0 0 1 0 1 0 1 1 1 1 0 1]
44 25 52 0.2316806589577064 [1 0 0 0 0 0 0 0 0 0 0 1 0 0 0 1 0 0 0 0 0 1 0 1 1 1 1 1 1 0 0 0 0 0 0 1 0
 1 1 0 0 0 1 0 1 1 1 1 0 0 1 0 1 0 1 1 1 1 0 1]
45 25 53 0.2316806589577064 [1 0 0 0 0 0 0 0 0 0 0 1 0 0 0 1 0 0 0 0 0 1 0 1 1 1 1 1 1 0 0 0 0 0 0 1 0
 1 1 0 0 0 1 0 1 1 1 1 0 0 1 0 1 0 1 1 1 1 0 1]
46 25 51 0.2316806589577064 [1 0 0 0 0 0 0 0 0 0 0 1 0 0 0 1 0 0 0 0 0 1 0 1 1 1 1 1 1 0 0 0 0 0 0 1 0
 1 1 0 0 0 1 0 1 1 1 1 0 0 1 0 1 0 1 1 1 1 0 1]
47 25 50 0.2316806589577064 [1 0 0 0 0 0 0 0 0 0 0 1 0 0 0 1 0 0 0 0 0 1 0 1 1 1 1 1 1 0 0 0 0 0 0 1 0
 1 1 0 0 0 1 0 1 1 1 1 0 0 1 0 1 0 1 1 1 1 0 1]
48 25 56 0.2316806589577064 [1 0 0 0 0 0 0 0 0 0 0 1 0 0 0 1 0 0 0 0 0 1 0 1 1 1 1 1 1 0 0 0 0 0 0 1 0
 1 1 0 0 0 1 0 1 1 1 1 0 0 1 0 1 0 1 1 1 1 0 1]
49 25 53 0.2316806589577064 [1 0 0 0 0 0 0 0 0 0 0 1 0 0 0 1 0 0 0 0 0 1 0 1 1 1 1 1 1 0 0 0 0 0 0 1 0
 1 1 0 0 0 1 0 1 1 1 1 0 0 1 0 1 0 1 1 1 1 0 1]
50 25 54 0.2316806589577064 [1 0 0 0 0 0 0 0 0 0 0 1 0 0 0 1 0 0 0 0 0 1 0 1 1 1 1 1 1 0 0 0 0 0 0 1 0
 1 1 0 0 0 1 0 1 1 1 1 0 0 1 0 1 0 1 1 1 1 0 1]
51 25 50 0.2316806589577064 [1 0 0 0 0 0 0 0 0 0 0 1 0 0 0 1 0 0 0 0 0 1 0 1 1 1 1 1 1 0 0 0 0 0 0 1 0
 1 1 0 0 0 1 0 1 1 1 1 0 0 1 0 1 0 1 1 1 1 0 1]
52 25 51 0.2316806589577064 [1 0 0 0 0 0 0 0 0 0 0 1 0 0 0 1 0 0 0 0 0 1 0 1 1 1 1 1 1 0 0 0 0 0 0 1 0
 1 1 0 0 0 1 0 1 1 1 1 0 0 1 0 1 0 1 1 1 1 0 1]
53 25 54 0.2316806589577064 [1 0 0 0 0 0 0 0 0 0 0 1 0 0 0 1 0 0 0 0 0 1 0 1 1 1 1 1 1 0 0 0 0 0 0 1 0
 1 1 0 0 0 1 0 1 1 1 1 0 0 1 0 1 0 1 1 1 1 0 1]
54 25 52 0.2316806589577064 [1 0 0 0 0 0 0 0 0 0 0 1 0 0 0 1 0 0 0 0 0 1 0 1 1 1 1 1 1 0 0 0 0 0 0 1 0
 1 1 0 0 0 1 0 1 1 1 1 0 0 1 0 1 0 1 1 1 1 0 1]
55 25 56 0.2316806589577064 [1 0 0 0 0 0 0 0 0 0 0 1 0 0 0 1 0 0 0 0 0 1 0 1 1 1 1 1 1 0 0 0 0 0 0 1 0
 1 1 0 0 0 1 0 1 1 1 1 0 0 1 0 1 0 1 1 1 1 0 1]
56 25 51 0.2316806589577064 [1 0 0 0 0 0 0 0 0 0 0 1 0 0 0 1 0 0 0 0 0 1 0 1 1 1 1 1 1 0 0 0 0 0 0 1 0
 1 1 0 0 0 1 0 1 1 1 1 0 0 1 0 1 0 1 1 1 1 0 1]
57 25 49 0.2316806589577064 [1 0 0 0 0 0 0 0 0 0 0 1 0 0 0 1 0 0 0 0 0 1 0 1 1 1 1 1 1 0 0 0 0 0 0 1 0
 1 1 0 0 0 1 0 1 1 1 1 0 0 1 0 1 0 1 1 1 1 0 1]
58 25 51 0.2316806589577064 [1 0 0 0 0 0 0 0 0 0 0 1 0 0 0 1 0 0 0 0 0 1 0 1 1 1 1 1 1 0 0 0 0 0 0 1 0
 1 1 0 0 0 1 0 1 1 1 1 0 0 1 0 1 0 1 1 1 1 0 1]
59 25 51 0.2316806589577064 [1 0 0 0 0 0 0 0 0 0 0 1 0 0 0 1 0 0 0 0 0 1 0 1 1 1 1 1 1 0 0 0 0 0 0 1 0
 1 1 0 0 0 1 0 1 1 1 1 0 0 1 0 1 0 1 1 1 1 0 1]
60 25 52 0.2316806589577064 [1 0 0 0 0 0 0 0 0 0 0 1 0 0 0 1 0 0 0 0 0 1 0 1 1 1 1 1 1 0 0 0 0 0 0 1 0
 1 1 0 0 0 1 0 1 1 1 1 0 0 1 0 1 0 1 1 1 1 0 1]
61 25 51 0.2316806589577064 [1 0 0 0 0 0 0 0 0 0 0 1 0 0 0 1 0 0 0 0 0 1 0 1 1 1 1 1 1 0 0 0 0 0 0 1 0
 1 1 0 0 0 1 0 1 1 1 1 0 0 1 0 1 0 1 1 1 1 0 1]
62 25 51 0.2316806589577064 [1 0 0 0 0 0 0 0 0 0 0 1 0 0 0 1 0 0 0 0 0 1 0 1 1 1 1 1 1 0 0 0 0 0 0 1 0
 1 1 0 0 0 1 0 1 1 1 1 0 0 1 0 1 0 1 1 1 1 0 1]
63 25 52 0.2316806589577064 [1 0 0 0 0 0 0 0 0 0 0 1 0 0 0 1 0 0 0 0 0 1 0 1 1 1 1 1 1 0 0 0 0 0 0 1 0
 1 1 0 0 0 1 0 1 1 1 1 0 0 1 0 1 0 1 1 1 1 0 1]
64 25 54 0.2316806589577064 [1 0 0 0 0 0 0 0 0 0 0 1 0 0 0 1 0 0 0 0 0 1 0 1 1 1 1 1 1 0 0 0 0 0 0 1 0
 1 1 0 0 0 1 0 1 1 1 1 0 0 1 0 1 0 1 1 1 1 0 1]
65 25 51 0.2316806589577064 [1 0 0 0 0 0 0 0 0 0 0 1 0 0 0 1 0 0 0 0 0 1 0 1 1 1 1 1 1 0 0 0 0 0 0 1 0
 1 1 0 0 0 1 0 1 1 1 1 0 0 1 0 1 0 1 1 1 1 0 1]
66 25 53 0.2316806589577064 [1 0 0 0 0 0 0 0 0 0 0 1 0 0 0 1 0 0 0 0 0 1 0 1 1 1 1 1 1 0 0 0 0 0 0 1 0
 1 1 0 0 0 1 0 1 1 1 1 0 0 1 0 1 0 1 1 1 1 0 1]
67 25 53 0.2316806589577064 [1 0 0 0 0 0 0 0 0 0 0 1 0 0 0 1 0 0 0 0 0 1 0 1 1 1 1 1 1 0 0 0 0 0 0 1 0
 1 1 0 0 0 1 0 1 1 1 1 0 0 1 0 1 0 1 1 1 1 0 1]
68 25 53 0.2316806589577064 [1 0 0 0 0 0 0 0 0 0 0 1 0 0 0 1 0 0 0 0 0 1 0 1 1 1 1 1 1 0 0 0 0 0 0 1 0
 1 1 0 0 0 1 0 1 1 1 1 0 0 1 0 1 0 1 1 1 1 0 1]
69 25 53 0.2316806589577064 [1 0 0 0 0 0 0 0 0 0 0 1 0 0 0 1 0 0 0 0 0 1 0 1 1 1 1 1 1 0 0 0 0 0 0 1 0
 1 1 0 0 0 1 0 1 1 1 1 0 0 1 0 1 0 1 1 1 1 0 1]
70 25 54 0.2316806589577064 [1 0 0 0 0 0 0 0 0 0 0 1 0 0 0 1 0 0 0 0 0 1 0 1 1 1 1 1 1 0 0 0 0 0 0 1 0
 1 1 0 0 0 1 0 1 1 1 1 0 0 1 0 1 0 1 1 1 1 0 1]
71 25 51 0.2316806589577064 [1 0 0 0 0 0 0 0 0 0 0 1 0 0 0 1 0 0 0 0 0 1 0 1 1 1 1 1 1 0 0 0 0 0 0 1 0
 1 1 0 0 0 1 0 1 1 1 1 0 0 1 0 1 0 1 1 1 1 0 1]
72 25 53 0.2316806589577064 [1 0 0 0 0 0 0 0 0 0 0 1 0 0 0 1 0 0 0 0 0 1 0 1 1 1 1 1 1 0 0 0 0 0 0 1 0
 1 1 0 0 0 1 0 1 1 1 1 0 0 1 0 1 0 1 1 1 1 0 1]
73 25 52 0.2316806589577064 [1 0 0 0 0 0 0 0 0 0 0 1 0 0 0 1 0 0 0 0 0 1 0 1 1 1 1 1 1 0 0 0 0 0 0 1 0
 1 1 0 0 0 1 0 1 1 1 1 0 0 1 0 1 0 1 1 1 1 0 1]
74 25 53 0.2316806589577064 [1 0 0 0 0 0 0 0 0 0 0 1 0 0 0 1 0 0 0 0 0 1 0 1 1 1 1 1 1 0 0 0 0 0 0 1 0
 1 1 0 0 0 1 0 1 1 1 1 0 0 1 0 1 0 1 1 1 1 0 1]
75 25 53 0.2316806589577064 [1 0 0 0 0 0 0 0 0 0 0 1 0 0 0 1 0 0 0 0 0 1 0 1 1 1 1 1 1 0 0 0 0 0 0 1 0
 1 1 0 0 0 1 0 1 1 1 1 0 0 1 0 1 0 1 1 1 1 0 1]
76 25 54 0.2316806589577064 [1 0 0 0 0 0 0 0 0 0 0 1 0 0 0 1 0 0 0 0 0 1 0 1 1 1 1 1 1 0 0 0 0 0 0 1 0
 1 1 0 0 0 1 0 1 1 1 1 0 0 1 0 1 0 1 1 1 1 0 1]
77 25 50 0.2316806589577064 [1 0 0 0 0 0 0 0 0 0 0 1 0 0 0 1 0 0 0 0 0 1 0 1 1 1 1 1 1 0 0 0 0 0 0 1 0
 1 1 0 0 0 1 0 1 1 1 1 0 0 1 0 1 0 1 1 1 1 0 1]
78 25 54 0.2316806589577064 [1 0 0 0 0 0 0 0 0 0 0 1 0 0 0 1 0 0 0 0 0 1 0 1 1 1 1 1 1 0 0 0 0 0 0 1 0
 1 1 0 0 0 1 0 1 1 1 1 0 0 1 0 1 0 1 1 1 1 0 1]
79 25 55 0.2316806589577064 [1 0 0 0 0 0 0 0 0 0 0 1 0 0 0 1 0 0 0 0 0 1 0 1 1 1 1 1 1 0 0 0 0 0 0 1 0
 1 1 0 0 0 1 0 1 1 1 1 0 0 1 0 1 0 1 1 1 1 0 1]
80 25 52 0.2316806589577064 [1 0 0 0 0 0 0 0 0 0 0 1 0 0 0 1 0 0 0 0 0 1 0 1 1 1 1 1 1 0 0 0 0 0 0 1 0
 1 1 0 0 0 1 0 1 1 1 1 0 0 1 0 1 0 1 1 1 1 0 1]
81 25 53 0.2316806589577064 [1 0 0 0 0 0 0 0 0 0 0 1 0 0 0 1 0 0 0 0 0 1 0 1 1 1 1 1 1 0 0 0 0 0 0 1 0
 1 1 0 0 0 1 0 1 1 1 1 0 0 1 0 1 0 1 1 1 1 0 1]
82 25 54 0.2316806589577064 [1 0 0 0 0 0 0 0 0 0 0 1 0 0 0 1 0 0 0 0 0 1 0 1 1 1 1 1 1 0 0 0 0 0 0 1 0
 1 1 0 0 0 1 0 1 1 1 1 0 0 1 0 1 0 1 1 1 1 0 1]
83 25 52 0.2316806589577064 [1 0 0 0 0 0 0 0 0 0 0 1 0 0 0 1 0 0 0 0 0 1 0 1 1 1 1 1 1 0 0 0 0 0 0 1 0
 1 1 0 0 0 1 0 1 1 1 1 0 0 1 0 1 0 1 1 1 1 0 1]
84 25 54 0.2316806589577064 [1 0 0 0 0 0 0 0 0 0 0 1 0 0 0 1 0 0 0 0 0 1 0 1 1 1 1 1 1 0 0 0 0 0 0 1 0
 1 1 0 0 0 1 0 1 1 1 1 0 0 1 0 1 0 1 1 1 1 0 1]
85 25 54 0.2316806589577064 [1 0 0 0 0 0 0 0 0 0 0 1 0 0 0 1 0 0 0 0 0 1 0 1 1 1 1 1 1 0 0 0 0 0 0 1 0
 1 1 0 0 0 1 0 1 1 1 1 0 0 1 0 1 0 1 1 1 1 0 1]
86 25 52 0.2316806589577064 [1 0 0 0 0 0 0 0 0 0 0 1 0 0 0 1 0 0 0 0 0 1 0 1 1 1 1 1 1 0 0 0 0 0 0 1 0
 1 1 0 0 0 1 0 1 1 1 1 0 0 1 0 1 0 1 1 1 1 0 1]
87 25 53 0.2316806589577064 [1 0 0 0 0 0 0 0 0 0 0 1 0 0 0 1 0 0 0 0 0 1 0 1 1 1 1 1 1 0 0 0 0 0 0 1 0
 1 1 0 0 0 1 0 1 1 1 1 0 0 1 0 1 0 1 1 1 1 0 1]
88 25 53 0.2316806589577064 [1 0 0 0 0 0 0 0 0 0 0 1 0 0 0 1 0 0 0 0 0 1 0 1 1 1 1 1 1 0 0 0 0 0 0 1 0
 1 1 0 0 0 1 0 1 1 1 1 0 0 1 0 1 0 1 1 1 1 0 1]
89 25 51 0.2316806589577064 [1 0 0 0 0 0 0 0 0 0 0 1 0 0 0 1 0 0 0 0 0 1 0 1 1 1 1 1 1 0 0 0 0 0 0 1 0
 1 1 0 0 0 1 0 1 1 1 1 0 0 1 0 1 0 1 1 1 1 0 1]
90 25 55 0.2316806589577064 [1 0 0 0 0 0 0 0 0 0 0 1 0 0 0 1 0 0 0 0 0 1 0 1 1 1 1 1 1 0 0 0 0 0 0 1 0
 1 1 0 0 0 1 0 1 1 1 1 0 0 1 0 1 0 1 1 1 1 0 1]
91 25 55 0.2316806589577064 [1 0 0 0 0 0 0 0 0 0 0 1 0 0 0 1 0 0 0 0 0 1 0 1 1 1 1 1 1 0 0 0 0 0 0 1 0
 1 1 0 0 0 1 0 1 1 1 1 0 0 1 0 1 0 1 1 1 1 0 1]
92 25 51 0.2316806589577064 [1 0 0 0 0 0 0 0 0 0 0 1 0 0 0 1 0 0 0 0 0 1 0 1 1 1 1 1 1 0 0 0 0 0 0 1 0
 1 1 0 0 0 1 0 1 1 1 1 0 0 1 0 1 0 1 1 1 1 0 1]
93 25 53 0.2316806589577064 [1 0 0 0 0 0 0 0 0 0 0 1 0 0 0 1 0 0 0 0 0 1 0 1 1 1 1 1 1 0 0 0 0 0 0 1 0
 1 1 0 0 0 1 0 1 1 1 1 0 0 1 0 1 0 1 1 1 1 0 1]
94 25 51 0.2316806589577064 [1 0 0 0 0 0 0 0 0 0 0 1 0 0 0 1 0 0 0 0 0 1 0 1 1 1 1 1 1 0 0 0 0 0 0 1 0
 1 1 0 0 0 1 0 1 1 1 1 0 0 1 0 1 0 1 1 1 1 0 1]
95 25 50 0.2316806589577064 [1 0 0 0 0 0 0 0 0 0 0 1 0 0 0 1 0 0 0 0 0 1 0 1 1 1 1 1 1 0 0 0 0 0 0 1 0
 1 1 0 0 0 1 0 1 1 1 1 0 0 1 0 1 0 1 1 1 1 0 1]
96 25 56 0.2316806589577064 [1 0 0 0 0 0 0 0 0 0 0 1 0 0 0 1 0 0 0 0 0 1 0 1 1 1 1 1 1 0 0 0 0 0 0 1 0
 1 1 0 0 0 1 0 1 1 1 1 0 0 1 0 1 0 1 1 1 1 0 1]
97 25 53 0.2316806589577064 [1 0 0 0 0 0 0 0 0 0 0 1 0 0 0 1 0 0 0 0 0 1 0 1 1 1 1 1 1 0 0 0 0 0 0 1 0
 1 1 0 0 0 1 0 1 1 1 1 0 0 1 0 1 0 1 1 1 1 0 1]
98 25 53 0.2316806589577064 [1 0 0 0 0 0 0 0 0 0 0 1 0 0 0 1 0 0 0 0 0 1 0 1 1 1 1 1 1 0 0 0 0 0 0 1 0
 1 1 0 0 0 1 0 1 1 1 1 0 0 1 0 1 0 1 1 1 1 0 1]
99 25 53 0.2316806589577064 [1 0 0 0 0 0 0 0 0 0 0 1 0 0 0 1 0 0 0 0 0 1 0 1 1 1 1 1 1 0 0 0 0 0 0 1 0
 1 1 0 0 0 1 0 1 1 1 1 0 0 1 0 1 0 1 1 1 1 0 1]
100 25 51 0.2316806589577064 [1 0 0 0 0 0 0 0 0 0 0 1 0 0 0 1 0 0 0 0 0 1 0 1 1 1 1 1 1 0 0 0 0 0 0 1 0
 1 1 0 0 0 1 0 1 1 1 1 0 0 1 0 1 0 1 1 1 1 0 1]
101 25 50 0.2316806589577064 [1 0 0 0 0 0 0 0 0 0 0 1 0 0 0 1 0 0 0 0 0 1 0 1 1 1 1 1 1 0 0 0 0 0 0 1 0
 1 1 0 0 0 1 0 1 1 1 1 0 0 1 0 1 0 1 1 1 1 0 1]
102 25 53 0.2316806589577064 [1 0 0 0 0 0 0 0 0 0 0 1 0 0 0 1 0 0 0 0 0 1 0 1 1 1 1 1 1 0 0 0 0 0 0 1 0
 1 1 0 0 0 1 0 1 1 1 1 0 0 1 0 1 0 1 1 1 1 0 1]
103 25 52 0.2316806589577064 [1 0 0 0 0 0 0 0 0 0 0 1 0 0 0 1 0 0 0 0 0 1 0 1 1 1 1 1 1 0 0 0 0 0 0 1 0
 1 1 0 0 0 1 0 1 1 1 1 0 0 1 0 1 0 1 1 1 1 0 1]
104 25 52 0.2316806589577064 [1 0 0 0 0 0 0 0 0 0 0 1 0 0 0 1 0 0 0 0 0 1 0 1 1 1 1 1 1 0 0 0 0 0 0 1 0
 1 1 0 0 0 1 0 1 1 1 1 0 0 1 0 1 0 1 1 1 1 0 1]
105 25 55 0.2316806589577064 [1 0 0 0 0 0 0 0 0 0 0 1 0 0 0 1 0 0 0 0 0 1 0 1 1 1 1 1 1 0 0 0 0 0 0 1 0
 1 1 0 0 0 1 0 1 1 1 1 0 0 1 0 1 0 1 1 1 1 0 1]
106 25 52 0.2316806589577064 [1 0 0 0 0 0 0 0 0 0 0 1 0 0 0 1 0 0 0 0 0 1 0 1 1 1 1 1 1 0 0 0 0 0 0 1 0
 1 1 0 0 0 1 0 1 1 1 1 0 0 1 0 1 0 1 1 1 1 0 1]
107 25 54 0.2316806589577064 [1 0 0 0 0 0 0 0 0 0 0 1 0 0 0 1 0 0 0 0 0 1 0 1 1 1 1 1 1 0 0 0 0 0 0 1 0
 1 1 0 0 0 1 0 1 1 1 1 0 0 1 0 1 0 1 1 1 1 0 1]
108 25 54 0.2316806589577064 [1 0 0 0 0 0 0 0 0 0 0 1 0 0 0 1 0 0 0 0 0 1 0 1 1 1 1 1 1 0 0 0 0 0 0 1 0
 1 1 0 0 0 1 0 1 1 1 1 0 0 1 0 1 0 1 1 1 1 0 1]
109 25 53 0.2316806589577064 [1 0 0 0 0 0 0 0 0 0 0 1 0 0 0 1 0 0 0 0 0 1 0 1 1 1 1 1 1 0 0 0 0 0 0 1 0
 1 1 0 0 0 1 0 1 1 1 1 0 0 1 0 1 0 1 1 1 1 0 1]
110 25 52 0.2316806589577064 [1 0 0 0 0 0 0 0 0 0 0 1 0 0 0 1 0 0 0 0 0 1 0 1 1 1 1 1 1 0 0 0 0 0 0 1 0
 1 1 0 0 0 1 0 1 1 1 1 0 0 1 0 1 0 1 1 1 1 0 1]
111 25 50 0.2316806589577064 [1 0 0 0 0 0 0 0 0 0 0 1 0 0 0 1 0 0 0 0 0 1 0 1 1 1 1 1 1 0 0 0 0 0 0 1 0
 1 1 0 0 0 1 0 1 1 1 1 0 0 1 0 1 0 1 1 1 1 0 1]
112 25 53 0.2316806589577064 [1 0 0 0 0 0 0 0 0 0 0 1 0 0 0 1 0 0 0 0 0 1 0 1 1 1 1 1 1 0 0 0 0 0 0 1 0
 1 1 0 0 0 1 0 1 1 1 1 0 0 1 0 1 0 1 1 1 1 0 1]
113 25 52 0.2316806589577064 [1 0 0 0 0 0 0 0 0 0 0 1 0 0 0 1 0 0 0 0 0 1 0 1 1 1 1 1 1 0 0 0 0 0 0 1 0
 1 1 0 0 0 1 0 1 1 1 1 0 0 1 0 1 0 1 1 1 1 0 1]
114 25 52 0.2316806589577064 [1 0 0 0 0 0 0 0 0 0 0 1 0 0 0 1 0 0 0 0 0 1 0 1 1 1 1 1 1 0 0 0 0 0 0 1 0
 1 1 0 0 0 1 0 1 1 1 1 0 0 1 0 1 0 1 1 1 1 0 1]
115 25 50 0.2316806589577064 [1 0 0 0 0 0 0 0 0 0 0 1 0 0 0 1 0 0 0 0 0 1 0 1 1 1 1 1 1 0 0 0 0 0 0 1 0
 1 1 0 0 0 1 0 1 1 1 1 0 0 1 0 1 0 1 1 1 1 0 1]
116 25 55 0.2316806589577064 [1 0 0 0 0 0 0 0 0 0 0 1 0 0 0 1 0 0 0 0 0 1 0 1 1 1 1 1 1 0 0 0 0 0 0 1 0
 1 1 0 0 0 1 0 1 1 1 1 0 0 1 0 1 0 1 1 1 1 0 1]
117 25 52 0.2316806589577064 [1 0 0 0 0 0 0 0 0 0 0 1 0 0 0 1 0 0 0 0 0 1 0 1 1 1 1 1 1 0 0 0 0 0 0 1 0
 1 1 0 0 0 1 0 1 1 1 1 0 0 1 0 1 0 1 1 1 1 0 1]
118 25 53 0.2316806589577064 [1 0 0 0 0 0 0 0 0 0 0 1 0 0 0 1 0 0 0 0 0 1 0 1 1 1 1 1 1 0 0 0 0 0 0 1 0
 1 1 0 0 0 1 0 1 1 1 1 0 0 1 0 1 0 1 1 1 1 0 1]
119 25 53 0.2316806589577064 [1 0 0 0 0 0 0 0 0 0 0 1 0 0 0 1 0 0 0 0 0 1 0 1 1 1 1 1 1 0 0 0 0 0 0 1 0
 1 1 0 0 0 1 0 1 1 1 1 0 0 1 0 1 0 1 1 1 1 0 1]
120 25 50 0.2316806589577064 [1 0 0 0 0 0 0 0 0 0 0 1 0 0 0 1 0 0 0 0 0 1 0 1 1 1 1 1 1 0 0 0 0 0 0 1 0
 1 1 0 0 0 1 0 1 1 1 1 0 0 1 0 1 0 1 1 1 1 0 1]
121 25 55 0.2316806589577064 [1 0 0 0 0 0 0 0 0 0 0 1 0 0 0 1 0 0 0 0 0 1 0 1 1 1 1 1 1 0 0 0 0 0 0 1 0
 1 1 0 0 0 1 0 1 1 1 1 0 0 1 0 1 0 1 1 1 1 0 1]
122 25 51 0.2316806589577064 [1 0 0 0 0 0 0 0 0 0 0 1 0 0 0 1 0 0 0 0 0 1 0 1 1 1 1 1 1 0 0 0 0 0 0 1 0
 1 1 0 0 0 1 0 1 1 1 1 0 0 1 0 1 0 1 1 1 1 0 1]
123 25 50 0.2316806589577064 [1 0 0 0 0 0 0 0 0 0 0 1 0 0 0 1 0 0 0 0 0 1 0 1 1 1 1 1 1 0 0 0 0 0 0 1 0
 1 1 0 0 0 1 0 1 1 1 1 0 0 1 0 1 0 1 1 1 1 0 1]
124 25 52 0.2316806589577064 [1 0 0 0 0 0 0 0 0 0 0 1 0 0 0 1 0 0 0 0 0 1 0 1 1 1 1 1 1 0 0 0 0 0 0 1 0
 1 1 0 0 0 1 0 1 1 1 1 0 0 1 0 1 0 1 1 1 1 0 1]
125 25 51 0.2316806589577064 [1 0 0 0 0 0 0 0 0 0 0 1 0 0 0 1 0 0 0 0 0 1 0 1 1 1 1 1 1 0 0 0 0 0 0 1 0
 1 1 0 0 0 1 0 1 1 1 1 0 0 1 0 1 0 1 1 1 1 0 1]
126 25 52 0.2316806589577064 [1 0 0 0 0 0 0 0 0 0 0 1 0 0 0 1 0 0 0 0 0 1 0 1 1 1 1 1 1 0 0 0 0 0 0 1 0
 1 1 0 0 0 1 0 1 1 1 1 0 0 1 0 1 0 1 1 1 1 0 1]
127 25 51 0.2316806589577064 [1 0 0 0 0 0 0 0 0 0 0 1 0 0 0 1 0 0 0 0 0 1 0 1 1 1 1 1 1 0 0 0 0 0 0 1 0
 1 1 0 0 0 1 0 1 1 1 1 0 0 1 0 1 0 1 1 1 1 0 1]
128 25 57 0.2316806589577064 [1 0 0 0 0 0 0 0 0 0 0 1 0 0 0 1 0 0 0 0 0 1 0 1 1 1 1 1 1 0 0 0 0 0 0 1 0
 1 1 0 0 0 1 0 1 1 1 1 0 0 1 0 1 0 1 1 1 1 0 1]
129 25 51 0.2316806589577064 [1 0 0 0 0 0 0 0 0 0 0 1 0 0 0 1 0 0 0 0 0 1 0 1 1 1 1 1 1 0 0 0 0 0 0 1 0
 1 1 0 0 0 1 0 1 1 1 1 0 0 1 0 1 0 1 1 1 1 0 1]
130 25 54 0.2316806589577064 [1 0 0 0 0 0 0 0 0 0 0 1 0 0 0 1 0 0 0 0 0 1 0 1 1 1 1 1 1 0 0 0 0 0 0 1 0
 1 1 0 0 0 1 0 1 1 1 1 0 0 1 0 1 0 1 1 1 1 0 1]
131 25 52 0.2316806589577064 [1 0 0 0 0 0 0 0 0 0 0 1 0 0 0 1 0 0 0 0 0 1 0 1 1 1 1 1 1 0 0 0 0 0 0 1 0
 1 1 0 0 0 1 0 1 1 1 1 0 0 1 0 1 0 1 1 1 1 0 1]
132 25 56 0.2316806589577064 [1 0 0 0 0 0 0 0 0 0 0 1 0 0 0 1 0 0 0 0 0 1 0 1 1 1 1 1 1 0 0 0 0 0 0 1 0
 1 1 0 0 0 1 0 1 1 1 1 0 0 1 0 1 0 1 1 1 1 0 1]
133 25 54 0.2316806589577064 [1 0 0 0 0 0 0 0 0 0 0 1 0 0 0 1 0 0 0 0 0 1 0 1 1 1 1 1 1 0 0 0 0 0 0 1 0
 1 1 0 0 0 1 0 1 1 1 1 0 0 1 0 1 0 1 1 1 1 0 1]
134 25 53 0.2316806589577064 [1 0 0 0 0 0 0 0 0 0 0 1 0 0 0 1 0 0 0 0 0 1 0 1 1 1 1 1 1 0 0 0 0 0 0 1 0
 1 1 0 0 0 1 0 1 1 1 1 0 0 1 0 1 0 1 1 1 1 0 1]
135 25 53 0.2316806589577064 [1 0 0 0 0 0 0 0 0 0 0 1 0 0 0 1 0 0 0 0 0 1 0 1 1 1 1 1 1 0 0 0 0 0 0 1 0
 1 1 0 0 0 1 0 1 1 1 1 0 0 1 0 1 0 1 1 1 1 0 1]
136 25 54 0.2316806589577064 [1 0 0 0 0 0 0 0 0 0 0 1 0 0 0 1 0 0 0 0 0 1 0 1 1 1 1 1 1 0 0 0 0 0 0 1 0
 1 1 0 0 0 1 0 1 1 1 1 0 0 1 0 1 0 1 1 1 1 0 1]
137 25 52 0.2316806589577064 [1 0 0 0 0 0 0 0 0 0 0 1 0 0 0 1 0 0 0 0 0 1 0 1 1 1 1 1 1 0 0 0 0 0 0 1 0
 1 1 0 0 0 1 0 1 1 1 1 0 0 1 0 1 0 1 1 1 1 0 1]
138 25 51 0.2316806589577064 [1 0 0 0 0 0 0 0 0 0 0 1 0 0 0 1 0 0 0 0 0 1 0 1 1 1 1 1 1 0 0 0 0 0 0 1 0
 1 1 0 0 0 1 0 1 1 1 1 0 0 1 0 1 0 1 1 1 1 0 1]
139 25 48 0.2316806589577064 [1 0 0 0 0 0 0 0 0 0 0 1 0 0 0 1 0 0 0 0 0 1 0 1 1 1 1 1 1 0 0 0 0 0 0 1 0
 1 1 0 0 0 1 0 1 1 1 1 0 0 1 0 1 0 1 1 1 1 0 1]
140 25 54 0.2316806589577064 [1 0 0 0 0 0 0 0 0 0 0 1 0 0 0 1 0 0 0 0 0 1 0 1 1 1 1 1 1 0 0 0 0 0 0 1 0
 1 1 0 0 0 1 0 1 1 1 1 0 0 1 0 1 0 1 1 1 1 0 1]
141 25 54 0.2316806589577064 [1 0 0 0 0 0 0 0 0 0 0 1 0 0 0 1 0 0 0 0 0 1 0 1 1 1 1 1 1 0 0 0 0 0 0 1 0
 1 1 0 0 0 1 0 1 1 1 1 0 0 1 0 1 0 1 1 1 1 0 1]
142 25 56 0.2316806589577064 [1 0 0 0 0 0 0 0 0 0 0 1 0 0 0 1 0 0 0 0 0 1 0 1 1 1 1 1 1 0 0 0 0 0 0 1 0
 1 1 0 0 0 1 0 1 1 1 1 0 0 1 0 1 0 1 1 1 1 0 1]
143 25 51 0.2316806589577064 [1 0 0 0 0 0 0 0 0 0 0 1 0 0 0 1 0 0 0 0 0 1 0 1 1 1 1 1 1 0 0 0 0 0 0 1 0
 1 1 0 0 0 1 0 1 1 1 1 0 0 1 0 1 0 1 1 1 1 0 1]
144 25 54 0.2316806589577064 [1 0 0 0 0 0 0 0 0 0 0 1 0 0 0 1 0 0 0 0 0 1 0 1 1 1 1 1 1 0 0 0 0 0 0 1 0
 1 1 0 0 0 1 0 1 1 1 1 0 0 1 0 1 0 1 1 1 1 0 1]
145 25 56 0.2316806589577064 [1 0 0 0 0 0 0 0 0 0 0 1 0 0 0 1 0 0 0 0 0 1 0 1 1 1 1 1 1 0 0 0 0 0 0 1 0
 1 1 0 0 0 1 0 1 1 1 1 0 0 1 0 1 0 1 1 1 1 0 1]
146 25 52 0.2316806589577064 [1 0 0 0 0 0 0 0 0 0 0 1 0 0 0 1 0 0 0 0 0 1 0 1 1 1 1 1 1 0 0 0 0 0 0 1 0
 1 1 0 0 0 1 0 1 1 1 1 0 0 1 0 1 0 1 1 1 1 0 1]
147 25 51 0.2316806589577064 [1 0 0 0 0 0 0 0 0 0 0 1 0 0 0 1 0 0 0 0 0 1 0 1 1 1 1 1 1 0 0 0 0 0 0 1 0
 1 1 0 0 0 1 0 1 1 1 1 0 0 1 0 1 0 1 1 1 1 0 1]
148 25 50 0.2316806589577064 [1 0 0 0 0 0 0 0 0 0 0 1 0 0 0 1 0 0 0 0 0 1 0 1 1 1 1 1 1 0 0 0 0 0 0 1 0
 1 1 0 0 0 1 0 1 1 1 1 0 0 1 0 1 0 1 1 1 1 0 1]
149 25 52 0.2316806589577064 [1 0 0 0 0 0 0 0 0 0 0 1 0 0 0 1 0 0 0 0 0 1 0 1 1 1 1 1 1 0 0 0 0 0 0 1 0
 1 1 0 0 0 1 0 1 1 1 1 0 0 1 0 1 0 1 1 1 1 0 1]
150 25 50 0.2316806589577064 [1 0 0 0 0 0 0 0 0 0 0 1 0 0 0 1 0 0 0 0 0 1 0 1 1 1 1 1 1 0 0 0 0 0 0 1 0
 1 1 0 0 0 1 0 1 1 1 1 0 0 1 0 1 0 1 1 1 1 0 1]
