0 30 100 0.2735833193206658 [0 1 0 1 1 1 0 0 1 0 1 0 1 0 1 1 0 1 0 0 0 0 0 0 1 0 1 1 1 0 1 0 0 1 0 1 1
 1 1 0 0 0 1 1 1 1 0 0 0 0 0 1 1 1 1 0 0 0 1 1]
1 30 87 0.2735833193206658 [0 1 0 1 1 1 0 0 1 0 1 0 1 0 1 1 0 1 0 0 0 0 0 0 1 0 1 1 1 0 1 0 0 1 0 1 1
 1 1 0 0 0 1 1 1 1 0 0 0 0 0 1 1 1 1 0 0 0 1 1]
2 30 59 0.26657789613848193 [1 0 0 1 1 1 1 0 0 0 0 0 1 0 0 0 1 0 0 0 1 0 0 0 1 0 1 1 1 1 0 0 0 1 1 0 1
 1 0 1 1 0 1 1 1 1 0 1 0 0 0 1 0 0 1 1 1 1 0 1]
3 30 56 0.26657789613848193 [1 0 0 1 1 1 1 0 0 0 0 0 1 0 0 0 1 0 0 0 1 0 0 0 1 0 1 1 1 1 0 0 0 1 1 0 1
 1 0 1 1 0 1 1 1 1 0 1 0 0 0 1 0 0 1 1 1 1 0 1]
4 37 52 0.26585325087748624 [1 0 1 0 0 0 0 0 0 0 1 1 1 0 0 0 0 0 1 1 0 0 0 1 1 1 1 1 1 1 1 0 1 0 1 1 1
 1 1 1 1 1 1 1 1 1 0 1 1 0 1 0 1 1 0 1 1 1 0 1]
5 37 53 0.26585325087748624 [1 0 1 0 0 0 0 0 0 0 1 1 1 0 0 0 0 0 1 1 0 0 0 1 1 1 1 1 1 1 1 0 1 0 1 1 1
 1 1 1 1 1 1 1 1 1 0 1 1 0 1 0 1 1 0 1 1 1 0 1]
6 37 52 0.26585325087748624 [1 0 1 0 0 0 0 0 0 0 1 1 1 0 0 0 0 0 1 1 0 0 0 1 1 1 1 1 1 1 1 0 1 0 1 1 1
 1 1 1 1 1 1 1 1 1 0 1 1 0 1 0 1 1 0 1 1 1 0 1]
7 29 52 0.24877539024230932 [0 0 0 1 0 1 0 0 1 0 1 1 0 0 0 0 1 0 0 1 0 0 1 1 0 0 1 1 0 1 0 0 1 0 0 1 1
 0 0 0 0 1 1 0 1 1 0 1 1 0 1 0 0 1 1 1 1 1 1 1]
8 29 50 0.24877539024230932 [0 0 0 1 0 1 0 0 1 0 1 1 0 0 0 0 1 0 0 1 0 0 1 1 0 0 1 1 0 1 0 0 1 0 0 1 1
 0 0 0 0 1 1 0 1 1 0 1 1 0 1 0 0 1 1 1 1 1 1 1]
9 28 51 0.2446318520921179 [1 1 0 0 0 1 1 0 0 1 1 1 0 0 0 0 1 0 1 0 0 0 1 0 0 1 1 1 1 1 1 1 1 1 0 0 0
 1 0 0 0 0 0 1 1 1 0 0 1 0 0 0 0 1 1 1 0 1 0 0]
10 28 53 0.2446318520921179 [1 1 0 0 0 1 1 0 0 1 1 1 0 0 0 0 1 0 1 0 0 0 1 0 0 1 1 1 1 1 1 1 1 1 0 0 0
 1 0 0 0 0 0 1 1 1 0 0 1 0 0 0 0 1 1 1 0 1 0 0]
11 28 54 0.2446318520921179 [1 1 0 0 0 1 1 0 0 1 1 1 0 0 0 0 1 0 1 0 0 0 1 0 0 1 1 1 1 1 1 1 1 1 0 0 0
 1 0 0 0 0 0 1 1 1 0 0 1 0 0 0 0 1 1 1 0 1 0 0]
12 28 54 0.2446318520921179 [1 1 0 0 0 1 1 0 0 1 1 1 0 0 0 0 1 0 1 0 0 0 1 0 0 1 1 1 1 1 1 1 1 1 0 0 0
 1 0 0 0 0 0 1 1 1 0 0 1 0 0 0 0 1 1 1 0 1 0 0]
13 28 53 0.2446318520921179 [1 1 0 0 0 1 1 0 0 1 1 1 0 0 0 0 1 0 1 0 0 0 1 0 0 1 1 1 1 1 1 1 1 1 0 0 0
 1 0 0 0 0 0 1 1 1 0 0 1 0 0 0 0 1 1 1 0 1 0 0]
14 28 51 0.2446318520921179 [1 1 0 0 0 1 1 0 0 1 1 1 0 0 0 0 1 0 1 0 0 0 1 0 0 1 1 1 1 1 1 1 1 1 0 0 0
 1 0 0 0 0 0 1 1 1 0 0 1 0 0 0 0 1 1 1 0 1 0 0]
15 28 55 0.2446318520921179 [1 1 0 0 0 1 1 0 0 1 1 1 0 0 0 0 1 0 1 0 0 0 1 0 0 1 1 1 1 1 1 1 1 1 0 0 0
 1 0 0 0 0 0 1 1 1 0 0 1 0 0 0 0 1 1 1 0 1 0 0]
16 28 55 0.2446318520921179 [1 1 0 0 0 1 1 0 0 1 1 1 0 0 0 0 1 0 1 0 0 0 1 0 0 1 1 1 1 1 1 1 1 1 0 0 0
 1 0 0 0 0 0 1 1 1 0 0 1 0 0 0 0 1 1 1 0 1 0 0]
17 28 55 0.2446318520921179 [1 1 0 0 0 1 1 0 0 1 1 1 0 0 0 0 1 0 1 0 0 0 1 0 0 1 1 1 1 1 1 1 1 1 0 0 0
 1 0 0 0 0 0 1 1 1 0 0 1 0 0 0 0 1 1 1 0 1 0 0]
18 35 54 0.23463114754098346 [0 0 1 1 0 1 0 0 0 1 1 0 1 0 0 0 0 0 0 1 1 1 1 1 1 1 1 1 1 1 1 0 1 1 0 1 0
 0 1 0 0 0 0 1 1 1 0 1 1 0 1 1 1 1 1 0 1 1 0 1]
19 35 54 0.23463114754098346 [0 0 1 1 0 1 0 0 0 1 1 0 1 0 0 0 0 0 0 1 1 1 1 1 1 1 1 1 1 1 1 0 1 1 0 1 0
 0 1 0 0 0 0 1 1 1 0 1 1 0 1 1 1 1 1 0 1 1 0 1]
20 35 50 0.23463114754098346 [0 0 1 1 0 1 0 0 0 1 1 0 1 0 0 0 0 0 0 1 1 1 1 1 1 1 1 1 1 1 1 0 1 1 0 1 0
 0 1 0 0 0 0 1 1 1 0 1 1 0 1 1 1 1 1 0 1 1 0 1]
21 35 57 0.23463114754098346 [0 0 1 1 0 1 0 0 0 1 1 0 1 0 0 0 0 0 0 1 1 1 1 1 1 1 1 1 1 1 1 0 1 1 0 1 0
 0 1 0 0 0 0 1 1 1 0 1 1 0 1 1 1 1 1 0 1 1 0 1]
22 35 51 0.23463114754098346 [0 0 1 1 0 1 0 0 0 1 1 0 1 0 0 0 0 0 0 1 1 1 1 1 1 1 1 1 1 1 1 0 1 1 0 1 0
 0 1 0 0 0 0 1 1 1 0 1 1 0 1 1 1 1 1 0 1 1 0 1]
23 35 51 0.23463114754098346 [0 0 1 1 0 1 0 0 0 1 1 0 1 0 0 0 0 0 0 1 1 1 1 1 1 1 1 1 1 1 1 0 1 1 0 1 0
 0 1 0 0 0 0 1 1 1 0 1 1 0 1 1 1 1 1 0 1 1 0 1]
24 35 53 0.23463114754098346 [0 0 1 1 0 1 0 0 0 1 1 0 1 0 0 0 0 0 0 1 1 1 1 1 1 1 1 1 1 1 1 0 1 1 0 1 0
 0 1 0 0 0 0 1 1 1 0 1 1 0 1 1 1 1 1 0 1 1 0 1]
25 35 57 0.23463114754098346 [0 0 1 1 0 1 0 0 0 1 1 0 1 0 0 0 0 0 0 1 1 1 1 1 1 1 1 1 1 1 1 0 1 1 0 1 0
 0 1 0 0 0 0 1 1 1 0 1 1 0 1 1 1 1 1 0 1 1 0 1]
26 35 52 0.23463114754098346 [0 0 1 1 0 1 0 0 0 1 1 0 1 0 0 0 0 0 0 1 1 1 1 1 1 1 1 1 1 1 1 0 1 1 0 1 0
 0 1 0 0 0 0 1 1 1 0 1 1 0 1 1 1 1 1 0 1 1 0 1]
27 35 50 0.23463114754098346 [0 0 1 1 0 1 0 0 0 1 1 0 1 0 0 0 0 0 0 1 1 1 1 1 1 1 1 1 1 1 1 0 1 1 0 1 0
 0 1 0 0 0 0 1 1 1 0 1 1 0 1 1 1 1 1 0 1 1 0 1]
28 35 53 0.23463114754098346 [0 0 1 1 0 1 0 0 0 1 1 0 1 0 0 0 0 0 0 1 1 1 1 1 1 1 1 1 1 1 1 0 1 1 0 1 0
 0 1 0 0 0 0 1 1 1 0 1 1 0 1 1 1 1 1 0 1 1 0 1]
29 35 52 0.23463114754098346 [0 0 1 1 0 1 0 0 0 1 1 0 1 0 0 0 0 0 0 1 1 1 1 1 1 1 1 1 1 1 1 0 1 1 0 1 0
 0 1 0 0 0 0 1 1 1 0 1 1 0 1 1 1 1 1 0 1 1 0 1]
30 35 50 0.23463114754098346 [0 0 1 1 0 1 0 0 0 1 1 0 1 0 0 0 0 0 0 1 1 1 1 1 1 1 1 1 1 1 1 0 1 1 0 1 0
 0 1 0 0 0 0 1 1 1 0 1 1 0 1 1 1 1 1 0 1 1 0 1]
31 35 52 0.23463114754098346 [0 0 1 1 0 1 0 0 0 1 1 0 1 0 0 0 0 0 0 1 1 1 1 1 1 1 1 1 1 1 1 0 1 1 0 1 0
 0 1 0 0 0 0 1 1 1 0 1 1 0 1 1 1 1 1 0 1 1 0 1]
32 35 54 0.23463114754098346 [0 0 1 1 0 1 0 0 0 1 1 0 1 0 0 0 0 0 0 1 1 1 1 1 1 1 1 1 1 1 1 0 1 1 0 1 0
 0 1 0 0 0 0 1 1 1 0 1 1 0 1 1 1 1 1 0 1 1 0 1]
33 35 50 0.23463114754098346 [0 0 1 1 0 1 0 0 0 1 1 0 1 0 0 0 0 0 0 1 1 1 1 1 1 1 1 1 1 1 1 0 1 1 0 1 0
 0 1 0 0 0 0 1 1 1 0 1 1 0 1 1 1 1 1 0 1 1 0 1]
34 35 51 0.23463114754098346 [0 0 1 1 0 1 0 0 0 1 1 0 1 0 0 0 0 0 0 1 1 1 1 1 1 1 1 1 1 1 1 0 1 1 0 1 0
 0 1 0 0 0 0 1 1 1 0 1 1 0 1 1 1 1 1 0 1 1 0 1]
35 35 52 0.23463114754098346 [0 0 1 1 0 1 0 0 0 1 1 0 1 0 0 0 0 0 0 1 1 1 1 1 1 1 1 1 1 1 1 0 1 1 0 1 0
 0 1 0 0 0 0 1 1 1 0 1 1 0 1 1 1 1 1 0 1 1 0 1]
36 35 50 0.23463114754098346 [0 0 1 1 0 1 0 0 0 1 1 0 1 0 0 0 0 0 0 1 1 1 1 1 1 1 1 1 1 1 1 0 1 1 0 1 0
 0 1 0 0 0 0 1 1 1 0 1 1 0 1 1 1 1 1 0 1 1 0 1]
37 35 50 0.23463114754098346 [0 0 1 1 0 1 0 0 0 1 1 0 1 0 0 0 0 0 0 1 1 1 1 1 1 1 1 1 1 1 1 0 1 1 0 1 0
 0 1 0 0 0 0 1 1 1 0 1 1 0 1 1 1 1 1 0 1 1 0 1]
38 35 52 0.23463114754098346 [0 0 1 1 0 1 0 0 0 1 1 0 1 0 0 0 0 0 0 1 1 1 1 1 1 1 1 1 1 1 1 0 1 1 0 1 0
 0 1 0 0 0 0 1 1 1 0 1 1 0 1 1 1 1 1 0 1 1 0 1]
39 35 53 0.23463114754098346 [0 0 1 1 0 1 0 0 0 1 1 0 1 0 0 0 0 0 0 1 1 1 1 1 1 1 1 1 1 1 1 0 1 1 0 1 0
 0 1 0 0 0 0 1 1 1 0 1 1 0 1 1 1 1 1 0 1 1 0 1]
40 35 55 0.23463114754098346 [0 0 1 1 0 1 0 0 0 1 1 0 1 0 0 0 0 0 0 1 1 1 1 1 1 1 1 1 1 1 1 0 1 1 0 1 0
 0 1 0 0 0 0 1 1 1 0 1 1 0 1 1 1 1 1 0 1 1 0 1]
41 35 53 0.23463114754098346 [0 0 1 1 0 1 0 0 0 1 1 0 1 0 0 0 0 0 0 1 1 1 1 1 1 1 1 1 1 1 1 0 1 1 0 1 0
 0 1 0 0 0 0 1 1 1 0 1 1 0 1 1 1 1 1 0 1 1 0 1]
42 35 54 0.23463114754098346 [0 0 1 1 0 1 0 0 0 1 1 0 1 0 0 0 0 0 0 1 1 1 1 1 1 1 1 1 1 1 1 0 1 1 0 1 0
 0 1 0 0 0 0 1 1 1 0 1 1 0 1 1 1 1 1 0 1 1 0 1]
43 35 54 0.23463114754098346 [0 0 1 1 0 1 0 0 0 1 1 0 1 0 0 0 0 0 0 1 1 1 1 1 1 1 1 1 1 1 1 0 1 1 0 1 0
 0 1 0 0 0 0 1 1 1 0 1 1 0 1 1 1 1 1 0 1 1 0 1]
44 35 55 0.23463114754098346 [0 0 1 1 0 1 0 0 0 1 1 0 1 0 0 0 0 0 0 1 1 1 1 1 1 1 1 1 1 1 1 0 1 1 0 1 0
 0 1 0 0 0 0 1 1 1 0 1 1 0 1 1 1 1 1 0 1 1 0 1]
45 35 52 0.23463114754098346 [0 0 1 1 0 1 0 0 0 1 1 0 1 0 0 0 0 0 0 1 1 1 1 1 1 1 1 1 1 1 1 0 1 1 0 1 0
 0 1 0 0 0 0 1 1 1 0 1 1 0 1 1 1 1 1 0 1 1 0 1]
46 35 51 0.23463114754098346 [0 0 1 1 0 1 0 0 0 1 1 0 1 0 0 0 0 0 0 1 1 1 1 1 1 1 1 1 1 1 1 0 1 1 0 1 0
 0 1 0 0 0 0 1 1 1 0 1 1 0 1 1 1 1 1 0 1 1 0 1]
47 35 50 0.23463114754098346 [0 0 1 1 0 1 0 0 0 1 1 0 1 0 0 0 0 0 0 1 1 1 1 1 1 1 1 1 1 1 1 0 1 1 0 1 0
 0 1 0 0 0 0 1 1 1 0 1 1 0 1 1 1 1 1 0 1 1 0 1]
48 35 53 0.23463114754098346 [0 0 1 1 0 1 0 0 0 1 1 0 1 0 0 0 0 0 0 1 1 1 1 1 1 1 1 1 1 1 1 0 1 1 0 1 0
 0 1 0 0 0 0 1 1 1 0 1 1 0 1 1 1 1 1 0 1 1 0 1]
49 35 53 0.23463114754098346 [0 0 1 1 0 1 0 0 0 1 1 0 1 0 0 0 0 0 0 1 1 1 1 1 1 1 1 1 1 1 1 0 1 1 0 1 0
 0 1 0 0 0 0 1 1 1 0 1 1 0 1 1 1 1 1 0 1 1 0 1]
50 35 50 0.23463114754098346 [0 0 1 1 0 1 0 0 0 1 1 0 1 0 0 0 0 0 0 1 1 1 1 1 1 1 1 1 1 1 1 0 1 1 0 1 0
 0 1 0 0 0 0 1 1 1 0 1 1 0 1 1 1 1 1 0 1 1 0 1]
51 35 54 0.23463114754098346 [0 0 1 1 0 1 0 0 0 1 1 0 1 0 0 0 0 0 0 1 1 1 1 1 1 1 1 1 1 1 1 0 1 1 0 1 0
 0 1 0 0 0 0 1 1 1 0 1 1 0 1 1 1 1 1 0 1 1 0 1]
52 35 50 0.23463114754098346 [0 0 1 1 0 1 0 0 0 1 1 0 1 0 0 0 0 0 0 1 1 1 1 1 1 1 1 1 1 1 1 0 1 1 0 1 0
 0 1 0 0 0 0 1 1 1 0 1 1 0 1 1 1 1 1 0 1 1 0 1]
53 35 51 0.23463114754098346 [0 0 1 1 0 1 0 0 0 1 1 0 1 0 0 0 0 0 0 1 1 1 1 1 1 1 1 1 1 1 1 0 1 1 0 1 0
 0 1 0 0 0 0 1 1 1 0 1 1 0 1 1 1 1 1 0 1 1 0 1]
54 35 54 0.23463114754098346 [0 0 1 1 0 1 0 0 0 1 1 0 1 0 0 0 0 0 0 1 1 1 1 1 1 1 1 1 1 1 1 0 1 1 0 1 0
 0 1 0 0 0 0 1 1 1 0 1 1 0 1 1 1 1 1 0 1 1 0 1]
55 35 52 0.23463114754098346 [0 0 1 1 0 1 0 0 0 1 1 0 1 0 0 0 0 0 0 1 1 1 1 1 1 1 1 1 1 1 1 0 1 1 0 1 0
 0 1 0 0 0 0 1 1 1 0 1 1 0 1 1 1 1 1 0 1 1 0 1]
56 35 51 0.23463114754098346 [0 0 1 1 0 1 0 0 0 1 1 0 1 0 0 0 0 0 0 1 1 1 1 1 1 1 1 1 1 1 1 0 1 1 0 1 0
 0 1 0 0 0 0 1 1 1 0 1 1 0 1 1 1 1 1 0 1 1 0 1]
57 35 50 0.23463114754098346 [0 0 1 1 0 1 0 0 0 1 1 0 1 0 0 0 0 0 0 1 1 1 1 1 1 1 1 1 1 1 1 0 1 1 0 1 0
 0 1 0 0 0 0 1 1 1 0 1 1 0 1 1 1 1 1 0 1 1 0 1]
58 35 52 0.23463114754098346 [0 0 1 1 0 1 0 0 0 1 1 0 1 0 0 0 0 0 0 1 1 1 1 1 1 1 1 1 1 1 1 0 1 1 0 1 0
 0 1 0 0 0 0 1 1 1 0 1 1 0 1 1 1 1 1 0 1 1 0 1]
59 35 52 0.23463114754098346 [0 0 1 1 0 1 0 0 0 1 1 0 1 0 0 0 0 0 0 1 1 1 1 1 1 1 1 1 1 1 1 0 1 1 0 1 0
 0 1 0 0 0 0 1 1 1 0 1 1 0 1 1 1 1 1 0 1 1 0 1]
60 35 54 0.23463114754098346 [0 0 1 1 0 1 0 0 0 1 1 0 1 0 0 0 0 0 0 1 1 1 1 1 1 1 1 1 1 1 1 0 1 1 0 1 0
 0 1 0 0 0 0 1 1 1 0 1 1 0 1 1 1 1 1 0 1 1 0 1]
61 35 51 0.23463114754098346 [0 0 1 1 0 1 0 0 0 1 1 0 1 0 0 0 0 0 0 1 1 1 1 1 1 1 1 1 1 1 1 0 1 1 0 1 0
 0 1 0 0 0 0 1 1 1 0 1 1 0 1 1 1 1 1 0 1 1 0 1]
62 35 52 0.23463114754098346 [0 0 1 1 0 1 0 0 0 1 1 0 1 0 0 0 0 0 0 1 1 1 1 1 1 1 1 1 1 1 1 0 1 1 0 1 0
 0 1 0 0 0 0 1 1 1 0 1 1 0 1 1 1 1 1 0 1 1 0 1]
63 35 51 0.23463114754098346 [0 0 1 1 0 1 0 0 0 1 1 0 1 0 0 0 0 0 0 1 1 1 1 1 1 1 1 1 1 1 1 0 1 1 0 1 0
 0 1 0 0 0 0 1 1 1 0 1 1 0 1 1 1 1 1 0 1 1 0 1]
64 35 57 0.23463114754098346 [0 0 1 1 0 1 0 0 0 1 1 0 1 0 0 0 0 0 0 1 1 1 1 1 1 1 1 1 1 1 1 0 1 1 0 1 0
 0 1 0 0 0 0 1 1 1 0 1 1 0 1 1 1 1 1 0 1 1 0 1]
65 35 50 0.23463114754098346 [0 0 1 1 0 1 0 0 0 1 1 0 1 0 0 0 0 0 0 1 1 1 1 1 1 1 1 1 1 1 1 0 1 1 0 1 0
 0 1 0 0 0 0 1 1 1 0 1 1 0 1 1 1 1 1 0 1 1 0 1]
66 35 52 0.23463114754098346 [0 0 1 1 0 1 0 0 0 1 1 0 1 0 0 0 0 0 0 1 1 1 1 1 1 1 1 1 1 1 1 0 1 1 0 1 0
 0 1 0 0 0 0 1 1 1 0 1 1 0 1 1 1 1 1 0 1 1 0 1]
67 35 55 0.23463114754098346 [0 0 1 1 0 1 0 0 0 1 1 0 1 0 0 0 0 0 0 1 1 1 1 1 1 1 1 1 1 1 1 0 1 1 0 1 0
 0 1 0 0 0 0 1 1 1 0 1 1 0 1 1 1 1 1 0 1 1 0 1]
68 35 55 0.23463114754098346 [0 0 1 1 0 1 0 0 0 1 1 0 1 0 0 0 0 0 0 1 1 1 1 1 1 1 1 1 1 1 1 0 1 1 0 1 0
 0 1 0 0 0 0 1 1 1 0 1 1 0 1 1 1 1 1 0 1 1 0 1]
69 35 50 0.23463114754098346 [0 0 1 1 0 1 0 0 0 1 1 0 1 0 0 0 0 0 0 1 1 1 1 1 1 1 1 1 1 1 1 0 1 1 0 1 0
 0 1 0 0 0 0 1 1 1 0 1 1 0 1 1 1 1 1 0 1 1 0 1]
70 35 53 0.23463114754098346 [0 0 1 1 0 1 0 0 0 1 1 0 1 0 0 0 0 0 0 1 1 1 1 1 1 1 1 1 1 1 1 0 1 1 0 1 0
 0 1 0 0 0 0 1 1 1 0 1 1 0 1 1 1 1 1 0 1 1 0 1]
71 35 51 0.23463114754098346 [0 0 1 1 0 1 0 0 0 1 1 0 1 0 0 0 0 0 0 1 1 1 1 1 1 1 1 1 1 1 1 0 1 1 0 1 0
 0 1 0 0 0 0 1 1 1 0 1 1 0 1 1 1 1 1 0 1 1 0 1]
72 35 53 0.23463114754098346 [0 0 1 1 0 1 0 0 0 1 1 0 1 0 0 0 0 0 0 1 1 1 1 1 1 1 1 1 1 1 1 0 1 1 0 1 0
 0 1 0 0 0 0 1 1 1 0 1 1 0 1 1 1 1 1 0 1 1 0 1]
73 35 54 0.23463114754098346 [0 0 1 1 0 1 0 0 0 1 1 0 1 0 0 0 0 0 0 1 1 1 1 1 1 1 1 1 1 1 1 0 1 1 0 1 0
 0 1 0 0 0 0 1 1 1 0 1 1 0 1 1 1 1 1 0 1 1 0 1]
74 35 52 0.23463114754098346 [0 0 1 1 0 1 0 0 0 1 1 0 1 0 0 0 0 0 0 1 1 1 1 1 1 1 1 1 1 1 1 0 1 1 0 1 0
 0 1 0 0 0 0 1 1 1 0 1 1 0 1 1 1 1 1 0 1 1 0 1]
75 35 50 0.23463114754098346 [0 0 1 1 0 1 0 0 0 1 1 0 1 0 0 0 0 0 0 1 1 1 1 1 1 1 1 1 1 1 1 0 1 1 0 1 0
 0 1 0 0 0 0 1 1 1 0 1 1 0 1 1 1 1 1 0 1 1 0 1]
76 35 51 0.23463114754098346 [0 0 1 1 0 1 0 0 0 1 1 0 1 0 0 0 0 0 0 1 1 1 1 1 1 1 1 1 1 1 1 0 1 1 0 1 0
 0 1 0 0 0 0 1 1 1 0 1 1 0 1 1 1 1 1 0 1 1 0 1]
77 35 53 0.23463114754098346 [0 0 1 1 0 1 0 0 0 1 1 0 1 0 0 0 0 0 0 1 1 1 1 1 1 1 1 1 1 1 1 0 1 1 0 1 0
 0 1 0 0 0 0 1 1 1 0 1 1 0 1 1 1 1 1 0 1 1 0 1]
78 35 55 0.23463114754098346 [0 0 1 1 0 1 0 0 0 1 1 0 1 0 0 0 0 0 0 1 1 1 1 1 1 1 1 1 1 1 1 0 1 1 0 1 0
 0 1 0 0 0 0 1 1 1 0 1 1 0 1 1 1 1 1 0 1 1 0 1]
79 35 52 0.23463114754098346 [0 0 1 1 0 1 0 0 0 1 1 0 1 0 0 0 0 0 0 1 1 1 1 1 1 1 1 1 1 1 1 0 1 1 0 1 0
 0 1 0 0 0 0 1 1 1 0 1 1 0 1 1 1 1 1 0 1 1 0 1]
80 35 56 0.23463114754098346 [0 0 1 1 0 1 0 0 0 1 1 0 1 0 0 0 0 0 0 1 1 1 1 1 1 1 1 1 1 1 1 0 1 1 0 1 0
 0 1 0 0 0 0 1 1 1 0 1 1 0 1 1 1 1 1 0 1 1 0 1]
81 35 53 0.23463114754098346 [0 0 1 1 0 1 0 0 0 1 1 0 1 0 0 0 0 0 0 1 1 1 1 1 1 1 1 1 1 1 1 0 1 1 0 1 0
 0 1 0 0 0 0 1 1 1 0 1 1 0 1 1 1 1 1 0 1 1 0 1]
82 35 55 0.23463114754098346 [0 0 1 1 0 1 0 0 0 1 1 0 1 0 0 0 0 0 0 1 1 1 1 1 1 1 1 1 1 1 1 0 1 1 0 1 0
 0 1 0 0 0 0 1 1 1 0 1 1 0 1 1 1 1 1 0 1 1 0 1]
83 35 51 0.23463114754098346 [0 0 1 1 0 1 0 0 0 1 1 0 1 0 0 0 0 0 0 1 1 1 1 1 1 1 1 1 1 1 1 0 1 1 0 1 0
 0 1 0 0 0 0 1 1 1 0 1 1 0 1 1 1 1 1 0 1 1 0 1]
84 35 53 0.23463114754098346 [0 0 1 1 0 1 0 0 0 1 1 0 1 0 0 0 0 0 0 1 1 1 1 1 1 1 1 1 1 1 1 0 1 1 0 1 0
 0 1 0 0 0 0 1 1 1 0 1 1 0 1 1 1 1 1 0 1 1 0 1]
85 35 54 0.23463114754098346 [0 0 1 1 0 1 0 0 0 1 1 0 1 0 0 0 0 0 0 1 1 1 1 1 1 1 1 1 1 1 1 0 1 1 0 1 0
 0 1 0 0 0 0 1 1 1 0 1 1 0 1 1 1 1 1 0 1 1 0 1]
86 35 54 0.23463114754098346 [0 0 1 1 0 1 0 0 0 1 1 0 1 0 0 0 0 0 0 1 1 1 1 1 1 1 1 1 1 1 1 0 1 1 0 1 0
 0 1 0 0 0 0 1 1 1 0 1 1 0 1 1 1 1 1 0 1 1 0 1]
87 35 52 0.23463114754098346 [0 0 1 1 0 1 0 0 0 1 1 0 1 0 0 0 0 0 0 1 1 1 1 1 1 1 1 1 1 1 1 0 1 1 0 1 0
 0 1 0 0 0 0 1 1 1 0 1 1 0 1 1 1 1 1 0 1 1 0 1]
88 35 52 0.23463114754098346 [0 0 1 1 0 1 0 0 0 1 1 0 1 0 0 0 0 0 0 1 1 1 1 1 1 1 1 1 1 1 1 0 1 1 0 1 0
 0 1 0 0 0 0 1 1 1 0 1 1 0 1 1 1 1 1 0 1 1 0 1]
89 35 49 0.23463114754098346 [0 0 1 1 0 1 0 0 0 1 1 0 1 0 0 0 0 0 0 1 1 1 1 1 1 1 1 1 1 1 1 0 1 1 0 1 0
 0 1 0 0 0 0 1 1 1 0 1 1 0 1 1 1 1 1 0 1 1 0 1]
90 35 53 0.23463114754098346 [0 0 1 1 0 1 0 0 0 1 1 0 1 0 0 0 0 0 0 1 1 1 1 1 1 1 1 1 1 1 1 0 1 1 0 1 0
 0 1 0 0 0 0 1 1 1 0 1 1 0 1 1 1 1 1 0 1 1 0 1]
91 35 52 0.23463114754098346 [0 0 1 1 0 1 0 0 0 1 1 0 1 0 0 0 0 0 0 1 1 1 1 1 1 1 1 1 1 1 1 0 1 1 0 1 0
 0 1 0 0 0 0 1 1 1 0 1 1 0 1 1 1 1 1 0 1 1 0 1]
92 35 53 0.23463114754098346 [0 0 1 1 0 1 0 0 0 1 1 0 1 0 0 0 0 0 0 1 1 1 1 1 1 1 1 1 1 1 1 0 1 1 0 1 0
 0 1 0 0 0 0 1 1 1 0 1 1 0 1 1 1 1 1 0 1 1 0 1]
93 35 53 0.23463114754098346 [0 0 1 1 0 1 0 0 0 1 1 0 1 0 0 0 0 0 0 1 1 1 1 1 1 1 1 1 1 1 1 0 1 1 0 1 0
 0 1 0 0 0 0 1 1 1 0 1 1 0 1 1 1 1 1 0 1 1 0 1]
94 35 57 0.23463114754098346 [0 0 1 1 0 1 0 0 0 1 1 0 1 0 0 0 0 0 0 1 1 1 1 1 1 1 1 1 1 1 1 0 1 1 0 1 0
 0 1 0 0 0 0 1 1 1 0 1 1 0 1 1 1 1 1 0 1 1 0 1]
95 35 52 0.23463114754098346 [0 0 1 1 0 1 0 0 0 1 1 0 1 0 0 0 0 0 0 1 1 1 1 1 1 1 1 1 1 1 1 0 1 1 0 1 0
 0 1 0 0 0 0 1 1 1 0 1 1 0 1 1 1 1 1 0 1 1 0 1]
96 35 52 0.23463114754098346 [0 0 1 1 0 1 0 0 0 1 1 0 1 0 0 0 0 0 0 1 1 1 1 1 1 1 1 1 1 1 1 0 1 1 0 1 0
 0 1 0 0 0 0 1 1 1 0 1 1 0 1 1 1 1 1 0 1 1 0 1]
97 35 51 0.23463114754098346 [0 0 1 1 0 1 0 0 0 1 1 0 1 0 0 0 0 0 0 1 1 1 1 1 1 1 1 1 1 1 1 0 1 1 0 1 0
 0 1 0 0 0 0 1 1 1 0 1 1 0 1 1 1 1 1 0 1 1 0 1]
98 35 53 0.23463114754098346 [0 0 1 1 0 1 0 0 0 1 1 0 1 0 0 0 0 0 0 1 1 1 1 1 1 1 1 1 1 1 1 0 1 1 0 1 0
 0 1 0 0 0 0 1 1 1 0 1 1 0 1 1 1 1 1 0 1 1 0 1]
99 35 53 0.23463114754098346 [0 0 1 1 0 1 0 0 0 1 1 0 1 0 0 0 0 0 0 1 1 1 1 1 1 1 1 1 1 1 1 0 1 1 0 1 0
 0 1 0 0 0 0 1 1 1 0 1 1 0 1 1 1 1 1 0 1 1 0 1]
100 35 52 0.23463114754098346 [0 0 1 1 0 1 0 0 0 1 1 0 1 0 0 0 0 0 0 1 1 1 1 1 1 1 1 1 1 1 1 0 1 1 0 1 0
 0 1 0 0 0 0 1 1 1 0 1 1 0 1 1 1 1 1 0 1 1 0 1]
101 35 55 0.23463114754098346 [0 0 1 1 0 1 0 0 0 1 1 0 1 0 0 0 0 0 0 1 1 1 1 1 1 1 1 1 1 1 1 0 1 1 0 1 0
 0 1 0 0 0 0 1 1 1 0 1 1 0 1 1 1 1 1 0 1 1 0 1]
102 35 51 0.23463114754098346 [0 0 1 1 0 1 0 0 0 1 1 0 1 0 0 0 0 0 0 1 1 1 1 1 1 1 1 1 1 1 1 0 1 1 0 1 0
 0 1 0 0 0 0 1 1 1 0 1 1 0 1 1 1 1 1 0 1 1 0 1]
103 35 54 0.23463114754098346 [0 0 1 1 0 1 0 0 0 1 1 0 1 0 0 0 0 0 0 1 1 1 1 1 1 1 1 1 1 1 1 0 1 1 0 1 0
 0 1 0 0 0 0 1 1 1 0 1 1 0 1 1 1 1 1 0 1 1 0 1]
104 35 52 0.23463114754098346 [0 0 1 1 0 1 0 0 0 1 1 0 1 0 0 0 0 0 0 1 1 1 1 1 1 1 1 1 1 1 1 0 1 1 0 1 0
 0 1 0 0 0 0 1 1 1 0 1 1 0 1 1 1 1 1 0 1 1 0 1]
105 35 52 0.23463114754098346 [0 0 1 1 0 1 0 0 0 1 1 0 1 0 0 0 0 0 0 1 1 1 1 1 1 1 1 1 1 1 1 0 1 1 0 1 0
 0 1 0 0 0 0 1 1 1 0 1 1 0 1 1 1 1 1 0 1 1 0 1]
106 25 52 0.22730166815229857 [0 0 0 0 0 1 0 0 0 1 1 1 1 0 0 0 0 0 0 0 0 1 1 0 0 1 1 1 0 1 0 0 1 0 1 1 0
 0 1 1 0 1 0 0 1 0 0 1 1 1 0 0 1 1 1 0 0 1 0 0]
107 25 53 0.22730166815229857 [0 0 0 0 0 1 0 0 0 1 1 1 1 0 0 0 0 0 0 0 0 1 1 0 0 1 1 1 0 1 0 0 1 0 1 1 0
 0 1 1 0 1 0 0 1 0 0 1 1 1 0 0 1 1 1 0 0 1 0 0]
108 25 51 0.22730166815229857 [0 0 0 0 0 1 0 0 0 1 1 1 1 0 0 0 0 0 0 0 0 1 1 0 0 1 1 1 0 1 0 0 1 0 1 1 0
 0 1 1 0 1 0 0 1 0 0 1 1 1 0 0 1 1 1 0 0 1 0 0]
109 25 50 0.22730166815229857 [0 0 0 0 0 1 0 0 0 1 1 1 1 0 0 0 0 0 0 0 0 1 1 0 0 1 1 1 0 1 0 0 1 0 1 1 0
 0 1 1 0 1 0 0 1 0 0 1 1 1 0 0 1 1 1 0 0 1 0 0]
110 25 54 0.22730166815229857 [0 0 0 0 0 1 0 0 0 1 1 1 1 0 0 0 0 0 0 0 0 1 1 0 0 1 1 1 0 1 0 0 1 0 1 1 0
 0 1 1 0 1 0 0 1 0 0 1 1 1 0 0 1 1 1 0 0 1 0 0]
111 25 53 0.22730166815229857 [0 0 0 0 0 1 0 0 0 1 1 1 1 0 0 0 0 0 0 0 0 1 1 0 0 1 1 1 0 1 0 0 1 0 1 1 0
 0 1 1 0 1 0 0 1 0 0 1 1 1 0 0 1 1 1 0 0 1 0 0]
112 25 58 0.22730166815229857 [0 0 0 0 0 1 0 0 0 1 1 1 1 0 0 0 0 0 0 0 0 1 1 0 0 1 1 1 0 1 0 0 1 0 1 1 0
 0 1 1 0 1 0 0 1 0 0 1 1 1 0 0 1 1 1 0 0 1 0 0]
113 25 51 0.22730166815229857 [0 0 0 0 0 1 0 0 0 1 1 1 1 0 0 0 0 0 0 0 0 1 1 0 0 1 1 1 0 1 0 0 1 0 1 1 0
 0 1 1 0 1 0 0 1 0 0 1 1 1 0 0 1 1 1 0 0 1 0 0]
114 25 54 0.22730166815229857 [0 0 0 0 0 1 0 0 0 1 1 1 1 0 0 0 0 0 0 0 0 1 1 0 0 1 1 1 0 1 0 0 1 0 1 1 0
 0 1 1 0 1 0 0 1 0 0 1 1 1 0 0 1 1 1 0 0 1 0 0]
115 25 55 0.22730166815229857 [0 0 0 0 0 1 0 0 0 1 1 1 1 0 0 0 0 0 0 0 0 1 1 0 0 1 1 1 0 1 0 0 1 0 1 1 0
 0 1 1 0 1 0 0 1 0 0 1 1 1 0 0 1 1 1 0 0 1 0 0]
116 25 54 0.22730166815229857 [0 0 0 0 0 1 0 0 0 1 1 1 1 0 0 0 0 0 0 0 0 1 1 0 0 1 1 1 0 1 0 0 1 0 1 1 0
 0 1 1 0 1 0 0 1 0 0 1 1 1 0 0 1 1 1 0 0 1 0 0]
117 25 49 0.22730166815229857 [0 0 0 0 0 1 0 0 0 1 1 1 1 0 0 0 0 0 0 0 0 1 1 0 0 1 1 1 0 1 0 0 1 0 1 1 0
 0 1 1 0 1 0 0 1 0 0 1 1 1 0 0 1 1 1 0 0 1 0 0]
118 25 51 0.22730166815229857 [0 0 0 0 0 1 0 0 0 1 1 1 1 0 0 0 0 0 0 0 0 1 1 0 0 1 1 1 0 1 0 0 1 0 1 1 0
 0 1 1 0 1 0 0 1 0 0 1 1 1 0 0 1 1 1 0 0 1 0 0]
119 25 54 0.22730166815229857 [0 0 0 0 0 1 0 0 0 1 1 1 1 0 0 0 0 0 0 0 0 1 1 0 0 1 1 1 0 1 0 0 1 0 1 1 0
 0 1 1 0 1 0 0 1 0 0 1 1 1 0 0 1 1 1 0 0 1 0 0]
120 25 54 0.22730166815229857 [0 0 0 0 0 1 0 0 0 1 1 1 1 0 0 0 0 0 0 0 0 1 1 0 0 1 1 1 0 1 0 0 1 0 1 1 0
 0 1 1 0 1 0 0 1 0 0 1 1 1 0 0 1 1 1 0 0 1 0 0]
121 25 57 0.22730166815229857 [0 0 0 0 0 1 0 0 0 1 1 1 1 0 0 0 0 0 0 0 0 1 1 0 0 1 1 1 0 1 0 0 1 0 1 1 0
 0 1 1 0 1 0 0 1 0 0 1 1 1 0 0 1 1 1 0 0 1 0 0]
122 25 52 0.22730166815229857 [0 0 0 0 0 1 0 0 0 1 1 1 1 0 0 0 0 0 0 0 0 1 1 0 0 1 1 1 0 1 0 0 1 0 1 1 0
 0 1 1 0 1 0 0 1 0 0 1 1 1 0 0 1 1 1 0 0 1 0 0]
123 25 51 0.22730166815229857 [0 0 0 0 0 1 0 0 0 1 1 1 1 0 0 0 0 0 0 0 0 1 1 0 0 1 1 1 0 1 0 0 1 0 1 1 0
 0 1 1 0 1 0 0 1 0 0 1 1 1 0 0 1 1 1 0 0 1 0 0]
124 25 53 0.22730166815229857 [0 0 0 0 0 1 0 0 0 1 1 1 1 0 0 0 0 0 0 0 0 1 1 0 0 1 1 1 0 1 0 0 1 0 1 1 0
 0 1 1 0 1 0 0 1 0 0 1 1 1 0 0 1 1 1 0 0 1 0 0]
125 25 53 0.22730166815229857 [0 0 0 0 0 1 0 0 0 1 1 1 1 0 0 0 0 0 0 0 0 1 1 0 0 1 1 1 0 1 0 0 1 0 1 1 0
 0 1 1 0 1 0 0 1 0 0 1 1 1 0 0 1 1 1 0 0 1 0 0]
126 25 54 0.22730166815229857 [0 0 0 0 0 1 0 0 0 1 1 1 1 0 0 0 0 0 0 0 0 1 1 0 0 1 1 1 0 1 0 0 1 0 1 1 0
 0 1 1 0 1 0 0 1 0 0 1 1 1 0 0 1 1 1 0 0 1 0 0]
127 25 55 0.22730166815229857 [0 0 0 0 0 1 0 0 0 1 1 1 1 0 0 0 0 0 0 0 0 1 1 0 0 1 1 1 0 1 0 0 1 0 1 1 0
 0 1 1 0 1 0 0 1 0 0 1 1 1 0 0 1 1 1 0 0 1 0 0]
128 25 50 0.22730166815229857 [0 0 0 0 0 1 0 0 0 1 1 1 1 0 0 0 0 0 0 0 0 1 1 0 0 1 1 1 0 1 0 0 1 0 1 1 0
 0 1 1 0 1 0 0 1 0 0 1 1 1 0 0 1 1 1 0 0 1 0 0]
129 25 51 0.22730166815229857 [0 0 0 0 0 1 0 0 0 1 1 1 1 0 0 0 0 0 0 0 0 1 1 0 0 1 1 1 0 1 0 0 1 0 1 1 0
 0 1 1 0 1 0 0 1 0 0 1 1 1 0 0 1 1 1 0 0 1 0 0]
130 25 54 0.22730166815229857 [0 0 0 0 0 1 0 0 0 1 1 1 1 0 0 0 0 0 0 0 0 1 1 0 0 1 1 1 0 1 0 0 1 0 1 1 0
 0 1 1 0 1 0 0 1 0 0 1 1 1 0 0 1 1 1 0 0 1 0 0]
131 25 50 0.22730166815229857 [0 0 0 0 0 1 0 0 0 1 1 1 1 0 0 0 0 0 0 0 0 1 1 0 0 1 1 1 0 1 0 0 1 0 1 1 0
 0 1 1 0 1 0 0 1 0 0 1 1 1 0 0 1 1 1 0 0 1 0 0]
132 25 54 0.22730166815229857 [0 0 0 0 0 1 0 0 0 1 1 1 1 0 0 0 0 0 0 0 0 1 1 0 0 1 1 1 0 1 0 0 1 0 1 1 0
 0 1 1 0 1 0 0 1 0 0 1 1 1 0 0 1 1 1 0 0 1 0 0]
133 25 52 0.22730166815229857 [0 0 0 0 0 1 0 0 0 1 1 1 1 0 0 0 0 0 0 0 0 1 1 0 0 1 1 1 0 1 0 0 1 0 1 1 0
 0 1 1 0 1 0 0 1 0 0 1 1 1 0 0 1 1 1 0 0 1 0 0]
134 25 50 0.22730166815229857 [0 0 0 0 0 1 0 0 0 1 1 1 1 0 0 0 0 0 0 0 0 1 1 0 0 1 1 1 0 1 0 0 1 0 1 1 0
 0 1 1 0 1 0 0 1 0 0 1 1 1 0 0 1 1 1 0 0 1 0 0]
135 25 57 0.22730166815229857 [0 0 0 0 0 1 0 0 0 1 1 1 1 0 0 0 0 0 0 0 0 1 1 0 0 1 1 1 0 1 0 0 1 0 1 1 0
 0 1 1 0 1 0 0 1 0 0 1 1 1 0 0 1 1 1 0 0 1 0 0]
136 25 51 0.22730166815229857 [0 0 0 0 0 1 0 0 0 1 1 1 1 0 0 0 0 0 0 0 0 1 1 0 0 1 1 1 0 1 0 0 1 0 1 1 0
 0 1 1 0 1 0 0 1 0 0 1 1 1 0 0 1 1 1 0 0 1 0 0]
137 25 50 0.22730166815229857 [0 0 0 0 0 1 0 0 0 1 1 1 1 0 0 0 0 0 0 0 0 1 1 0 0 1 1 1 0 1 0 0 1 0 1 1 0
 0 1 1 0 1 0 0 1 0 0 1 1 1 0 0 1 1 1 0 0 1 0 0]
138 25 53 0.22730166815229857 [0 0 0 0 0 1 0 0 0 1 1 1 1 0 0 0 0 0 0 0 0 1 1 0 0 1 1 1 0 1 0 0 1 0 1 1 0
 0 1 1 0 1 0 0 1 0 0 1 1 1 0 0 1 1 1 0 0 1 0 0]
139 25 51 0.22730166815229857 [0 0 0 0 0 1 0 0 0 1 1 1 1 0 0 0 0 0 0 0 0 1 1 0 0 1 1 1 0 1 0 0 1 0 1 1 0
 0 1 1 0 1 0 0 1 0 0 1 1 1 0 0 1 1 1 0 0 1 0 0]
140 25 49 0.22730166815229857 [0 0 0 0 0 1 0 0 0 1 1 1 1 0 0 0 0 0 0 0 0 1 1 0 0 1 1 1 0 1 0 0 1 0 1 1 0
 0 1 1 0 1 0 0 1 0 0 1 1 1 0 0 1 1 1 0 0 1 0 0]
141 25 52 0.22730166815229857 [0 0 0 0 0 1 0 0 0 1 1 1 1 0 0 0 0 0 0 0 0 1 1 0 0 1 1 1 0 1 0 0 1 0 1 1 0
 0 1 1 0 1 0 0 1 0 0 1 1 1 0 0 1 1 1 0 0 1 0 0]
142 25 51 0.22730166815229857 [0 0 0 0 0 1 0 0 0 1 1 1 1 0 0 0 0 0 0 0 0 1 1 0 0 1 1 1 0 1 0 0 1 0 1 1 0
 0 1 1 0 1 0 0 1 0 0 1 1 1 0 0 1 1 1 0 0 1 0 0]
143 25 53 0.22730166815229857 [0 0 0 0 0 1 0 0 0 1 1 1 1 0 0 0 0 0 0 0 0 1 1 0 0 1 1 1 0 1 0 0 1 0 1 1 0
 0 1 1 0 1 0 0 1 0 0 1 1 1 0 0 1 1 1 0 0 1 0 0]
144 25 51 0.22730166815229857 [0 0 0 0 0 1 0 0 0 1 1 1 1 0 0 0 0 0 0 0 0 1 1 0 0 1 1 1 0 1 0 0 1 0 1 1 0
 0 1 1 0 1 0 0 1 0 0 1 1 1 0 0 1 1 1 0 0 1 0 0]
145 25 55 0.22730166815229857 [0 0 0 0 0 1 0 0 0 1 1 1 1 0 0 0 0 0 0 0 0 1 1 0 0 1 1 1 0 1 0 0 1 0 1 1 0
 0 1 1 0 1 0 0 1 0 0 1 1 1 0 0 1 1 1 0 0 1 0 0]
146 25 53 0.22730166815229857 [0 0 0 0 0 1 0 0 0 1 1 1 1 0 0 0 0 0 0 0 0 1 1 0 0 1 1 1 0 1 0 0 1 0 1 1 0
 0 1 1 0 1 0 0 1 0 0 1 1 1 0 0 1 1 1 0 0 1 0 0]
147 25 53 0.22730166815229857 [0 0 0 0 0 1 0 0 0 1 1 1 1 0 0 0 0 0 0 0 0 1 1 0 0 1 1 1 0 1 0 0 1 0 1 1 0
 0 1 1 0 1 0 0 1 0 0 1 1 1 0 0 1 1 1 0 0 1 0 0]
148 25 51 0.22730166815229857 [0 0 0 0 0 1 0 0 0 1 1 1 1 0 0 0 0 0 0 0 0 1 1 0 0 1 1 1 0 1 0 0 1 0 1 1 0
 0 1 1 0 1 0 0 1 0 0 1 1 1 0 0 1 1 1 0 0 1 0 0]
149 25 50 0.22730166815229857 [0 0 0 0 0 1 0 0 0 1 1 1 1 0 0 0 0 0 0 0 0 1 1 0 0 1 1 1 0 1 0 0 1 0 1 1 0
 0 1 1 0 1 0 0 1 0 0 1 1 1 0 0 1 1 1 0 0 1 0 0]
150 25 55 0.22730166815229857 [0 0 0 0 0 1 0 0 0 1 1 1 1 0 0 0 0 0 0 0 0 1 1 0 0 1 1 1 0 1 0 0 1 0 1 1 0
 0 1 1 0 1 0 0 1 0 0 1 1 1 0 0 1 1 1 0 0 1 0 0]
