0 28 100 0.2687638339258167 [1 0 1 1 0 1 0 0 1 1 1 1 0 1 1 0 0 0 1 0 0 1 0 0 1 0 1 1 0 0 0 0 0 0 1 0 0
 0 1 0 0 1 0 0 1 0 1 0 1 1 0 0 0 1 1 1 0 1 1 1]
1 28 88 0.2687638339258167 [1 0 1 1 0 1 0 0 1 1 1 1 0 1 1 0 0 0 1 0 0 1 0 0 1 0 1 1 0 0 0 0 0 0 1 0 0
 0 1 0 0 1 0 0 1 0 1 0 1 1 0 0 0 1 1 1 0 1 1 1]
2 28 57 0.2687638339258167 [1 0 1 1 0 1 0 0 1 1 1 1 0 1 1 0 0 0 1 0 0 1 0 0 1 0 1 1 0 0 0 0 0 0 1 0 0
 0 1 0 0 1 0 0 1 0 1 0 1 1 0 0 0 1 1 1 0 1 1 1]
3 28 56 0.2687638339258167 [1 0 1 1 0 1 0 0 1 1 1 1 0 1 1 0 0 0 1 0 0 1 0 0 1 0 1 1 0 0 0 0 0 0 1 0 0
 0 1 0 0 1 0 0 1 0 1 0 1 1 0 0 0 1 1 1 0 1 1 1]
4 25 53 0.25876902713434813 [0 1 0 1 1 0 0 0 1 0 0 1 0 0 0 1 0 0 0 1 0 1 1 0 1 1 0 0 0 0 1 0 0 0 1 1 0
 1 0 0 0 1 0 0 1 1 1 0 1 0 0 0 0 1 1 1 1 0 0 1]
5 25 51 0.25876902713434813 [0 1 0 1 1 0 0 0 1 0 0 1 0 0 0 1 0 0 0 1 0 1 1 0 1 1 0 0 0 0 1 0 0 0 1 1 0
 1 0 0 0 1 0 0 1 1 1 0 1 0 0 0 0 1 1 1 1 0 0 1]
6 25 51 0.2572336621863206 [0 0 0 1 1 1 0 1 1 1 0 1 0 0 0 0 0 0 0 1 1 1 1 0 0 1 1 0 1 0 0 0 1 0 1 1 0
 0 0 0 0 0 0 0 1 0 1 0 1 0 0 0 0 1 1 1 1 0 0 1]
7 25 50 0.2572336621863206 [0 0 0 1 1 1 0 1 1 1 0 1 0 0 0 0 0 0 0 1 1 1 1 0 0 1 1 0 1 0 0 0 1 0 1 1 0
 0 0 0 0 0 0 0 1 0 1 0 1 0 0 0 0 1 1 1 1 0 0 1]
8 30 53 0.25169533169533165 [1 1 0 1 1 0 0 0 0 1 1 1 0 1 0 0 1 0 0 0 0 0 0 1 0 0 0 1 1 0 1 1 1 1 1 1 1
 0 0 0 0 0 1 1 1 0 0 0 1 0 0 0 0 1 1 1 1 1 1 1]
9 30 54 0.25169533169533165 [1 1 0 1 1 0 0 0 0 1 1 1 0 1 0 0 1 0 0 0 0 0 0 1 0 0 0 1 1 0 1 1 1 1 1 1 1
 0 0 0 0 0 1 1 1 0 0 0 1 0 0 0 0 1 1 1 1 1 1 1]
10 26 53 0.2475840301955552 [0 1 0 1 1 1 0 0 0 1 0 0 1 0 0 0 0 0 1 0 0 0 0 1 0 1 0 1 1 0 1 1 0 0 1 0 1
 0 0 0 0 0 0 1 1 0 0 1 1 1 1 0 0 1 1 0 1 0 1 1]
11 26 49 0.2475840301955552 [0 1 0 1 1 1 0 0 0 1 0 0 1 0 0 0 0 0 1 0 0 0 0 1 0 1 0 1 1 0 1 1 0 0 1 0 1
 0 0 0 0 0 0 1 1 0 0 1 1 1 1 0 0 1 1 0 1 0 1 1]
12 26 53 0.2475840301955552 [0 1 0 1 1 1 0 0 0 1 0 0 1 0 0 0 0 0 1 0 0 0 0 1 0 1 0 1 1 0 1 1 0 0 1 0 1
 0 0 0 0 0 0 1 1 0 0 1 1 1 1 0 0 1 1 0 1 0 1 1]
13 26 51 0.2475840301955552 [0 1 0 1 1 1 0 0 0 1 0 0 1 0 0 0 0 0 1 0 0 0 0 1 0 1 0 1 1 0 1 1 0 0 1 0 1
 0 0 0 0 0 0 1 1 0 0 1 1 1 1 0 0 1 1 0 1 0 1 1]
14 26 54 0.2475840301955552 [0 1 0 1 1 1 0 0 0 1 0 0 1 0 0 0 0 0 1 0 0 0 0 1 0 1 0 1 1 0 1 1 0 0 1 0 1
 0 0 0 0 0 0 1 1 0 0 1 1 1 1 0 0 1 1 0 1 0 1 1]
15 26 54 0.2475840301955552 [0 1 0 1 1 1 0 0 0 1 0 0 1 0 0 0 0 0 1 0 0 0 0 1 0 1 0 1 1 0 1 1 0 0 1 0 1
 0 0 0 0 0 0 1 1 0 0 1 1 1 1 0 0 1 1 0 1 0 1 1]
16 26 55 0.2475840301955552 [0 1 0 1 1 1 0 0 0 1 0 0 1 0 0 0 0 0 1 0 0 0 0 1 0 1 0 1 1 0 1 1 0 0 1 0 1
 0 0 0 0 0 0 1 1 0 0 1 1 1 1 0 0 1 1 0 1 0 1 1]
17 26 54 0.2475840301955552 [0 1 0 1 1 1 0 0 0 1 0 0 1 0 0 0 0 0 1 0 0 0 0 1 0 1 0 1 1 0 1 1 0 0 1 0 1
 0 0 0 0 0 0 1 1 0 0 1 1 1 1 0 0 1 1 0 1 0 1 1]
18 26 54 0.2475840301955552 [0 1 0 1 1 1 0 0 0 1 0 0 1 0 0 0 0 0 1 0 0 0 0 1 0 1 0 1 1 0 1 1 0 0 1 0 1
 0 0 0 0 0 0 1 1 0 0 1 1 1 1 0 0 1 1 0 1 0 1 1]
19 26 60 0.2475840301955552 [0 1 0 1 1 1 0 0 0 1 0 0 1 0 0 0 0 0 1 0 0 0 0 1 0 1 0 1 1 0 1 1 0 0 1 0 1
 0 0 0 0 0 0 1 1 0 0 1 1 1 1 0 0 1 1 0 1 0 1 1]
20 26 54 0.2475840301955552 [0 1 0 1 1 1 0 0 0 1 0 0 1 0 0 0 0 0 1 0 0 0 0 1 0 1 0 1 1 0 1 1 0 0 1 0 1
 0 0 0 0 0 0 1 1 0 0 1 1 1 1 0 0 1 1 0 1 0 1 1]
21 26 53 0.2475840301955552 [0 1 0 1 1 1 0 0 0 1 0 0 1 0 0 0 0 0 1 0 0 0 0 1 0 1 0 1 1 0 1 1 0 0 1 0 1
 0 0 0 0 0 0 1 1 0 0 1 1 1 1 0 0 1 1 0 1 0 1 1]
22 26 52 0.2475840301955552 [0 1 0 1 1 1 0 0 0 1 0 0 1 0 0 0 0 0 1 0 0 0 0 1 0 1 0 1 1 0 1 1 0 0 1 0 1
 0 0 0 0 0 0 1 1 0 0 1 1 1 1 0 0 1 1 0 1 0 1 1]
23 26 53 0.2475840301955552 [0 1 0 1 1 1 0 0 0 1 0 0 1 0 0 0 0 0 1 0 0 0 0 1 0 1 0 1 1 0 1 1 0 0 1 0 1
 0 0 0 0 0 0 1 1 0 0 1 1 1 1 0 0 1 1 0 1 0 1 1]
24 26 47 0.2475840301955552 [0 1 0 1 1 1 0 0 0 1 0 0 1 0 0 0 0 0 1 0 0 0 0 1 0 1 0 1 1 0 1 1 0 0 1 0 1
 0 0 0 0 0 0 1 1 0 0 1 1 1 1 0 0 1 1 0 1 0 1 1]
25 26 52 0.2475840301955552 [0 1 0 1 1 1 0 0 0 1 0 0 1 0 0 0 0 0 1 0 0 0 0 1 0 1 0 1 1 0 1 1 0 0 1 0 1
 0 0 0 0 0 0 1 1 0 0 1 1 1 1 0 0 1 1 0 1 0 1 1]
26 28 57 0.222501255650427 [0 1 0 0 0 1 0 0 0 0 1 0 0 0 0 0 1 0 0 0 1 0 0 1 1 1 1 1 1 1 1 0 0 0 0 1 1
 0 1 0 0 1 1 1 1 1 1 0 0 1 1 0 0 1 1 0 1 0 1 0]
27 28 52 0.222501255650427 [0 1 0 0 0 1 0 0 0 0 1 0 0 0 0 0 1 0 0 0 1 0 0 1 1 1 1 1 1 1 1 0 0 0 0 1 1
 0 1 0 0 1 1 1 1 1 1 0 0 1 1 0 0 1 1 0 1 0 1 0]
28 28 53 0.222501255650427 [0 1 0 0 0 1 0 0 0 0 1 0 0 0 0 0 1 0 0 0 1 0 0 1 1 1 1 1 1 1 1 0 0 0 0 1 1
 0 1 0 0 1 1 1 1 1 1 0 0 1 1 0 0 1 1 0 1 0 1 0]
29 28 57 0.222501255650427 [0 1 0 0 0 1 0 0 0 0 1 0 0 0 0 0 1 0 0 0 1 0 0 1 1 1 1 1 1 1 1 0 0 0 0 1 1
 0 1 0 0 1 1 1 1 1 1 0 0 1 1 0 0 1 1 0 1 0 1 0]
30 28 51 0.222501255650427 [0 1 0 0 0 1 0 0 0 0 1 0 0 0 0 0 1 0 0 0 1 0 0 1 1 1 1 1 1 1 1 0 0 0 0 1 1
 0 1 0 0 1 1 1 1 1 1 0 0 1 1 0 0 1 1 0 1 0 1 0]
31 28 51 0.222501255650427 [0 1 0 0 0 1 0 0 0 0 1 0 0 0 0 0 1 0 0 0 1 0 0 1 1 1 1 1 1 1 1 0 0 0 0 1 1
 0 1 0 0 1 1 1 1 1 1 0 0 1 1 0 0 1 1 0 1 0 1 0]
32 28 51 0.222501255650427 [0 1 0 0 0 1 0 0 0 0 1 0 0 0 0 0 1 0 0 0 1 0 0 1 1 1 1 1 1 1 1 0 0 0 0 1 1
 0 1 0 0 1 1 1 1 1 1 0 0 1 1 0 0 1 1 0 1 0 1 0]
33 28 54 0.222501255650427 [0 1 0 0 0 1 0 0 0 0 1 0 0 0 0 0 1 0 0 0 1 0 0 1 1 1 1 1 1 1 1 0 0 0 0 1 1
 0 1 0 0 1 1 1 1 1 1 0 0 1 1 0 0 1 1 0 1 0 1 0]
34 28 50 0.222501255650427 [0 1 0 0 0 1 0 0 0 0 1 0 0 0 0 0 1 0 0 0 1 0 0 1 1 1 1 1 1 1 1 0 0 0 0 1 1
 0 1 0 0 1 1 1 1 1 1 0 0 1 1 0 0 1 1 0 1 0 1 0]
35 28 52 0.222501255650427 [0 1 0 0 0 1 0 0 0 0 1 0 0 0 0 0 1 0 0 0 1 0 0 1 1 1 1 1 1 1 1 0 0 0 0 1 1
 0 1 0 0 1 1 1 1 1 1 0 0 1 1 0 0 1 1 0 1 0 1 0]
36 28 51 0.222501255650427 [0 1 0 0 0 1 0 0 0 0 1 0 0 0 0 0 1 0 0 0 1 0 0 1 1 1 1 1 1 1 1 0 0 0 0 1 1
 0 1 0 0 1 1 1 1 1 1 0 0 1 1 0 0 1 1 0 1 0 1 0]
37 28 51 0.222501255650427 [0 1 0 0 0 1 0 0 0 0 1 0 0 0 0 0 1 0 0 0 1 0 0 1 1 1 1 1 1 1 1 0 0 0 0 1 1
 0 1 0 0 1 1 1 1 1 1 0 0 1 1 0 0 1 1 0 1 0 1 0]
38 28 54 0.222501255650427 [0 1 0 0 0 1 0 0 0 0 1 0 0 0 0 0 1 0 0 0 1 0 0 1 1 1 1 1 1 1 1 0 0 0 0 1 1
 0 1 0 0 1 1 1 1 1 1 0 0 1 1 0 0 1 1 0 1 0 1 0]
39 28 55 0.222501255650427 [0 1 0 0 0 1 0 0 0 0 1 0 0 0 0 0 1 0 0 0 1 0 0 1 1 1 1 1 1 1 1 0 0 0 0 1 1
 0 1 0 0 1 1 1 1 1 1 0 0 1 1 0 0 1 1 0 1 0 1 0]
40 28 57 0.222501255650427 [0 1 0 0 0 1 0 0 0 0 1 0 0 0 0 0 1 0 0 0 1 0 0 1 1 1 1 1 1 1 1 0 0 0 0 1 1
 0 1 0 0 1 1 1 1 1 1 0 0 1 1 0 0 1 1 0 1 0 1 0]
41 28 55 0.222501255650427 [0 1 0 0 0 1 0 0 0 0 1 0 0 0 0 0 1 0 0 0 1 0 0 1 1 1 1 1 1 1 1 0 0 0 0 1 1
 0 1 0 0 1 1 1 1 1 1 0 0 1 1 0 0 1 1 0 1 0 1 0]
42 28 52 0.222501255650427 [0 1 0 0 0 1 0 0 0 0 1 0 0 0 0 0 1 0 0 0 1 0 0 1 1 1 1 1 1 1 1 0 0 0 0 1 1
 0 1 0 0 1 1 1 1 1 1 0 0 1 1 0 0 1 1 0 1 0 1 0]
43 28 54 0.222501255650427 [0 1 0 0 0 1 0 0 0 0 1 0 0 0 0 0 1 0 0 0 1 0 0 1 1 1 1 1 1 1 1 0 0 0 0 1 1
 0 1 0 0 1 1 1 1 1 1 0 0 1 1 0 0 1 1 0 1 0 1 0]
44 28 54 0.222501255650427 [0 1 0 0 0 1 0 0 0 0 1 0 0 0 0 0 1 0 0 0 1 0 0 1 1 1 1 1 1 1 1 0 0 0 0 1 1
 0 1 0 0 1 1 1 1 1 1 0 0 1 1 0 0 1 1 0 1 0 1 0]
45 28 54 0.222501255650427 [0 1 0 0 0 1 0 0 0 0 1 0 0 0 0 0 1 0 0 0 1 0 0 1 1 1 1 1 1 1 1 0 0 0 0 1 1
 0 1 0 0 1 1 1 1 1 1 0 0 1 1 0 0 1 1 0 1 0 1 0]
46 28 53 0.222501255650427 [0 1 0 0 0 1 0 0 0 0 1 0 0 0 0 0 1 0 0 0 1 0 0 1 1 1 1 1 1 1 1 0 0 0 0 1 1
 0 1 0 0 1 1 1 1 1 1 0 0 1 1 0 0 1 1 0 1 0 1 0]
47 28 50 0.222501255650427 [0 1 0 0 0 1 0 0 0 0 1 0 0 0 0 0 1 0 0 0 1 0 0 1 1 1 1 1 1 1 1 0 0 0 0 1 1
 0 1 0 0 1 1 1 1 1 1 0 0 1 1 0 0 1 1 0 1 0 1 0]
48 28 53 0.222501255650427 [0 1 0 0 0 1 0 0 0 0 1 0 0 0 0 0 1 0 0 0 1 0 0 1 1 1 1 1 1 1 1 0 0 0 0 1 1
 0 1 0 0 1 1 1 1 1 1 0 0 1 1 0 0 1 1 0 1 0 1 0]
49 28 54 0.222501255650427 [0 1 0 0 0 1 0 0 0 0 1 0 0 0 0 0 1 0 0 0 1 0 0 1 1 1 1 1 1 1 1 0 0 0 0 1 1
 0 1 0 0 1 1 1 1 1 1 0 0 1 1 0 0 1 1 0 1 0 1 0]
50 28 55 0.222501255650427 [0 1 0 0 0 1 0 0 0 0 1 0 0 0 0 0 1 0 0 0 1 0 0 1 1 1 1 1 1 1 1 0 0 0 0 1 1
 0 1 0 0 1 1 1 1 1 1 0 0 1 1 0 0 1 1 0 1 0 1 0]
51 28 50 0.222501255650427 [0 1 0 0 0 1 0 0 0 0 1 0 0 0 0 0 1 0 0 0 1 0 0 1 1 1 1 1 1 1 1 0 0 0 0 1 1
 0 1 0 0 1 1 1 1 1 1 0 0 1 1 0 0 1 1 0 1 0 1 0]
52 28 48 0.222501255650427 [0 1 0 0 0 1 0 0 0 0 1 0 0 0 0 0 1 0 0 0 1 0 0 1 1 1 1 1 1 1 1 0 0 0 0 1 1
 0 1 0 0 1 1 1 1 1 1 0 0 1 1 0 0 1 1 0 1 0 1 0]
53 28 51 0.222501255650427 [0 1 0 0 0 1 0 0 0 0 1 0 0 0 0 0 1 0 0 0 1 0 0 1 1 1 1 1 1 1 1 0 0 0 0 1 1
 0 1 0 0 1 1 1 1 1 1 0 0 1 1 0 0 1 1 0 1 0 1 0]
54 28 57 0.222501255650427 [0 1 0 0 0 1 0 0 0 0 1 0 0 0 0 0 1 0 0 0 1 0 0 1 1 1 1 1 1 1 1 0 0 0 0 1 1
 0 1 0 0 1 1 1 1 1 1 0 0 1 1 0 0 1 1 0 1 0 1 0]
55 28 54 0.222501255650427 [0 1 0 0 0 1 0 0 0 0 1 0 0 0 0 0 1 0 0 0 1 0 0 1 1 1 1 1 1 1 1 0 0 0 0 1 1
 0 1 0 0 1 1 1 1 1 1 0 0 1 1 0 0 1 1 0 1 0 1 0]
56 28 53 0.222501255650427 [0 1 0 0 0 1 0 0 0 0 1 0 0 0 0 0 1 0 0 0 1 0 0 1 1 1 1 1 1 1 1 0 0 0 0 1 1
 0 1 0 0 1 1 1 1 1 1 0 0 1 1 0 0 1 1 0 1 0 1 0]
57 28 52 0.222501255650427 [0 1 0 0 0 1 0 0 0 0 1 0 0 0 0 0 1 0 0 0 1 0 0 1 1 1 1 1 1 1 1 0 0 0 0 1 1
 0 1 0 0 1 1 1 1 1 1 0 0 1 1 0 0 1 1 0 1 0 1 0]
58 28 51 0.222501255650427 [0 1 0 0 0 1 0 0 0 0 1 0 0 0 0 0 1 0 0 0 1 0 0 1 1 1 1 1 1 1 1 0 0 0 0 1 1
 0 1 0 0 1 1 1 1 1 1 0 0 1 1 0 0 1 1 0 1 0 1 0]
59 28 55 0.222501255650427 [0 1 0 0 0 1 0 0 0 0 1 0 0 0 0 0 1 0 0 0 1 0 0 1 1 1 1 1 1 1 1 0 0 0 0 1 1
 0 1 0 0 1 1 1 1 1 1 0 0 1 1 0 0 1 1 0 1 0 1 0]
60 28 52 0.222501255650427 [0 1 0 0 0 1 0 0 0 0 1 0 0 0 0 0 1 0 0 0 1 0 0 1 1 1 1 1 1 1 1 0 0 0 0 1 1
 0 1 0 0 1 1 1 1 1 1 0 0 1 1 0 0 1 1 0 1 0 1 0]
61 28 54 0.222501255650427 [0 1 0 0 0 1 0 0 0 0 1 0 0 0 0 0 1 0 0 0 1 0 0 1 1 1 1 1 1 1 1 0 0 0 0 1 1
 0 1 0 0 1 1 1 1 1 1 0 0 1 1 0 0 1 1 0 1 0 1 0]
62 28 51 0.222501255650427 [0 1 0 0 0 1 0 0 0 0 1 0 0 0 0 0 1 0 0 0 1 0 0 1 1 1 1 1 1 1 1 0 0 0 0 1 1
 0 1 0 0 1 1 1 1 1 1 0 0 1 1 0 0 1 1 0 1 0 1 0]
63 28 52 0.222501255650427 [0 1 0 0 0 1 0 0 0 0 1 0 0 0 0 0 1 0 0 0 1 0 0 1 1 1 1 1 1 1 1 0 0 0 0 1 1
 0 1 0 0 1 1 1 1 1 1 0 0 1 1 0 0 1 1 0 1 0 1 0]
64 28 54 0.222501255650427 [0 1 0 0 0 1 0 0 0 0 1 0 0 0 0 0 1 0 0 0 1 0 0 1 1 1 1 1 1 1 1 0 0 0 0 1 1
 0 1 0 0 1 1 1 1 1 1 0 0 1 1 0 0 1 1 0 1 0 1 0]
65 28 52 0.222501255650427 [0 1 0 0 0 1 0 0 0 0 1 0 0 0 0 0 1 0 0 0 1 0 0 1 1 1 1 1 1 1 1 0 0 0 0 1 1
 0 1 0 0 1 1 1 1 1 1 0 0 1 1 0 0 1 1 0 1 0 1 0]
66 28 53 0.222501255650427 [0 1 0 0 0 1 0 0 0 0 1 0 0 0 0 0 1 0 0 0 1 0 0 1 1 1 1 1 1 1 1 0 0 0 0 1 1
 0 1 0 0 1 1 1 1 1 1 0 0 1 1 0 0 1 1 0 1 0 1 0]
67 28 56 0.222501255650427 [0 1 0 0 0 1 0 0 0 0 1 0 0 0 0 0 1 0 0 0 1 0 0 1 1 1 1 1 1 1 1 0 0 0 0 1 1
 0 1 0 0 1 1 1 1 1 1 0 0 1 1 0 0 1 1 0 1 0 1 0]
68 28 52 0.222501255650427 [0 1 0 0 0 1 0 0 0 0 1 0 0 0 0 0 1 0 0 0 1 0 0 1 1 1 1 1 1 1 1 0 0 0 0 1 1
 0 1 0 0 1 1 1 1 1 1 0 0 1 1 0 0 1 1 0 1 0 1 0]
69 28 53 0.222501255650427 [0 1 0 0 0 1 0 0 0 0 1 0 0 0 0 0 1 0 0 0 1 0 0 1 1 1 1 1 1 1 1 0 0 0 0 1 1
 0 1 0 0 1 1 1 1 1 1 0 0 1 1 0 0 1 1 0 1 0 1 0]
70 28 50 0.222501255650427 [0 1 0 0 0 1 0 0 0 0 1 0 0 0 0 0 1 0 0 0 1 0 0 1 1 1 1 1 1 1 1 0 0 0 0 1 1
 0 1 0 0 1 1 1 1 1 1 0 0 1 1 0 0 1 1 0 1 0 1 0]
71 28 54 0.222501255650427 [0 1 0 0 0 1 0 0 0 0 1 0 0 0 0 0 1 0 0 0 1 0 0 1 1 1 1 1 1 1 1 0 0 0 0 1 1
 0 1 0 0 1 1 1 1 1 1 0 0 1 1 0 0 1 1 0 1 0 1 0]
72 28 59 0.222501255650427 [0 1 0 0 0 1 0 0 0 0 1 0 0 0 0 0 1 0 0 0 1 0 0 1 1 1 1 1 1 1 1 0 0 0 0 1 1
 0 1 0 0 1 1 1 1 1 1 0 0 1 1 0 0 1 1 0 1 0 1 0]
73 28 54 0.222501255650427 [0 1 0 0 0 1 0 0 0 0 1 0 0 0 0 0 1 0 0 0 1 0 0 1 1 1 1 1 1 1 1 0 0 0 0 1 1
 0 1 0 0 1 1 1 1 1 1 0 0 1 1 0 0 1 1 0 1 0 1 0]
74 28 52 0.222501255650427 [0 1 0 0 0 1 0 0 0 0 1 0 0 0 0 0 1 0 0 0 1 0 0 1 1 1 1 1 1 1 1 0 0 0 0 1 1
 0 1 0 0 1 1 1 1 1 1 0 0 1 1 0 0 1 1 0 1 0 1 0]
75 28 51 0.222501255650427 [0 1 0 0 0 1 0 0 0 0 1 0 0 0 0 0 1 0 0 0 1 0 0 1 1 1 1 1 1 1 1 0 0 0 0 1 1
 0 1 0 0 1 1 1 1 1 1 0 0 1 1 0 0 1 1 0 1 0 1 0]
76 28 53 0.222501255650427 [0 1 0 0 0 1 0 0 0 0 1 0 0 0 0 0 1 0 0 0 1 0 0 1 1 1 1 1 1 1 1 0 0 0 0 1 1
 0 1 0 0 1 1 1 1 1 1 0 0 1 1 0 0 1 1 0 1 0 1 0]
77 28 52 0.222501255650427 [0 1 0 0 0 1 0 0 0 0 1 0 0 0 0 0 1 0 0 0 1 0 0 1 1 1 1 1 1 1 1 0 0 0 0 1 1
 0 1 0 0 1 1 1 1 1 1 0 0 1 1 0 0 1 1 0 1 0 1 0]
78 28 51 0.222501255650427 [0 1 0 0 0 1 0 0 0 0 1 0 0 0 0 0 1 0 0 0 1 0 0 1 1 1 1 1 1 1 1 0 0 0 0 1 1
 0 1 0 0 1 1 1 1 1 1 0 0 1 1 0 0 1 1 0 1 0 1 0]
79 28 52 0.222501255650427 [0 1 0 0 0 1 0 0 0 0 1 0 0 0 0 0 1 0 0 0 1 0 0 1 1 1 1 1 1 1 1 0 0 0 0 1 1
 0 1 0 0 1 1 1 1 1 1 0 0 1 1 0 0 1 1 0 1 0 1 0]
80 28 51 0.222501255650427 [0 1 0 0 0 1 0 0 0 0 1 0 0 0 0 0 1 0 0 0 1 0 0 1 1 1 1 1 1 1 1 0 0 0 0 1 1
 0 1 0 0 1 1 1 1 1 1 0 0 1 1 0 0 1 1 0 1 0 1 0]
81 28 54 0.222501255650427 [0 1 0 0 0 1 0 0 0 0 1 0 0 0 0 0 1 0 0 0 1 0 0 1 1 1 1 1 1 1 1 0 0 0 0 1 1
 0 1 0 0 1 1 1 1 1 1 0 0 1 1 0 0 1 1 0 1 0 1 0]
82 28 53 0.222501255650427 [0 1 0 0 0 1 0 0 0 0 1 0 0 0 0 0 1 0 0 0 1 0 0 1 1 1 1 1 1 1 1 0 0 0 0 1 1
 0 1 0 0 1 1 1 1 1 1 0 0 1 1 0 0 1 1 0 1 0 1 0]
83 28 51 0.222501255650427 [0 1 0 0 0 1 0 0 0 0 1 0 0 0 0 0 1 0 0 0 1 0 0 1 1 1 1 1 1 1 1 0 0 0 0 1 1
 0 1 0 0 1 1 1 1 1 1 0 0 1 1 0 0 1 1 0 1 0 1 0]
84 28 53 0.222501255650427 [0 1 0 0 0 1 0 0 0 0 1 0 0 0 0 0 1 0 0 0 1 0 0 1 1 1 1 1 1 1 1 0 0 0 0 1 1
 0 1 0 0 1 1 1 1 1 1 0 0 1 1 0 0 1 1 0 1 0 1 0]
85 28 52 0.222501255650427 [0 1 0 0 0 1 0 0 0 0 1 0 0 0 0 0 1 0 0 0 1 0 0 1 1 1 1 1 1 1 1 0 0 0 0 1 1
 0 1 0 0 1 1 1 1 1 1 0 0 1 1 0 0 1 1 0 1 0 1 0]
86 28 55 0.222501255650427 [0 1 0 0 0 1 0 0 0 0 1 0 0 0 0 0 1 0 0 0 1 0 0 1 1 1 1 1 1 1 1 0 0 0 0 1 1
 0 1 0 0 1 1 1 1 1 1 0 0 1 1 0 0 1 1 0 1 0 1 0]
87 28 51 0.222501255650427 [0 1 0 0 0 1 0 0 0 0 1 0 0 0 0 0 1 0 0 0 1 0 0 1 1 1 1 1 1 1 1 0 0 0 0 1 1
 0 1 0 0 1 1 1 1 1 1 0 0 1 1 0 0 1 1 0 1 0 1 0]
88 28 51 0.222501255650427 [0 1 0 0 0 1 0 0 0 0 1 0 0 0 0 0 1 0 0 0 1 0 0 1 1 1 1 1 1 1 1 0 0 0 0 1 1
 0 1 0 0 1 1 1 1 1 1 0 0 1 1 0 0 1 1 0 1 0 1 0]
89 28 50 0.222501255650427 [0 1 0 0 0 1 0 0 0 0 1 0 0 0 0 0 1 0 0 0 1 0 0 1 1 1 1 1 1 1 1 0 0 0 0 1 1
 0 1 0 0 1 1 1 1 1 1 0 0 1 1 0 0 1 1 0 1 0 1 0]
90 28 54 0.222501255650427 [0 1 0 0 0 1 0 0 0 0 1 0 0 0 0 0 1 0 0 0 1 0 0 1 1 1 1 1 1 1 1 0 0 0 0 1 1
 0 1 0 0 1 1 1 1 1 1 0 0 1 1 0 0 1 1 0 1 0 1 0]
91 28 52 0.222501255650427 [0 1 0 0 0 1 0 0 0 0 1 0 0 0 0 0 1 0 0 0 1 0 0 1 1 1 1 1 1 1 1 0 0 0 0 1 1
 0 1 0 0 1 1 1 1 1 1 0 0 1 1 0 0 1 1 0 1 0 1 0]
92 28 59 0.222501255650427 [0 1 0 0 0 1 0 0 0 0 1 0 0 0 0 0 1 0 0 0 1 0 0 1 1 1 1 1 1 1 1 0 0 0 0 1 1
 0 1 0 0 1 1 1 1 1 1 0 0 1 1 0 0 1 1 0 1 0 1 0]
93 28 53 0.222501255650427 [0 1 0 0 0 1 0 0 0 0 1 0 0 0 0 0 1 0 0 0 1 0 0 1 1 1 1 1 1 1 1 0 0 0 0 1 1
 0 1 0 0 1 1 1 1 1 1 0 0 1 1 0 0 1 1 0 1 0 1 0]
94 28 55 0.222501255650427 [0 1 0 0 0 1 0 0 0 0 1 0 0 0 0 0 1 0 0 0 1 0 0 1 1 1 1 1 1 1 1 0 0 0 0 1 1
 0 1 0 0 1 1 1 1 1 1 0 0 1 1 0 0 1 1 0 1 0 1 0]
95 28 54 0.222501255650427 [0 1 0 0 0 1 0 0 0 0 1 0 0 0 0 0 1 0 0 0 1 0 0 1 1 1 1 1 1 1 1 0 0 0 0 1 1
 0 1 0 0 1 1 1 1 1 1 0 0 1 1 0 0 1 1 0 1 0 1 0]
96 28 51 0.222501255650427 [0 1 0 0 0 1 0 0 0 0 1 0 0 0 0 0 1 0 0 0 1 0 0 1 1 1 1 1 1 1 1 0 0 0 0 1 1
 0 1 0 0 1 1 1 1 1 1 0 0 1 1 0 0 1 1 0 1 0 1 0]
97 28 50 0.222501255650427 [0 1 0 0 0 1 0 0 0 0 1 0 0 0 0 0 1 0 0 0 1 0 0 1 1 1 1 1 1 1 1 0 0 0 0 1 1
 0 1 0 0 1 1 1 1 1 1 0 0 1 1 0 0 1 1 0 1 0 1 0]
98 28 55 0.222501255650427 [0 1 0 0 0 1 0 0 0 0 1 0 0 0 0 0 1 0 0 0 1 0 0 1 1 1 1 1 1 1 1 0 0 0 0 1 1
 0 1 0 0 1 1 1 1 1 1 0 0 1 1 0 0 1 1 0 1 0 1 0]
99 28 56 0.222501255650427 [0 1 0 0 0 1 0 0 0 0 1 0 0 0 0 0 1 0 0 0 1 0 0 1 1 1 1 1 1 1 1 0 0 0 0 1 1
 0 1 0 0 1 1 1 1 1 1 0 0 1 1 0 0 1 1 0 1 0 1 0]
100 28 50 0.222501255650427 [0 1 0 0 0 1 0 0 0 0 1 0 0 0 0 0 1 0 0 0 1 0 0 1 1 1 1 1 1 1 1 0 0 0 0 1 1
 0 1 0 0 1 1 1 1 1 1 0 0 1 1 0 0 1 1 0 1 0 1 0]
101 28 53 0.222501255650427 [0 1 0 0 0 1 0 0 0 0 1 0 0 0 0 0 1 0 0 0 1 0 0 1 1 1 1 1 1 1 1 0 0 0 0 1 1
 0 1 0 0 1 1 1 1 1 1 0 0 1 1 0 0 1 1 0 1 0 1 0]
102 28 52 0.222501255650427 [0 1 0 0 0 1 0 0 0 0 1 0 0 0 0 0 1 0 0 0 1 0 0 1 1 1 1 1 1 1 1 0 0 0 0 1 1
 0 1 0 0 1 1 1 1 1 1 0 0 1 1 0 0 1 1 0 1 0 1 0]
103 28 53 0.222501255650427 [0 1 0 0 0 1 0 0 0 0 1 0 0 0 0 0 1 0 0 0 1 0 0 1 1 1 1 1 1 1 1 0 0 0 0 1 1
 0 1 0 0 1 1 1 1 1 1 0 0 1 1 0 0 1 1 0 1 0 1 0]
104 28 51 0.222501255650427 [0 1 0 0 0 1 0 0 0 0 1 0 0 0 0 0 1 0 0 0 1 0 0 1 1 1 1 1 1 1 1 0 0 0 0 1 1
 0 1 0 0 1 1 1 1 1 1 0 0 1 1 0 0 1 1 0 1 0 1 0]
105 28 53 0.222501255650427 [0 1 0 0 0 1 0 0 0 0 1 0 0 0 0 0 1 0 0 0 1 0 0 1 1 1 1 1 1 1 1 0 0 0 0 1 1
 0 1 0 0 1 1 1 1 1 1 0 0 1 1 0 0 1 1 0 1 0 1 0]
106 28 51 0.222501255650427 [0 1 0 0 0 1 0 0 0 0 1 0 0 0 0 0 1 0 0 0 1 0 0 1 1 1 1 1 1 1 1 0 0 0 0 1 1
 0 1 0 0 1 1 1 1 1 1 0 0 1 1 0 0 1 1 0 1 0 1 0]
107 28 49 0.222501255650427 [0 1 0 0 0 1 0 0 0 0 1 0 0 0 0 0 1 0 0 0 1 0 0 1 1 1 1 1 1 1 1 0 0 0 0 1 1
 0 1 0 0 1 1 1 1 1 1 0 0 1 1 0 0 1 1 0 1 0 1 0]
108 28 53 0.222501255650427 [0 1 0 0 0 1 0 0 0 0 1 0 0 0 0 0 1 0 0 0 1 0 0 1 1 1 1 1 1 1 1 0 0 0 0 1 1
 0 1 0 0 1 1 1 1 1 1 0 0 1 1 0 0 1 1 0 1 0 1 0]
109 28 51 0.222501255650427 [0 1 0 0 0 1 0 0 0 0 1 0 0 0 0 0 1 0 0 0 1 0 0 1 1 1 1 1 1 1 1 0 0 0 0 1 1
 0 1 0 0 1 1 1 1 1 1 0 0 1 1 0 0 1 1 0 1 0 1 0]
110 28 50 0.222501255650427 [0 1 0 0 0 1 0 0 0 0 1 0 0 0 0 0 1 0 0 0 1 0 0 1 1 1 1 1 1 1 1 0 0 0 0 1 1
 0 1 0 0 1 1 1 1 1 1 0 0 1 1 0 0 1 1 0 1 0 1 0]
111 28 50 0.222501255650427 [0 1 0 0 0 1 0 0 0 0 1 0 0 0 0 0 1 0 0 0 1 0 0 1 1 1 1 1 1 1 1 0 0 0 0 1 1
 0 1 0 0 1 1 1 1 1 1 0 0 1 1 0 0 1 1 0 1 0 1 0]
112 28 51 0.222501255650427 [0 1 0 0 0 1 0 0 0 0 1 0 0 0 0 0 1 0 0 0 1 0 0 1 1 1 1 1 1 1 1 0 0 0 0 1 1
 0 1 0 0 1 1 1 1 1 1 0 0 1 1 0 0 1 1 0 1 0 1 0]
113 28 58 0.222501255650427 [0 1 0 0 0 1 0 0 0 0 1 0 0 0 0 0 1 0 0 0 1 0 0 1 1 1 1 1 1 1 1 0 0 0 0 1 1
 0 1 0 0 1 1 1 1 1 1 0 0 1 1 0 0 1 1 0 1 0 1 0]
114 28 53 0.222501255650427 [0 1 0 0 0 1 0 0 0 0 1 0 0 0 0 0 1 0 0 0 1 0 0 1 1 1 1 1 1 1 1 0 0 0 0 1 1
 0 1 0 0 1 1 1 1 1 1 0 0 1 1 0 0 1 1 0 1 0 1 0]
115 28 53 0.222501255650427 [0 1 0 0 0 1 0 0 0 0 1 0 0 0 0 0 1 0 0 0 1 0 0 1 1 1 1 1 1 1 1 0 0 0 0 1 1
 0 1 0 0 1 1 1 1 1 1 0 0 1 1 0 0 1 1 0 1 0 1 0]
116 28 53 0.222501255650427 [0 1 0 0 0 1 0 0 0 0 1 0 0 0 0 0 1 0 0 0 1 0 0 1 1 1 1 1 1 1 1 0 0 0 0 1 1
 0 1 0 0 1 1 1 1 1 1 0 0 1 1 0 0 1 1 0 1 0 1 0]
117 28 53 0.222501255650427 [0 1 0 0 0 1 0 0 0 0 1 0 0 0 0 0 1 0 0 0 1 0 0 1 1 1 1 1 1 1 1 0 0 0 0 1 1
 0 1 0 0 1 1 1 1 1 1 0 0 1 1 0 0 1 1 0 1 0 1 0]
118 28 52 0.222501255650427 [0 1 0 0 0 1 0 0 0 0 1 0 0 0 0 0 1 0 0 0 1 0 0 1 1 1 1 1 1 1 1 0 0 0 0 1 1
 0 1 0 0 1 1 1 1 1 1 0 0 1 1 0 0 1 1 0 1 0 1 0]
119 28 52 0.222501255650427 [0 1 0 0 0 1 0 0 0 0 1 0 0 0 0 0 1 0 0 0 1 0 0 1 1 1 1 1 1 1 1 0 0 0 0 1 1
 0 1 0 0 1 1 1 1 1 1 0 0 1 1 0 0 1 1 0 1 0 1 0]
120 28 53 0.222501255650427 [0 1 0 0 0 1 0 0 0 0 1 0 0 0 0 0 1 0 0 0 1 0 0 1 1 1 1 1 1 1 1 0 0 0 0 1 1
 0 1 0 0 1 1 1 1 1 1 0 0 1 1 0 0 1 1 0 1 0 1 0]
121 28 51 0.222501255650427 [0 1 0 0 0 1 0 0 0 0 1 0 0 0 0 0 1 0 0 0 1 0 0 1 1 1 1 1 1 1 1 0 0 0 0 1 1
 0 1 0 0 1 1 1 1 1 1 0 0 1 1 0 0 1 1 0 1 0 1 0]
122 28 52 0.222501255650427 [0 1 0 0 0 1 0 0 0 0 1 0 0 0 0 0 1 0 0 0 1 0 0 1 1 1 1 1 1 1 1 0 0 0 0 1 1
 0 1 0 0 1 1 1 1 1 1 0 0 1 1 0 0 1 1 0 1 0 1 0]
123 28 50 0.222501255650427 [0 1 0 0 0 1 0 0 0 0 1 0 0 0 0 0 1 0 0 0 1 0 0 1 1 1 1 1 1 1 1 0 0 0 0 1 1
 0 1 0 0 1 1 1 1 1 1 0 0 1 1 0 0 1 1 0 1 0 1 0]
124 28 55 0.222501255650427 [0 1 0 0 0 1 0 0 0 0 1 0 0 0 0 0 1 0 0 0 1 0 0 1 1 1 1 1 1 1 1 0 0 0 0 1 1
 0 1 0 0 1 1 1 1 1 1 0 0 1 1 0 0 1 1 0 1 0 1 0]
125 28 54 0.222501255650427 [0 1 0 0 0 1 0 0 0 0 1 0 0 0 0 0 1 0 0 0 1 0 0 1 1 1 1 1 1 1 1 0 0 0 0 1 1
 0 1 0 0 1 1 1 1 1 1 0 0 1 1 0 0 1 1 0 1 0 1 0]
126 28 54 0.222501255650427 [0 1 0 0 0 1 0 0 0 0 1 0 0 0 0 0 1 0 0 0 1 0 0 1 1 1 1 1 1 1 1 0 0 0 0 1 1
 0 1 0 0 1 1 1 1 1 1 0 0 1 1 0 0 1 1 0 1 0 1 0]
127 28 51 0.222501255650427 [0 1 0 0 0 1 0 0 0 0 1 0 0 0 0 0 1 0 0 0 1 0 0 1 1 1 1 1 1 1 1 0 0 0 0 1 1
 0 1 0 0 1 1 1 1 1 1 0 0 1 1 0 0 1 1 0 1 0 1 0]
128 28 50 0.222501255650427 [0 1 0 0 0 1 0 0 0 0 1 0 0 0 0 0 1 0 0 0 1 0 0 1 1 1 1 1 1 1 1 0 0 0 0 1 1
 0 1 0 0 1 1 1 1 1 1 0 0 1 1 0 0 1 1 0 1 0 1 0]
129 28 54 0.222501255650427 [0 1 0 0 0 1 0 0 0 0 1 0 0 0 0 0 1 0 0 0 1 0 0 1 1 1 1 1 1 1 1 0 0 0 0 1 1
 0 1 0 0 1 1 1 1 1 1 0 0 1 1 0 0 1 1 0 1 0 1 0]
130 28 50 0.222501255650427 [0 1 0 0 0 1 0 0 0 0 1 0 0 0 0 0 1 0 0 0 1 0 0 1 1 1 1 1 1 1 1 0 0 0 0 1 1
 0 1 0 0 1 1 1 1 1 1 0 0 1 1 0 0 1 1 0 1 0 1 0]
131 28 52 0.222501255650427 [0 1 0 0 0 1 0 0 0 0 1 0 0 0 0 0 1 0 0 0 1 0 0 1 1 1 1 1 1 1 1 0 0 0 0 1 1
 0 1 0 0 1 1 1 1 1 1 0 0 1 1 0 0 1 1 0 1 0 1 0]
132 28 53 0.222501255650427 [0 1 0 0 0 1 0 0 0 0 1 0 0 0 0 0 1 0 0 0 1 0 0 1 1 1 1 1 1 1 1 0 0 0 0 1 1
 0 1 0 0 1 1 1 1 1 1 0 0 1 1 0 0 1 1 0 1 0 1 0]
133 28 51 0.222501255650427 [0 1 0 0 0 1 0 0 0 0 1 0 0 0 0 0 1 0 0 0 1 0 0 1 1 1 1 1 1 1 1 0 0 0 0 1 1
 0 1 0 0 1 1 1 1 1 1 0 0 1 1 0 0 1 1 0 1 0 1 0]
134 28 55 0.222501255650427 [0 1 0 0 0 1 0 0 0 0 1 0 0 0 0 0 1 0 0 0 1 0 0 1 1 1 1 1 1 1 1 0 0 0 0 1 1
 0 1 0 0 1 1 1 1 1 1 0 0 1 1 0 0 1 1 0 1 0 1 0]
135 28 49 0.222501255650427 [0 1 0 0 0 1 0 0 0 0 1 0 0 0 0 0 1 0 0 0 1 0 0 1 1 1 1 1 1 1 1 0 0 0 0 1 1
 0 1 0 0 1 1 1 1 1 1 0 0 1 1 0 0 1 1 0 1 0 1 0]
136 28 54 0.222501255650427 [0 1 0 0 0 1 0 0 0 0 1 0 0 0 0 0 1 0 0 0 1 0 0 1 1 1 1 1 1 1 1 0 0 0 0 1 1
 0 1 0 0 1 1 1 1 1 1 0 0 1 1 0 0 1 1 0 1 0 1 0]
137 28 51 0.222501255650427 [0 1 0 0 0 1 0 0 0 0 1 0 0 0 0 0 1 0 0 0 1 0 0 1 1 1 1 1 1 1 1 0 0 0 0 1 1
 0 1 0 0 1 1 1 1 1 1 0 0 1 1 0 0 1 1 0 1 0 1 0]
138 28 49 0.222501255650427 [0 1 0 0 0 1 0 0 0 0 1 0 0 0 0 0 1 0 0 0 1 0 0 1 1 1 1 1 1 1 1 0 0 0 0 1 1
 0 1 0 0 1 1 1 1 1 1 0 0 1 1 0 0 1 1 0 1 0 1 0]
139 28 50 0.222501255650427 [0 1 0 0 0 1 0 0 0 0 1 0 0 0 0 0 1 0 0 0 1 0 0 1 1 1 1 1 1 1 1 0 0 0 0 1 1
 0 1 0 0 1 1 1 1 1 1 0 0 1 1 0 0 1 1 0 1 0 1 0]
140 28 53 0.222501255650427 [0 1 0 0 0 1 0 0 0 0 1 0 0 0 0 0 1 0 0 0 1 0 0 1 1 1 1 1 1 1 1 0 0 0 0 1 1
 0 1 0 0 1 1 1 1 1 1 0 0 1 1 0 0 1 1 0 1 0 1 0]
141 28 51 0.222501255650427 [0 1 0 0 0 1 0 0 0 0 1 0 0 0 0 0 1 0 0 0 1 0 0 1 1 1 1 1 1 1 1 0 0 0 0 1 1
 0 1 0 0 1 1 1 1 1 1 0 0 1 1 0 0 1 1 0 1 0 1 0]
142 28 52 0.222501255650427 [0 1 0 0 0 1 0 0 0 0 1 0 0 0 0 0 1 0 0 0 1 0 0 1 1 1 1 1 1 1 1 0 0 0 0 1 1
 0 1 0 0 1 1 1 1 1 1 0 0 1 1 0 0 1 1 0 1 0 1 0]
143 28 56 0.222501255650427 [0 1 0 0 0 1 0 0 0 0 1 0 0 0 0 0 1 0 0 0 1 0 0 1 1 1 1 1 1 1 1 0 0 0 0 1 1
 0 1 0 0 1 1 1 1 1 1 0 0 1 1 0 0 1 1 0 1 0 1 0]
144 28 55 0.222501255650427 [0 1 0 0 0 1 0 0 0 0 1 0 0 0 0 0 1 0 0 0 1 0 0 1 1 1 1 1 1 1 1 0 0 0 0 1 1
 0 1 0 0 1 1 1 1 1 1 0 0 1 1 0 0 1 1 0 1 0 1 0]
145 28 55 0.222501255650427 [0 1 0 0 0 1 0 0 0 0 1 0 0 0 0 0 1 0 0 0 1 0 0 1 1 1 1 1 1 1 1 0 0 0 0 1 1
 0 1 0 0 1 1 1 1 1 1 0 0 1 1 0 0 1 1 0 1 0 1 0]
146 28 53 0.222501255650427 [0 1 0 0 0 1 0 0 0 0 1 0 0 0 0 0 1 0 0 0 1 0 0 1 1 1 1 1 1 1 1 0 0 0 0 1 1
 0 1 0 0 1 1 1 1 1 1 0 0 1 1 0 0 1 1 0 1 0 1 0]
147 28 52 0.222501255650427 [0 1 0 0 0 1 0 0 0 0 1 0 0 0 0 0 1 0 0 0 1 0 0 1 1 1 1 1 1 1 1 0 0 0 0 1 1
 0 1 0 0 1 1 1 1 1 1 0 0 1 1 0 0 1 1 0 1 0 1 0]
148 28 53 0.222501255650427 [0 1 0 0 0 1 0 0 0 0 1 0 0 0 0 0 1 0 0 0 1 0 0 1 1 1 1 1 1 1 1 0 0 0 0 1 1
 0 1 0 0 1 1 1 1 1 1 0 0 1 1 0 0 1 1 0 1 0 1 0]
149 28 54 0.222501255650427 [0 1 0 0 0 1 0 0 0 0 1 0 0 0 0 0 1 0 0 0 1 0 0 1 1 1 1 1 1 1 1 0 0 0 0 1 1
 0 1 0 0 1 1 1 1 1 1 0 0 1 1 0 0 1 1 0 1 0 1 0]
150 28 54 0.222501255650427 [0 1 0 0 0 1 0 0 0 0 1 0 0 0 0 0 1 0 0 0 1 0 0 1 1 1 1 1 1 1 1 0 0 0 0 1 1
 0 1 0 0 1 1 1 1 1 1 0 0 1 1 0 0 1 1 0 1 0 1 0]
